96 76
97 75
99 76
100 75
100 76
100 77
101 79
102 80
103 81
104 81
106 81
107 82
108 82
109 83
111 84
112 84
112 85
113 86
112 88
111 89
110 89
109 90
109 92
108 93
107 94
107 95
107 97
108 98
109 99
110 100
112 102
113 102
114 102
115 101
117 99
118 98
119 97
120 96
122 95
123 94
124 94
125 93
127 91
128 90
129 89
130 88
132 86
133 86
134 85
135 84
137 84
138 84
139 84
140 84
141 86
141 87
141 88
140 89
139 91
138 92
137 93
136 94
134 95
133 96
132 97
131 98
129 99
129 100
128 100
127 101
126 102
125 103
125 104
124 105
122 106
121 107
120 108
119 108
117 109
116 110
115 110
114 111
113 112
112 113
112 114
112 115
111 117
110 118
109 118
108 119
108 121
107 122
107 123
106 123
105 125
104 126
104 127
103 128
101 130
100 131
99 132
98 133
96 135
95 136
94 136
93 137
92 139
91 140
90 140
89 141
87 143
86 144
85 144
84 145
82 147
81 148
80 149
79 150
77 152
76 153
76 154
75 154
73 153
72 153
71 152
70 151
68 150
67 150
66 149
65 148
63 147
62 146
61 145
60 144
58 142
57 141
56 140
55 139
53 137
52 136
52 135
51 134
50 132
50 131
50 130
51 130
53 128
54 127
54 126
55 126
56 124
56 123
57 122
58 121
59 119
59 118
60 117
60 116
60 114
61 113
61 112
62 111
63 109
63 108
64 107
64 106
64 104
65 103
65 102
65 101
66 99
67 98
67 97
68 96
69 94
69 93
69 92
70 92
71 90
72 89
73 88
74 87
76 85
77 84
78 84
79 84
81 84
82 83
82 82
82 81
84 80
85 80
86 79
87 79
89 79
90 79
91 78
92 77
94 76
95 76
