110 70
111 69
112 69
114 71
114 72
115 73
115 74
115 76
115 77
116 78
116 79
116 80
117 82
117 83
117 84
117 85
118 86
119 88
120 89
121 89
120 89
119 91
119 92
119 93
118 94
119 95
118 97
118 98
118 99
119 100
119 101
119 103
120 104
120 105
121 106
121 108
121 109
122 110
122 111
122 112
123 114
124 115
124 116
124 117
125 118
125 120
125 121
125 122
125 123
126 125
126 126
126 127
127 128
127 129
127 131
127 132
127 133
127 134
127 135
127 137
127 138
127 139
127 140
127 142
127 143
127 144
128 145
128 146
128 148
128 149
128 150
128 151
129 152
127 153
126 154
125 154
124 154
122 155
121 156
120 156
119 156
118 157
116 157
115 158
114 158
113 158
112 158
110 159
109 159
108 159
107 159
105 159
104 159
103 159
102 159
101 159
99 159
98 159
97 159
98 158
98 156
98 155
98 154
99 153
99 152
99 150
99 149
99 148
98 147
97 146
95 144
94 143
94 142
93 141
92 139
91 138
90 138
90 137
89 136
88 134
88 133
87 132
86 131
86 130
85 128
84 127
83 126
83 125
82 123
82 122
82 121
81 120
81 119
80 117
80 116
80 115
79 114
79 113
80 111
80 110
81 109
81 108
82 106
82 105
82 104
82 103
82 102
82 100
81 99
82 98
82 97
82 96
82 94
82 93
83 92
84 92
86 92
87 92
88 92
89 91
90 91
92 90
93 90
94 89
95 88
96 88
98 90
98 91
99 92
99 93
100 95
100 96
101 97
102 98
103 98
105 98
106 98
107 97
108 97
109 96
110 94
111 93
111 92
111 91
112 89
112 88
113 87
113 86
112 85
112 83
112 82
112 81
112 80
111 79
111 77
110 76
110 75
110 74
110 72
110 71
