111 55
112 54
114 54
115 54
116 56
116 57
117 59
118 60
118 62
118 63
119 65
118 66
118 68
118 69
118 71
119 72
120 74
120 75
120 77
120 78
120 80
120 81
119 83
119 84
119 86
120 87
120 88
120 90
120 91
120 93
120 94
120 96
120 97
120 99
121 100
121 102
121 103
122 105
121 106
121 108
121 109
121 111
121 112
122 114
121 115
121 117
121 118
120 120
120 121
120 123
119 124
119 125
119 127
119 128
118 130
118 131
117 133
117 134
116 136
116 137
116 139
116 140
115 142
115 143
115 145
115 146
115 148
116 149
115 151
115 152
114 154
114 155
114 157
114 158
112 158
111 158
110 159
108 159
107 159
105 159
104 159
102 159
101 159
99 159
98 159
96 159
95 159
93 159
92 159
90 159
89 158
87 158
86 158
84 157
83 157
81 156
80 156
79 155
78 154
78 152
77 151
78 150
77 148
77 147
77 145
77 144
77 142
76 141
76 139
75 138
74 136
74 135
74 133
74 132
72 130
71 129
69 128
69 127
68 125
68 124
67 122
67 121
67 119
67 118
66 116
65 115
65 114
64 112
64 111
63 109
62 108
62 106
62 105
62 103
62 102
62 100
62 99
63 97
63 96
64 94
65 93
66 91
66 90
67 88
67 87
68 86
69 85
70 83
70 82
71 80
71 79
72 78
74 78
75 77
77 77
78 77
80 75
81 75
83 75
84 74
86 76
87 76
89 76
90 76
91 78
92 79
94 81
95 82
96 84
97 85
99 86
99 87
101 88
102 89
104 89
105 89
106 89
108 89
109 88
109 86
110 85
111 83
110 82
111 80
111 79
111 77
111 76
110 74
110 73
110 71
110 70
110 68
110 67
109 65
109 64
109 62
109 61
109 59
109 58
110 56
