104 67
105 66
107 68
108 69
109 70
109 71
109 73
109 74
109 75
109 77
108 78
108 79
109 80
111 80
110 80
109 81
108 82
108 84
108 85
107 86
107 88
107 89
107 90
107 91
107 93
106 94
105 95
105 97
105 98
105 99
104 100
105 102
105 103
105 104
104 106
104 107
104 108
104 109
103 111
103 112
103 113
103 114
103 116
103 117
103 118
102 120
102 121
102 122
102 123
101 125
101 126
100 127
100 129
99 130
99 131
98 132
98 134
97 135
96 136
96 138
95 139
95 140
95 141
94 143
94 144
94 145
94 146
93 148
93 149
93 150
94 152
94 153
94 154
93 155
93 157
93 158
93 159
91 159
90 159
89 158
88 158
86 158
85 158
84 157
82 157
81 156
80 156
79 156
77 155
76 154
75 154
74 154
72 153
71 152
70 151
68 150
67 150
66 149
65 148
63 147
62 146
62 145
62 143
62 142
61 141
60 140
60 138
60 137
60 136
60 134
60 133
60 132
60 131
58 129
58 128
58 127
58 126
58 124
58 123
58 122
58 120
59 119
59 118
59 117
58 115
57 114
57 113
56 111
56 110
55 109
55 108
54 106
54 105
54 104
54 102
54 101
54 100
55 99
56 97
56 96
57 95
58 94
59 92
60 91
61 90
62 88
62 87
63 86
63 85
65 83
66 83
67 82
69 81
69 80
70 80
71 79
73 79
74 79
75 79
77 79
78 79
79 79
80 79
82 80
82 81
82 82
82 83
83 85
82 86
83 87
85 88
86 88
87 88
88 89
90 90
91 91
92 91
94 92
95 92
96 92
97 92
98 90
99 89
99 88
100 86
100 85
99 84
98 83
98 81
99 80
100 79
100 78
101 77
102 76
102 75
103 73
103 72
103 71
104 70
104 68
