114 47
116 46
117 47
119 48
120 49
121 51
121 53
121 54
121 56
121 57
121 59
122 61
122 62
121 64
121 66
121 67
119 68
119 69
120 71
121 73
121 74
121 76
121 77
121 79
121 81
121 82
121 84
121 85
121 87
121 89
121 90
121 92
121 94
121 95
121 97
120 98
121 100
121 102
121 103
122 105
122 106
122 108
122 110
122 111
122 113
122 114
123 116
123 118
124 119
124 121
123 123
123 124
122 126
122 127
121 129
121 131
122 132
121 134
122 135
121 137
121 139
121 140
120 142
120 143
120 145
120 147
120 148
121 150
121 151
121 153
121 155
121 156
119 156
117 157
116 157
114 158
113 158
111 158
109 159
108 159
106 159
105 159
103 159
101 159
100 160
98 159
97 159
95 159
93 159
92 159
90 159
88 158
87 158
85 158
84 157
82 157
82 155
81 154
81 152
81 151
80 149
80 147
80 146
80 144
79 143
79 141
78 139
78 138
76 136
75 136
75 134
74 132
73 131
72 129
72 127
71 126
70 124
70 123
69 121
69 119
68 118
67 116
66 115
65 113
65 111
65 110
64 108
63 107
62 105
62 103
62 102
62 100
64 98
65 97
66 95
67 94
67 92
67 90
68 89
69 87
69 86
70 84
70 82
70 81
71 79
70 78
72 77
74 77
75 76
75 74
77 74
78 73
80 72
81 72
83 72
85 72
86 72
88 71
89 70
91 71
91 73
91 74
91 76
90 77
92 79
94 81
95 81
97 82
98 82
100 83
102 83
103 84
105 86
106 88
107 88
109 87
110 86
110 84
111 82
111 81
111 79
110 78
110 76
111 74
111 73
112 71
111 70
112 68
111 66
112 65
111 63
112 61
112 60
112 58
112 57
113 55
113 53
113 52
113 50
113 49
