103 84
104 83
106 83
107 83
108 83
109 83
111 83
112 83
113 83
114 83
116 83
117 84
118 84
120 86
121 86
122 87
123 87
125 88
125 89
125 90
125 92
124 92
123 93
122 94
120 96
120 97
120 98
119 98
119 100
119 101
119 102
119 104
119 105
119 106
119 107
118 109
118 110
118 111
119 112
121 113
122 113
123 113
125 111
126 111
127 111
128 110
130 109
131 108
132 107
133 106
135 105
136 104
137 104
139 102
140 102
141 102
142 101
144 100
145 100
145 101
146 103
145 104
146 105
146 106
144 105
143 106
142 106
141 107
139 108
138 109
137 109
135 111
134 112
133 112
132 113
130 115
130 116
129 116
128 117
126 118
125 119
124 120
122 121
121 121
120 122
119 123
117 124
116 125
115 126
114 127
112 128
111 128
110 128
108 129
107 129
106 130
105 130
103 132
102 132
101 133
99 134
98 134
97 134
96 134
94 134
93 134
92 134
91 135
89 136
88 137
87 137
85 137
84 138
83 138
82 139
80 140
79 141
78 142
77 143
75 144
74 145
73 145
71 147
71 148
70 148
69 149
67 150
66 149
65 148
64 148
62 146
61 145
60 144
58 142
57 141
56 140
55 139
53 137
52 136
52 135
50 133
50 132
49 131
49 130
47 128
47 127
47 126
48 125
49 124
50 123
51 123
53 122
54 121
55 120
56 120
57 118
58 118
59 117
59 116
61 115
62 115
63 115
65 114
66 113
66 112
67 112
69 110
70 110
71 109
71 108
72 106
73 105
73 104
74 102
75 102
76 101
76 100
78 99
79 98
80 98
81 96
82 95
82 94
83 93
85 91
86 90
86 89
87 88
88 86
89 86
90 86
92 86
93 86
94 86
95 86
97 86
98 86
99 85
100 85
102 84
