100 65
100 64
101 64
103 65
104 66
105 67
106 67
107 69
107 70
107 71
107 72
108 74
109 74
110 75
111 75
113 77
114 76
115 75
116 75
114 76
115 77
116 78
117 79
119 81
118 82
118 83
117 84
116 85
115 87
114 88
113 88
112 89
112 91
113 92
113 93
113 94
115 96
116 96
117 96
118 95
120 94
121 94
122 94
123 94
125 93
126 92
127 91
128 90
130 89
131 88
132 88
133 87
134 87
136 86
137 86
138 87
139 88
138 90
138 91
138 92
137 93
135 94
134 95
133 96
132 97
130 98
129 98
128 99
127 100
125 101
124 101
123 102
122 102
120 104
119 104
118 104
117 105
116 105
114 107
113 107
112 108
111 109
109 111
108 111
107 112
106 113
104 115
103 116
102 116
101 117
99 119
98 119
97 120
96 120
94 121
93 122
92 123
91 124
90 125
89 126
88 126
87 126
86 127
84 127
83 128
82 128
81 129
79 130
78 130
77 131
76 131
74 133
73 133
72 134
71 135
69 137
68 137
67 138
66 139
64 140
63 141
62 141
61 142
59 143
58 142
57 141
56 140
55 139
53 137
52 136
52 135
51 134
50 132
49 131
49 130
48 129
47 127
46 126
46 125
46 124
45 122
44 121
44 120
44 119
43 117
43 116
42 115
42 114
44 113
45 113
46 112
47 111
48 110
50 108
51 107
52 106
53 106
55 104
56 103
56 102
57 101
58 99
58 98
59 97
60 97
61 95
62 94
63 93
64 93
66 91
67 90
68 89
68 88
70 86
70 85
71 84
72 84
73 83
75 82
76 81
77 80
78 79
79 77
80 76
81 75
82 74
84 73
85 73
86 73
87 73
89 72
89 71
90 70
91 70
93 69
94 68
95 67
96 68
98 66
99 66
