123 72
123 71
125 72
126 72
126 73
128 75
128 76
129 77
128 78
127 80
127 81
126 82
125 84
125 85
125 86
124 88
124 89
124 90
123 91
123 93
123 94
122 95
120 97
120 98
119 99
119 101
119 102
119 103
119 105
119 106
119 107
119 108
118 110
118 111
117 112
116 114
116 115
116 116
116 118
115 119
116 120
115 122
115 123
115 124
114 125
114 127
113 128
113 129
112 131
112 132
112 133
111 135
110 136
110 137
109 137
108 139
108 140
107 141
106 142
105 143
105 144
104 146
103 147
102 148
102 150
101 151
101 152
100 153
100 155
100 156
100 157
100 159
99 159
98 159
96 159
95 159
94 159
93 159
91 159
90 159
89 158
87 158
86 158
85 158
83 157
82 157
81 156
79 156
78 155
77 155
76 154
74 154
73 153
72 153
70 151
69 151
68 150
68 148
68 147
68 146
69 144
70 143
70 142
71 141
72 139
72 138
73 137
73 135
73 134
72 133
72 131
71 130
71 129
70 128
70 126
70 125
70 124
71 122
71 121
71 120
71 118
71 117
71 116
70 114
71 113
70 112
70 111
71 109
71 108
71 107
71 105
71 104
72 103
72 101
72 100
73 100
74 99
75 98
76 97
77 96
79 94
80 93
81 92
82 90
82 89
82 88
84 86
84 85
85 84
85 83
87 83
88 82
88 81
90 81
91 81
92 80
94 81
95 81
96 81
97 81
99 79
100 79
101 79
103 80
103 81
103 82
102 84
102 85
102 86
102 88
102 89
103 90
103 91
105 93
106 93
106 94
108 96
109 97
110 97
112 96
111 95
112 94
113 92
113 91
114 92
115 91
115 89
116 88
116 87
116 85
115 85
116 84
117 82
117 81
118 80
118 79
120 77
120 76
121 75
122 73
