117 57
118 56
120 56
120 57
120 58
121 60
120 61
120 63
120 64
120 65
120 67
121 68
121 69
122 71
123 72
123 74
123 75
123 76
124 78
123 79
123 80
123 82
124 83
124 85
124 86
124 87
124 89
124 90
124 91
123 93
123 94
123 95
124 97
124 98
126 100
126 101
126 102
126 104
126 105
127 106
126 108
126 109
127 111
128 112
128 113
129 115
129 116
129 117
130 119
130 120
130 122
130 123
130 124
130 126
130 127
131 128
131 130
131 131
130 132
131 134
130 135
130 137
129 138
129 139
130 141
130 142
130 143
130 145
130 146
130 148
130 149
130 150
129 152
128 153
127 153
125 154
124 154
123 155
121 156
120 156
118 157
117 157
116 157
114 158
113 158
112 158
110 159
109 159
107 159
106 159
105 159
103 159
102 159
101 159
99 159
98 159
96 159
96 158
95 157
95 155
95 154
94 153
92 151
92 150
92 149
91 147
91 146
91 144
90 143
90 142
89 140
89 139
88 138
87 136
86 135
84 133
84 132
84 131
84 129
83 128
82 127
81 125
81 124
79 122
78 121
78 120
77 118
76 117
76 116
76 114
76 113
76 112
77 110
77 109
77 107
77 106
77 105
77 103
77 102
77 101
77 99
76 98
76 96
75 95
76 94
76 92
77 91
77 90
78 89
79 89
81 89
82 88
83 88
85 88
86 88
87 88
89 87
90 86
91 85
93 84
94 83
96 83
97 83
98 83
99 85
99 86
100 87
100 89
101 90
103 91
104 92
105 92
107 91
108 91
109 90
111 90
112 89
113 89
114 87
115 86
115 84
115 83
116 82
115 80
115 79
115 78
116 76
116 75
117 73
117 72
117 71
117 69
117 68
116 67
116 65
116 64
116 62
116 61
116 60
117 58
