108 64
109 63
111 63
112 64
113 65
115 66
116 67
117 68
117 70
117 71
117 72
118 74
118 75
118 76
119 78
119 79
120 80
121 82
121 83
121 84
123 86
123 87
124 88
124 90
124 91
124 92
125 94
125 95
125 96
126 98
126 99
126 100
127 102
128 103
128 104
128 106
129 107
128 108
129 110
130 111
130 112
131 114
131 115
131 116
131 118
131 119
131 120
131 122
131 123
131 124
132 126
132 127
132 128
132 129
133 131
133 132
133 133
132 135
132 136
132 137
131 139
132 140
133 141
134 143
134 144
134 145
135 147
135 148
134 149
132 150
131 151
130 151
128 153
127 153
126 154
124 154
123 155
122 155
120 156
119 156
118 157
116 157
115 158
114 158
112 158
111 158
110 159
108 159
107 159
106 159
104 159
103 159
102 159
100 159
100 158
100 157
100 155
100 154
99 153
98 151
98 150
98 149
97 147
96 147
96 146
95 144
94 143
93 142
91 140
90 139
89 138
88 136
87 135
86 135
84 133
83 132
82 131
81 129
80 129
79 128
77 126
77 125
76 124
75 122
74 121
73 120
72 118
71 117
71 116
69 114
69 113
69 112
69 110
68 109
68 108
68 106
68 105
68 104
67 102
67 101
67 100
67 98
67 97
67 96
68 94
68 93
68 92
70 91
70 90
71 90
72 88
73 88
74 87
75 86
76 84
77 83
78 82
79 81
80 81
81 81
83 83
84 84
85 85
87 86
88 87
89 88
91 88
92 89
93 88
95 88
96 88
97 88
99 89
100 90
101 90
103 91
104 91
105 90
107 90
108 89
108 88
110 88
111 88
112 87
113 85
113 84
113 83
112 81
111 80
110 79
109 77
109 76
109 75
109 73
109 72
109 71
108 69
107 68
107 67
107 65
