115 70
117 69
118 69
120 69
121 70
121 72
121 73
120 75
120 76
118 78
117 79
115 81
115 82
114 84
113 84
111 85
110 86
109 87
108 88
106 90
106 91
104 93
103 94
103 96
103 97
101 99
100 100
99 101
97 101
97 102
95 102
94 103
95 105
94 104
93 106
93 107
93 109
94 110
96 108
97 109
99 108
99 107
101 108
102 108
104 109
105 110
106 111
106 112
106 114
106 115
107 117
109 119
110 120
112 122
113 122
115 124
116 125
117 127
117 128
117 130
117 131
115 133
115 134
114 136
113 137
111 138
110 139
110 141
109 142
107 144
107 145
106 147
105 148
103 150
103 151
102 153
101 155
100 156
99 158
98 159
96 159
95 159
93 159
92 159
90 159
89 158
87 158
86 158
84 157
83 157
81 156
80 156
78 155
77 155
75 154
74 154
72 153
71 152
69 151
68 150
66 149
64 148
63 147
64 145
64 144
64 142
64 141
64 139
63 138
63 136
63 135
63 133
63 132
63 130
62 129
61 127
60 126
58 124
58 123
59 121
59 120
57 118
58 117
58 115
58 114
58 112
58 110
59 109
59 107
60 106
60 104
60 103
61 101
61 100
61 98
60 97
60 95
59 94
58 92
57 91
56 89
55 88
55 86
55 85
56 83
57 83
59 83
60 84
62 85
63 85
65 85
66 87
67 87
67 89
68 90
68 92
69 93
69 95
69 96
70 98
70 99
70 101
70 102
71 104
71 105
73 106
74 106
76 105
77 105
79 104
80 104
82 102
82 101
84 100
84 99
86 98
87 96
88 96
89 94
90 93
91 91
92 90
93 88
94 87
94 87
95 86
97 85
98 84
98 82
99 81
101 80
102 80
104 79
105 78
107 77
108 76
110 75
111 74
113 73
114 72
