92 60
94 60
95 61
97 60
99 60
100 60
102 59
102 61
101 62
101 64
99 66
98 67
97 69
97 71
97 72
96 74
95 76
95 77
93 78
92 80
93 81
93 83
93 85
94 86
95 88
96 90
97 91
97 93
99 92
100 93
102 92
104 93
104 94
105 96
106 98
107 98
108 100
110 100
111 100
113 99
114 99
115 100
117 100
119 102
120 103
121 101
123 100
124 100
126 101
127 103
129 105
130 106
130 108
130 110
130 111
129 113
129 115
128 116
126 118
127 120
128 120
128 122
128 124
128 125
128 127
127 129
127 130
127 132
126 134
126 135
126 137
125 139
124 140
124 142
123 144
122 145
120 147
120 149
120 150
119 152
118 154
118 155
118 157
116 157
115 158
113 158
111 158
110 159
108 159
106 159
105 159
103 159
101 159
100 160
98 159
96 159
95 159
93 159
91 159
90 159
88 158
86 158
86 157
86 155
87 153
87 152
88 150
88 148
88 147
87 145
86 143
85 142
84 140
82 138
81 138
79 136
77 135
76 135
75 133
73 131
72 131
71 129
69 128
68 127
66 125
65 123
64 122
64 120
63 118
63 117
62 115
62 113
61 112
60 110
60 108
59 107
58 105
57 104
57 103
55 101
53 100
52 100
50 98
48 96
47 95
46 93
47 91
47 90
49 90
51 89
53 89
54 88
56 88
58 88
59 89
60 91
61 92
62 93
62 95
64 97
65 97
67 97
67 99
68 100
68 102
69 104
70 105
71 107
73 108
74 107
76 106
77 105
78 104
78 102
78 100
78 99
78 97
78 95
79 94
79 92
80 90
80 89
81 87
82 85
82 84
82 82
82 80
83 79
83 77
83 75
83 74
84 72
85 70
85 69
85 67
87 66
88 65
89 63
89 61
90 61
