103 64
105 64
106 64
108 63
109 63
111 63
111 64
110 65
109 66
108 68
108 69
107 71
106 71
105 73
105 74
104 76
104 77
102 79
102 80
101 82
101 83
99 85
100 86
101 88
100 89
100 91
101 92
100 94
100 95
99 97
98 98
98 100
98 101
99 103
100 102
102 103
103 103
105 103
106 103
108 104
109 104
111 106
111 107
113 108
114 109
116 110
116 111
118 113
119 113
121 113
123 113
124 114
126 114
126 115
127 117
126 118
127 120
126 121
126 123
126 124
124 126
123 126
122 128
123 129
124 131
124 132
124 134
124 135
123 137
123 138
122 140
122 141
122 143
121 144
120 146
119 147
120 149
120 150
118 152
117 153
116 155
116 156
114 157
114 158
112 158
111 158
109 159
108 159
106 159
105 159
103 159
102 159
100 160
99 159
97 159
96 159
94 159
93 159
91 159
90 159
88 158
86 158
85 158
85 157
86 156
86 154
86 153
85 151
85 150
84 148
84 147
83 145
83 144
82 142
81 141
79 139
79 138
77 136
76 135
75 133
74 132
72 131
71 130
69 128
69 127
69 125
69 124
68 122
68 121
67 119
67 118
66 116
66 115
65 113
65 112
65 110
64 109
62 108
62 107
60 106
59 105
57 104
56 103
55 101
54 100
55 98
55 97
57 96
58 96
60 96
62 97
63 97
64 99
65 100
67 100
68 100
69 102
70 103
72 105
72 106
74 107
75 108
77 110
78 111
79 113
80 113
82 112
82 111
82 109
83 108
83 106
84 105
84 103
83 102
83 100
84 99
84 97
85 96
86 94
87 94
88 92
89 91
89 89
90 88
91 86
91 85
92 83
92 82
92 80
92 79
93 77
94 76
94 74
94 73
96 71
97 70
98 68
99 67
100 66
101 65
