83 56
85 55
86 55
88 56
89 56
89 58
89 60
89 61
90 63
89 65
89 66
89 68
89 69
89 71
90 73
91 74
90 76
90 77
91 79
91 81
91 82
91 84
91 86
90 87
91 89
91 90
92 92
93 94
94 94
96 95
97 95
99 95
101 94
102 94
104 95
106 95
107 96
109 96
110 97
112 97
114 98
115 97
117 98
118 97
120 96
122 96
123 96
125 97
127 99
127 100
127 102
127 103
127 105
127 107
127 108
128 110
128 111
128 113
128 115
129 116
130 118
131 120
132 121
132 123
132 124
132 126
131 128
130 129
131 131
131 132
130 134
130 136
130 137
129 139
128 141
129 142
130 144
130 145
129 147
130 149
130 150
129 152
128 153
126 154
124 154
123 155
121 156
119 156
118 157
116 157
115 158
113 158
111 158
110 159
108 159
107 159
105 159
103 159
102 159
102 157
103 155
103 154
103 152
102 151
101 149
99 147
99 146
98 144
98 143
97 141
95 139
94 138
93 136
92 135
90 133
88 132
87 132
85 131
83 131
82 131
80 131
79 130
77 129
76 127
75 126
74 124
73 123
72 121
70 120
69 119
67 119
65 118
64 117
62 115
61 115
59 114
57 114
56 114
54 115
53 115
51 115
49 114
49 113
51 111
53 110
54 110
56 109
57 109
59 107
61 107
62 107
64 107
65 108
67 108
69 108
69 109
70 111
72 110
71 111
73 113
74 112
75 112
77 113
78 113
80 113
81 112
81 110
81 108
81 107
80 105
80 103
80 102
81 100
82 99
82 97
82 95
81 94
80 92
80 91
80 89
81 87
81 86
80 84
80 82
79 81
77 79
78 78
79 76
80 74
81 73
81 71
80 70
81 68
81 66
81 65
81 63
80 61
80 60
81 58
81 57
