97 62
98 61
100 61
101 61
101 63
102 64
103 66
103 67
102 69
102 70
102 72
102 73
102 75
101 76
100 78
99 79
98 81
98 82
98 84
98 85
97 87
97 88
97 90
97 91
97 93
97 94
97 96
97 97
98 99
99 100
101 100
102 100
104 101
105 101
107 103
108 103
110 104
111 104
113 105
114 105
115 107
116 108
116 110
117 111
119 111
120 111
122 110
123 110
125 110
126 110
128 111
129 112
129 113
131 115
130 116
129 118
129 119
130 121
131 121
131 123
132 123
133 125
133 126
132 128
132 129
133 131
133 132
133 134
133 135
133 137
132 138
131 140
131 141
131 143
131 144
131 146
130 147
129 149
129 150
129 152
128 153
126 154
125 154
123 155
122 155
120 156
119 156
117 157
116 157
114 158
113 158
111 158
110 159
108 159
107 159
105 159
104 159
102 159
101 159
99 159
98 159
98 158
98 156
97 155
96 153
96 152
95 150
94 149
92 148
91 147
89 146
88 145
87 143
86 142
84 140
83 139
81 137
80 137
79 135
79 134
77 133
76 132
74 130
74 129
74 127
73 126
71 124
70 124
68 122
67 122
65 121
64 120
63 118
63 117
61 115
60 114
58 114
57 113
55 113
54 113
52 113
52 112
51 110
52 110
54 109
55 108
57 108
58 107
60 107
61 107
63 107
64 107
65 108
67 108
68 108
70 108
71 109
72 111
73 112
75 113
75 114
77 115
78 115
80 116
81 115
83 113
83 112
84 110
85 109
85 107
85 106
86 104
86 103
86 101
86 100
86 98
87 97
88 95
88 94
90 93
90 92
89 90
90 89
89 87
89 86
89 84
89 83
89 81
89 80
88 78
89 77
90 75
90 74
92 72
92 71
93 69
94 68
95 66
95 65
96 63
