90 53
92 53
93 54
95 54
96 55
96 57
96 59
96 60
96 62
96 63
97 65
96 66
95 68
95 70
95 71
96 73
96 74
96 76
97 78
96 79
96 81
96 82
96 84
96 85
96 87
98 89
99 90
101 90
102 90
104 90
106 90
107 91
109 91
109 92
111 92
112 92
114 92
116 93
117 93
119 92
120 93
122 93
124 93
125 93
127 94
128 94
129 96
129 97
130 99
131 101
132 102
134 104
134 105
135 107
135 109
135 110
136 112
136 113
136 115
137 117
137 118
137 120
138 121
137 123
137 124
139 126
138 128
138 129
137 131
137 132
137 134
136 135
135 136
134 138
135 139
137 140
138 141
139 143
139 145
138 146
136 148
135 148
133 150
131 151
130 151
128 153
127 153
125 154
124 154
122 155
120 156
119 156
117 157
116 157
114 158
112 158
111 158
109 159
108 159
107 158
107 156
107 155
107 153
107 152
106 150
106 149
104 147
104 145
103 144
102 142
101 141
99 139
97 138
96 137
94 136
93 136
92 134
91 134
89 133
87 132
86 131
84 130
83 130
81 130
79 128
78 128
76 126
75 125
73 123
73 122
71 120
69 120
68 119
66 119
65 118
63 116
61 115
60 114
58 113
57 112
55 113
54 113
52 112
52 110
53 109
55 108
56 107
58 106
60 105
61 104
63 104
64 104
66 104
68 106
69 106
71 107
72 108
74 109
75 109
77 111
79 112
80 112
82 111
83 111
85 109
86 107
86 106
88 105
88 104
88 102
88 101
88 99
88 97
88 96
89 94
89 93
89 91
89 89
89 88
89 86
89 85
89 83
89 82
87 80
86 78
86 77
86 75
87 74
86 72
87 70
87 69
87 67
87 66
86 64
86 63
87 61
87 59
87 58
88 56
89 55
