95 62
97 61
98 61
100 61
101 62
101 64
101 65
101 67
101 68
101 70
101 71
101 73
101 74
102 76
101 77
101 79
100 79
98 81
98 82
98 84
98 85
98 87
98 88
99 90
99 91
99 93
99 94
99 96
100 97
102 98
103 98
105 98
106 97
108 98
109 97
111 98
112 99
114 99
115 98
116 99
117 100
119 100
120 100
122 102
123 102
125 103
126 103
128 103
129 104
130 106
130 108
131 109
130 111
130 112
130 114
131 115
130 117
130 118
131 120
131 121
131 123
132 124
132 126
132 127
133 129
133 130
133 132
132 133
132 135
131 136
130 138
130 139
129 141
129 142
129 144
129 145
129 147
129 148
129 150
129 151
128 153
127 153
125 154
124 154
122 155
121 156
119 156
118 157
116 157
115 158
113 158
112 158
110 159
109 159
107 159
106 159
104 159
103 159
101 159
100 160
98 159
99 157
99 156
99 154
100 153
101 151
101 150
100 148
100 147
100 145
99 144
97 143
97 142
95 140
94 139
93 137
92 136
90 136
89 136
87 134
86 133
84 131
83 131
82 129
81 129
79 127
78 126
77 124
77 123
75 121
74 121
72 119
71 118
70 116
69 115
68 114
67 113
65 112
64 111
62 110
61 110
59 110
58 110
56 109
56 108
57 106
58 106
60 105
61 105
63 104
65 103
66 104
68 103
69 103
70 104
71 105
73 107
74 108
76 109
77 109
77 109
76 110
78 112
79 113
81 114
82 114
84 113
85 112
85 110
86 109
85 107
85 106
87 104
87 103
88 101
88 100
87 98
88 97
89 95
89 94
88 92
88 91
87 89
87 88
86 86
87 85
88 83
88 82
90 80
90 79
90 77
90 76
90 74
91 73
93 71
93 70
94 68
94 67
95 65
94 64
