98 58
100 57
101 57
103 58
104 59
104 61
103 62
104 64
104 65
104 67
104 68
104 70
103 71
103 73
103 74
103 76
102 78
102 79
101 81
101 82
102 84
102 85
102 87
102 88
103 90
103 91
103 93
104 94
106 95
108 95
109 96
111 97
112 97
114 98
115 98
117 98
118 98
120 99
121 99
123 100
124 100
126 100
127 101
128 102
130 103
131 103
131 105
131 106
131 108
130 109
130 111
131 112
133 112
134 112
134 114
134 115
135 117
134 118
135 120
135 122
136 123
136 125
137 126
136 128
136 129
136 131
136 132
135 134
134 135
133 137
133 138
132 140
131 142
131 143
131 145
131 146
131 148
132 149
131 151
130 151
128 153
127 153
125 154
124 154
122 155
121 156
119 156
117 157
116 157
114 158
113 158
111 158
110 159
108 159
107 159
105 159
104 159
102 159
101 159
101 159
101 157
101 156
102 154
101 153
100 151
100 150
98 149
98 148
96 146
96 145
95 143
95 142
94 140
93 139
93 137
91 135
90 134
88 133
87 132
85 131
84 130
82 129
81 128
79 127
78 126
76 124
75 123
74 121
74 120
75 118
74 116
74 115
73 113
72 112
70 110
70 109
69 107
68 106
67 104
66 103
64 103
63 103
61 102
60 100
61 99
62 97
62 96
64 96
65 97
67 97
68 97
70 98
71 98
73 98
74 98
76 99
77 100
78 102
79 104
79 105
81 107
82 108
84 110
85 111
87 111
88 110
90 109
91 108
91 106
91 105
90 103
90 102
91 100
90 98
91 97
92 95
93 94
93 92
94 91
94 89
94 88
94 86
94 85
94 83
94 82
93 80
93 78
93 77
93 75
93 74
93 72
94 72
95 70
96 69
96 67
95 66
96 64
96 63
96 61
97 60
