89 51
91 50
92 50
93 51
95 53
95 54
95 56
95 57
94 59
94 61
94 62
94 64
93 66
93 67
93 69
92 70
93 72
92 74
93 75
93 77
93 79
93 80
94 82
93 83
93 85
93 87
93 88
95 89
97 89
98 88
100 87
101 87
103 87
105 88
106 89
108 89
108 90
109 91
111 91
112 91
114 91
116 91
117 91
119 91
121 92
122 92
124 94
124 95
126 96
125 98
125 99
125 101
125 103
124 103
124 105
124 106
125 108
127 110
128 111
128 113
128 115
128 116
128 118
128 119
127 121
128 123
128 124
128 126
128 128
128 129
126 131
126 132
125 134
126 136
126 137
125 139
123 141
124 142
124 144
124 145
125 147
124 149
124 150
123 152
122 154
122 155
120 156
119 156
117 157
115 158
114 158
112 158
110 159
109 159
107 159
106 159
104 159
102 159
101 159
99 159
97 159
96 159
94 159
93 159
91 159
90 158
90 157
91 155
92 153
92 152
93 150
93 149
93 147
94 145
94 144
94 142
93 140
93 139
92 137
92 136
90 134
88 132
87 131
85 130
83 128
82 127
80 125
79 124
77 123
75 122
74 121
72 119
70 117
70 116
69 114
68 113
67 112
65 110
64 109
63 108
61 106
60 105
58 104
57 103
55 102
53 101
52 100
50 100
48 100
48 99
50 97
51 98
53 96
55 95
56 94
58 93
60 94
61 95
63 96
64 96
66 97
68 98
69 99
71 101
73 103
74 103
76 103
77 103
79 103
79 101
80 100
81 98
81 96
81 95
81 93
81 92
81 90
82 88
82 87
81 85
81 83
82 82
82 80
81 79
82 77
83 75
83 74
83 72
83 70
84 69
84 67
84 66
86 64
86 62
86 61
87 59
87 57
87 56
88 54
88 53
