97 54
99 53
100 54
101 56
102 57
102 59
101 60
100 62
100 63
99 64
98 65
97 67
97 69
97 70
98 72
98 73
98 75
97 76
97 78
97 79
97 81
97 82
97 84
96 86
97 87
99 88
100 88
102 90
103 91
105 92
106 92
108 93
109 93
110 95
112 96
113 97
114 99
115 99
117 97
118 98
120 99
121 99
122 101
123 102
122 104
122 106
123 107
123 109
124 110
125 112
125 113
126 115
126 116
126 118
126 119
126 121
125 123
125 124
125 126
124 127
124 129
124 130
123 132
124 133
124 135
123 136
122 138
121 140
120 141
119 143
119 144
119 146
119 147
119 149
120 150
120 152
120 153
120 155
118 157
117 157
115 158
114 158
112 158
111 158
109 159
108 159
106 159
105 159
103 159
101 159
100 160
98 159
97 159
95 159
94 159
92 159
91 159
89 158
88 158
88 156
89 154
89 153
89 151
90 150
91 148
91 147
91 145
90 144
90 142
90 141
89 139
88 138
87 136
85 134
85 133
83 132
82 131
81 129
80 129
79 127
78 126
76 125
75 124
74 122
72 121
71 121
69 119
69 118
68 116
68 115
67 113
67 112
66 110
66 109
66 107
66 105
65 104
65 102
64 101
64 99
64 98
62 96
61 95
60 94
59 93
58 91
57 89
57 88
58 87
59 87
61 87
62 87
64 88
65 88
67 89
67 90
69 92
71 94
72 95
73 97
74 98
75 100
75 101
77 103
78 104
80 105
81 105
82 103
82 101
82 100
83 98
83 97
84 96
85 95
84 93
84 92
84 90
85 89
85 87
86 85
86 84
87 82
88 81
88 79
88 78
88 76
88 75
88 73
89 72
89 70
89 68
90 67
91 65
91 64
92 62
93 61
92 59
93 58
94 56
95 55
