83 45
85 45
87 45
89 46
89 48
89 49
89 51
88 53
87 55
87 57
87 59
87 61
87 63
85 65
86 66
86 68
86 70
86 72
86 74
86 76
87 78
88 80
88 82
88 83
88 85
88 87
88 89
89 91
91 91
92 90
93 88
95 87
96 87
98 86
100 87
102 87
102 88
104 89
106 89
108 89
109 91
110 91
112 90
114 91
116 91
118 91
120 91
122 92
124 93
125 95
126 97
126 98
126 100
126 102
126 104
126 106
126 108
128 108
130 108
131 110
132 111
133 113
133 115
133 117
133 119
134 121
134 123
134 125
132 127
133 128
133 130
133 132
132 134
131 136
130 138
131 140
130 142
132 144
132 145
131 147
131 149
131 151
129 152
127 153
125 154
123 155
121 156
120 156
118 157
116 157
114 158
112 158
110 159
108 159
106 159
104 159
103 159
101 159
99 159
97 159
95 159
93 159
91 159
92 157
92 155
93 155
94 153
95 151
95 149
94 147
92 145
90 143
89 142
87 140
86 140
84 139
82 138
80 137
78 135
76 134
74 134
72 133
70 133
69 133
67 131
66 129
65 127
65 125
64 123
62 122
60 120
59 118
58 117
56 115
54 113
52 111
51 109
49 107
47 105
45 105
43 105
42 105
41 104
41 102
40 100
42 99
44 99
46 99
48 100
50 100
52 100
53 99
55 100
57 100
59 102
61 102
63 103
65 105
66 107
68 108
69 109
71 111
73 112
75 111
77 109
76 107
76 105
76 103
76 101
76 100
76 98
75 96
76 94
76 92
75 90
76 88
76 86
76 84
76 83
76 81
75 79
75 77
75 75
75 73
76 71
76 69
76 67
77 66
76 64
75 62
75 60
74 58
75 56
75 54
75 52
77 51
77 50
78 48
79 47
81 45
