106 46
108 46
108 47
108 49
108 51
108 52
109 54
109 55
108 57
107 59
107 60
107 62
106 64
105 65
106 67
105 69
106 70
105 72
105 74
105 75
105 77
105 78
106 80
106 82
106 83
106 85
106 87
106 88
107 90
108 88
109 88
111 87
112 88
114 88
116 89
117 89
119 89
121 90
122 90
123 92
124 94
125 94
127 94
129 93
130 93
132 93
133 93
135 94
137 96
137 97
138 99
138 100
138 101
138 103
139 105
139 106
139 108
139 109
141 111
141 113
141 114
143 116
142 118
142 119
142 121
142 123
141 123
140 125
139 127
139 128
139 130
139 131
139 133
138 135
138 136
139 138
139 140
139 141
140 143
139 145
138 146
136 148
135 148
133 150
131 151
130 151
128 153
126 154
125 154
123 155
121 156
120 156
118 157
116 157
115 158
113 158
112 158
110 159
108 158
109 157
109 155
109 153
109 152
109 150
108 148
107 147
107 145
107 144
108 142
107 140
107 139
105 137
104 135
103 135
101 133
99 132
98 132
96 130
94 128
93 127
91 125
90 124
88 123
87 121
86 121
84 120
84 118
83 117
82 115
80 113
79 113
77 111
76 111
75 109
73 107
72 107
70 106
68 105
67 104
65 103
63 103
62 102
60 102
59 101
59 100
61 100
62 99
64 99
66 99
67 99
69 99
71 98
71 97
73 97
75 97
75 98
77 99
78 99
79 100
81 102
82 102
84 103
86 103
87 103
89 103
91 102
92 101
93 99
94 97
94 96
94 94
94 93
94 91
94 89
94 88
94 86
93 84
93 83
94 81
94 79
94 78
94 76
94 75
94 73
94 71
95 70
96 68
96 66
96 65
97 63
97 61
97 60
97 58
98 56
99 55
100 53
100 52
101 50
103 49
104 48
