87 61
89 60
90 61
91 63
91 64
91 66
92 67
92 69
92 70
93 72
93 73
93 75
93 76
93 78
93 79
94 81
94 82
95 84
96 85
97 87
97 88
98 90
99 90
98 92
98 93
99 95
100 96
102 97
103 96
104 94
105 94
107 94
108 94
110 94
111 94
113 94
114 94
116 96
117 96
119 96
120 97
122 97
123 97
125 97
126 96
128 95
129 95
131 95
132 95
131 97
132 99
133 100
133 102
133 103
134 105
135 106
136 108
137 109
139 111
140 111
142 112
142 113
143 115
143 116
144 118
144 119
144 121
145 122
146 124
146 125
146 127
146 128
145 130
145 131
146 133
146 134
145 136
145 137
144 139
144 140
142 142
141 143
139 145
138 146
136 148
135 148
133 150
132 150
130 151
129 152
127 153
126 154
124 154
123 155
121 156
120 156
119 155
119 154
119 152
118 151
118 149
117 147
117 146
116 144
115 143
114 141
113 140
111 141
110 141
108 140
107 140
105 140
104 140
102 139
101 138
99 138
98 138
96 137
95 137
93 136
92 135
90 134
89 133
87 131
86 131
85 129
84 129
82 128
81 127
79 127
78 126
76 124
75 123
73 122
72 121
70 122
69 122
67 122
66 122
64 122
63 122
63 120
63 119
64 118
65 117
67 117
68 116
70 116
71 116
73 115
75 115
76 115
78 114
79 114
81 115
82 115
83 117
84 118
86 118
87 118
89 118
90 118
92 118
93 117
94 115
93 114
92 112
91 111
91 109
91 108
92 106
92 105
92 103
91 102
90 100
90 99
89 97
89 96
88 94
88 93
87 91
87 90
86 88
85 87
86 85
85 84
85 82
85 81
85 79
84 78
84 76
84 75
83 73
84 72
83 70
83 69
84 67
84 66
84 64
85 63
