93 49
95 48
96 48
98 49
98 51
99 52
99 54
99 56
99 57
98 59
97 61
97 62
95 64
95 66
95 67
94 68
93 69
93 71
93 73
93 74
93 76
93 78
93 79
94 81
94 83
94 84
94 86
96 87
97 87
99 87
101 86
102 87
104 87
106 88
107 89
108 91
110 92
111 93
113 95
115 96
116 96
118 95
120 95
121 95
123 96
123 97
123 99
123 101
123 102
123 104
123 106
123 107
124 109
125 111
126 112
126 114
126 116
125 117
125 119
124 121
124 122
124 124
124 126
124 127
122 129
122 131
122 132
120 134
119 136
119 137
118 139
118 141
118 142
118 144
118 145
118 147
117 149
117 150
116 152
116 154
115 155
116 157
114 158
113 158
111 158
109 159
108 159
106 159
104 159
103 159
101 159
99 159
98 159
96 159
94 159
93 159
91 159
89 158
88 158
86 158
85 157
85 156
86 154
86 153
86 151
86 149
86 148
87 146
87 144
87 143
87 141
87 139
87 138
87 136
87 134
86 133
85 131
83 130
82 129
80 128
78 127
77 126
75 125
73 123
73 122
71 120
69 119
68 119
66 117
66 116
65 114
64 112
64 111
63 109
63 107
62 106
60 105
60 103
60 102
59 100
57 99
56 98
54 96
53 94
52 93
50 92
48 91
47 90
47 88
48 87
49 86
51 87
53 88
54 87
56 87
58 87
59 87
61 87
62 88
64 90
66 92
67 93
68 95
70 97
71 98
72 100
74 101
75 101
77 100
78 98
78 97
79 95
78 93
78 92
78 90
79 88
80 87
81 85
82 83
82 82
81 80
82 78
83 77
84 75
84 73
84 72
84 70
85 69
85 67
86 65
86 64
87 62
87 60
87 59
87 57
88 55
89 55
91 53
91 51
92 50
