87 54
89 53
90 53
92 54
93 54
93 56
94 58
94 59
94 61
93 62
93 64
92 66
92 67
91 69
91 71
91 72
91 74
92 75
92 77
93 79
94 80
94 82
94 83
95 85
94 87
95 88
97 88
98 88
100 87
102 86
103 86
105 87
107 88
108 88
110 88
111 89
113 89
115 89
116 89
118 89
119 90
121 90
123 91
124 92
125 93
126 94
126 96
126 98
126 99
126 101
127 103
128 104
130 105
130 106
130 108
131 110
131 111
132 113
133 114
134 116
134 118
134 119
134 121
134 122
133 124
134 126
134 127
133 129
133 130
134 132
133 134
133 135
134 137
134 139
134 140
134 142
134 143
134 145
133 147
133 148
133 150
132 150
130 151
128 153
127 153
125 154
124 154
122 155
120 156
119 156
117 157
115 158
114 158
112 158
111 158
109 159
107 159
106 159
105 158
105 157
104 155
104 153
104 152
103 150
104 149
104 147
104 145
103 144
103 142
102 141
101 139
101 137
101 136
99 134
97 133
96 132
94 131
93 131
92 129
90 127
89 127
87 126
86 126
84 125
82 124
81 124
79 123
78 123
76 121
75 119
75 118
75 116
73 114
73 113
71 112
70 111
69 109
67 107
66 107
64 105
63 105
61 104
59 104
58 103
56 103
55 103
54 102
53 100
54 99
56 97
58 95
59 95
61 96
62 96
64 97
66 97
67 98
69 99
70 99
72 101
74 102
75 103
76 105
77 105
79 106
81 106
82 107
84 106
84 105
83 103
83 101
83 100
83 98
83 96
84 95
84 93
83 92
84 90
84 88
84 87
85 85
85 84
84 82
83 80
83 79
82 77
82 76
83 74
83 72
83 71
83 69
84 67
84 66
84 64
84 63
84 61
84 59
84 58
84 56
85 55
