100 59
102 58
103 58
105 58
106 58
107 60
108 61
108 63
107 65
106 66
106 68
105 69
104 71
104 72
103 74
103 75
103 77
102 78
101 79
102 81
101 81
100 83
100 84
100 86
101 88
100 89
100 91
99 92
99 94
99 95
100 97
101 99
102 98
104 99
105 99
107 99
108 99
110 99
111 99
113 100
115 101
116 102
118 103
119 103
121 105
121 106
123 107
125 109
126 109
128 110
128 111
130 113
130 114
129 116
130 118
129 119
129 121
128 122
128 124
127 125
128 127
129 127
129 129
130 131
130 132
131 134
131 135
130 137
130 138
129 140
127 141
126 142
126 144
126 145
126 147
127 148
126 150
126 152
125 153
123 155
122 155
120 156
119 156
117 157
116 157
114 158
112 158
111 158
109 159
108 159
106 159
105 159
103 159
101 159
100 160
98 159
97 159
95 159
94 159
92 159
90 159
90 158
89 156
89 155
89 153
89 152
89 150
89 149
87 147
86 145
85 144
83 142
82 141
81 139
81 138
79 136
78 134
77 133
75 132
74 131
73 129
72 128
71 126
70 125
69 123
69 121
69 120
68 118
68 117
66 115
66 114
65 112
63 110
63 109
61 108
61 107
59 105
58 104
56 103
54 102
53 102
51 100
52 99
53 97
54 97
56 96
57 96
59 95
61 95
62 96
64 97
65 97
67 98
68 99
67 101
69 102
70 102
71 104
72 105
74 107
75 108
76 110
78 112
79 112
81 112
82 111
82 109
83 108
84 106
85 105
85 103
85 101
85 100
86 98
87 97
88 95
88 94
88 92
88 90
88 89
88 87
88 86
89 84
90 83
91 81
91 79
91 78
92 76
92 75
93 73
94 73
95 71
95 70
96 68
95 66
96 65
96 63
97 63
98 61
99 61
