89 62
91 61
92 61
94 62
95 63
94 65
94 66
95 68
95 69
94 71
94 72
94 74
93 75
94 77
94 78
94 80
94 81
94 83
94 84
94 86
95 87
95 89
95 90
94 92
94 93
94 95
95 96
95 98
95 99
97 101
98 102
100 102
101 101
103 101
104 101
106 100
107 101
109 101
110 101
112 101
113 101
115 101
116 100
118 101
119 101
121 101
122 102
124 103
125 103
126 105
126 106
128 108
129 108
130 110
130 111
132 112
132 113
132 115
132 116
133 118
134 119
135 121
136 122
136 124
136 125
136 127
136 128
137 130
137 131
136 133
136 134
136 136
135 137
136 139
136 140
137 142
137 143
137 145
136 146
136 148
135 148
133 150
132 150
130 151
129 152
127 153
126 154
124 154
123 155
121 156
120 156
118 157
117 157
115 158
114 158
112 158
111 158
109 159
108 159
106 159
105 159
104 158
104 157
103 155
103 154
102 152
101 151
99 149
98 148
96 147
95 147
93 145
92 144
90 142
89 141
87 140
87 139
85 138
84 138
82 137
81 136
80 134
79 133
77 131
76 130
74 128
73 127
71 126
71 125
69 125
68 124
66 124
65 123
63 121
62 120
60 120
59 120
57 121
56 121
54 121
54 120
54 118
54 117
56 116
57 115
59 115
60 115
62 114
63 114
65 113
66 114
68 113
68 114
70 115
71 115
73 116
74 116
76 117
77 118
79 118
80 119
82 118
83 118
85 116
86 115
87 113
87 112
87 110
87 109
87 107
86 106
86 104
85 103
85 101
85 100
85 98
85 97
85 95
85 94
85 92
85 91
84 89
84 88
84 86
83 85
84 83
84 82
83 80
84 79
85 77
86 76
86 74
86 73
86 71
85 70
86 68
87 67
87 65
87 64
88 62
