92 79
93 78
94 78
95 78
96 78
97 78
99 79
100 79
101 79
101 80
101 81
100 82
99 83
98 84
97 85
96 85
94 84
93 84
92 84
91 84
90 84
89 84
88 85
87 86
86 87
85 87
84 88
82 89
81 90
81 91
81 92
80 93
80 94
80 95
80 96
80 97
80 98
79 100
79 101
78 102
78 103
78 104
78 105
78 106
79 107
80 108
81 109
82 109
82 111
82 112
82 113
83 114
84 114
85 115
86 116
87 117
88 117
89 116
91 116
92 115
93 115
94 114
95 113
95 112
96 111
97 111
98 110
99 109
100 109
102 109
103 108
104 108
105 108
106 107
107 106
107 107
108 108
108 109
107 110
105 111
104 112
103 113
103 114
103 115
102 116
101 117
100 118
99 118
98 119
97 120
95 122
94 123
93 123
92 124
92 125
91 126
90 126
89 127
88 128
87 128
85 130
84 130
83 131
82 132
81 133
80 134
79 135
78 136
77 137
76 138
75 139
73 140
72 140
71 141
70 141
69 142
68 142
67 143
66 143
65 144
64 144
63 145
61 145
60 144
59 143
58 142
57 141
56 140
55 139
54 138
53 137
52 136
51 134
50 133
50 132
49 131
49 130
48 129
48 128
49 127
49 126
50 125
50 124
52 123
53 122
54 121
54 120
55 119
55 118
56 117
56 116
57 115
57 114
58 112
59 111
60 110
61 109
61 108
61 107
60 106
61 105
61 104
61 103
62 102
62 100
63 99
63 98
64 98
65 97
65 96
66 95
66 94
67 93
67 92
68 90
68 89
69 88
70 88
71 88
72 87
73 86
73 85
74 85
75 84
75 83
76 81
77 80
78 81
79 80
80 80
81 79
82 80
83 80
84 79
85 79
87 79
88 79
89 79
90 79
91 79
