99 71
100 70
102 71
103 72
105 71
106 70
108 71
109 70
111 70
112 70
114 70
115 70
117 71
118 71
120 72
121 73
123 74
124 74
124 75
125 76
125 78
124 78
122 78
121 78
119 79
120 80
120 80
119 80
117 79
116 79
114 79
113 79
111 79
110 79
108 78
107 78
105 80
104 81
102 82
101 83
101 85
100 86
98 88
97 89
96 91
96 92
95 94
95 95
95 97
95 98
95 100
95 101
96 102
95 104
95 105
94 107
95 108
95 110
95 111
95 113
96 114
96 115
96 116
98 117
98 118
100 120
101 120
102 121
103 122
105 123
106 122
108 122
109 121
111 120
112 119
114 117
115 117
117 116
118 115
119 113
120 113
122 111
123 111
125 110
126 110
128 109
129 109
131 108
132 108
133 109
133 110
133 112
133 113
131 114
130 115
128 116
127 117
126 119
125 120
123 122
122 123
121 123
120 125
119 126
117 127
116 128
114 129
113 129
111 131
110 131
108 132
107 133
105 135
104 135
102 137
101 137
99 139
98 140
96 142
96 143
94 144
93 145
91 146
90 146
88 147
87 147
85 148
84 148
82 149
81 150
79 150
78 150
76 151
75 151
74 153
73 153
71 152
70 151
68 150
67 150
65 148
64 148
62 146
61 145
59 143
58 142
56 140
55 139
53 137
52 136
54 135
54 134
55 133
57 132
58 132
59 130
60 129
61 127
61 126
63 125
63 124
65 122
66 122
67 120
68 119
69 117
69 116
71 115
71 114
72 112
73 112
74 110
74 109
76 107
77 106
79 105
79 104
78 102
79 101
80 99
81 99
82 97
83 96
84 94
85 93
86 91
86 90
88 88
88 87
89 85
90 84
91 82
92 81
92 79
92 78
94 76
94 75
95 73
96 73
98 72
