82 53
83 52
85 52
86 52
87 54
88 54
90 54
91 54
93 54
94 54
96 54
97 54
99 55
100 55
101 56
102 57
104 58
105 59
106 59
107 61
108 61
108 61
108 62
109 64
110 65
110 67
109 67
107 68
106 68
104 68
103 69
103 69
102 68
101 67
100 66
99 66
97 66
96 66
94 67
93 67
91 67
90 66
88 66
87 66
85 68
84 69
84 71
83 72
82 74
82 75
80 77
79 78
78 79
77 81
76 82
76 84
76 85
77 87
76 88
76 90
77 91
77 93
76 94
78 96
79 97
80 98
81 99
82 100
84 102
85 102
87 103
88 103
90 101
91 100
93 99
94 98
96 96
97 95
99 94
100 93
101 91
102 91
104 90
105 89
105 88
107 87
108 87
110 87
111 87
113 87
114 88
114 90
114 91
114 93
114 94
112 96
111 97
109 98
108 98
107 100
106 101
106 102
104 104
103 105
102 107
101 108
99 109
98 109
96 110
95 110
93 111
92 112
90 114
90 115
88 116
87 116
85 117
84 118
83 119
81 121
80 122
78 124
77 124
76 126
75 126
73 127
72 128
70 128
69 128
67 129
66 130
64 130
63 131
61 131
60 131
59 131
57 132
56 132
54 133
53 134
51 134
50 133
49 131
49 130
47 128
47 127
46 125
46 124
45 122
44 121
44 119
43 118
43 117
42 115
42 114
42 112
42 111
41 109
42 108
43 106
44 105
45 103
45 102
47 101
48 100
49 98
49 97
50 96
51 94
52 93
53 92
54 91
55 89
56 88
58 87
58 86
58 84
59 83
60 81
60 80
61 78
62 77
63 76
64 75
64 74
65 72
66 71
68 70
69 69
70 67
69 66
71 64
71 63
73 61
74 60
75 58
76 57
78 55
79 54
81 53
