82 94
83 93
84 93
85 93
86 93
88 94
89 94
90 95
91 95
92 95
93 95
94 95
95 94
96 94
97 94
99 95
100 94
101 95
102 95
102 96
102 97
102 98
102 99
101 100
101 101
99 102
98 102
97 102
96 102
95 102
94 101
93 100
92 100
91 100
90 99
88 100
87 101
86 100
85 101
84 102
84 103
84 104
83 105
83 106
83 107
83 109
83 110
83 111
83 112
83 113
82 114
82 115
82 116
82 117
81 118
82 120
82 121
82 122
82 123
83 124
83 125
83 126
84 127
84 128
85 129
85 131
86 132
87 133
88 133
89 134
90 134
91 135
92 134
93 135
94 134
96 133
97 132
98 131
99 130
100 130
101 129
102 128
103 128
104 127
105 127
107 127
108 126
109 126
110 126
111 126
112 125
113 126
114 127
115 128
115 129
115 131
114 131
113 132
112 133
111 133
110 134
109 135
108 135
107 136
106 137
105 139
104 139
103 140
102 140
101 141
100 142
99 142
98 142
97 143
96 143
94 144
93 145
92 146
91 146
90 147
89 147
88 148
87 149
86 149
85 150
83 152
82 152
81 153
81 154
80 154
79 155
78 155
77 155
76 154
75 154
73 153
72 153
71 152
70 151
69 151
68 150
67 150
66 149
65 148
64 148
62 146
61 145
60 144
59 143
58 142
57 141
56 140
55 139
54 138
54 137
55 135
55 134
56 134
57 133
57 132
58 132
59 131
59 130
60 130
61 129
61 127
61 126
62 125
63 124
64 123
64 122
65 122
66 121
66 120
67 120
68 118
68 117
68 116
69 115
69 114
69 113
69 112
70 111
70 110
69 109
70 107
71 106
70 105
71 105
72 104
72 103
72 102
73 101
74 100
75 99
77 97
78 97
79 96
80 95
81 94
