107 93
108 92
109 93
110 93
112 94
113 94
114 94
115 94
116 94
117 94
119 95
119 96
120 97
120 98
119 99
118 100
118 101
116 102
115 102
114 102
113 102
112 102
111 102
109 101
108 100
107 101
106 102
105 103
105 104
105 105
104 107
104 108
104 109
103 110
103 111
102 112
104 114
104 115
104 116
104 117
105 118
105 119
105 121
104 122
104 123
104 124
104 125
105 126
105 127
107 128
107 129
107 130
108 131
109 132
110 132
112 133
113 133
114 132
115 132
116 131
117 131
118 130
120 128
120 127
121 126
122 126
123 125
123 124
125 123
126 122
127 122
128 122
129 122
130 122
131 123
132 125
132 126
132 127
131 128
131 129
130 130
130 132
129 133
129 134
128 135
127 136
126 137
125 138
123 139
122 139
121 140
120 140
119 141
118 142
116 143
115 144
115 145
114 146
113 147
112 148
110 149
109 150
108 151
107 152
106 153
105 154
104 155
102 156
101 157
100 157
99 158
98 159
97 159
95 159
94 159
93 159
92 159
91 159
90 159
89 158
87 158
86 158
85 158
84 157
83 157
82 157
80 156
79 156
78 155
77 155
76 154
75 154
74 154
72 153
71 152
70 151
69 151
69 150
69 149
70 147
70 146
71 145
71 144
72 144
73 143
73 142
75 141
75 140
76 139
76 138
77 137
78 136
79 134
79 133
79 132
80 132
81 131
81 130
82 129
83 127
84 126
84 125
84 124
84 123
84 122
84 120
85 119
84 118
83 118
83 117
84 116
85 114
85 113
85 112
86 111
86 110
86 109
85 108
86 106
87 106
88 105
88 104
88 103
89 102
90 100
91 99
92 98
93 97
94 97
95 96
95 95
97 95
98 95
99 95
100 95
101 95
102 95
104 94
105 93
106 93
