91 62
92 61
94 61
95 61
97 61
98 61
99 61
100 63
101 64
102 65
103 66
104 67
105 69
106 69
105 70
105 71
104 72
103 72
101 73
100 72
98 71
97 71
96 70
94 70
93 70
92 70
90 70
89 70
87 70
86 71
85 71
83 72
83 73
82 74
81 76
81 77
81 79
80 80
79 81
78 83
78 84
78 85
77 87
77 88
77 90
77 91
77 92
78 94
77 95
77 96
78 98
78 99
79 101
79 102
79 103
79 105
80 106
81 106
83 107
84 107
86 108
87 108
88 108
90 108
91 107
92 107
94 105
95 104
96 103
97 102
98 101
100 99
101 99
102 98
104 97
105 96
107 96
108 96
109 96
111 95
112 95
113 95
114 97
114 98
113 100
113 101
112 101
110 103
109 104
108 105
108 107
107 108
106 110
105 111
104 112
102 114
101 115
100 115
98 117
97 118
95 119
94 119
93 120
91 120
90 121
89 121
87 123
86 124
84 126
83 127
82 127
80 128
79 129
79 130
78 132
77 133
75 134
74 135
73 136
71 137
70 137
69 137
67 139
66 139
64 139
63 139
62 140
60 141
59 141
58 142
56 140
55 139
53 137
52 136
52 135
50 133
50 132
49 131
48 129
47 128
46 126
46 125
46 124
45 122
45 121
46 120
46 118
46 117
47 115
47 114
48 113
49 111
50 110
50 109
52 107
53 106
54 104
55 103
55 102
55 100
56 99
56 98
57 96
57 95
58 94
59 93
60 93
62 91
62 90
63 90
65 89
65 88
66 86
66 85
66 84
67 83
68 82
67 81
67 79
67 78
68 76
69 75
70 74
71 72
72 71
73 70
73 68
74 67
75 65
76 64
77 63
79 63
80 63
81 63
83 63
84 63
86 64
87 63
88 62
90 62
