105 70
106 69
108 70
109 70
111 71
112 71
114 72
115 71
117 73
118 74
119 76
119 77
119 78
118 79
117 78
115 79
114 80
114 80
113 79
111 79
110 79
108 79
107 79
105 80
104 80
102 82
101 83
101 84
100 85
99 86
97 87
96 87
94 89
94 90
93 92
93 93
92 95
92 96
93 97
94 99
94 100
95 102
95 103
95 105
95 106
95 108
95 109
95 111
96 112
96 114
96 115
96 116
98 117
99 118
101 119
102 120
104 121
105 121
107 121
108 120
110 118
111 117
112 115
113 114
114 113
115 111
115 110
116 108
117 107
119 105
119 104
121 102
122 102
124 102
125 101
127 102
128 102
129 103
128 104
127 105
126 107
126 108
126 110
126 111
127 113
128 114
128 116
128 117
128 118
126 119
125 120
123 122
123 123
121 125
121 126
119 128
118 129
116 131
115 132
114 134
114 135
113 136
112 138
111 139
109 141
109 142
108 144
108 145
107 147
106 148
104 150
104 151
102 153
101 154
101 155
99 156
99 157
97 159
96 159
94 159
93 159
91 159
90 159
88 158
87 158
85 158
84 157
83 157
81 156
80 156
78 155
77 155
75 154
74 154
72 153
71 152
69 151
68 150
68 149
68 147
68 146
68 144
69 143
69 141
69 140
69 138
69 137
70 135
70 134
71 132
72 131
72 130
73 128
73 127
73 125
73 124
74 122
74 121
74 119
75 118
74 116
74 115
75 113
76 112
76 111
77 109
78 108
79 106
79 105
79 103
79 102
80 100
80 99
81 97
82 96
82 94
82 93
81 92
82 90
82 89
82 87
83 86
83 84
84 83
84 81
84 80
85 78
86 77
87 77
89 76
90 76
92 74
93 74
95 73
96 72
98 71
99 71
101 70
102 70
104 70
