94 65
95 64
97 64
98 64
100 65
101 65
103 66
104 66
106 66
107 66
109 68
110 69
112 70
113 70
115 71
115 72
116 74
117 75
118 75
120 77
119 78
118 80
117 80
115 79
114 78
112 78
111 77
109 76
108 77
106 77
105 77
103 78
102 78
100 79
99 79
98 79
96 80
96 81
94 81
93 82
93 84
92 84
91 86
90 87
89 89
89 90
89 92
88 93
87 95
87 96
86 98
86 99
85 100
84 102
83 103
83 105
83 106
83 108
82 109
82 111
81 112
82 114
83 114
85 115
86 115
88 117
89 118
89 119
91 121
92 121
94 121
95 121
97 120
98 119
100 119
101 118
103 117
104 117
106 117
107 116
109 115
110 115
112 115
113 114
114 113
116 112
117 112
119 112
120 112
122 112
122 113
122 115
121 116
119 117
118 118
116 120
115 121
113 122
113 123
111 124
110 125
109 125
107 126
106 127
104 128
103 128
101 129
100 129
98 129
97 130
95 131
94 132
92 133
91 133
89 134
88 134
86 135
85 135
84 135
82 136
81 136
79 137
78 137
76 137
75 138
73 137
72 138
71 139
70 140
68 141
67 140
65 141
64 141
62 141
61 141
60 141
58 141
57 141
55 139
54 138
52 136
52 135
50 133
50 132
49 130
48 129
47 127
46 126
46 124
45 123
44 121
44 120
44 119
44 118
45 117
47 116
48 116
49 114
50 113
51 112
52 111
54 109
55 108
56 106
57 105
59 104
60 104
61 103
62 102
63 101
64 99
65 99
66 97
67 96
68 94
69 93
70 91
71 90
71 88
72 87
74 87
75 86
77 85
77 84
78 83
79 81
80 80
81 78
82 78
82 76
83 75
85 73
85 72
87 72
88 71
90 69
91 69
91 67
92 67
93 65
