89 63
91 62
92 63
94 63
95 62
97 62
98 62
100 62
101 62
103 62
104 62
106 62
108 63
109 63
110 64
111 65
113 66
114 67
116 66
115 67
116 69
116 70
114 72
113 71
113 70
111 70
110 70
108 69
107 69
105 69
104 69
102 69
101 69
99 70
97 72
96 72
95 74
94 75
92 77
92 78
92 80
91 80
89 82
89 83
89 85
89 87
89 88
90 90
90 91
90 93
90 94
88 96
88 97
88 99
88 100
88 102
88 104
89 105
90 105
91 106
92 108
93 109
95 110
96 110
98 110
99 109
101 108
102 106
103 105
105 105
106 105
107 103
108 102
110 100
111 100
113 98
114 97
116 95
118 95
119 94
121 94
122 94
124 93
125 92
123 94
124 95
124 97
124 98
124 100
123 100
122 101
121 103
121 104
120 106
119 107
118 109
117 109
115 111
114 112
112 113
110 114
109 115
108 117
107 118
105 119
104 120
102 122
101 123
100 124
99 125
98 127
97 128
95 130
94 132
93 133
91 134
90 135
88 136
87 137
85 138
84 138
82 140
81 140
79 141
77 142
76 143
75 144
74 145
72 146
71 147
70 149
70 150
68 150
67 150
65 148
63 147
62 146
60 144
59 143
57 141
56 140
54 138
53 137
52 135
52 134
52 132
52 130
53 130
54 128
54 127
54 125
54 124
55 122
56 121
57 119
57 118
59 117
59 115
59 114
60 112
61 112
62 110
62 109
64 107
65 106
66 104
66 103
67 101
67 99
68 98
70 97
71 96
71 94
71 93
72 91
72 90
74 88
74 87
76 85
77 83
78 82
79 80
79 79
79 79
80 79
82 77
82 76
83 74
83 73
84 71
84 69
84 68
86 68
87 67
86 65
86 66
88 67
89 66
90 64
89 63
