119 87
120 86
122 87
123 88
124 89
124 90
125 92
124 93
124 94
122 95
121 94
120 94
119 94
117 94
116 94
115 94
113 94
112 95
111 96
110 96
108 98
108 99
108 100
107 102
106 103
106 104
106 105
105 107
105 108
104 109
104 111
104 112
104 113
104 114
104 116
104 117
104 118
105 120
105 121
104 122
105 123
105 125
105 126
106 127
107 129
108 130
109 129
108 130
109 132
110 133
111 134
113 134
114 134
115 134
116 134
118 134
119 133
120 133
122 131
123 131
124 130
125 129
127 128
128 128
129 127
131 127
132 127
133 127
134 127
136 127
137 128
138 129
139 131
138 132
138 133
138 134
136 135
135 135
134 136
132 137
131 138
130 138
129 139
127 140
126 141
125 141
123 142
122 142
121 142
120 143
118 144
118 145
117 145
115 146
114 147
113 148
112 148
110 149
109 149
108 150
107 152
106 152
105 153
104 153
102 154
101 154
100 155
99 156
97 157
96 158
95 158
93 159
92 159
91 159
90 159
88 158
87 158
86 158
84 157
83 157
82 157
81 156
79 156
78 155
77 155
75 154
74 154
73 153
72 153
70 151
69 151
68 150
66 149
67 148
67 147
68 146
69 144
70 143
71 142
72 140
73 139
73 138
74 138
76 136
77 136
78 135
78 133
78 132
78 131
78 130
78 128
79 128
80 127
81 126
82 125
82 124
83 123
85 122
86 121
86 120
86 118
87 118
88 117
89 116
90 114
91 113
91 112
92 111
93 110
93 109
94 108
95 106
95 105
96 104
94 102
94 101
94 100
94 99
94 97
95 96
95 95
95 93
96 92
97 91
98 90
100 90
101 90
102 90
104 90
105 90
106 90
107 89
109 89
110 88
111 88
113 87
114 87
115 87
116 87
118 87
