109 81
110 80
112 80
113 80
114 80
115 80
117 81
118 81
119 82
118 84
117 85
116 86
115 86
113 87
112 87
111 88
109 89
108 90
107 89
106 89
104 91
103 92
103 93
101 95
101 96
101 97
101 98
100 100
99 101
99 102
98 104
98 105
98 106
98 107
98 109
98 110
98 111
99 113
99 114
99 115
99 116
100 118
100 119
101 120
103 122
103 123
104 124
105 124
107 125
108 125
109 125
111 124
112 123
113 122
114 121
116 121
117 120
118 119
119 117
120 116
121 115
122 114
124 112
125 111
126 110
128 109
129 109
130 108
130 107
132 107
133 108
134 108
136 110
137 110
137 111
137 112
137 114
136 115
135 116
135 118
135 119
134 120
134 121
132 122
131 122
130 122
128 124
128 125
127 126
126 127
124 128
123 129
122 130
120 132
119 132
118 133
117 134
116 136
115 137
114 138
112 140
111 141
111 142
110 143
109 145
108 146
107 147
107 148
105 150
104 151
103 152
101 153
100 153
99 154
99 155
97 157
96 158
96 159
94 159
93 159
92 159
91 159
89 158
88 158
87 158
85 158
84 157
83 157
82 157
80 156
79 156
78 155
76 154
75 154
74 154
73 153
73 151
73 150
74 149
74 147
75 146
75 145
75 144
76 142
77 142
78 141
78 139
78 138
79 137
79 136
79 134
79 133
78 132
78 130
79 129
80 128
80 127
80 125
80 124
81 123
81 121
81 120
82 119
82 118
83 116
84 115
84 114
85 112
85 111
85 110
85 109
86 107
87 106
87 105
86 103
86 102
86 101
86 100
88 99
88 98
89 98
90 96
90 95
91 94
91 93
91 91
91 90
92 89
94 88
95 87
96 87
97 86
99 85
100 84
101 84
103 82
104 82
105 82
106 81
108 81
