94 76
95 75
97 75
98 75
99 76
101 77
102 77
103 77
105 76
106 76
107 76
109 76
110 76
111 76
112 76
114 76
115 76
116 77
118 77
119 77
120 78
120 78
121 79
121 80
122 82
122 83
122 84
120 86
119 86
118 86
116 86
115 85
115 84
113 83
112 82
111 82
109 82
108 82
107 82
106 83
104 83
103 83
102 84
103 86
102 87
102 88
101 90
100 90
99 91
98 93
97 94
96 95
96 97
96 98
95 99
95 101
95 102
94 103
94 105
95 106
95 107
96 109
96 110
97 111
98 111
98 113
99 114
100 115
102 116
103 117
104 118
106 117
107 117
108 116
110 115
111 114
111 113
113 112
114 111
115 110
117 109
118 108
119 107
121 106
122 106
123 105
125 106
126 107
127 108
128 109
128 111
127 112
126 113
124 113
123 114
122 115
121 117
121 118
120 119
119 121
118 121
117 122
115 123
114 124
113 124
111 125
110 126
109 126
107 128
106 128
105 129
103 131
102 132
101 132
100 133
98 134
97 135
96 135
94 137
93 138
92 138
90 139
89 140
88 140
86 140
85 140
84 141
82 142
81 142
80 143
78 144
77 145
76 146
75 148
74 149
73 150
72 152
71 152
70 151
69 151
67 150
66 149
65 148
63 147
62 146
61 145
59 143
58 142
57 141
57 139
57 138
58 137
59 135
59 134
60 133
61 131
61 130
62 129
63 127
64 126
65 125
66 123
66 122
67 121
67 120
68 118
69 118
70 117
71 115
71 114
72 113
73 111
74 110
74 109
75 107
76 106
76 105
78 104
79 103
79 102
80 100
81 99
82 98
83 96
84 96
85 95
85 93
85 92
86 91
86 90
86 88
87 87
87 86
89 84
90 83
91 82
92 80
92 79
92 78
93 77
