99 80
100 79
102 80
103 79
105 79
106 79
107 79
109 79
110 79
112 79
113 80
115 80
116 81
117 81
119 81
120 81
122 82
123 83
124 83
126 84
127 84
128 86
129 87
130 89
130 90
130 91
129 92
128 93
126 92
125 92
124 92
123 90
122 89
120 88
119 88
117 89
117 90
117 91
115 89
114 89
112 89
111 89
110 90
108 92
109 91
107 90
106 90
104 89
103 90
103 91
101 92
100 93
98 94
97 95
96 96
94 98
95 99
94 101
94 102
93 103
92 105
92 106
92 108
92 109
90 111
90 112
89 113
90 115
90 116
91 118
91 119
92 120
94 121
94 122
95 124
96 125
98 126
99 126
100 126
102 126
103 126
105 125
106 124
107 123
109 123
110 122
112 121
113 121
115 120
116 119
117 119
119 119
120 118
122 117
123 118
124 117
126 117
126 118
128 120
127 121
127 123
126 124
125 124
123 125
122 126
120 127
119 128
118 128
116 130
115 130
113 132
112 132
111 133
109 133
108 133
106 133
105 133
103 134
102 135
101 136
99 137
98 137
96 138
95 139
94 140
92 141
92 142
90 143
89 143
87 145
86 145
85 145
83 146
82 147
80 149
79 149
78 149
76 150
75 150
73 150
72 151
72 153
71 152
70 151
68 150
67 150
65 148
64 148
63 147
61 145
60 144
58 142
57 141
56 140
54 138
53 137
52 135
52 134
53 132
54 131
55 130
55 128
56 127
57 125
58 124
59 123
61 121
62 120
64 118
65 117
66 115
66 114
67 113
68 111
69 111
70 109
71 108
72 107
73 106
74 105
75 103
76 102
78 101
79 100
80 99
82 98
83 97
85 95
86 94
87 93
88 91
88 90
90 89
91 88
92 86
93 86
94 85
96 84
97 83
99 81
