96 73
98 72
99 72
100 73
100 74
99 76
100 77
102 77
101 77
99 78
98 79
98 81
98 82
98 82
97 81
95 81
94 80
92 82
91 83
89 85
89 87
89 88
90 90
91 89
91 91
91 92
90 90
89 91
89 93
90 94
91 95
92 96
90 98
90 99
89 101
89 102
90 104
91 105
92 107
92 108
94 110
96 112
97 113
98 115
99 116
101 118
102 118
104 118
105 119
107 120
108 120
110 121
111 121
113 121
114 120
116 118
116 117
117 115
117 114
117 112
118 110
118 109
118 107
117 106
117 104
117 103
116 101
116 100
118 100
118 99
118 97
119 96
119 94
120 93
122 91
123 91
125 91
125 92
127 94
128 95
127 97
128 99
128 100
129 102
130 103
131 105
132 106
132 108
132 109
131 111
131 112
130 114
129 115
128 117
129 118
128 120
128 121
128 123
128 124
128 126
128 128
128 129
128 131
128 132
126 134
126 135
125 137
125 138
125 140
125 141
125 143
125 144
127 146
127 147
125 149
125 150
125 152
125 153
123 155
122 155
120 156
118 157
117 157
115 158
114 158
112 158
111 158
109 159
108 159
106 159
105 159
103 159
102 159
100 160
99 159
97 159
96 159
94 159
93 159
92 158
91 156
91 155
91 153
91 152
91 150
90 149
90 147
90 146
89 144
88 143
88 141
88 140
88 138
88 137
88 135
87 134
85 132
85 131
84 129
84 128
84 126
83 124
83 123
82 121
82 120
82 118
81 117
81 115
81 114
80 112
80 111
80 109
80 108
80 106
80 105
79 103
79 102
77 100
77 99
76 97
76 95
76 94
76 92
75 91
76 89
76 88
78 87
79 86
80 84
80 83
82 81
83 80
85 78
86 78
87 76
88 76
90 75
91 75
93 74
94 74
