92 84
93 83
94 84
96 83
97 83
98 83
99 83
100 83
101 83
103 83
104 84
105 84
106 84
107 85
109 86
110 86
111 87
112 87
113 87
113 89
112 90
111 91
110 91
109 91
108 92
106 91
105 91
104 90
103 90
102 90
100 92
101 93
102 94
101 93
100 92
99 93
97 93
96 94
96 95
96 96
95 97
95 99
94 100
93 101
93 102
93 103
92 105
91 106
91 107
92 108
92 109
91 109
90 111
90 112
90 113
91 114
91 115
91 117
92 118
93 119
94 120
95 121
96 121
98 121
99 121
100 121
101 120
102 119
104 117
105 116
106 116
107 116
108 115
110 114
111 114
112 114
113 114
114 114
115 113
117 112
117 111
117 112
118 113
118 114
119 116
119 117
119 118
119 119
119 120
120 121
120 121
119 120
118 120
117 121
116 121
114 122
113 122
112 122
111 123
110 124
108 126
107 127
106 127
105 128
104 129
103 129
101 130
100 131
99 132
98 132
97 133
95 134
94 134
93 135
92 135
91 136
90 136
88 137
87 138
86 139
85 140
84 141
82 141
81 142
80 142
79 142
78 142
77 142
75 142
74 143
73 144
72 144
71 145
69 146
68 146
67 147
66 147
65 148
63 147
62 146
61 145
60 144
59 143
58 142
56 140
55 139
54 138
53 137
52 136
51 134
50 133
50 132
51 132
52 132
53 132
55 131
56 130
57 130
58 129
58 128
58 126
59 125
59 124
60 123
61 122
63 120
63 119
64 118
65 118
66 117
66 116
68 115
68 114
69 113
69 112
70 112
72 110
73 109
73 108
74 107
74 106
74 105
76 103
77 102
77 101
78 100
78 99
79 97
80 96
81 95
81 94
82 93
83 91
84 90
85 89
86 88
87 87
88 86
90 84
91 84
