96 77
97 76
99 76
100 76
102 76
103 76
105 76
106 76
107 76
109 77
110 78
112 79
113 80
113 81
111 82
110 83
108 84
107 84
105 84
104 84
103 84
101 84
100 85
98 85
97 85
95 86
94 87
93 87
92 89
92 90
91 92
91 93
90 94
88 96
87 97
86 99
86 100
86 102
87 103
87 104
87 106
88 106
89 107
89 108
89 109
89 111
90 111
88 112
89 113
89 115
88 116
89 117
90 119
90 120
91 122
92 123
94 124
95 125
96 125
98 124
99 124
101 123
102 122
103 121
105 120
106 119
108 117
108 116
109 114
110 113
111 112
113 111
113 110
115 108
116 107
118 107
119 106
120 105
122 105
123 105
125 105
126 104
125 105
126 107
126 108
126 110
125 111
126 113
126 114
125 115
126 117
125 117
123 116
122 117
121 118
120 120
120 121
119 123
119 124
118 126
117 127
116 127
114 128
113 129
111 131
110 132
108 134
108 135
107 136
105 138
105 139
103 141
102 142
101 143
100 145
100 146
98 148
98 149
96 151
95 152
94 153
93 155
92 156
91 158
90 158
88 158
87 158
86 158
84 157
83 157
81 156
80 156
79 156
77 155
76 154
74 154
73 153
71 152
70 151
69 151
67 150
66 149
64 148
63 147
62 146
64 144
65 143
64 141
64 140
65 138
66 137
66 136
67 134
67 133
67 131
67 130
67 128
67 127
67 126
67 124
68 123
68 121
69 120
69 119
70 117
70 116
71 114
72 114
73 112
74 112
75 111
75 109
75 108
76 106
76 105
76 103
77 102
77 101
77 99
77 98
77 96
77 95
77 94
79 93
79 92
79 90
79 89
80 87
80 86
81 85
83 84
84 83
85 81
86 80
87 80
89 79
90 78
92 78
93 78
95 77
