96 71
97 70
99 70
100 70
102 72
102 73
100 75
99 76
97 76
96 76
95 77
93 77
92 77
91 79
91 80
89 81
90 82
90 83
88 84
88 85
88 83
87 82
86 84
86 85
85 87
85 88
84 89
84 91
84 92
83 94
83 95
82 97
83 98
83 100
84 101
85 102
86 104
86 105
86 107
86 108
85 110
86 111
86 112
88 114
89 115
91 116
92 116
94 118
95 119
97 119
98 119
99 119
101 118
102 117
104 115
105 114
106 112
106 111
107 109
107 108
108 107
109 105
110 104
112 102
112 101
113 99
113 98
114 97
115 95
116 94
118 94
119 94
121 94
122 95
122 97
123 98
123 99
121 100
121 101
120 103
120 104
120 106
120 107
120 109
119 110
119 111
118 113
117 114
116 116
116 117
115 119
114 120
114 121
113 123
112 124
111 126
110 127
110 129
109 130
109 132
109 133
108 134
108 136
108 137
107 139
107 140
106 142
105 143
104 145
104 146
103 147
103 149
102 150
103 152
102 152
100 152
99 153
99 154
97 156
97 157
95 159
94 159
92 159
91 159
89 158
88 158
87 158
85 158
84 157
82 157
81 156
79 156
78 155
76 154
75 154
74 154
73 152
73 151
72 149
72 148
73 146
73 145
73 144
73 142
73 141
73 139
73 138
74 136
73 135
73 133
72 132
72 131
72 129
72 128
71 126
72 126
73 124
74 123
73 121
73 120
72 119
72 117
72 116
71 114
71 113
71 111
71 110
70 109
71 107
71 106
72 104
72 103
73 101
73 100
73 98
73 97
73 96
74 94
74 93
74 91
74 90
74 88
74 87
75 86
76 85
76 84
77 82
77 81
79 79
80 78
82 77
83 76
84 75
86 75
87 74
89 74
90 74
92 73
93 72
95 71
