127 53
128 52
129 52
130 53
131 55
131 56
131 58
131 59
131 61
130 63
130 64
130 66
129 68
129 69
127 71
127 73
127 74
125 76
125 78
125 79
125 81
124 82
124 84
124 86
124 87
123 89
123 91
123 92
122 94
121 96
121 97
121 99
121 100
120 102
121 104
121 105
121 107
120 109
120 110
119 112
119 114
119 115
118 117
118 119
118 120
118 122
117 123
117 125
118 127
118 128
118 130
119 132
118 133
119 135
120 137
120 138
120 140
121 141
120 143
120 145
121 146
122 148
122 150
122 151
124 152
124 154
123 155
121 156
119 156
118 157
116 157
115 158
113 158
111 158
110 159
108 159
106 159
105 159
103 159
101 159
100 160
98 159
97 159
95 159
93 159
92 159
90 159
90 157
90 156
90 154
89 152
89 151
88 149
87 147
87 146
87 144
87 143
87 141
87 139
87 138
87 136
86 134
86 133
87 131
86 129
85 128
85 126
84 125
84 123
84 121
84 120
84 118
84 116
84 115
82 113
81 111
80 110
78 108
76 106
75 105
73 103
72 103
71 102
69 101
68 100
66 98
65 96
64 95
64 93
64 91
63 90
63 88
62 87
61 85
59 83
58 83
56 81
55 79
54 79
53 77
53 75
53 74
55 74
57 73
58 73
60 73
61 74
63 75
65 76
66 76
68 78
69 80
70 81
71 83
73 85
74 86
76 85
77 84
78 82
80 80
80 79
81 77
82 75
81 74
83 73
84 71
84 70
86 68
88 67
89 66
91 65
92 65
94 66
95 68
96 69
98 69
100 71
101 71
103 72
105 72
106 73
108 73
109 73
111 74
113 74
114 74
116 74
118 73
117 72
119 70
119 68
120 68
122 66
123 64
124 63
124 61
124 60
124 58
124 56
125 55
