126 50
127 49
129 51
129 52
130 54
130 56
131 58
131 59
131 61
131 63
131 65
129 67
129 68
128 70
129 72
129 74
129 75
129 77
127 79
126 81
126 83
126 84
126 86
126 88
126 90
125 92
125 93
125 95
124 97
125 99
126 100
126 102
126 104
124 106
124 108
123 109
123 111
123 113
123 115
123 116
123 118
123 120
122 122
123 124
123 125
123 127
123 129
123 131
123 132
124 134
124 136
124 138
125 140
125 141
125 143
125 145
126 147
127 148
128 150
129 152
127 153
125 154
124 154
122 155
120 156
118 157
117 157
115 158
113 158
111 158
109 159
108 159
106 159
104 159
102 159
100 160
99 159
97 159
95 159
94 158
94 157
94 155
92 153
92 151
92 149
91 148
91 146
90 144
90 142
89 141
88 139
87 137
87 135
85 133
85 132
85 130
83 128
82 126
81 125
79 123
77 121
76 119
74 117
73 117
71 115
70 113
68 111
67 110
65 109
64 107
63 105
63 103
62 102
62 100
62 98
61 96
61 95
60 93
60 91
59 89
59 87
58 86
56 85
55 83
53 81
51 79
50 78
49 77
49 75
51 73
52 73
54 73
56 74
58 75
60 76
61 76
63 77
65 78
66 80
67 81
67 83
68 85
68 87
68 89
68 90
70 92
72 92
74 93
75 93
77 93
79 92
81 91
81 89
81 88
82 86
81 84
81 82
80 81
80 79
80 77
81 75
83 73
84 73
86 72
88 72
90 73
91 73
92 75
94 77
96 78
98 78
99 79
101 80
103 80
105 79
107 79
108 79
110 79
112 80
113 82
114 83
116 83
118 82
118 80
120 78
120 77
119 75
119 73
121 71
121 70
121 68
121 66
121 64
121 62
121 61
121 59
123 57
123 55
123 54
124 52
