126 49
127 48
128 48
130 50
131 52
131 53
131 55
131 57
130 58
129 60
129 62
129 63
128 65
127 67
126 68
125 70
124 72
124 73
123 75
122 77
122 78
122 80
122 82
122 83
122 85
121 87
121 88
121 90
121 92
121 93
121 95
121 97
121 98
120 100
119 102
119 103
119 105
118 107
117 108
117 110
116 112
116 113
116 115
116 117
115 118
115 120
115 122
115 123
115 125
115 127
115 129
115 130
115 132
116 134
116 135
117 137
117 139
117 140
117 142
118 144
118 145
119 147
119 149
119 150
120 152
120 154
120 155
119 156
117 157
116 157
114 158
112 158
111 158
109 159
107 159
106 159
104 159
102 159
101 159
99 159
97 159
96 159
94 159
92 159
91 159
89 158
87 158
86 157
86 155
86 153
86 152
85 150
84 148
84 147
84 145
84 143
84 142
84 140
84 138
84 137
84 135
84 133
84 132
84 130
83 128
82 127
82 125
82 123
82 122
82 120
82 118
82 117
82 115
81 113
81 112
81 110
79 108
79 107
78 105
76 104
75 104
73 102
71 101
70 100
70 98
68 96
68 95
67 93
66 91
65 90
63 89
62 87
62 86
61 84
61 82
61 81
60 79
60 77
59 76
57 74
56 72
55 71
53 69
55 67
56 67
58 66
60 67
61 67
63 66
65 68
67 69
68 70
69 72
70 74
71 75
72 77
74 78
75 78
77 78
79 78
80 77
82 75
83 73
83 72
83 70
83 68
84 67
85 65
85 63
86 62
88 60
90 60
91 61
93 61
95 62
96 63
98 64
99 66
100 66
102 68
104 68
105 69
107 70
109 69
110 69
112 68
114 67
114 66
116 65
118 65
119 64
117 62
119 61
120 60
121 58
122 56
123 56
124 54
124 52
125 51
