138 85
139 84
141 84
142 84
144 86
144 87
143 88
143 90
143 91
142 93
142 94
142 95
142 97
141 98
141 99
139 101
138 102
136 104
136 105
135 106
134 108
134 109
132 111
132 112
132 113
131 115
131 116
132 118
132 119
131 119
131 121
130 121
129 122
129 124
130 125
129 127
128 128
128 129
127 131
127 132
127 134
127 135
127 136
126 138
126 139
124 141
124 142
124 143
123 145
122 146
122 148
122 149
122 150
121 152
121 153
121 154
120 156
119 156
117 157
116 157
115 158
113 158
112 158
110 159
109 159
108 159
106 159
105 159
103 159
102 159
101 159
99 159
98 159
97 159
95 159
94 159
92 159
91 159
90 159
88 158
87 158
87 156
88 155
88 154
88 152
88 151
88 149
87 148
87 147
86 145
86 144
86 143
86 141
86 140
85 138
84 137
84 136
83 134
83 133
82 131
81 130
80 129
78 127
77 126
76 124
75 123
75 122
74 120
74 119
73 117
73 116
73 115
73 113
72 112
71 111
71 109
71 108
71 106
71 105
71 104
70 102
70 101
69 99
68 98
68 97
66 95
65 95
64 93
64 92
65 91
67 90
68 90
69 90
71 91
72 91
74 92
75 92
76 93
77 94
78 95
79 97
79 98
79 99
79 101
79 102
80 104
81 105
82 106
84 106
85 106
87 105
88 104
89 103
91 102
92 101
93 100
93 98
93 97
93 95
94 94
94 93
95 91
96 91
98 90
99 90
100 90
102 90
103 90
105 91
106 91
106 92
108 94
109 95
110 96
112 98
113 99
115 100
116 101
117 102
119 102
120 103
122 105
123 105
124 105
126 105
127 104
129 103
130 102
130 101
131 100
132 99
133 98
133 96
133 95
134 93
134 92
135 91
134 89
135 88
137 86
