117 68
118 67
119 67
121 67
122 68
123 69
123 70
123 72
123 73
122 75
122 76
122 78
122 79
122 81
122 82
121 84
120 85
120 87
119 88
117 90
116 91
115 93
115 94
115 96
115 97
115 99
115 100
115 102
114 103
114 105
114 106
113 108
113 109
112 111
113 112
112 114
112 115
113 117
112 118
111 120
111 121
111 123
110 123
109 125
109 126
108 128
108 129
107 131
107 132
107 134
107 135
106 137
107 138
107 140
106 141
106 143
107 144
108 146
109 147
109 149
109 150
110 152
111 152
109 153
110 154
110 156
110 157
110 159
109 159
107 159
106 159
104 159
103 159
101 159
100 160
98 159
97 159
95 159
94 159
92 159
91 159
89 158
88 158
86 158
85 158
83 157
82 157
80 156
79 156
77 155
76 154
76 152
77 151
76 149
76 148
75 146
75 145
75 143
75 142
75 140
75 138
75 137
74 135
74 134
74 132
74 131
73 129
73 128
72 126
72 125
71 123
70 122
69 120
68 119
66 117
66 116
65 114
64 113
62 112
61 111
60 109
59 108
58 106
57 105
57 103
56 102
57 100
57 99
58 97
58 96
58 94
57 93
56 91
56 90
54 88
53 87
52 85
51 85
49 83
48 82
47 81
48 80
50 79
51 79
53 80
54 79
56 80
57 80
59 81
60 81
61 83
62 84
63 86
63 87
65 89
66 90
68 91
69 91
71 91
72 91
74 89
74 88
75 86
76 85
77 83
77 82
77 80
78 79
80 77
81 76
83 75
84 75
86 74
87 74
89 75
90 75
91 77
91 78
93 80
94 81
96 82
96 83
98 84
99 84
101 84
102 84
104 84
105 83
107 83
108 84
110 82
111 81
112 79
112 78
114 77
114 76
115 74
115 73
115 71
115 70
