70 57
72 56
73 57
75 59
76 60
77 61
78 62
79 64
80 65
81 67
82 68
81 70
81 71
81 73
81 74
81 76
81 77
80 79
80 80
82 82
83 83
85 84
86 83
88 81
88 80
90 80
91 80
93 80
94 80
96 79
97 78
99 77
100 77
102 78
104 79
105 79
107 80
107 81
109 82
109 83
111 84
111 85
112 87
112 88
113 90
113 91
113 93
113 94
114 96
114 97
116 98
117 98
119 99
120 99
122 98
123 98
125 96
126 95
128 94
129 94
131 93
132 92
134 90
135 89
137 88
138 89
140 90
142 92
142 93
141 94
140 95
139 97
138 98
136 98
135 99
133 100
132 101
130 102
129 102
127 104
126 104
124 105
123 105
121 106
120 107
119 106
119 105
117 104
116 104
114 106
113 107
111 109
110 110
110 112
110 113
110 115
109 116
109 118
108 119
107 121
106 123
106 124
104 126
103 127
103 129
102 130
100 132
100 133
98 135
97 135
95 137
94 138
93 140
92 141
91 143
91 144
90 146
90 147
90 149
89 150
89 152
89 153
87 155
87 156
87 158
86 158
84 157
83 157
81 156
80 156
78 155
77 155
75 154
74 154
72 153
70 151
69 151
67 150
66 149
64 148
63 147
61 145
60 144
60 142
61 141
62 139
62 138
62 136
62 135
62 133
62 132
64 131
65 130
66 128
67 127
68 125
68 124
68 122
68 121
68 119
68 118
68 116
68 115
69 113
70 112
70 110
70 109
70 107
70 105
70 104
69 102
69 101
69 99
68 98
68 96
68 95
68 93
68 92
67 90
67 89
67 87
67 86
68 84
68 83
68 81
68 80
69 78
69 77
69 75
70 74
71 72
71 71
71 69
71 68
71 66
71 65
71 63
70 62
69 60
70 59
