54 81
56 81
57 81
59 82
60 82
62 84
63 85
65 87
66 87
67 89
69 91
69 92
70 94
70 95
70 97
70 98
69 100
70 102
71 102
72 104
73 104
75 104
76 103
77 101
77 100
78 98
80 97
81 97
83 95
84 94
85 95
86 96
88 95
88 94
89 93
91 93
92 93
94 92
95 92
97 92
98 92
100 93
101 95
102 96
103 98
104 99
106 99
107 99
107 100
107 101
109 102
110 104
111 105
113 106
114 106
116 106
117 105
117 103
117 102
119 101
121 99
121 98
123 97
123 96
124 94
125 94
127 92
129 90
130 89
132 88
132 87
133 85
134 84
136 83
137 83
139 83
138 85
138 86
139 88
139 89
137 90
137 91
137 93
136 94
136 96
134 97
134 98
132 99
131 100
130 102
129 103
127 105
125 107
124 108
122 109
121 109
119 109
118 109
117 111
117 112
116 114
117 116
117 117
117 119
117 120
117 122
117 123
116 125
116 126
116 128
115 130
115 131
115 133
115 134
115 136
114 137
113 139
113 141
112 142
111 144
111 145
109 147
109 148
108 150
108 151
108 153
108 155
107 156
107 158
107 159
105 159
104 159
102 159
101 159
99 159
97 159
96 159
94 159
93 159
91 159
90 159
88 158
86 158
85 158
83 157
82 157
80 156
79 156
77 155
76 154
74 154
75 152
75 151
76 149
76 148
76 146
76 145
77 143
76 142
74 140
74 138
73 137
72 135
72 134
71 132
71 131
69 130
68 128
67 127
66 125
65 124
63 123
63 122
62 120
62 119
61 117
59 115
59 114
59 112
59 111
60 109
60 108
60 106
60 105
61 103
61 101
60 100
60 98
59 97
58 95
58 94
56 93
56 91
56 90
55 88
54 87
53 85
52 85
52 83
52 82
