136 65
137 65
138 65
140 66
140 68
140 69
140 71
140 72
139 74
138 76
138 77
137 79
136 81
136 82
134 84
133 86
133 87
131 89
130 91
129 92
128 94
128 95
127 97
127 99
126 100
126 102
127 104
126 105
125 107
124 109
123 110
121 112
122 113
121 115
121 117
120 118
121 120
120 122
120 123
119 125
118 127
118 128
117 130
116 132
116 133
115 135
115 136
115 138
115 140
115 141
114 143
114 145
114 146
114 148
114 150
114 151
115 153
115 154
116 156
115 158
114 158
112 158
110 159
109 159
107 159
105 159
104 159
102 159
100 160
99 159
97 159
96 159
94 159
92 159
91 159
89 158
87 158
86 158
84 157
82 157
81 156
80 155
79 154
80 152
81 150
82 149
82 147
82 145
82 144
82 142
81 140
81 139
81 137
82 135
82 134
82 132
82 131
81 129
81 127
80 126
79 124
79 122
79 121
78 119
77 117
77 116
76 114
75 113
75 111
73 109
73 108
71 106
70 104
69 103
68 101
68 99
68 98
67 96
67 94
67 93
68 91
68 90
69 88
68 86
68 85
67 83
67 81
67 80
66 78
65 76
65 75
64 73
64 72
64 70
64 68
65 67
67 67
69 69
70 69
71 71
73 73
74 73
75 75
76 77
76 78
76 80
76 81
76 83
77 85
77 86
79 88
81 89
82 89
84 88
86 88
87 87
89 85
90 84
90 82
90 80
90 79
91 78
92 76
93 75
94 73
95 72
96 72
98 72
100 72
101 73
103 74
103 75
103 77
104 79
105 79
107 80
109 82
110 83
111 84
113 85
114 86
116 87
117 86
119 86
121 87
122 88
123 86
125 84
125 83
127 81
129 79
129 78
130 76
130 74
130 73
132 72
132 71
134 70
135 68
135 67
