63 59
65 59
66 60
68 60
69 62
70 63
72 64
73 66
73 68
74 69
74 71
75 73
75 74
76 76
77 78
78 79
79 80
80 82
82 82
83 81
84 79
86 77
86 76
88 75
90 73
91 72
93 71
94 69
94 68
96 67
98 66
100 67
101 68
101 68
102 70
103 70
103 70
104 72
105 73
107 74
109 75
110 76
111 78
113 78
115 79
116 80
118 79
120 80
121 79
121 77
121 75
122 74
124 72
125 70
126 69
127 68
129 66
130 64
130 63
131 61
132 59
133 58
135 58
136 60
137 61
137 63
136 65
136 67
136 68
135 70
135 72
135 73
135 75
134 77
133 78
132 80
130 82
128 84
127 85
125 87
124 88
123 89
123 91
124 93
124 94
124 96
123 98
123 99
123 101
123 103
122 105
122 106
122 108
121 110
121 111
121 113
121 115
121 116
120 118
120 120
119 122
119 123
119 125
119 127
118 128
117 130
115 132
115 133
115 135
114 137
114 138
114 140
114 142
114 144
114 145
114 147
114 149
114 150
115 152
117 154
116 155
116 157
114 158
113 158
111 158
109 159
107 159
106 159
104 159
102 159
101 159
99 159
97 159
96 159
94 159
92 159
90 159
89 158
87 158
85 158
84 157
82 157
80 155
80 154
80 152
81 150
82 149
83 147
83 145
83 143
83 142
82 140
83 138
82 137
83 135
83 133
83 132
85 130
84 128
85 126
85 125
84 123
83 121
83 120
83 118
82 116
81 115
80 113
79 111
78 110
76 108
75 106
73 105
73 104
72 102
70 100
69 99
69 97
68 95
67 94
67 92
66 90
67 89
66 87
65 85
64 84
64 83
66 81
66 79
67 78
66 76
66 74
66 73
66 71
66 69
65 67
65 66
63 64
61 62
61 61
