61 78
61 77
63 77
64 77
66 77
67 77
69 78
70 78
72 79
73 80
75 81
76 82
76 84
77 85
77 87
78 88
79 90
79 91
80 93
80 94
80 96
81 97
82 98
84 99
84 100
86 100
87 100
89 99
90 99
91 97
92 97
94 96
95 96
97 95
98 94
100 95
101 95
103 93
103 92
105 91
106 91
107 91
109 92
110 93
111 95
112 95
114 97
115 98
115 100
115 101
116 103
116 104
118 106
119 107
120 109
120 110
121 112
122 112
124 113
125 113
126 115
127 116
128 115
130 114
131 113
133 112
134 112
136 111
137 111
139 109
140 108
142 108
143 107
145 106
146 105
148 104
149 103
151 104
152 104
153 106
153 107
153 108
152 110
151 111
149 111
148 111
146 112
145 113
144 115
143 116
141 117
141 118
139 118
138 119
136 120
135 120
133 121
132 121
130 122
129 123
128 125
127 126
127 127
125 127
124 127
122 128
121 129
120 131
119 132
119 134
118 135
117 137
116 138
115 140
114 141
113 143
112 144
111 146
110 147
109 149
109 150
109 151
109 153
109 154
108 156
108 157
108 159
107 159
105 159
104 159
102 159
101 159
99 159
98 159
96 159
95 159
93 159
92 159
90 159
89 158
87 158
86 158
85 158
83 157
82 157
80 156
79 156
77 155
76 154
76 152
77 151
77 149
77 148
76 146
76 145
76 143
76 142
77 140
77 139
77 137
77 136
77 135
77 133
76 132
75 130
75 129
74 127
74 126
74 124
74 123
74 121
74 120
73 118
73 117
71 115
71 114
70 112
70 111
70 109
70 108
69 106
69 105
69 104
68 102
69 101
69 99
68 98
68 96
68 95
68 93
68 92
69 90
69 89
69 87
68 86
67 84
66 83
64 82
63 81
61 79
