124 68
126 67
127 68
127 70
128 71
128 73
128 74
128 76
128 77
128 79
128 80
128 82
128 83
126 85
126 87
127 88
126 90
126 91
126 93
125 94
125 96
125 97
124 99
125 100
124 102
125 104
125 105
126 107
126 108
124 109
124 110
123 112
124 113
125 115
125 116
125 118
124 119
124 121
123 123
124 124
123 126
122 127
122 129
122 130
121 132
121 133
121 135
121 136
120 138
120 139
119 141
120 143
120 144
120 146
120 147
121 149
121 150
121 152
122 153
121 155
121 156
119 156
118 157
116 157
114 158
113 158
111 158
110 159
108 159
107 159
105 159
104 159
102 159
101 159
99 159
97 159
96 159
94 159
93 159
91 159
90 159
90 157
89 156
89 154
88 153
88 151
87 150
86 148
86 146
85 145
84 143
84 142
83 140
83 139
82 137
82 136
80 135
80 134
79 132
79 131
77 130
75 128
75 127
73 125
73 124
71 123
70 123
68 122
67 121
65 120
64 119
63 117
63 116
63 114
63 112
63 111
63 109
63 108
63 106
63 105
62 103
62 102
60 101
59 100
59 98
58 96
58 95
57 93
57 92
55 90
54 89
56 89
57 89
59 88
60 89
62 89
63 89
65 91
67 93
67 94
68 96
68 97
70 99
70 100
71 102
72 103
74 105
75 105
77 104
78 104
80 102
80 100
81 100
83 99
83 98
83 96
83 95
82 93
82 92
82 90
82 89
83 87
84 87
86 86
88 85
89 86
91 86
92 86
94 87
95 87
97 88
98 89
100 90
101 90
103 91
104 93
105 93
107 94
108 94
110 94
111 93
113 93
114 94
115 92
116 91
118 91
118 90
117 88
117 86
118 85
120 83
120 82
120 80
120 79
121 77
121 76
122 74
122 73
122 71
123 70
