75 75
76 74
78 74
79 74
80 75
81 77
82 78
83 78
83 80
83 81
83 82
83 83
85 85
84 86
83 87
83 89
83 90
82 91
81 93
81 94
80 95
80 97
80 98
80 99
82 101
83 101
84 101
86 102
87 101
88 101
89 100
91 101
92 101
93 101
95 100
96 100
97 99
99 99
100 99
101 99
103 100
104 100
105 100
107 102
107 103
107 104
108 105
107 107
107 108
107 109
107 111
108 112
109 112
110 114
110 115
111 116
112 118
113 119
114 119
115 121
116 122
117 123
119 122
120 121
121 121
122 121
124 120
125 120
126 120
128 119
129 118
130 118
132 117
133 116
134 116
136 114
137 114
138 114
139 115
140 116
141 117
141 119
140 120
139 121
138 121
136 123
135 123
134 124
132 125
131 125
130 126
129 127
128 127
127 127
125 128
124 128
123 128
121 129
120 129
119 130
117 131
116 132
115 132
114 132
112 134
111 135
110 136
109 138
108 139
107 140
105 141
104 142
103 143
101 145
100 146
99 146
97 148
97 149
96 149
95 150
93 152
92 153
91 153
89 155
88 156
88 157
87 158
86 158
85 158
83 157
82 157
81 156
79 156
78 155
77 155
75 154
74 154
73 153
72 153
70 151
69 151
68 150
66 149
65 148
64 148
62 146
61 145
60 144
60 142
61 141
61 140
62 138
62 137
62 136
63 134
63 133
63 132
64 131
65 129
65 128
66 127
67 125
67 124
66 123
67 121
67 120
67 119
67 118
68 117
68 116
67 114
66 113
66 112
66 111
65 109
65 108
65 107
65 105
65 104
66 103
67 101
67 100
68 99
69 97
70 96
71 95
72 93
73 92
73 91
74 89
75 88
75 87
75 86
76 84
76 83
76 82
75 80
74 79
73 78
74 76
