139 74
141 73
142 73
144 74
144 75
144 77
144 78
144 80
144 81
143 83
142 84
142 86
142 88
142 89
141 91
142 92
141 94
140 94
138 94
137 95
136 97
135 98
133 100
132 102
132 103
131 105
131 106
130 108
131 109
131 111
131 112
130 114
130 115
130 117
129 119
129 120
129 122
129 123
129 125
129 126
129 128
129 129
129 131
129 132
129 134
129 136
129 137
128 139
127 140
126 142
126 143
125 145
125 146
125 148
125 149
125 151
125 153
125 154
123 155
122 155
120 156
119 156
117 157
116 157
114 158
113 158
111 158
109 159
108 159
106 159
105 159
103 159
102 159
100 160
99 159
97 159
96 159
94 159
92 159
91 159
92 157
92 156
92 154
92 153
92 151
92 150
91 148
91 147
91 145
89 143
89 142
88 140
87 139
85 137
85 136
83 135
83 134
81 132
81 131
79 129
77 127
77 126
75 124
74 123
72 121
71 120
70 119
70 118
69 116
68 115
68 113
68 112
67 110
66 108
66 107
66 105
66 104
65 102
64 101
63 99
62 98
60 97
59 96
57 94
55 93
54 93
52 92
52 91
51 89
51 88
53 87
54 87
56 88
57 88
59 88
61 88
62 87
64 87
65 88
67 89
67 90
69 91
70 92
72 94
72 95
73 97
75 99
76 99
77 101
78 102
80 103
81 102
83 101
84 101
85 99
86 99
88 98
90 96
90 95
90 93
91 92
91 90
92 90
94 89
95 89
97 89
98 89
100 88
102 89
103 89
105 90
106 91
108 92
109 93
111 94
112 95
113 97
114 97
116 98
118 97
119 96
121 95
121 96
123 97
124 96
126 95
126 94
127 92
127 91
129 90
131 89
132 88
132 86
133 85
133 83
134 82
135 80
136 79
137 77
138 76
