132 64
134 63
135 64
137 66
138 67
137 69
137 70
137 72
137 73
135 75
135 76
134 78
133 79
132 81
132 82
131 84
130 85
128 87
128 88
128 90
127 92
127 93
126 95
126 96
126 98
125 99
124 101
124 102
123 104
123 105
122 107
122 108
121 110
121 111
120 113
120 114
119 116
118 117
117 119
117 120
117 122
117 124
116 125
116 127
116 128
115 130
115 131
115 133
115 134
115 136
115 137
114 139
114 140
114 142
114 143
115 145
116 146
116 148
117 149
116 151
116 153
116 154
116 156
116 157
114 158
113 158
111 158
110 159
108 159
107 159
105 159
104 159
102 159
101 159
99 159
98 159
96 159
95 159
93 159
92 159
90 159
88 158
87 158
85 158
84 157
82 157
81 156
81 154
82 153
82 151
82 150
82 148
82 147
82 145
82 144
83 142
83 141
83 139
83 138
83 136
83 134
83 133
83 131
83 130
83 128
82 127
82 125
82 124
82 122
82 121
83 119
83 118
83 116
83 115
82 113
82 112
81 110
80 109
79 107
79 106
78 104
76 103
76 102
75 100
74 100
73 98
72 97
72 95
71 94
72 92
72 91
72 89
72 88
71 86
70 85
71 83
70 82
70 80
71 79
69 77
67 75
66 74
64 73
64 72
64 70
64 69
66 68
67 68
69 68
70 68
72 69
73 69
75 70
75 71
76 73
77 74
79 75
79 76
81 78
81 79
83 80
85 81
86 80
87 78
88 77
89 75
90 74
92 73
92 72
93 70
94 69
96 68
97 68
99 67
100 67
102 67
103 68
105 69
106 70
108 72
110 74
111 75
113 76
114 77
116 77
117 77
119 77
120 78
122 78
123 77
125 77
125 76
126 74
126 73
126 71
126 70
127 68
128 68
130 67
130 66
