138 62
140 61
141 61
142 63
142 64
141 66
141 67
141 69
141 70
141 72
141 74
141 75
141 77
142 78
142 80
141 81
141 83
141 84
140 86
138 88
138 89
137 91
137 92
137 94
136 95
136 97
136 98
136 100
135 102
135 103
135 105
135 106
134 108
135 109
135 111
135 112
135 114
135 116
134 117
134 119
134 120
133 122
133 123
133 125
132 126
131 128
131 130
131 131
130 133
130 134
131 136
131 137
131 139
131 140
131 142
130 144
131 145
132 147
132 148
132 150
131 151
129 152
128 153
126 154
124 154
123 155
121 156
120 156
118 157
117 157
115 158
114 158
112 158
110 159
109 159
107 159
106 159
104 159
103 159
101 159
100 158
100 156
100 154
99 153
97 151
96 150
96 148
96 147
96 145
96 144
96 142
97 140
97 139
96 137
96 136
96 134
95 133
95 131
94 130
94 128
92 126
91 126
90 124
89 123
88 121
87 121
86 120
85 119
84 117
84 116
82 114
81 112
80 111
78 110
77 110
76 108
77 107
77 105
76 104
76 102
76 100
75 99
75 97
75 96
75 94
74 93
74 91
74 90
72 88
70 86
69 85
68 83
68 82
68 80
68 79
70 79
71 78
73 79
75 80
76 81
78 83
79 83
81 85
81 86
82 88
82 89
83 91
84 93
85 94
87 96
88 96
90 95
91 95
93 95
94 96
95 94
95 92
95 91
97 89
97 88
97 86
97 85
97 83
97 82
98 80
100 79
101 79
103 78
104 78
106 78
107 79
109 81
110 81
111 83
112 84
113 85
115 86
116 86
118 86
119 86
121 86
122 86
124 86
126 86
127 86
129 84
130 83
131 81
131 80
133 78
134 77
135 75
136 73
136 72
136 70
136 69
136 67
136 66
136 64
136 63
