19623 20268
-602.896 -6069.63
453.079 2124.8
-261.804 -930.558
-109.614 -681.238
-68.0416 -1006.99
-15.4923 96.0454
74.2178 143.56
1.13825 -56.2819
-7.75512 -153.375
-26.0028 -106.375
0.631584 18.4586
2.77452 -20.8351
-46.9626 -106.948
-8.1347 -60.734
40.9779 20.6312
5.23038 -18.6133
-20.096 -13.1559
-32.3493 -82.4954
-35.4641 -0.244624
5.29807 7.55748
26.4235 -19.466
-24.3504 -16.9668
-2.42635 -15.0435
23.8153 4.1542
2.41421 4.82843
-3.37195 -22.7323
-9.71099 -18.1465
-4.31299 18.7913
9.15561 -5.44756
-4.79064 14.1921
-4.64582 -12.6659
2.7313 -17.2616
-6.06331 7.97708
-0.951363 8.57412
-10.5337 5.07113
3.34319 8.88737
-2.18638 -13.0992
-15.9318 2.11459
5.54178 7.2404
-7.67702 -16.0402
-11.7817 3.40524
11.267 7.11145
0.182558 5.53641
-0.984408 -3.0805
0.316751 4.08592
0.467812 -1.22621
0.384463 9.74479
0.568317 7.27213
-2.96399 -9.0426
-9 0
5.44131 -4.231
0.982274 9.77965
1.1802 -4.36866
2.6504 1.91181
-3.23695 3.09805
-0.372054 7.52259
-2.71751 2.1464
0.451253 7.50002
1.09984 -2.1391
-3.0821 -0.222485
-3.58 0.487668
-4.76761 -0.122364
6.32421 6.56308
-5.23915 -2.84311
2.57466 -0.598102
-3.37094 -5.29424
-3.42067 -2.1194
-6.35469 4.10839
-5.67519 4.63219
2.26278 -4.52648
0.988244 3.37349
-5.54454 -0.311896
-3.92001 9.2682
-3.86858 5.09884
-5.82843 -3.07107
-0.732615 -0.806899
4.88831 4.09743
5.59319 9.19017
4.66512 -2.52847
-0.576231 -2.62164
-3.53736 -9.27512
-2.46239 -6.44872
-5.0227 -1.89751
-4.14739 -2.47091
-2.9505 -4.62421
0.812353 -2.13891
3.19488 4.27824
-6.25711 0.750175
-3.24585 2.43339
-3.17749 1.00103
-8.25586 8.55555
-2.45074 -0.727819
0.0775792 3.00491
0.389907 5.35834
-0.696758 -0.131231
-1.31508 4.89341
2.71751 7.90929
-0.585031 -3.60648
-1.30513 -2.43851
-7 2
2.23217 2.8031
5.1738 5.49552
2.44199 -5.07442
1.15378 -3.81221
-3.91601 2.49209
-1.6925 -3.3144
-3.38976 0.0748554
3.63094 -0.948229
-6.40884 -3.31344
-0.0297289 -2.30429
2.59908 -0.566914
-5.41334 -0.160431
-2.05427 1.76965
-1.25665 4.08367
1.57274 6.29089
-0.76591 3.28355
1.46223 3.01213
2.05093 7.94276
-0.582383 8.27712
1.04837 5.32984
4.83635 6.9369
7.34219 -7.44167
7.68616 -5.02548
4.1287 -0.342757
-0.414214 -0.828427
1.24668 -6.20362
-2.27994 -1.78687
-5.28568 -2.34626
0.358602 -5.64215
3.64359 8.0097
-6.29961 1.34153
0.497362 -7.56418
0.890894 -1.95661
0.375279 3.81677
1.91422 8.82329
0.423446 6.12779
2.39471 -3.06725
5.69219 -1.43009
-3.50055 -1.46623
2.90176 -0.777515
5.45278 1.8156
5.97625 -10.8502
-2.17522 -2.68628
7.97709 -4.49639
-2.9002 -2.06192
-0.455805 -4.11411
-0.180586 -9.04705
2.80645 2.03789
13.5684 -1.32474
-11 -2
-3.82569 3.49122
1.23962 4.25798
-2.10795 -8.46425
3.93203 12.6296
-0.632577 -15.4483
-1.74148 3.66382
4.57602 -0.434398
18.0026 -6.11226
0.0885508 2.75387
-0.795113 5.33203
-2.55104 -2.18491
-13.4554 0.374535
1.4062 16.202
-5.07086 -21.6712
9.87632 -11.1134
5.27537 -20.8479
-7.99154 -4.85279
-2.56742 9.84568
-12.0352 11.6136
-10.4633 7.36414
4.5188 -1.93412
-9.11757 -16.6662
7.10729 -14.6044
5.88445 13.7146
-0.171573 11.0711
34.3755 19.1424
-14.6628 -0.915195
-23.0117 33.6
28.6273 8.56745
16.8823 -8.55748
5.07026 -39.9444
-2.36874 -17.3945
-12.7105 -9.12948
-2.50812 62.1951
-16.9595 64.8117
13.3977 4.45509
3.25781 -21.7069
-2.55386 -122.819
3.18457 -26.4052
-11.4424 -95.3613
-3.64604 35.616
15.8496 94.9655
-21.6859 259.051
-88.3294 93.6536
96.6352 -246.335
-10.3171 -1196.38
19.3098 -1120.3
317.147 962.007
-444.66 -1268.35
