20834 20035
-332.712 -5956.56
540.499 2324.6
-177.617 -938.787
-187.7 -709.31
-336.878 -968.408
26.7969 23.0224
100.101 117.514
26.6414 10.6522
-69.8278 -114.622
-52.5936 -67.178
50.9085 7.09049
9.47026 -36.2699
-80.8285 -58.6308
-96.5913 -60.6761
17.9366 -8.91378
5.35342 -9.23816
-15.4101 -10.0658
-79.3073 -16.5733
-40.0503 16.2465
13.3138 -5.35056
3.86688 -4.44317
-28.858 9.00963
-25.0026 -10.0263
-27.0185 -9.59362
10.9497 14.9497
-5.79262 8.12845
-31.3679 2.71261
5.96724 3.93017
-5.4482 -7.86325
8.42299 -5.58147
-12.4575 1.76302
5.07502 -1.42374
-2.03258 -0.491899
6.82155 -1.9185
7.90904 -11.0416
-7.10845 -5.29201
-8.83574 3.34392
-6.32606 0.577079
0.566836 -8.52668
6.72066 2.85317
10.176 -0.270376
-12.2854 -4.73922
-2.33827 5.79811
-3.45339 -7.15731
-3.7899 -1.03484
0.618733 7.86195
-5.26619 -6.81314
8.92562 5.35786
2.75329 -3.87112
1 -4
0.295102 1.07388
-0.949396 -6.6198
2.402 7.98602
8.52992 1.21359
1.19603 -2.49413
-0.417424 -2.91695
-5.77398 4.41775
3.79484 -5.83528
1.21211 -12.6626
-0.148837 -3.42133
-9.45871 2.70677
-1.47272 6.26673
-1.22717 -10.8759
-4.77758 -2.35257
-1.92763 -5.91709
-0.365666 6.32841
-4.79731 0.850067
-2.22787 1.15157
3.14532 0.792647
10.4311 -2.82179
6.95441 -3.20877
-7.78968 1.88743
3.27471 -1.47509
3.03015 -0.785235
4.94975 -2.32233
1.31029 6.86185
-5.56616 0.840683
5.46538 -11.8273
3.40337 -0.964221
-1.9472 1.76336
5.66597 3.22977
2.42227 2.82734
4.49133 1.7234
2.84002 -1.21457
2.85075 -4.90905
-1.33268 1.02157
-6.88067 -2.56101
6.23145 1.41191
2.08571 -1.05273
1.90667 0.63701
3.05105 6.22066
-2.08597 -6.08153
2.64446 -3.93065
-2.31383 -2.03993
-0.793673 -0.500308
2.49489 2.21178
-0.604753 -4.13692
8.17339 3.33374
3.94836 -2.66325
2 1
1.24555 -2.78386
1.09616 -4.24061
-1.65252 5.719
5.71225 5.44112
6.33129 2.63181
0.0909033 -2.12452
2.09273 -5.09844
-4.01604 3.20968
2.73615 -8.05244
-5.06221 3.20703
1.95092 4.72099
8.68827 -2.50978
0.026772 -1.20791
-0.995065 -6.74856
-3.47794 2.66305
-3.40207 0.146818
-0.274077 -2.61335
1.26529 2.47494
8.78516 3.86914
1.85703 -1.76336
1.25123 -4.4214
3.18678 6.07082
-11.241 1.66797
3.15522 -0.529022
1.05025 5.05025
4.52392 6.35971
9.50955 2.09694
0.445637 -2.78185
6.25706 -2.52372
3.28437 2.82592
-1.91658 -0.00650816
3.18582 4.30708
1.02504 -4.87808
1.85658 -0.491982
2.00927 0.400643
-4.95127 1.35493
-0.232875 1.1107
-8.97695 -2.76092
-12.4523 1.23131
0.406192 9.89346
6.46305 5.3462
5.58806 3.63859
-1.41022 -8.47555
-4.78875 6.09748
2.46456 3.82085
1.26613 -1.38792
5.76821 -1.29451
1.0121 8.84828
7.67323 -0.0463811
-1 -4
6.00579 -2.34492
7.20323 -6.87438
6.08797 11.6466
-0.745059 -6.38156
-2.6423 4.75862
-4.2724 4.79303
1.80448 -10.9765
-8.71476 -2.13659
3.52429 -8.14357
4.36951 -2.85317
4.54837 2.0215
3.22314 -4.28068
-9.73247 2.37328
-6.92448 15.4307
-0.260825 14.934
6.98257 -10.8096
-9.80447 -9.9242
4.92937 4.72389
-4.27671 0.898743
6.40255 -2.2849
7.14301 7.3417
15.551 9.94105
-2.34455 18.671
-13.4477 -6.56056
-4.94975 -37.6777
-48.0994 -0.286148
5.97195 -5.5035
-8.58239 -4.88657
25.4494 -5.44205
29.4288 2.87843
8.44228 -27.0036
-20.0385 2.81016
-53.6528 7.52435
-61.77 6.92146
-50.79 -1.11717
-1.60002 -15.3593
30.5845 4.76148
108.191 -50.3501
36.5276 -0.0457062
17.2081 -60.8038
-23.6208 53.6869
-42.0879 31.9172
-139.066 156.284
-63.8581 -7.5066
227.863 -304.873
451.457 -1115.8
276.618 -941.83
-213.628 1204.53
-43.2581 -1258.17
