18262 19791
1031.52 -6340.7
-1203.7 1839.5
-207.054 -444.249
-353.765 -380.768
520.52 -529.802
210.809 -241.733
-3.47793 -179.892
-237.113 -141.976
-84.9039 -97.2624
-26.8845 32.204
-12.3186 31.0827
-31.1804 -20.0414
-36.6168 -104.584
16.7341 -34.9098
-37.8848 -55.726
-79.0706 37.7225
-50.0151 -1.01131
38.2644 -21.4885
15.6685 -12.4054
-37.2446 -6.59252
5.83825 9.90932
18.4809 -15.5726
-15.3475 -0.339887
-11.0601 0.211826
20.7782 6.77817
3.67871 -1.7956
-2.16523 -46.0403
14.5716 23.2058
0.1196 -7.80759
-34.8987 4.69415
-11.435 -18.1025
12.3268 -5.84113
-1.08606 2.6071
-7.09449 -6.58213
-5.68166 -9.45835
-8.58997 5.41675
-8.87972 4.89825
2.43254 9.50977
-10.2374 -7.09566
-2.44777 1.63908
1.52739 -1.55407
2.83117 -2.35113
-2.51207 -0.0860325
9.6116 5.88356
8.21154 -9.16428
-3.21758 0.448449
-2.15683 2.73562
3.47352 -13.4351
6.60167 -0.321682
7 -2
3.13717 -2.60824
-0.602544 -5.74918
-10.344 -3.32173
6.4734 -5.85881
-6.9953 7.10755
-4.59578 8.11168
-6.07092 9.39282
-3.14198 -1.12072
4.0195 -1.17607
4.67092 -1.25055
1.75864 4.69126
6.9353 -6.59142
-1.97148 2.56779
-0.0344123 4.0526
-3.25192 0.291631
1.43051 -1.4938
-7.79938 4.4224
-2.9471 7.04139
-7.64241 3.30797
0.0658807 -3.94338
2.23279 3.66889
7.7966 0.256151
6.34943 8.41155
-3.2748 4.13876
-10.9203 5.46447
-2.50742 -4.26321
2.85717 1.00083
-3.39721 5.00982
0.945723 -4.34995
-5.21972 2.94668
1.69796 -2.37853
3.7679 4.86293
4.1754 -0.495443
-5.72123 2.55302
5.79079 1.12968
0.30725 -3.41575
-2.81684 -4.28377
0.38352 5.32392
3.64936 -7.18115
-1.87947 6.68451
1.42523 -2.04731
-0.503073 -1.46591
-7.17514 4.03338
-2.16365 -0.259244
-3.65371 -0.181487
-1.43986 2.03249
-3.05042 -2.47891
-5.43502 7.59259
5.25434 -8.59282
-4 -5
7.23377 0.325225
1.24611 -6.09108
-4.97843 -0.537149
1.97764 5.8691
-5.9732 0.000835943
-1.21551 -4.01608
-8.96243 -10.5958
-0.995877 -1.67797
-1.83941 4.30495
-2.70257 3.86392
6.77085 6.49055
10.6864 -1.14053
2.29512 -0.535973
-0.467158 -6.07128
0.0256912 -10.3649
-9.69342 -6.40281
-3.1239 0.0390783
0.0686727 1.81789
-3.6478 5.828
2.83776 9.37956
5.87876 -3.74442
-2.86747 2.91881
2.52759 6.98944
6.05081 -3.60578
5.22183 -8.77817
-2.82385 -2.29923
-2.69767 -6.65942
-1.50565 -4.33241
-1.95248 2.82052
-4.94809 9.44169
-10.7958 -1.23323
-6.86239 2.6164
3.06238 -10.4433
8.15184 -0.600432
6.17695 4.25426
-3.65491 -5.38549
-0.803098 -3.73908
1.85324 -3.94369
-6.11993 -5.74881
-4.45613 2.10465
4.40878 3.89403
-3.82719 5.91927
-0.200896 2.44618
3.39873 1.11313
-0.0697185 -0.598844
4.56945 -12.655
-7.31152 2.49827
-0.267574 3.79219
3.84194 -11.7
-9 8
2.18035 -2.56973
1.49193 -2.33363
9.54155 -6.00414
5.8182 -4.00333
-4.45562 4.67521
6.03937 -6.21695
-2.72407 10.475
13.2431 8.4027
-2.23358 -6.86197
-2.17026 -4.96532
-0.414656 -0.452516
1.32503 -7.89519
-8.66294 1.05163
-8.03877 2.15028
9.31155 0.843067
8.38651 -1.80918
9.21578 0.921177
-1.31254 -10.9403
-30.2545 1.56819
-28.288 -6.33024
10.6159 2.97224
25.6631 -11.0909
0.293962 16.5794
18.0476 7.14954
32.9203 12.5355
-17.9894 14.7438
-0.0555599 15.3386
12.5243 -2.57329
37.1251 -8.78589
-13.9702 0.738418
32.0461 14.9683
62.0143 2.52126
-6.67217 3.38165
-30.1706 -24.7584
-70.5393 -0.700153
-47.598 -5.88368
-29.3282 -36.277
-18.8262 -3.96596
69.2155 37.1617
21.5354 77.3853
150.689 15.5057
16.4114 5.70612
122.893 24.0924
-171.273 -192.139
-299.532 -418.306
-281.435 -572.411
494.324 -384.599
1192.1 863.362
-705.08 -1871.53
