17735 19638
-1426.03 -6195.32
621.119 2249.17
-224.522 -813.008
-246.569 -622.96
-187.018 -1023.5
-17.1775 -85.9265
35.8609 163.747
34.0771 82.5515
-21.3881 -191.694
-54.3616 -63.4757
18.2727 -37.621
-5.26694 31.8042
-29.5278 -68.413
-38.1962 -120.611
-17.1835 -17.6034
-10.9855 0.384802
4.62992 20.6789
-36.116 -64.454
-29.7227 -37.7397
-14.7161 -2.9589
-18.3411 38.9199
-16.9958 -11.3337
-13.9838 -7.98327
-14.3099 -3.46888
8.41421 9.07107
-15.9704 19.6104
-8.88275 -5.57148
-5.92857 -15.4324
0.443209 -28.569
-8.60553 30.7128
-6.9046 8.77049
6.18464 -2.99438
-2.94499 -5.91484
10.831 4.42895
-0.756522 -13.4661
-2.76624 1.79004
-9.50695 9.84604
-9.36213 0.629999
-7.38329 9.2514
1.44575 10.6548
4.79039 -12.0357
-6.78104 -4.90757
1.73228 4.29627
-12.353 -8.1064
1.4357 0.469408
-9.03652 -2.24801
-4.20926 2.6361
-4.33609 2.86925
-0.859579 3.83434
-7 0
-6.61441 0.905014
-1.21425 3.58421
0.0554123 2.25493
-1.8591 0.42256
-3.3398 1.23339
5.96893 -4.30458
3.10943 0.365846
-6.36589 -0.905886
-6.94104 -4.94568
-5.98057 8.3433
0.762375 8.32785
4.29178 4.055
0.407956 -7.76246
3.78217 4.38146
0.78853 -8.9075
-1.73842 -5.21665
-5.29401 -1.87472
0.258266 2.44784
5.50067 5.25845
2.80715 -8.79798
8.2812 0.482293
2.05227 -5.03254
2.93606 -0.892241
-7.36054 1.10152
4.41421 1.75736
4.60243 -2.31397
-1.6627 -3.28246
-6.19699 -2.06478
-1.07809 3.624
-0.847859 -6.04232
2.84225 3.23914
2.61364 -0.537405
-0.128623 -6.63516
-1.27151 7.60447
-5.38942 -2.54448
1.13512 5.86116
2.9048 1.81697
7.19471 -1.80832
-7.10087 0.0895152
2.14679 -5.06527
-0.722969 0.888409
-0.928299 -2.24206
-3.2653 -0.272173
0.907163 -1.64082
-1.44689 -7.01235
1.99175 6.87338
0.762912 1.0874
-5.40445 8.55732
2.21677 6.257
-9 -2
5.35756 -8.79845
-3.50878 -8.33715
2.11949 -3.75565
-4.74207 -6.53842
0.184906 -0.961789
-0.594731 -0.814656
-3.19204 -2.74639
-2.21022 9.19607
-1.81102 -0.254176
5.87248 4.16877
2.93459 -2.91604
4.55338 -3.67104
-0.588598 -9.58405
-1.88693 -11.3839
-5.02263 3.27992
-6.85639 -6.03715
3.64776 8.33601
-0.0439038 2.13481
3.14162 -1.50344
2.22982 2.57019
3.6801 -2.09732
-8.69534 -0.266388
2.64174 -0.19368
4.29528 -3.09222
5.58579 -5.07107
-4.39763 -2.69015
-4.3103 4.53776
-6.44679 6.27573
2.44669 -0.603507
9.18347 9.43437
8.28267 5.68441
11.3996 -4.19118
2.95851 4.90259
0.981928 -0.331449
0.739741 0.271768
-5.38111 -13.4102
-8.07701 7.45277
-2.84949 5.12328
-0.0532711 -1.02255
4.36254 2.25345
5.07158 6.12805
-2.26751 1.69689
1.32022 -3.18084
6.66701 1.16125
-2.62883 -0.841721
-3.24847 2.19261
2.97711 -3.93984
-2.08994 -4.10587
-1.46996 -0.956504
-3 4
-8.11882 6.23905
-8.93961 3.51545
0.344821 4.03132
-1.04303 2.288
12.6821 -0.645008
2.74517 2.42935
1.79527 1.27589
-8.77448 -0.539165
1.7279 5.64875
2.17229 -5.18265
-20.112 8.55152
-0.631542 0.448338
-0.462553 -1.09966
14.1487 -7.23087
9.67534 11.1765
10.0538 -6.10056
2.46711 5.57523
9.1848 8.34281
2.0528 -1.16926
-9.96869 -10.8934
10.6238 -3.44768
8.35035 1.41282
-3.87192 -21.6036
-14.7311 -5.64566
1.58579 10.2426
-7.24666 31.2264
-5.27667 0.0927536
4.25116 11.816
8.66919 -39.1368
15.3342 -35.6378
-13.4072 -33.4594
-12.6691 -12.3748
-11.7746 7.49636
-37.8266 55.1537
-41.0481 71.1122
-8.35612 27.1493
5.57454 45.7609
48.5975 -105.129
81.4742 -25.3799
12.9259 -170.084
27.847 28.4988
28.5576 48.4925
-30.001 217.481
-46.772 51.6023
-101.673 -428.058
-196.942 -1099.43
-69.4181 -891.857
642.847 1160.04
-645.704 -1576.03
