19071 19338
756.586 -6206.65
46.0996 2221.36
141.392 -704.34
-164.775 -473.334
-221.972 -991.793
-20.6121 -115.887
95.4871 60.2019
79.8528 90.1728
-43.299 -112.653
-57.4805 -91.1715
-47.5133 2.58548
43.373 -7.09039
-16.6646 -43.4112
-114.611 -14.534
-46.7649 -1.87028
-20.8777 -60.0918
20.6339 11.0389
-36.2025 -11.0162
-60.1256 -7.66158
-39.5088 11.7049
27.2892 -30.6542
-17.3768 -23.1014
2.17805 21.7165
-12.4478 2.64662
-16.4853 0.414214
2.83899 -26.6079
-11.7736 -13.5404
10.0562 3.18679
-1.73609 16.1517
-9.45773 -4.41015
-2.28179 4.79988
1.97531 -8.30956
1.41953 -0.0669045
13.3876 11.4949
-4.62969 -6.04611
-4.70755 -5.21995
10.709 -13.8928
2.49729 -14.6185
-0.205852 -5.16939
-3.62663 3.00624
-10.4406 -1.31362
2.07367 -5.52047
1.88261 11.488
0.524813 -4.33664
3.74623 4.30692
-2.40196 -0.133736
-1.9732 5.58287
2.35415 2.2031
0.421263 -4.07993
-5 4
-4.56445 -0.345335
1.33372 9.84604
0.938278 9.04088
-4.32618 -8.6834
6.39858 1.19453
6.02282 4.35256
9.18861 3.73068
-0.33059 0.878461
2.89618 1.93911
-3.23082 -5.45818
0.295337 -1.73831
-3.91613 1.83664
8.60562 7.48722
3.21002 -6.97886
0.0935253 0.0905113
-1.44979 -4.20981
-0.385835 -1.64954
-5.45434 -9.18236
-3.42264 5.42127
-11.3194 1.91673
-6.55075 1.58559
-2.8715 2.19137
-1.87786 -6.4732
-2.56115 -1.82037
0.100505 3.14214
1.36226 -4.02605
7.5043 -7.18849
6.56021 -2.60601
1.29733 -3.56777
-0.185672 -0.681814
-0.146195 -5.61918
2.68355 1.71632
3.01092 1.87661
0.930392 -7.53435
-0.318052 -0.942773
1.4484 -6.11885
3.17018 -0.483964
3.41954 0.828191
0.581208 -2.70017
1.82803 8.59599
8.78814 0.431866
-3.73932 -2.2353
0.496842 3.45157
-1.1167 -3.71139
-3.13992 2.18587
-1.29874 4.32043
9.59897 -1.66661
4.83779 3.80405
1.83681 2.10917
5 4
-4.08611 4.27039
-1.74839 -0.342086
8.51027 5.26024
0.677035 -3.97214
1.68047 2.48869
5.05092 -4.45272
5.72589 -3.51912
2.26207 -2.31029
11.8137 -4.75855
-1.63707 -13.0081
-2.66078 5.28051
2.87943 1.75997
-1.22163 -4.50498
-0.150913 -3.05277
-6.01474 2.59098
-2.7211 4.06268
4.31873 -5.77841
4.15743 4.72096
-5.79864 0.74142
-2.81433 -1.40836
-4.19932 -2.73009
3.65977 5.04117
6.6571 6.0949
-1.1015 12.7719
0.485281 -2.41421
3.55631 -2.75808
1.8335 12.0934
-0.973611 -3.25259
-4.68468 -0.226192
-6.9897 4.75937
3.73415 -4.21079
1.33748 0.533607
-1.02764 -2.9265
-3.39727 -4.79581
-4.73848 1.26657
4.98968 -4.95339
6.80862 -3.1207
-0.39602 -0.326711
0.309537 -1.26594
-1.1167 1.42373
-1.06129 6.39846
-0.455987 8.20004
-1.96238 6.12225
2.06646 -4.54517
2.33868 2.47898
-3.55236 7.12534
4.99422 4.36544
8.61307 -13.8043
-3.40897 10.171
5 -2
7.60233 7.34883
4.0073 -5.3032
-2.41822 -5.51389
-4.57024 0.303887
3.85396 -3.23149
11.8127 -6.29794
8.16565 -3.98331
8.27348 0.822522
-1.50381 -16.8703
0.626627 6.08393
-7.05511 -10.5804
-14.415 -2.14048
-7.75934 -5.61864
-10.9174 -0.72471
5.27683 -2.06047
17.8361 -2.36658
6.7247 0.667873
-3.0893 1.63519
5.72237 5.41704
-17.3578 8.81609
-3.22458 2.81437
-1.79899 16.6917
-2.86697 7.42538
13.9685 -11.3803
19.8995 -25.1421
4.50378 -20.1012
19.5748 3.76712
-8.91188 3.51141
34.4878 42.7049
3.8563 13.3295
-21.9206 -5.7482
-31.1787 -20.0762
-38.1237 -46.084
-43.026 7.9704
-44.8457 -22.5687
1.21377 -27.9742
22.708 56.5739
81.312 9.7341
-22.1828 -12.9015
52.4142 -27.4985
-94.7273 29.3499
-121.374 4.42731
-206.553 87.9486
100.695 -3.11087
445.035 -344.09
642.297 -795.731
428.207 -613.348
-367.157 1160.53
307.303 -1666.9
