18273 18566
-287.963 -6805.84
373.768 2118.42
-43.6121 -493.432
-42.3996 -369.459
-243.313 -994.843
-63.2044 -330.159
-33.2614 -35.3204
126.993 176.133
-64.9392 -55.3548
-44.381 -118.333
-42.4186 -102.823
-36.8827 -12.1135
46.4931 22.6588
-33.6348 -36.4349
-78.7785 -42.1861
-85.7224 -23.7722
50.053 6.39039
-2.0703 17.702
19.5016 10.4011
-16.5636 -1.07455
-50.8539 -13.2761
-27.8851 1.45794
5.57594 -15.2873
0.380123 -20.6643
-11.9497 29.2635
-21.4053 -9.44648
-11.8332 -9.8338
16.3394 -10.8428
-13.212 -8.55447
-12.1151 -4.02822
-5.52859 7.17763
2.93518 -16.3493
-7.15342 -12.4797
9.2337 -4.97319
1.5783 3.09436
-22.8307 10.395
1.94507 0.720238
6.24733 -9.65893
-6.54032 -5.76129
5.65688 3.7482
-5.79242 -0.257742
5.65716 3.35017
-0.963733 -8.66655
-1.90183 -4.0285
2.23545 3.72353
9.16535 11.2035
0.837603 6.77804
2.62276 2.86083
3.44433 11.1853
6 3
3.31541 8.80494
-5.29173 3.72916
0.823297 -1.5521
-3.09158 -0.208713
4.12504 0.959116
-0.380569 3.99748
4.61348 -1.66893
-0.900773 4.47484
2.81531 -0.0268457
-0.265838 0.920109
7.85246 3.49452
-1.882 -4.72645
-3.65605 -2.64253
-5.07893 1.21512
-0.825717 -0.396854
2.27881 2.28582
1.3628 -1.21796
-2.87518 1.62743
-1.13041 1.75118
-0.66196 -6.20785
1.0922 -4.01615
-4.4961 -4.80863
-4.35183 1.32755
6.34742 -2.94646
-2.29289 2.19239
2.04017 0.923231
-3.63961 -2.39799
3.08023 1.71777
1.22411 0.728207
1.51869 6.607
-0.607712 -1.21992
4.80662 -0.83237
-1.30743 0.243266
3.25346 -3.92132
-3.4094 -4.37827
-7.63323 2.46584
2.78952 0.794637
-2.4823 0.539806
1.22884 -1.74326
1.78425 2.25132
0.661588 -2.7233
1.06425 -4.49636
2.15064 3.43259
-0.0810505 5.42733
-7.16823 2.74015
-2.08883 4.34148
1.74904 -0.914867
-0.162139 0.279053
3.56813 1.74485
1 -4
2.38607 0.574423
1.44087 -1.40686
3.81401 3.03788
-1.13288 -2.99435
-0.690748 1.99241
-0.351242 -7.05021
-1.67189 -4.62892
-1.56288 -1.04637
-3.14143 -3.9316
-1.75156 1.73456
1.68569 6.63569
0.671047 2.29309
7.38264 0.235207
2.70018 -1.91889
-2.75433 0.920971
0.513093 3.93761
-4.82895 -4.45235
-1.02659 -4.12218
-5.76973 2.31493
2.24524 -4.07914
5.77551 0.32982
7.37633 2.36738
4.56661 0.492634
-2.12168 -4.70912
-2.05025 -3.26346
5.34321 5.37367
-4.0882 -3.00807
-10.9622 7.05411
3.43311 -3.8648
-2.1507 2.93092
4.43122 -1.43208
-0.601877 1.39461
-2.94066 -1.48637
-2.01095 2.45832
1.42981 1.91537
-2.28421 1.43548
-0.977146 2.74725
2.5575 -3.51111
0.968113 -11.7547
-1.67843 -3.26763
0.533709 -0.9068
0.131286 -4.42691
0.590118 12.7996
2.44789 0.763794
-2.50696 3.66386
6.92807 -4.47599
6.88426 -5.72309
-2.97975 -12.8988
-6.40111 -4.80626
4 -9
-1.87885 -9.21287
9.26529 1.2029
2.61523 1.49686
4.01771 -5.91815
2.89576 0.307537
1.35577 -5.81428
0.871967 -1.51551
7.34351 -1.7701
1.49945 -0.506375
2.57919 7.72394
-1.1957 6.39417
4.47971 7.27459
1.97575 -8.14113
-20.4936 2.33941
1.93593 -5.96268
-4.55162 5.48294
-3.84476 3.45802
19.7117 12.4733
22.5571 5.62064
8.74744 15.1511
-8.84798 2.32059
-8.79647 -8.5523
-12.8008 8.156
-27.9402 -2.50372
-3.70711 -16.1924
-3.05687 18.7682
24.4204 16.6403
-2.24996 -11.315
28.3003 4.43689
32.5078 -32.5779
1.97305 -9.21799
-62.7406 -9.89682
-17.8063 -8.0245
-56.0671 -14.1647
-9.42528 0.20062
60.2205 -22.9192
38.3698 -18.1519
57.1443 -59.6939
22.4461 -11.2158
60.5287 -7.49849
-157.491 137.921
-51.2751 44.675
-162.993 132.991
166.768 -185.843
234.672 -603.751
277.028 -861.77
140.174 -509.489
-97.0695 1294.73
14.6902 -2307.75
