21598 20554
1101.69 -6208.84
-211.25 1987.11
242.445 -917.173
209.145 -669.289
133.087 -885.955
2.37646 -1.73799
-10.3514 150.521
2.887 29.5309
12.8738 -175.391
2.73311 -123.451
-41.8571 32.802
63.4381 -84.2919
-5.9612 -74.3166
-10.0093 -71.1551
-13.7207 1.16617
-39.0337 47.8502
26.5106 -7.13295
3.94996 -52.0015
-9.37599 -26.8635
9.47594 -20.2755
7.23899 -13.605
-15.608 8.94285
-11.6188 1.09774
-28.3385 -9.97374
16.4853 -0.828427
6.04893 -5.72642
-4.32358 -22.4537
-8.93838 4.64959
-8.01426 -16.5988
11.7334 -11.0049
-15.5106 3.31564
11.1394 12.7673
-2.91109 1.85242
10.6995 3.65549
1.1892 -0.433022
-10.767 -4.54305
-6.83876 4.24953
1.0224 -4.52875
0.749135 -5.87157
5.3766 9.66068
6.21178 -2.36452
-3.25842 1.89415
1.93203 -5.4961
0.739605 -5.79521
3.22582 3.00186
1.56046 5.64896
2.05177 -9.51969
4.99513 -13.3589
3.05434 -8.81342
4 12
7.83239 5.19386
-2.09272 -3.85666
0.0797407 11.8612
-0.477066 -13.7184
-9.08986 2.3799
2.28821 -0.702108
2.14264 7.41292
3.7939 -0.774322
-3.45047 -3.40534
-3.0819 10.1145
1.93672 5.86994
-2.85386 -6.06422
-7.99379 7.47296
1.37555 -4.7886
0.930147 7.5028
-2.2077 7.77075
1.71827 -1.20558
-2.46051 1.89716
-1.29394 4.17151
2.19776 8.49024
-4.24825 8.41092
-6.16001 0.741319
0.751044 4.45514
0.653854 3.03411
1.17157 7.17157
3.76174 1.0404
4.88371 -4.3976
4.4257 -4.18608
-0.0700989 -10.6696
-1.81105 3.98256
3.92911 -6.77704
-3.6809 2.58412
6.79413 -0.166443
-6.86755 2.23813
-1.1365 2.63051
-1.3778 -0.762537
-1.61975 -4.31432
-5.66526 0.0645885
-2.36182 -7.19445
-1.96917 -0.686726
-4.84272 6.48436
3.69248 -1.14289
-2.88511 3.03754
6.78166 1.51637
0.539857 7.86109
1.06578 6.86331
-4.3515 0.396155
0.523649 2.67032
6.98085 2.0414
2 -6
0.732529 -7.27819
-1.17588 4.05105
1.23384 -6.11054
3.67975 -1.61911
2.82955 -4.99791
4.40696 -3.97552
3.16038 -3.53658
4.82312 0.131051
-0.55811 -1.43754
-5.70604 -2.45119
-2.33814 5.65916
-1.57242 -1.22218
7.0166 1.18988
-3.50881 -5.93222
-8.38689 -2.54712
-7.87531 3.2062
9.89767 -2.39949
1.34577 -5.67172
-3.72454 -2.69551
-0.806988 2.63548
-5.45312 3.45027
3.78454 3.67424
-0.156684 12.8271
5.8252 -2.09471
-0.485281 4.82843
1.56545 7.54787
-8.67091 4.379
-2.3886 0.390657
-8.80842 1.17085
6.42226 -5.42469
-4.59781 -5.80787
-1.1652 5.76397
7.83082 5.65378
-6.13041 -5.66316
1.69861 -2.56297
2.74797 7.8191
1.32379 -1.44347
-2.16475 5.26715
-1.79003 -5.54911
-1.00827 -3.37183
5.8095 0.0961031
2.19473 0.18451
5.17637 -1.92184
0.689828 -0.435835
-2.17205 7.02959
-7.17949 2.39476
-1.03411 -0.162993
-2.86526 -2.35417
7.60999 -11.7955
4 0
2.2516 2.27385
6.50981 -16.8527
-7.88636 -1.09674
-4.35615 5.23952
-3.94241 8.33983
-0.019043 8.13039
5.90123 0.104136
1.13641 -0.539689
7.31518 2.86052
-5.75856 -5.27871
-9.10331 7.89589
3.04272 13.755
-3.7237 2.80119
0.505475 12.6131
6.62598 -12.6604
7.99178 -15.2897
2.61231 -2.11574
7.76043 8.42167
0.100573 1.76626
-1.18619 -2.43754
-3.24494 -7.78944
3.21547 -9.27343
11.4168 -2.34663
4.97298 -6.96868
6.82843 12.8284
-24.1754 -12.5427
5.00786 16.1218
-32.2737 28.0587
-17.1039 18.0503
-2.38577 -15.4672
21.1608 -40.3113
37.7102 10.908
-3.57977 7.83183
-79.2914 -4.10164
-39.3902 29.4489
6.13836 9.78687
-28.5605 34.1147
40.9345 5.37163
-30.4482 -67.0864
77.7749 -85.0341
24.5077 52.2768
-53.5136 86.1486
-138.97 216.896
-58.1626 86.5139
243.712 -224.204
451.971 -1027.4
410.729 -887.028
-300.452 712.486
807.026 -1427.59
