20387 19706
1733.04 -6485.86
-922.425 1579.35
-32.8963 -210.321
-451.557 -89.3829
242.197 -575.464
178.518 -382.258
130.295 -248.92
-145.02 -16.2272
-127.342 5.44378
-70.729 26.7205
15.3986 -59.8935
33.1456 -32.225
-29.0811 -6.31904
-30.3742 -5.15771
-80.1076 -96.7721
-20.8365 -16.8563
4.0914 -16.5662
5.20595 -0.60734
5.44052 -28.2996
-23.5599 10.1476
-18.5021 -31.3904
-2.63639 -27.4531
-28.6077 6.45289
-19.2712 11.7223
-24.1924 8.53553
19.0843 -21.1824
-11.9233 -24.8707
2.15279 12.7363
-3.53683 3.4383
-14.0818 -3.66944
3.54318 16.0178
6.35508 2.25947
-9.15861 -5.74435
-12.2929 -9.35849
-12.7943 6.75346
2.07666 -3.42041
-3.39664 16.1588
4.22467 2.69222
7.79493 -0.400244
-1.92138 6.40794
-2.95314 10.1988
0.118266 -12.8727
-6.41576 11.813
0.810674 -0.942274
5.56969 -14.7638
-6.66486 13.1515
0.821625 -6.72918
-9.84029 -1.96489
1.60728 -10.4681
2 -7
10.8585 -10.7633
4.16694 -3.97319
-6.1134 4.82639
-3.51754 5.19845
0.444103 -2.63733
4.02739 -2.10945
0.712606 1.99386
-9.12387 2.09364
1.19729 1.4664
-4.23629 -2.17334
-1.41118 0.128566
5.61385 -0.254503
-3.90983 -8.93441
0.692275 -5.33508
3.99527 1.19607
-3.41314 1.32978
-6.61908 3.41904
-4.52133 -3.00098
-1.51856 4.03185
10.2621 -5.25355
-2.31436 3.60136
3.73607 3.53418
5.97655 -2.67058
-6.10036 2.50515
-4.87868 -4.3934
-0.187983 3.13244
2.09486 -1.42035
5.58897 1.44659
1.55667 4.00762
-11.344 9.20702
-1.82243 -0.490603
-1.94721 -6.4723
0.157021 -3.46131
-3.51296 -3.10502
1.33929 -1.99358
0.100259 3.97951
0.781231 -5.10428
7.1606 -2.27223
-1.07588 10.6245
-3.81202 -3.15824
-2.30358 0.963866
3.08281 6.52632
-4.62455 3.30353
4.291 8.77913
-0.771802 3.93731
3.0222 -3.77288
1.57659 2.18132
-5.63898 1.77283
1.87008 -8.29089
7 0
1.62251 2.11528
1.13252 1.17051
2.95117 -4.5438
-0.286688 9.3392
-1.48135 0.515382
-1.39138 2.72964
-1.71221 4.57388
-0.44762 -1.80759
-0.703437 -4.31969
-6.15526 -3.09286
4.31919 -3.86781
6.74385 -2.01972
5.7732 -11.4054
-2.44782 2.42246
-4.06657 0.823427
-10.8596 2.80088
-4.99921 -0.589612
6.34254 2.83347
-3.21948 -3.5133
-6.3642 -6.35291
-1.04449 -6.22988
3.4994 -2.91872
-0.184704 -8.29141
2.41898 2.01762
-5.80761 1.46447
-4.33118 6.67222
2.1372 2.33396
-4.76405 0.871402
0.671276 -3.97671
3.80572 0.371763
1.96913 6.27354
-1.73254 2.23736
-2.23545 -11.4297
-2.43077 -0.761655
3.59466 1.74625
-1.32767 6.23667
-4.69097 -0.171045
-2.88231 -2.31364
-4.82869 -0.0769542
-5.58337 -4.73649
1.88754 -6.19186
1.57283 -7.95027
-0.555207 -1.74283
9.97462 3.87251
-2.77398 3.49574
-8.26435 -0.80498
-0.70381 -2.69845
7.01137 5.51351
5.5387 3.11932
0 -7
-3.50663 -8.25312
-3.68925 -9.84897
5.12331 6.077
-0.554257 7.01776
5.84636 -6.24779
2.88185 2.36401
-3.48234 24.2496
8.95695 -2.8603
5.43421 -0.227924
-2.37041 -10.262
-3.69016 14.747
-1.891 2.73166
-0.266289 -7.08138
8.19147 0.381349
4.58721 -4.76345
3.89895 5.39456
1.56953 11.6233
8.19398 -5.70959
4.84429 5.32674
-11.2647 3.06593
-0.920452 -8.34656
8.24585 -23.6128
-11.5748 -2.39206
23.2564 7.82865
-9.12132 -25.6066
-20.6806 -1.82825
11.1949 22.2777
18.3217 25.9133
4.10566 31.0689
-8.62048 -28.2377
-4.21062 38.5789
-4.85005 -6.02477
-9.81645 -25.4573
5.58785 -18.908
-3.43338 -8.22234
11.7894 -46.0324
2.88146 -27.6323
-47.4971 78.295
26.1557 95.9626
-20.0251 59.0158
70.9316 53.633
-19.7775 -30.9831
95.736 -127.073
-74.6468 -420.308
21.8552 -547.603
6.13133 -454.535
369.52 99.9298
416.308 1208.57
-325.31 -2319.53
