18837 19193
-5255.12 -3375.12
1529.51 -1550.23
543.768 458.15
309.748 -563.795
-442.485 -918.653
-68.9587 185.043
11.9355 -124.247
-81.3082 11.5391
93.0359 -199.727
-65.9782 4.78772
16.0282 43.7609
-3.1709 -58.4436
-30.199 -65.0958
-81.8811 -90.4091
-1.00999 58.1808
-5.95182 -31.7644
-26.675 -46.9893
-29.6781 -47.8082
-23.3555 30.1789
-24.1161 -1.42392
-6.4937 -28.8514
-16.8995 15.2713
-12.6682 -21.0917
2.51834 13.013
4 -1.41421
-13.0378 6.73636
-4.5633 -7.00056
-14.4165 2.62174
-8.83863 -1.45111
-4.93096 -6.80536
-6.90859 12.5432
-7.43091 -4.11932
1.24024 -1.08399
10.5825 9.1591
-1.43311 10.0111
-6.97209 0.888386
-1.23592 2.5596
1.19531 -10.4154
6.06724 -9.79159
13.6856 -5.36035
-6.44013 -5.617
4.04315 2.01585
3.5496 -1.07599
-3.77491 -3.67551
7.54659 -3.70725
0.285345 -3.38058
-5.94435 -0.0430985
7.53274 -5.49917
8.43804 1.07965
-5 -7
-7.28218 -1.25568
-12.2891 1.63605
0.110119 0.81622
-0.228159 0.735484
0.0636286 -2.30667
6.09751 15.0889
2.70543 -0.864512
-1.29666 2.81464
-1.7616 8.61579
-3.92829 1.5737
-3.21795 -1.92837
-0.209723 -6.22355
1.04838 -4.67509
2.25966 -0.0870359
3.9631 2.77611
-5.63358 -1.71628
-6.53872 1.55778
-1.17125 0.462691
-7.48616 8.01798
-0.0821918 -0.993017
4.48365 -1.30531
-3.68808 -5.33065
5.57535 6.52422
-2.93041 4.83721
-2.58579 2.34315
2.80451 2.73963
9.37035 2.31874
-1.91744 -4.06626
-1.77454 -1.35745
5.37994 5.03592
-1.29213 -6.65329
0.651265 -4.57603
1.60061 0.396462
1.59128 -1.65677
1.22748 -3.53053
4.88482 1.52963
8.11823 -4.30206
4.48702 -6.17302
2.56135 -10.0392
7.43718 1.53852
0.610918 1.66366
5.67634 -2.14775
3.80411 -0.0352889
-2.39008 -2.34634
6.02357 -2.99265
5.92696 1.32499
-1.28825 -1.96423
0.442887 -0.169607
-0.839726 -1.91205
-1 3
-0.242861 -1.87926
0.2644 -3.29073
-0.209695 1.06768
3.40701 -0.417821
-3.76544 -2.37731
8.10522 -0.079677
-1.88575 -1.43641
0.411705 0.951264
4.48924 -7.77695
1.15003 -3.91155
6.17275 4.33055
-3.09047 -0.48011
0.447687 6.83212
1.85183 -0.662732
8.71459 -3.30823
-3.73048 -0.786057
-0.780154 3.85027
-4.48207 0.536689
-5.07716 6.92989
6.38399 5.76246
-8.10445 -3.54972
-0.983518 6.17566
5.79129 2.73209
-4.05067 3.96602
4 1.41421
-1.46941 -1.57107
1.49435 -3.08876
-5.49791 8.13519
-0.412714 -0.878476
-1.9581 2.21879
-5.22993 -1.36102
0.300708 4.93373
-1.90332 -3.94603
-5.2864 -2.87446
6.63643 0.53277
-1.5264 0.616324
2.83326 1.05219
-4.06266 2.48059
1.11245 9.4285
-0.058553 -4.06712
8.47854 -1.70077
-1.3661 -0.702301
5.83394 -7.67566
0.505914 -2.9058
9.38921 1.99641
-1.59845 -6.28152
1.40794 7.55696
-6.44177 2.07901
-4.86563 1.71119
9 11
4.12829 1.91711
8.22474 1.68473
-10.1324 -2.85682
16.8445 -3.68764
2.50383 -1.50441
-2.28448 -6.93848
3.61223 8.70912
2.77392 1.19186
21.1497 -2.59994
2.55045 -8.43803
0.928736 0.760611
-1.80295 -0.0450003
9.42018 -0.736948
-12.4926 -12.0271
15.5082 -8.07147
0.161951 4.65932
5.6144 -6.92393
-6.6503 1.21562
-6.83195 2.27633
10.4991 -11.545
-19.9108 -5.35722
-1.81625 -1.08621
-11.6301 14.5707
-4.0444 -7.19694
-5.41421 13.6569
20.2358 8.57442
-21.7622 -8.94915
30.0709 -28.7321
4.74478 -1.16294
-55.897 -39.0827
8.52536 -7.65788
-42.9423 33.3368
-29.7217 28.1729
35.9698 43.0164
10.6162 -28.4326
-25.2566 -20.9753
89.1128 -3.72935
-65.9684 -73.3831
-64.0797 -30.4232
69.8631 20.7099
-9.93374 75.8622
-22.0213 112.569
225.291 -102.602
-60.8215 15.7451
536.501 45.3873
-21.9531 -1106.34
-812.414 -83.4341
-352.49 -1204.83
1740.41 -302.734
