16764 19845
-252.04 -5985.99
443.151 2287.99
-400.746 -922.543
2.92633 -687.281
-110.324 -1120.15
-51.0371 19.3982
43.3546 176.235
16.886 -23.8976
-62.2933 -111.252
2.46647 -93.5581
-16.7173 2.23479
-27.1886 30.9088
-14.6565 -112.567
-86.745 -131.367
11.5494 6.68692
0.102349 32.4739
-22.0737 16.0372
-28.1924 -25.531
-6.90456 -55.5736
-37.2819 32.3902
8.74446 13.4377
4.71371 -27.7157
-18.582 -23.5856
-7.88991 -24.4079
-7.29289 2.70711
4.61785 16.158
-12.2731 7.55937
-6.27657 -10.0554
0.177492 21.5722
4.45504 -10.165
11.0979 -25.1466
-11.3211 -17.4597
5.0136 0.402623
-0.286492 0.736734
2.0938 0.865916
-5.43345 -12.843
-1.28175 2.81054
8.4878 3.64238
-12.6076 -11.3434
1.69807 3.68745
-15.9865 -3.4905
2.83116 -5.32052
-4.09872 2.7979
6.62925 -4.86197
-3.76634 14.6261
0.145925 -5.66621
-9.97969 -5.77994
-6.6419 1.75743
4.04454 0.327455
-3 0
3.60738 0.300283
6.83781 4.75246
-6.03255 -11.2903
-4.53897 7.82131
2.76051 3.49657
0.092868 -3.09332
3.99723 -6.55948
4.02069 -1.27186
0.536394 -2.59113
7.0998 -0.280822
1.43311 6.30667
-3.9315 3.32544
-1.10135 -1.41337
-4.62158 -8.07471
1.58501 2.87682
8.26829 6.53575
5.13777 -4.0068
4.23199 -5.41652
-0.882217 0.24279
2.03838 -2.14805
-8.04087 -12.4634
-11.7794 3.52362
-2.67023 4.30177
-1.46343 0.639266
0.363961 -0.0208153
-2.15561 -0.774872
8.75677 -0.944272
-5.89603 3.64865
-1.34369 8.94874
-1.85906 -3.73034
-0.268601 3.33383
5.73071 3.88456
-0.744128 0.113586
1.25951 -5.72603
5.17713 -1.70813
-1.49669 3.64803
1.2145 1.28004
-4.80046 -1.03675
6.75757 2.44112
2.9155 4.69079
2.80801 -2.48381
1.87492 1.5376
6.36738 -0.430656
2.15326 -3.72844
-1.16394 7.04307
-3.69403 -1.55322
-1.13398 0.646568
0.272728 -0.397842
-1.23176 -6.0176
-4 -1
-1.40134 -5.62365
-4.14285 2.921
-0.92156 3.25274
1.12987 11.4475
-3.15089 1.26074
3.01649 3.04591
4.87081 -0.582241
4.53885 -5.9201
-2.90913 5.76221
3.28516 -8.59131
-0.372709 6.37706
3.40234 7.27254
2.42104 6.31585
5.72414 1.57875
-0.422754 -5.72157
-2.69256 -7.62084
-9.05845 -4.70257
8.26733 2.98075
-0.091346 2.18522
2.94923 9.58445
2.64072 -1.32495
2.23803 -7.15702
2.39795 2.1408
-7.12708 5.01551
-8.70711 1.29289
-1.28176 0.578724
1.71617 3.43541
0.816852 1.95794
-5.39002 7.90319
1.31912 8.8936
-0.765521 -4.512
-1.49782 2.18244
3.51268 0.342813
2.63277 -3.0856
9.11387 -0.224472
1.9902 7.44817
8.12074 4.53715
-3.22289 -7.12237
1.10373 -1.73015
0.878917 8.0792
-0.377434 9.01818
4.25681 -2.82137
2.72951 5.436
7.88622 6.83508
9.46384 -10.1703
3.71339 -3.2026
-7.51263 -0.297715
-0.914448 -6.45328
0.915295 2.29553
-1 0
0.481709 -1.78767
2.28612 -5.85022
-4.44903 -2.05217
-4.02825 -1.28372
6.84552 -5.39281
-1.89318 5.22744
-8.46155 14.4876
3.76383 7.48945
-8.62547 -8.28015
-11.7882 -4.54155
0.444418 -4.43855
-8.266 -2.82054
14.6166 -2.60416
0.336742 0.996435
-1.27086 -3.28191
-0.788349 15.4427
4.49411 -15.7437
-28.8805 5.87218
12.6097 35.5998
6.29892 -15.0263
-4.01252 2.44928
30.6491 7.10948
-2.57982 -15.4263
-10.2902 -15.5999
-12.364 24.0208
-36.0656 12.7532
-11.3916 18.3816
16.5024 2.23575
16.7272 -21.3751
-1.6968 -49.1886
25.4236 -12.8587
-26.4834 11.4045
-30.8281 15.754
-28.2009 11.9008
-41.7142 32.5466
4.8496 11.5359
-10.4827 -23.6769
54.9333 -28.7674
32.7351 -9.46326
41.2214 -64.0956
-74.4655 36.6237
4.30252 107.131
-99.7304 161.824
30.5226 39.763
121.224 -450.754
175.962 -1147.01
100.953 -869.916
262.21 1067.68
-474.446 -1403.59
