21283 19525
223.119 -6276.52
679.992 2266.4
-0.306009 -672.9
-79.2954 -449.902
-404.451 -1026.49
-157.99 -199.225
141.266 18.3948
172.428 28.8821
-71.6335 -39.2185
-88.1118 -22.6021
-47.2955 -58.5574
19.2109 -98.0998
17.2079 -72.9583
-84.4682 -6.79143
-29.179 2.87367
-26.4985 -65.1047
41.5565 -43.5297
-20.4622 -42.912
6.55387 7.33571
-6.01864 18.5905
-17.8776 -4.41396
-36.7584 -3.19008
-18.5461 -1.70542
-3.69805 2.7523
-6.94975 -2.87868
16.9896 -5.69172
-21.4181 19.6594
5.12717 11.7933
-6.62971 -8.08767
-3.31781 -16.1934
10.086 -2.02212
-3.24411 1.36827
3.14336 17.1034
2.47373 -6.12217
-14.1827 -8.6759
-6.17469 17.3229
9.43043 1.07085
-4.36467 -2.67884
3.75865 5.13699
4.48131 -1.65282
-4.26337 3.02519
0.618353 9.94317
8.62066 -2.67227
0.220696 5.00709
5.00563 1.57704
-1.91227 -4.51285
3.41994 6.96386
1.3403 -1.72464
-6.27821 4.65775
-10 0
-0.541283 6.36755
4.11728 5.06136
7.00623 2.37395
-1.10008 -2.93168
0.19989 2.47569
-3.78195 7.4585
2.86335 -4.18294
-2.45586 2.3242
2.3299 -3.86079
0.585757 1.93619
-1.96391 -4.26813
-2.55614 -1.95941
-3.81841 -3.90128
8.98778 -6.67679
-3.71654 7.42077
-6.25439 -0.145903
-1.05348 3.54824
-3.71346 -2.21988
4.6951 2.36022
4.84567 7.31801
-5.22973 -0.871641
-6.16731 -2.85953
-1.55652 -4.60626
5.91073 5.45378
0.12132 -1.22183
4.42031 0.907266
8.6622 -5.86972
1.16591 -3.04513
1.7753 0.931741
3.42081 12.6165
-5.1879 0.375394
6.70067 -6.71514
-0.987992 -1.16971
4.53132 -0.375102
-3.43601 6.64653
-5.37893 1.28158
8.34257 5.42256
3.2546 -7.12453
-5.47574 2.86066
0.626495 4.71355
1.22206 -3.56233
3.82027 3.59541
-4.88388 -8.73412
-2.88519 -3.85557
-0.826099 4.92257
-8.30271 -1.61685
-4.99997 8.686
5.09252 -3.87566
-6.31969 2.60582
-7 1
1.40429 -4.34814
7.5942 -0.682289
-3.21868 -2.01952
-8.01816 2.75493
-1.36874 -4.90359
0.391875 6.3798
-3.57388 6.09736
-0.0876793 -3.35577
-0.682256 3.40874
-5.17255 -5.54118
-2.71445 -8.79383
1.33604 -0.95026
11.0758 -0.0498703
-2.92736 -0.620708
3.01527 -5.88037
-1.18648 2.05401
5.59845 4.12458
2.17495 5.64471
-0.143994 6.36415
0.343124 -10.3804
2.44836 -7.63161
-4.60234 6.96895
13.2605 -1.4877
3.10054 -3.03233
2.94975 -7.12132
0.83702 -2.81278
-0.929317 1.99891
-3.70201 2.21402
-4.64562 1.03649
7.76369 -8.90129
7.83782 -1.89687
-5.56794 3.1166
-1.81347 4.68736
-6.66734 -1.06851
-4.52278 0.249927
9.74641 5.27851
-4.49454 -2.0906
-7.46422 0.790965
-5.28472 0.518016
0.414243 -7.29687
3.67582 -7.57314
-1.48162 -4.35522
4.57843 3.35043
8.68224 0.197737
2.22035 0.395622
-0.240745 1.50115
-6.07755 1.00672
1.60879 4.25058
-8.69374 4.7418
-2 -2
-13.8506 -9.37164
1.80087 -10.0797
0.633632 -15.8242
12.0714 1.69969
8.80709 -3.05252
6.37573 -0.328047
9.25657 8.959
0.667947 -0.371493
-3.16129 -3.58862
3.75476 -0.583249
-4.06881 -6.9721
-17.9387 -2.9331
3.2585 2.0962
2.82147 -13.1956
4.61929 5.66358
20.0889 0.117377
19.2592 -9.56108
-0.784511 -1.40604
2.13069 9.31649
-10.2784 26.7898
-10.977 11.8546
7.90463 -16.7742
5.69153 -33.757
20.8947 -26.3001
-4.12132 -16.7782
-7.9386 -13.0094
5.48721 17.439
-11.6024 -3.41541
1.7769 25.321
7.01864 20.7702
23.2871 1.32544
-16.8098 -23.8068
3.24992 -27.2518
-21.2605 13.6952
-24.8731 19.6894
56.142 50.8293
72.6577 18.7702
72.7929 -21.4408
-41.9007 -0.0620956
15.6447 -43.5834
-147.558 18.2639
-84.1798 -29.0492
-139.1 7.94902
62.5658 -129.858
550.688 -234.913
639.974 -779.385
177.776 -504.804
-716.051 1040.54
179.752 -1946.81
