18176 19204
-4901.85 -3760.53
1480.56 -1304.33
113.375 538.676
337.368 24.6931
316.881 -993.631
-248.409 -117.111
-8.79608 -7.18681
-57.9316 -109.902
69.2038 -46.0902
47.4974 -76.1549
-98.1333 -16.0503
16.23 -7.31741
-23.6138 -12.9142
58.552 -71.8416
-23.8923 -74.6806
-73.4439 -64.0389
38.716 -5.12189
-3.26808 -15.4606
12.9073 4.5769
-22.6065 -48.3207
-4.63571 -2.00924
4.42336 13.028
-5.15678 -10.384
1.38169 0.98947
8.24264 -27.5563
-10.9428 -1.61079
3.78074 -3.30326
-4.87255 -5.31526
5.05422 -6.61052
4.97303 -5.69471
-17.2524 -5.7538
-5.16878 4.01606
3.36501 -2.67293
-6.30073 5.33938
-6.21673 1.65585
-1.47989 -4.97815
1.13225 -4.03826
-6.11504 -7.96863
2.75608 -3.53369
0.0551867 7.28022
-1.76494 -7.10878
-0.373208 -4.49328
-9.87267 -7.93059
-0.803353 6.98089
7.94101 7.40945
1.1288 -1.88459
8.83362 2.14236
-0.0187122 -6.88751
-3.14549 -0.470323
-16 -20
4.93435 -14.16
5.05438 -2.46779
1.33982 -3.48202
10.8173 -4.79955
-3.90634 0.491212
-3.66977 7.7118
-0.594684 -5.61296
-5.37299 8.1737
-3.2435 -9.38047
1.01664 7.97916
-5.354 -1.1945
0.00565635 -4.04917
0.264906 -6.63853
0.729838 -2.19726
-4.86336 2.24195
2.02591 -0.46919
-10.9462 -0.101833
-3.80629 1.48561
-4.68776 -5.25602
2.17286 4.67342
-1.93509 -2.97897
2.42625 1.54809
11.1542 -0.0369835
-7.48171 3.52256
0.928932 1.41421
1.08632 5.97331
-2.64303 1.02344
1.01251 0.578723
-0.618462 -0.445415
-3.2696 2.8363
-2.93043 -1.22013
-1.47561 1.80598
-7.46784 3.39774
5.31152 0.848807
0.348612 -0.869956
0.380987 1.89869
-2.70039 -2.59688
5.99671 7.85431
7.99802 -2.78731
-0.226915 -2.18449
4.27534 0.54071
-1.07218 1.86772
8.90897 -5.95311
-9.42298 -6.11596
-0.665831 6.54521
2.89241 -8.22432
-0.209501 -0.983951
0.611605 0.825805
13.2485 6.04602
-4 12
1.97667 -1.64462
-3.30436 5.16979
-3.44069 7.89338
4.11649 5.22198
3.93178 4.21434
-0.988345 5.45846
3.14626 -3.01132
-0.883632 0.413428
3.99691 1.52528
2.53504 5.66491
5.36429 -3.70533
5.59952 -4.15153
-4.57016 1.12064
2.01822 3.88169
-2.75914 2.75044
9.93171 -2.21732
-4.72662 -2.07872
-0.151654 0.415614
-5.93629 -5.17533
-2.82057 -0.690407
2.14249 1.359
-4.79513 -0.672516
-0.127646 1.02115
0.991402 -6.39685
-0.242641 3.55635
2.54248 -5.64059
5.22024 -0.659062
3.81603 -3.51826
0.00117577 -3.48456
-1.31125 8.49856
-6.0778 -2.35001
-2.45087 -1.35357
-0.916517 6.74287
-7.64647 -4.57274
1.26142 -2.9517
5.48346 -2.50989
-5.7236 8.44484
-2.26685 1.08346
-1.38998 0.0966848
-2.51007 -0.764376
-0.105692 -1.2034
-1.30953 2.20906
0.923823 -0.179809
-1.72494 -16.5979
6.13207 -2.40037
4.22722 -5.71794
-5.97444 -10.5895
-2.70933 3.88243
-0.89998 -6.87632
4 4
2.50309 -2.76912
21.9089 3.48629
-11.4793 10.3692
5.47462 -19.8913
-13.1732 1.90284
4.68592 19.1578
6.71739 1.30421
-8.5366 3.78135
2.72899 2.51186
5.03498 1.57388
2.52779 0.890709
-1.62684 3.33504
6.2613 -0.928963
-0.917508 5.33555
-9.36407 -11.4401
-5.27853 -8.68671
3.46684 2.62348
-14.8878 -7.66172
-9.45923 9.31639
15.0407 4.84083
-11.5664 2.75237
27.6338 5.86148
9.21166 -5.62746
-9.95978 -21.3928
15.0711 -1.41421
-18.5893 1.99017
-10.1197 -17.2182
-14.9892 -0.804527
18.4442 21.8597
-16.9001 4.10592
11.4141 6.33727
39.477 10.0049
28.4912 -34.362
-20.4384 13.5566
-9.00663 18.4752
-27.8707 -9.38879
-55.1668 -32.8155
-2.77892 94.2553
-29.3734 -54.4998
11.3191 -53.6436
55.1592 161.825
91.5218 -60.6854
39.2011 -118.415
122.838 139.418
433.352 -475.713
-616.518 -740.709
-465.262 186.709
-568.206 -1113.02
1809.72 -78.972
