21316 19109
451.42 -6694.61
692.778 2232.9
191.483 -555.324
20.5948 -292.476
-508.998 -920.089
-212.189 -287.1
69.4995 -129.552
192.06 -2.96259
65.5724 -56.9246
-88.0525 -48.6638
-79.9355 43.4714
-1.0956 -95.9542
10.627 -86.7821
-50.9539 -23.4466
-6.02532 -2.07523
-76.9756 23.0359
17.828 5.21914
-29.299 -81.7357
-46.0155 -10.7065
24.5825 29.1115
8.85294 -22.3947
-5.73028 11.7604
-17.6262 5.78146
-19.4313 -5.81959
-14.1924 12.1924
1.69003 -20.9776
-4.928 -3.59128
-2.71743 12.8787
-14.1366 4.93393
-15.5294 -6.53568
2.10735 -13.394
-24.5242 -0.347744
9.54972 3.51483
-6.65051 3.83616
2.79119 0.618001
-6.86107 -7.07706
-9.19186 -4.75435
-0.872008 -3.40071
1.28881 2.23136
-2.02015 3.70785
-7.04776 15.7086
1.90662 -5.71848
1.73134 0.554701
-2.14629 -7.59397
-1.81623 -2.63873
-0.268677 7.17743
7.01441 -1.14464
1.36105 -2.53009
2.55835 5.2746
5 -6
0.510365 -7.01904
4.39924 2.54603
-5.80815 -5.20715
4.01872 -0.368961
4.00661 9.4506
-3.98169 -0.0627788
-3.1044 2.69908
-7.85693 -0.661228
-0.751211 12.9601
-0.85591 -5.0409
0.720623 -4.68012
-4.46081 -4.49935
3.02612 -4.81666
3.7251 -3.28975
3.1852 -2.66032
3.11106 1.4533
-2.13067 -3.97309
2.44225 2.90339
2.27733 -6.77849
-3.32468 -2.66594
-3.90091 1.27893
7.13184 5.62615
1.05795 6.98562
-8.38579 -3.60486
-0.979185 4.19239
-3.65219 3.78964
-6.7142 8.8614
8.95577 2.77564
-0.101205 0.591778
0.942463 4.99849
4.30588 -4.36222
4.06714 -1.42844
0.163766 -5.15506
-2.30115 3.29611
1.55294 -4.3686
-6.07321 -2.21049
-3.38486 -5.59065
-3.66488 -0.323152
2.67447 -1.20405
3.65742 0.685112
11.2375 7.87785
-5.78209 -3.87902
2.76422 -3.58921
3.39831 0.288827
-3.44711 -0.0689393
-7.89131 1.58502
1.96759 -1.24279
-7.34458 -3.69377
-4.78059 1.57047
-6 -3
-3.76847 -2.16491
-0.34743 1.03492
-0.897385 -2.80397
-8.97056 -1.85133
-7.14403 2.34727
5.384 3.47317
0.198744 7.757
-1.25673 2.33327
7.83464 3.55142
5.92751 -1.00874
3.05963 -2.63467
-2.98414 0.662138
-2.91936 2.20944
-3.88002 1.25531
3.16496 3.07258
-1.1109 -4.79747
-3.30204 1.90575
5.21111 -0.469595
4.43469 1.89788
3.2936 -4.23456
-1.7654 -4.0193
1.68911 -3.3505
-8.7709 -2.64206
1.69838 0.0730109
4.19239 -6.19239
-4.85495 -1.13931
3.24682 -2.02986
0.766437 -3.85398
0.969676 -3.99356
-7.19204 4.2244
1.32305 4.2788
5.42693 -1.07127
-1.70691 -2.91528
3.13527 -1.59086
-3.92461 -7.04803
0.43273 3.12767
1.80679 5.86272
6.29744 6.82459
-0.391009 2.379
1.49523 5.22124
-6.46101 -9.42376
-3.06085 5.71409
-2.54038 -6.97264
-7.59029 -7.34452
5.15756 1.09828
-2.43412 1.01253
1.89716 3.26866
0.192791 -2.40241
1.64326 1.29722
1 8
10.921 -8.8334
-5.93838 6.19888
9.41882 2.67314
-7.45865 -7.35952
2.64661 4.10773
2.32469 2.11625
5.56875 -8.85026
-0.654267 1.44262
-3.18944 -8.09575
1.78408 1.52822
4.89546 2.37318
-1.92911 -5.02811
-4.36197 23.8681
-7.50226 7.70933
5.51005 5.38534
-8.02102 2.64292
-1.45655 -2.52556
-18.2845 -14.8501
0.416702 -4.34586
-3.41284 -5.24568
-0.246768 2.65935
27.3294 -20.1174
6.08574 8.52622
17.9478 2.7382
-25.0208 -14.1924
-7.24425 7.61091
-15.9038 11.5497
-7.15237 15.6511
-5.6664 36.44
20.7782 -51.2918
-20.4724 -28.4679
2.90417 -5.96442
22.8897 -67.2519
-21.5156 30.0905
22.5521 34.9261
44.4513 28.3864
28.7656 -1.75752
46.5527 27.6159
-43.0639 -42.0667
-18.0734 -32.7896
-159.592 -7.95884
-116.481 -74.7016
-111.318 -25.2429
236.017 -56.2383
636.788 -238.057
633.465 -629.893
125.868 -289.124
-893.085 929.615
575.869 -2065.09
