18438 19510
1695.55 -6560.07
-1006.69 1425.53
-122.961 -261.95
-531.152 -222.353
273.479 -473.072
235.756 -280.583
173.008 -180.78
-180.228 -120.259
-137.016 -58.9336
-88.9565 -42.1917
-16.3779 -26.1482
5.91411 40.5493
-9.83249 -30.9102
-17.0528 -32.1906
-13.4129 -118.937
3.65422 -21.4532
-18.3785 -1.54223
-63.2072 20.9201
-3.82576 0.888139
10.6469 -12.1299
-7.90649 -6.59248
-13.2432 1.81401
-23.1995 4.7841
-6.81717 2.83915
-12.7782 -21.1924
-3.85703 6.06061
2.34852 -0.919092
-2.0248 20.328
-11.854 -10.4737
5.07748 -1.74294
3.61231 -0.095816
4.23419 -17.1743
-9.92719 11.728
1.47789 9.8728
4.29114 -3.32345
0.202206 2.24661
-2.0021 4.7326
-0.00156014 12.6587
-1.57644 -5.71472
2.78173 -9.69842
0.70258 3.36149
5.54172 1.34903
-14.0387 -2.63193
-6.27871 -1.99713
-1.79159 12.9165
16.3773 6.53095
6.68973 13.1222
-2.67612 6.92586
-21.586 -0.807486
-3 1
1.20656 -3.78358
2.21507 0.935329
11.9972 -24.8778
-4.27931 2.52131
-4.77411 1.97096
-8.63927 -0.900827
1.5824 -3.85711
6.54966 -0.200671
5.86949 -0.946075
-2.11859 -4.32167
-3.34446 -6.55344
2.69831 -2.93714
-6.38762 -4.10577
4.00352 0.117434
0.921944 2.14481
-4.73729 -1.7463
-2.51313 -4.98395
-1.49591 -1.7247
6.11145 -2.6204
2.83235 -1.59645
-0.167682 1.54334
8.27881 -2.00529
0.455051 -0.895048
-2.27337 -6.01846
-4.87868 6.94975
-6.40647 4.42932
-4.52587 -0.674537
3.0645 0.379956
-3.14998 8.39271
1.80808 8.56575
-4.88464 -4.85297
-6.09307 -0.0655682
2.54621 -2.6273
-1.7558 -0.781954
-4.60231 -0.352702
-2.5161 3.03553
-3.03238 0.514879
2.00172 -1.21752
-3.58947 -4.60917
-4.85501 7.15725
7.77824 -0.555486
2.69002 0.312679
0.080813 -4.19991
-0.0872426 -5.82763
-0.205516 1.2796
-4.45572 1.3831
-1.79463 -10.5275
-4.94069 3.66121
-6.59995 -4.09718
-8 2
1.38718 -5.49278
7.60711 0.822657
4.5335 -9.52689
-2.22084 -2.53693
-2.29755 6.23555
-6.96076 -6.43533
-3.50399 0.320601
4.02748 1.54448
2.17778 7.95018
-2.90441 6.00892
-5.37092 3.00404
8.3925 3.75867
3.693 -2.28215
-0.393079 -2.25994
0.420875 -6.51073
-5.17797 -0.312462
2.14077 -1.08017
-5.58847 2.36691
-1.98224 1.62808
-3.89825 -5.47558
-2.07704 -3.11722
-1.72828 0.590328
3.39515 -0.892615
-4.09049 -3.70045
2.77817 -2.80761
1.26859 0.0790416
1.12345 -5.52183
5.87595 -4.61933
1.48242 2.5115
-0.834978 1.75226
3.52391 4.90217
1.19624 1.71619
-0.73586 4.59792
2.92049 -2.60279
0.546894 -6.05141
4.36338 1.82042
-4.36763 0.987313
-0.879555 4.15393
4.66714 1.09132
-0.387989 1.9397
3.61451 5.46757
4.09078 -11.01
-2.40082 -1.97808
0.627936 -6.33868
-4.57341 -0.451125
2.90334 12.6055
2.14282 -5.80503
2.04231 -1.54312
-4.88036 25.7434
13 -5
-8.24289 5.9117
-4.41534 10.8575
5.2816 6.38983
-5.32218 1.83965
1.31502 1.20937
-10.1836 -0.471514
2.1522 0.368476
13.2704 -3.72189
5.3856 -3.32108
6.30844 1.60825
5.82545 3.52785
-3.11982 -9.2994
-9.57703 8.63196
-11.174 8.45873
6.30671 -4.42317
6.69124 -10.8754
7.3725 -10.5255
12.4004 14.337
16.3068 -9.48871
7.64651 -7.71782
1.38184 16.794
3.49854 -8.44255
-9.81482 4.23907
-16.2264 -3.09641
-9.12132 -2.94975
4.05834 -16.9994
2.86508 -20.1861
-13.8225 8.24204
16.2968 4.51946
24.8597 7.51182
39.9839 13.8831
-28.5539 -4.90969
-25.1917 -9.07698
-22.0415 -45.2917
-37.4429 -8.9982
-0.839362 -34.2572
2.69528 -6.90095
-9.28405 63.8167
45.3768 55.9503
21.9946 82.3305
130.843 30.2508
-71.3971 66.7575
64.9583 -61.3453
-151.604 -369.539
-134.181 -483.637
-7.76179 -473.01
424.795 -75.4486
753.804 922.545
-766.32 -2393.41
