20499 19617
-4705.48 -4597.82
2015.12 -643.678
378.55 259.505
110.149 -663.631
5.53837 -799.894
-316.456 190.585
162.433 -41.7985
-90.8135 -218.67
-31.5769 27.8525
22.0818 -47.743
-54.4412 4.35668
31.007 -101.895
-80.9644 -67.0637
-4.57315 25.4702
-1.45992 -36.3007
-0.803102 -58.3372
-17.7405 17.7142
-30.9283 -18.5268
7.39341 30.5163
9.04306 -18.6207
-32.1116 27.0441
-18.0809 -14.1474
7.45524 -9.54304
-2.55488 -19.4676
-6 -8.24264
-17.1545 16.5035
15.3115 -9.23439
-2.65725 -3.75453
-11.7438 0.401035
-14.5467 -6.67741
-8.1489 -5.26512
4.78138 1.03925
-0.179516 -15.8974
2.75878 -2.13717
-11.352 -3.92941
5.77121 -5.32577
-2.63288 -0.396794
1.6324 -7.62845
-8.25033 5.81929
-4.57237 4.48812
4.91577 4.39083
5.24979 -0.0129076
-5.14181 1.04361
-11.5422 -5.28998
-18.1108 -6.70406
16.3338 4.71496
6.17081 -0.781672
-1.46766 -7.16497
0.028269 -16.0157
1 7
4.65016 6.08061
-7.12623 -10.6235
-5.62247 -2.67911
-2.87834 0.679491
-2.24526 -9.76397
0.606065 -8.3482
-9.30738 1.94676
-2.15489 -7.13914
-7.75714 5.53484
9.5225 -6.00641
-6.0279 2.79953
-13.9052 -11.4622
10.5889 9.58053
-1.65315 -6.6825
2.83181 5.90168
-5.19527 -4.28841
12.1588 2.85394
-4.16096 -3.51426
11.4307 5.07505
-7.59924 2.19715
1.31884 2.03645
-3.93847 2.97279
-1.68542 -8.23005
5.42134 1.87042
0.343146 3.41421
2.34884 3.69984
5.5845 0.482516
-4.19889 -0.555144
0.505827 4.76058
1.16219 8.82823
7.81165 -5.76467
4.43235 0.896866
3.55888 2.50394
1.38274 -1.72823
-0.21124 -6.42875
-0.958764 0.345704
3.70049 5.42418
3.17633 -3.27419
10.9109 0.360739
-7.51948 -1.47176
-10.0014 -2.01859
2.93204 8.73345
0.599062 6.98597
-5.63293 1.45691
-3.87428 1.55816
2.40737 -0.333184
0.791894 -1.02856
6.12611 6.33118
2.63088 6.15513
3 1
5.01771 -1.62178
-2.07925 -6.17556
2.897 1.64269
3.74286 1.42045
-4.2947 5.75976
1.60391 -5.30553
-10.672 -1.11706
-5.14643 10.5293
-0.165322 0.718427
1.82667 1.08548
-2.15441 6.98273
0.320535 2.17438
-4.32996 -9.43604
6.58613 -2.08494
3.40604 -2.72883
-1.9598 -0.412673
4.02602 -0.868492
-1.05728 -0.450669
4.77612 6.47315
-4.54415 -0.682334
2.25663 -5.20698
5.92801 -1.00315
0.212542 1.65551
4.13803 -5.36966
-6 0.242641
2.66405 6.22002
-3.04584 5.71613
-2.67135 -0.6463
3.81498 3.86379
-0.0994968 6.2057
7.43023 1.8431
-3.93139 2.35583
1.7218 2.43677
-0.460769 1.10953
11.0088 -5.22137
-0.800745 4.55879
3.78679 -11.14
-5.44184 4.97864
0.0391024 -3.74446
-1.61267 3.33264
-4.21571 -5.81714
2.99662 13.2866
-4.19428 -0.466768
-1.42557 -0.887365
-4.36894 5.10952
6.51837 7.41809
-4.69427 -7.03116
-7.04695 3.29573
4.04243 -2.54709
1 3
10.1601 -3.64863
3.42811 -10.5092
2.04759 -1.65626
-0.530691 -15.3147
9.37044 -4.49294
-15.3277 0.00523876
6.96153 21.3863
-7.5022 10.4581
2.10051 -7.16413
-1.04566 10.366
-2.03813 1.55303
7.24051 -2.88293
-1.94111 7.31419
8.65849 3.73555
-13.2874 -6.48038
6.60482 10.2695
-0.788407 2.94089
-4.15167 10.3395
0.643537 13.3063
-5.46281 -3.99092
-6.01205 -3.56882
6.7234 -6.88944
-2.84126 -5.08389
-10.8635 -0.866743
11.6569 0.585786
-18.3421 -21.3094
3.01226 36.126
2.56876 22.6424
-3.16062 -50.4964
10.0471 0.294446
4.01706 -22.9001
-26.2235 -18.0987
-23.2568 -7.58097
-3.81607 23.9354
-6.0971 20.7357
42.4073 84.1145
39.3201 -67.9054
-28.8557 -21.6873
-30.5158 17.3068
-30.6808 -119.605
-59.4392 -2.36321
23.9756 194.189
21.6043 -168.564
-35.5557 197.618
593.146 -13.1209
34.6436 -757.233
-355.846 -502.016
-840.361 -1335.21
1869.74 62.9892
