19306 20042
-4778.62 -3681.72
1825.04 -1064.26
425.292 456.511
297.378 -373.013
67.4103 -966.422
-274.622 95.1454
107.396 -33.4736
-54.4325 -158.442
56.7887 -15.1142
-3.9685 -96.3458
-20.8063 70.418
41.9501 -30.7822
26.3267 -78.789
-14.5833 -62.2604
-42.8761 4.74002
-30.3251 17.8438
48.2977 -39.6062
-26.9842 -33.3614
17.1776 -15.7659
3.24045 -14.0459
24.7934 12.667
19.7356 -10.7446
3.1223 -11.3727
-1.23841 1.2214
-7.36396 -1.29289
4.90469 18.5927
-24.2286 -4.57027
-9.16335 9.03242
-2.14109 -5.19589
5.08247 -7.04883
10.3903 -11.3454
-5.03442 -10.0282
-0.360784 -2.07762
-10.4022 -7.16961
-0.421612 -4.96771
-0.884293 -2.5122
2.72996 1.59169
8.2898 0.752839
4.64235 0.422791
-3.94871 -0.24617
-9.18613 5.49028
-12.2406 0.156461
-3.63568 3.09747
2.27939 -6.7804
-1.44587 12.1823
9.92976 5.72305
8.04612 -2.20577
2.65355 -5.09059
0.04255 -3.91417
-3 -1
-14.806 3.4599
0.861648 -10.6802
6.1744 1.55477
-4.64121 -3.11504
-9.64987 -11.0785
-5.35212 9.5375
-7.25967 -9.20636
-0.19731 -2.23032
2.94354 -5.98359
-1.46293 -2.26085
7.17948 0.532073
5.82684 -6.06532
-3.54544 -2.5828
0.368954 -0.107732
4.81717 0.772241
-2.87963 -0.984195
-0.3871 -2.52971
-7.72442 2.11602
2.35845 -2.89758
6.53556 -1.93801
-3.26231 3.85706
1.58424 -3.44313
-1.20686 4.94858
1.17611 4.16891
5.94975 -1.05025
5.5933 4.74204
-5.06421 0.324522
-3.3837 -3.15042
3.10501 -3.27494
-1.10227 1.96058
2.96992 4.15706
1.98209 2.00738
4.5663 -3.39326
-4.05696 -0.535018
1.7058 0.942848
-9.7809 -1.31366
1.86962 -6.37688
1.48931 4.00043
0.264257 0.013872
-3.41347 5.15227
3.61391 0.566844
-3.03552 2.33572
-4.53803 -1.13226
3.48175 -0.759302
-5.65398 -5.80963
-9.30319 3.54175
0.57384 1.16182
-5.02716 4.09824
6.75511 -2.96049
2 0
14.9089 -8.17324
4.94946 5.81639
-3.3225 3.62124
1.26741 2.21177
10.953 6.94343
0.14822 -7.44385
-5.80286 4.47582
2.87697 -4.40997
-4.88206 4.04659
1.6133 -8.59906
6.12227 1.04558
-3.20264 4.27784
2.49517 4.42677
-1.76707 2.90984
-1.41903 -1.97762
-4.62055 -1.97947
6.26251 3.73906
1.44265 1.60549
1.34257 -2.89734
3.4285 1.51155
-6.54279 0.145471
4.93914 6.22202
-2.46537 -0.0662506
3.04287 -2.44752
5.36396 -2.70711
3.40472 -2.94632
-7.09205 2.58144
0.475682 -3.05138
4.16222 -3.5364
3.24846 8.67481
0.597361 3.31831
-4.32821 -2.54755
-0.320115 2.23171
-6.6339 0.672723
8.68043 -3.15847
-4.92315 5.9684
5.76406 -0.28043
-0.0521872 10.1539
2.38247 -1.54172
6.31703 0.0247804
1.64179 8.25752
3.37591 2.3133
-8.16459 2.79263
-5.56178 1.8983
-1.32067 6.30599
1.19335 -12.3345
0.523432 -2.0754
-1.02504 -6.47099
10.6965 6.23803
-1 -1
4.29203 30.7407
-23.4236 -6.26454
3.36295 -3.40825
-12.8658 4.1615
-9.80893 9.81522
11.1389 17.4733
-8.68602 -3.61169
-8.80099 6.34715
-3.68945 -10.3315
-9.37753 -5.22597
6.80377 -4.28525
-6.37339 4.81952
-9.74611 0.534681
-0.114864 10.25
1.71455 11.6362
-7.57404 8.37391
9.38725 2.65875
0.925051 8.88124
9.42375 -5.47785
-12.8665 -1.48132
-7.63788 7.2102
-14.2782 -10.9763
-22.0898 10.8897
5.46217 -2.41318
-3.94975 -10.9497
12.4936 0.847722
28.0724 0.117523
3.61638 -52.9774
9.41631 -6.61622
-5.09455 16.2819
-1.53275 6.5044
-16.8341 35.2021
39.4555 37.9872
-7.87712 -43.2415
18.1657 11.6394
8.94716 -16.6874
33.5349 -69.9907
-89.2242 8.76076
-21.9359 -20.968
7.76867 -76.4141
-0.144179 110.333
84.4162 79.4388
12.582 -130.06
96.8393 175.156
539.149 -275.563
-381.666 -851.575
-460.311 -89.583
-489.044 -1124.18
1682.76 3.7219
