16106 19402
731.032 -6069.05
-578.784 2023
-264.489 -638.937
-1.47976 -305.613
323.708 -913.93
62.255 -202.324
-81.2141 -41.7652
-170.32 36.0652
-29.8796 4.26941
115.542 -65.2634
11.4076 -108.257
-83.9775 11.1535
-52.7523 -5.51695
-42.6222 -113.864
16.0826 0.572592
8.23169 -29.8775
-51.0536 -10.0861
-47.4056 -31.9424
8.19229 -8.60615
-9.8996 5.02108
2.75738 11.4395
-5.72358 -17.1436
-25.248 -21.5552
-6.60129 5.99931
-11.2426 11.2426
-2.6605 1.63602
-3.70818 -6.63726
-3.1271 -9.60327
-18.4064 -1.62604
16.9709 16.5807
1.8013 -6.05777
-12.3256 5.98723
1.52071 14.2605
-1.14873 3.99269
-13.1178 -3.92369
-1.6108 4.56057
10.3588 -0.267118
12.5914 -24.2122
-2.40829 7.47383
-14.8977 -0.131097
2.33115 2.78888
-2.38222 -13.9767
10.1504 -4.9496
6.52203 -15.2826
-1.75878 -1.64622
-3.90242 1.6398
9.26945 -0.192057
7.42629 -8.82356
-2.9715 1.48688
4 -4
-7.12366 -4.59989
-7.10373 -0.710156
-0.634186 -12.7532
-2.25914 2.88858
2.99337 -5.57698
-2.59157 -6.07401
-2.47162 -1.9695
-3.2456 11.5608
11.3459 0.378871
-2.8698 -2.38435
6.51187 -8.05737
-7.99649 -6.43915
2.77529 0.969594
-4.01051 -1.82468
7.6512 -0.612747
1.32349 -5.66311
6.41426 5.34602
-6.31982 -1.14762
-2.74134 -8.46237
1.41102 -1.05285
-1.64171 -0.953719
-8.82131 8.85989
1.06088 -4.48559
4.54278 -9.91422
-2.65685 7.82843
-1.18291 -5.13836
-5.80172 -0.0540256
-9.87382 3.279
-6.40196 6.44458
0.870967 0.392424
-5.1145 -2.25875
-2.63317 -1.44691
1.76027 -1.97683
-1.89824 -1.04168
-1.69612 1.20099
1.23726 -3.78204
1.99066 3.13901
3.0651 5.87869
2.783 2.53121
-8.67507 4.90275
-0.995868 0.349064
-4.27736 4.91125
2.16324 -5.35851
0.275857 10.756
2.34085 1.87966
-4.98007 -0.958839
6.89267 15.306
2.43998 0.493039
-1.32033 -0.164303
4 4
4.09437 3.91445
3.61527 0.31317
4.86421 -1.82014
1.851 3.20285
0.799301 2.89143
7.77304 0.809639
-3.03006 6.26139
-6.03001 -0.633184
-0.857913 -5.90308
1.97402 -2.02978
3.08745 1.47508
11.1198 -7.26157
2.65592 2.27503
0.366343 3.97559
0.296704 -5.93627
-1.3068 -4.68558
4.72548 -1.93766
-2.51753 -7.47803
-5.61699 -0.012751
-1.30866 7.55185
6.40199 3.86758
-7.87989 4.9964
-3.64561 5.15587
-7.76322 -2.04636
-2.75736 2.75736
7.22822 4.97522
3.29354 -11.4157
-11.3701 3.39928
0.768626 -0.710159
10.4823 -7.16636
-0.697849 -4.56302
1.58634 0.105134
-2.38694 -0.454416
6.42162 4.59529
3.21055 -6.20413
2.93194 -5.23779
0.214902 -3.18993
7.36672 -2.64316
-1.3864 -1.54266
9.61245 -3.55992
8.96282 -2.0733
2.4049 -6.96685
-7.38387 -10.9959
-2.57469 -5.56244
-6.33548 1.76346
10.1965 9.41133
-1.41807 -2.17626
-9.10313 -4.34414
0.19793 -0.689788
6 -10
-7.31248 0.9543
-1.31339 11.6971
-5.07731 3.13781
-2.49253 7.52194
17.0368 3.68974
-0.131056 1.24596
3.16742 7.78432
-3.45158 -9.65509
3.68559 -13.8884
-5.66463 -9.81318
-3.676 4.76028
-6.33274 -0.912926
9.3338 15.0767
5.68544 16.8941
-5.71931 1.99893
18.7526 9.2773
5.45752 -24.1845
-21.7718 5.87439
3.47371 10.6081
13.6505 -8.47296
-6.41636 4.73208
10.3149 -2.51073
-0.375232 -0.984552
-1.72305 38.838
8.65685 2.17157
-7.64861 -14.6879
3.0562 -12.1526
-3.18463 -25.8147
-2.46405 -16.4281
-25.843 6.92319
16.3782 14.9974
-13.0094 48.0608
20.8622 33.9214
-6.06686 0.127432
-32.6491 -5.66538
-28.5007 -4.97492
8.34175 -52.2312
18.5947 -94.835
-27.5374 62.1793
18.644 26.5019
-12.99 137.254
115.77 118.217
18.2172 102.86
117.642 -190.108
-24.8432 -574.501
92.608 -826.279
202.011 -360.427
483.297 1137.24
-87.1211 -1615.02
