96 45
98 44
100 45
101 47
100 48
100 50
99 52
99 54
99 56
98 58
97 59
96 61
95 63
94 65
93 67
93 69
92 70
92 72
92 74
91 76
91 78
91 80
91 81
93 82
95 82
97 81
99 80
99 78
101 77
102 76
103 74
104 72
105 70
107 68
109 66
109 65
111 64
112 62
114 60
115 58
116 56
116 55
117 53
119 52
121 50
123 49
125 49
126 50
127 51
128 53
128 55
126 57
125 59
124 61
124 62
122 64
121 66
120 68
118 68
116 70
116 71
115 73
114 75
112 77
110 79
109 81
108 82
107 84
106 86
105 88
105 90
107 92
108 92
110 91
112 91
114 90
116 89
118 88
120 87
120 86
122 85
124 84
125 82
127 80
129 80
130 80
132 80
134 81
135 83
135 85
134 87
134 88
133 90
131 91
129 91
127 92
125 93
124 94
122 96
120 98
118 99
116 101
114 103
112 105
112 106
111 108
109 110
107 112
105 113
105 115
106 116
105 118
103 119
102 121
101 123
99 124
100 125
98 127
96 129
94 131
92 133
91 135
90 135
88 137
86 138
84 139
84 141
82 143
81 145
81 146
80 148
79 150
79 152
78 154
77 155
76 154
74 154
72 153
70 151
68 150
66 149
65 148
63 147
61 145
59 143
57 141
55 139
54 138
52 136
54 134
55 132
55 130
56 128
57 126
58 125
60 123
60 121
61 119
62 117
63 115
63 114
64 112
65 110
65 108
65 106
65 104
66 103
67 102
68 100
69 98
69 96
71 95
71 94
73 92
75 90
76 88
77 86
77 84
78 82
79 81
80 80
81 78
82 76
82 74
83 72
83 71
83 69
84 67
84 65
85 63
87 62
87 61
87 59
88 57
89 55
90 53
92 51
92 50
93 48
94 46
