94 49
96 48
97 48
99 49
101 51
102 53
102 54
102 56
101 58
101 60
100 61
100 63
100 65
100 67
100 68
100 70
101 72
102 73
103 74
104 72
106 72
106 70
106 69
107 67
108 65
109 63
110 63
112 63
113 64
114 65
116 66
116 68
115 70
115 71
115 73
114 75
112 77
112 78
112 80
113 82
112 84
112 85
111 87
110 89
109 91
108 92
108 94
108 96
108 98
108 99
109 101
110 103
111 104
110 106
109 108
111 110
112 111
114 112
114 114
114 116
114 117
114 119
114 121
114 123
114 124
113 126
112 128
112 130
112 131
111 133
111 135
111 137
111 138
109 140
108 142
109 144
108 145
107 147
106 149
106 150
106 152
106 154
107 156
107 157
107 159
105 159
103 159
102 159
100 160
98 159
96 159
95 159
93 159
91 159
89 158
88 158
86 158
84 157
82 157
81 156
79 156
77 155
76 154
76 152
76 150
76 148
77 147
77 145
77 143
77 141
77 140
77 138
77 136
77 134
77 133
76 131
75 129
74 127
74 126
75 124
75 122
74 120
74 119
74 117
74 115
75 113
75 112
75 110
75 108
74 107
74 105
74 103
74 101
74 100
74 98
74 96
74 94
74 93
74 91
74 89
73 87
73 86
71 84
70 82
70 80
70 79
70 77
71 75
71 73
71 72
71 70
71 68
71 67
70 65
70 63
70 61
71 60
72 58
72 56
74 54
75 54
77 54
78 56
78 58
78 59
79 61
79 63
79 65
79 66
81 68
81 70
81 72
81 73
81 75
82 77
82 79
82 80
83 82
84 84
85 85
87 84
89 82
89 80
89 79
89 77
90 75
91 73
91 72
91 70
92 68
91 66
91 65
91 63
91 61
92 59
91 58
91 56
92 54
92 52
93 51
