108 57
109 57
110 59
110 60
111 62
111 64
110 66
110 68
110 69
110 71
110 73
110 75
109 77
109 78
109 80
110 82
110 84
110 86
109 87
109 89
108 91
108 93
108 94
108 96
108 98
110 100
112 98
113 99
115 97
115 95
115 93
117 92
117 91
118 89
119 87
121 85
122 84
123 84
125 85
127 85
129 86
129 88
129 89
129 91
128 93
128 95
127 97
126 98
124 100
122 101
121 103
122 105
122 106
123 108
124 110
124 112
124 114
124 115
123 117
122 119
120 120
120 121
122 123
124 122
124 124
125 126
125 127
125 129
125 131
125 133
123 135
123 136
122 138
121 140
121 142
119 144
119 145
118 147
118 149
117 151
118 153
118 154
117 156
116 157
114 158
112 158
111 158
109 159
107 159
105 159
103 159
102 159
100 160
98 159
96 159
94 159
93 159
91 159
89 158
87 158
85 158
85 157
86 155
85 153
86 151
86 150
87 149
89 148
91 149
93 149
94 148
92 146
90 146
88 145
87 144
87 143
85 141
84 139
83 137
83 135
83 134
82 132
83 130
82 128
80 126
80 125
80 123
79 121
80 119
81 117
81 116
82 114
82 112
83 110
84 108
83 107
83 105
83 103
82 101
82 99
81 98
81 96
80 94
78 92
78 91
78 89
78 87
78 85
78 83
78 82
77 80
78 78
76 76
77 74
77 73
77 71
79 71
81 71
83 69
83 68
83 70
85 71
86 72
87 74
87 75
89 77
89 79
89 81
89 83
89 84
89 86
89 88
90 90
91 92
92 93
94 93
96 93
98 91
98 89
98 88
97 86
97 84
97 82
97 81
98 79
98 77
99 75
99 73
99 72
99 70
99 68
100 66
99 64
100 63
100 61
100 59
101 60
103 60
104 59
106 58
