96 60
98 59
99 59
101 59
102 61
102 63
102 64
102 66
101 68
101 69
100 71
100 73
100 74
99 76
99 78
99 80
99 81
98 83
99 85
99 86
100 88
102 88
103 88
104 86
106 84
107 82
107 81
109 79
111 77
111 76
112 74
113 72
113 71
113 69
114 67
116 65
116 64
118 62
120 60
120 59
122 59
124 60
124 61
124 63
124 65
122 67
122 68
121 70
121 72
120 73
120 75
119 77
118 78
117 80
117 82
117 84
117 85
116 87
116 89
115 90
115 92
113 94
112 94
111 96
111 98
112 100
113 100
115 100
117 99
118 98
120 96
121 95
122 94
124 92
125 90
126 88
127 87
128 85
130 83
131 82
133 81
135 80
136 80
136 82
138 84
137 86
137 87
135 89
134 91
134 92
132 94
130 96
129 97
127 98
127 100
125 102
124 103
122 105
122 107
121 108
121 110
121 112
121 113
120 115
120 117
119 119
118 120
117 122
117 124
116 125
116 127
115 129
115 130
114 132
113 133
111 135
111 136
110 138
109 140
108 141
107 143
105 145
105 146
104 148
103 150
102 151
101 152
100 154
99 156
98 157
97 159
95 159
94 159
92 159
90 159
88 158
87 158
85 158
83 157
82 157
80 156
78 155
77 155
75 154
73 153
71 152
71 151
72 149
72 147
72 146
73 144
74 142
74 141
75 139
75 137
75 135
75 134
76 132
77 130
77 129
78 127
78 125
79 124
79 122
79 120
79 118
79 117
80 115
81 113
81 112
82 110
83 108
84 107
84 105
85 103
86 101
87 100
88 98
90 97
90 96
89 94
88 92
88 91
87 89
87 87
88 85
88 84
89 82
89 80
90 79
91 77
92 75
92 74
93 72
93 70
93 68
93 67
93 65
95 63
95 62
