113 65
115 64
117 65
119 67
120 68
120 70
119 72
119 74
119 76
119 78
118 79
118 81
117 83
117 85
117 87
117 89
117 91
118 92
117 94
116 96
115 98
115 100
115 102
115 103
117 103
119 104
119 102
121 101
123 99
123 97
123 96
124 94
125 92
126 90
127 88
127 86
127 85
128 83
129 81
129 79
131 79
133 79
134 79
135 81
137 83
137 85
137 87
136 89
137 91
137 92
135 94
134 96
135 98
134 100
132 100
131 101
131 103
130 105
129 107
129 109
129 111
128 113
128 114
128 116
128 118
128 120
129 122
128 124
129 125
128 127
130 128
130 130
130 132
131 134
132 136
132 137
132 139
133 141
131 143
131 145
130 147
129 148
129 150
129 152
127 153
125 154
123 155
121 156
120 156
118 157
116 157
114 158
112 158
110 159
109 159
107 159
105 159
103 159
101 159
99 159
97 159
96 159
94 159
92 159
91 158
90 156
91 154
90 153
90 151
90 149
91 148
92 146
91 144
91 143
91 141
89 139
89 137
89 135
89 133
88 131
88 130
88 128
89 126
90 124
89 122
90 120
90 119
89 117
89 115
89 113
89 111
90 109
90 107
90 106
90 104
89 102
88 100
87 98
86 96
86 95
86 93
86 91
86 89
86 87
87 85
87 83
87 82
88 80
87 78
87 76
88 74
88 72
88 71
90 70
92 69
93 71
94 72
95 74
96 76
96 77
98 79
98 81
98 83
98 85
98 87
98 88
98 90
98 92
98 94
98 96
98 98
98 99
99 101
99 103
101 104
103 105
105 104
105 102
106 101
106 99
105 97
106 95
106 93
106 93
107 92
107 90
107 88
107 86
107 84
106 82
107 80
107 79
108 78
109 76
108 74
108 72
108 70
108 69
109 67
111 66
