108 56
110 56
112 56
113 57
114 59
114 61
115 63
115 65
115 66
116 68
115 70
114 72
114 73
114 75
113 77
113 79
112 81
113 82
114 84
114 86
116 86
116 84
117 83
118 81
119 79
120 77
120 75
120 74
119 72
121 71
122 69
123 68
124 67
126 67
127 69
129 71
129 72
130 74
129 76
129 78
128 80
128 81
127 83
126 85
126 87
126 89
126 90
125 92
125 94
124 96
125 98
125 99
124 101
124 103
125 105
125 106
125 108
126 110
127 112
129 114
129 115
129 117
130 119
130 121
130 123
130 124
131 126
131 128
131 130
131 132
132 133
132 135
133 137
133 139
133 140
132 142
131 144
131 146
130 148
130 149
130 151
128 153
126 154
124 154
123 155
121 156
119 156
117 157
115 158
114 158
112 158
110 159
108 159
107 159
105 159
103 159
101 159
99 159
98 159
97 158
97 156
96 154
96 152
96 151
96 149
95 147
95 145
95 143
95 142
94 140
93 138
92 136
92 135
91 133
90 131
89 129
89 127
89 126
89 124
90 122
89 120
90 118
90 117
89 115
88 113
87 111
87 109
87 108
86 106
86 104
86 102
86 101
85 99
83 97
83 95
82 93
82 92
81 90
81 88
80 86
80 84
80 83
79 81
79 79
78 77
79 75
78 74
77 72
78 70
79 68
80 66
80 65
82 64
84 65
85 67
86 68
86 70
87 72
88 74
89 76
89 77
90 79
90 81
90 83
91 85
91 86
92 88
93 90
93 92
93 94
94 95
95 97
95 99
97 101
98 101
100 100
102 99
102 97
102 95
102 94
102 92
102 90
101 88
102 86
103 85
102 83
102 81
103 79
102 77
103 76
104 74
104 72
105 70
105 69
105 67
105 65
105 63
105 61
105 60
107 58
