89 42
91 41
92 43
94 45
94 47
95 49
95 51
95 52
95 54
96 56
96 58
98 60
99 62
99 64
100 66
98 67
98 69
99 71
100 73
101 75
103 77
104 76
105 74
105 72
105 70
104 68
104 67
106 66
106 64
108 64
110 64
112 62
113 60
114 60
114 61
116 62
117 64
116 66
116 68
115 70
115 72
115 74
115 76
115 78
116 80
117 82
117 84
117 85
116 87
117 89
117 91
118 93
119 94
119 96
119 98
119 100
121 101
123 102
125 103
126 105
127 107
127 108
128 110
129 112
131 114
132 116
132 118
133 120
133 122
134 124
134 126
135 128
136 130
136 132
136 133
135 135
134 137
134 139
136 140
137 142
138 144
138 146
136 148
134 149
132 150
130 151
128 153
127 153
125 154
123 155
121 156
119 156
117 157
115 158
113 158
111 158
109 159
108 158
108 156
107 154
106 152
105 151
104 149
104 147
102 146
102 144
100 143
98 141
98 139
97 137
96 135
94 133
92 132
91 130
91 129
90 127
89 126
88 124
88 122
87 120
88 118
87 116
86 114
85 112
84 110
84 108
82 106
81 105
79 103
78 101
77 99
76 97
75 95
74 94
73 92
72 90
70 89
68 87
67 85
66 83
66 81
65 80
64 78
64 76
63 74
61 72
60 70
60 68
59 66
59 64
60 62
62 61
64 61
66 61
67 62
68 64
69 66
69 68
71 70
72 72
73 74
74 76
75 78
77 80
78 82
80 84
82 85
83 86
84 88
85 90
87 92
89 93
91 92
93 91
93 89
92 87
91 85
90 83
90 81
90 79
90 77
89 76
89 74
88 72
88 70
88 68
86 66
86 64
86 62
86 60
86 58
85 56
85 54
85 52
85 51
85 49
85 47
85 45
86 43
87 42
