116 48
118 48
120 50
121 52
121 54
121 56
121 58
120 60
120 62
118 64
118 66
117 68
116 70
116 72
116 74
115 76
115 78
114 80
114 82
114 84
113 86
115 87
116 85
118 86
119 84
119 82
120 80
121 78
121 76
121 74
121 72
122 70
124 69
125 68
127 66
128 64
130 63
132 64
134 65
134 67
134 69
135 71
134 73
133 75
133 77
131 79
131 80
130 82
128 84
129 86
128 88
127 90
126 92
126 94
124 95
124 97
124 99
124 101
124 103
125 105
125 107
126 109
126 111
126 113
126 115
126 117
127 119
127 121
127 123
128 125
127 127
127 129
126 131
126 133
125 135
125 137
125 139
124 141
124 143
123 145
123 147
122 149
121 151
121 153
122 155
120 156
118 157
116 157
114 158
112 158
110 159
108 159
106 159
104 159
102 159
100 160
98 159
96 159
94 159
92 159
90 159
90 157
90 155
90 153
90 151
91 149
91 147
91 145
90 143
89 142
89 140
88 138
88 136
88 134
88 132
87 130
87 128
85 127
85 125
85 123
85 121
85 119
85 117
85 115
85 113
85 111
85 109
84 107
84 105
84 103
84 101
83 99
83 97
83 95
82 93
82 91
82 89
82 87
81 85
80 83
78 82
78 80
78 78
78 76
79 74
78 72
79 70
79 68
79 66
79 64
78 62
78 60
77 58
79 56
80 54
82 53
84 54
86 55
86 57
87 59
87 61
87 63
89 65
88 67
88 69
88 71
88 73
88 75
89 77
90 79
91 81
92 83
92 85
92 87
92 89
94 91
96 91
98 92
100 91
102 89
102 87
103 86
105 84
105 82
105 80
105 78
105 76
105 74
105 72
106 70
107 68
108 66
109 64
109 62
110 60
110 58
112 56
113 54
113 52
114 50
