80 54
82 54
84 56
84 57
85 59
85 61
84 63
84 64
83 66
83 68
82 70
82 71
81 73
82 75
82 77
82 78
83 80
83 82
83 84
84 85
86 85
88 84
89 82
89 81
90 79
91 77
92 76
93 75
95 73
97 71
98 69
99 68
100 66
102 64
103 62
103 61
104 59
104 57
106 55
107 54
109 54
111 54
113 55
114 56
114 58
114 60
113 62
112 63
111 65
110 67
109 69
107 70
107 71
105 73
105 75
104 77
103 78
101 80
100 82
99 84
98 85
97 87
96 89
97 91
98 92
100 92
102 91
104 90
105 89
107 87
108 85
110 83
111 82
113 80
114 78
114 76
114 75
116 74
118 72
120 70
121 71
123 71
123 73
123 75
123 76
123 78
123 80
121 80
121 81
119 83
118 85
117 87
116 88
115 90
113 92
112 94
111 95
110 97
108 99
108 101
107 103
106 104
106 106
106 108
105 110
105 111
103 113
102 115
100 116
100 117
99 119
99 121
101 122
102 123
102 125
102 127
102 129
102 130
101 132
100 134
99 136
98 136
96 137
95 139
93 141
92 142
91 144
90 146
89 148
89 149
87 151
86 153
85 155
85 156
85 158
83 157
81 156
80 156
78 155
76 154
74 154
73 153
71 152
69 151
67 150
66 149
64 148
62 146
60 144
60 143
61 141
61 139
62 137
63 135
63 134
63 132
63 130
63 128
63 127
64 125
64 123
64 121
65 120
66 118
66 116
66 114
66 113
66 111
66 109
67 107
67 106
67 104
68 102
69 100
70 99
71 97
71 95
72 93
73 92
72 90
72 88
72 86
71 85
70 83
71 81
71 79
72 78
72 76
73 74
74 72
74 71
75 69
76 67
75 65
75 64
75 62
76 60
76 58
77 57
78 55
