117 50
119 50
121 51
123 53
124 55
124 57
123 58
121 59
120 61
118 63
118 65
118 67
117 69
116 71
115 73
114 75
113 77
113 79
111 81
110 83
109 85
108 87
107 89
105 91
105 93
104 95
103 97
104 99
105 101
107 101
108 99
110 97
112 96
112 94
114 93
115 92
116 90
118 89
119 87
120 85
122 83
123 81
125 79
126 77
127 75
129 75
131 73
131 71
133 71
135 72
135 74
135 76
134 78
134 80
133 82
132 84
131 86
130 88
129 90
129 92
129 94
128 95
126 96
125 98
123 100
123 102
121 103
121 105
121 107
121 109
120 111
120 113
119 115
117 117
115 119
113 121
113 123
115 124
115 126
115 128
116 130
115 132
114 134
113 136
112 138
112 140
111 142
110 144
109 145
108 147
107 149
106 151
105 153
103 154
101 156
99 158
98 159
96 159
94 159
92 159
89 158
87 158
85 158
83 157
81 156
79 156
77 155
75 154
73 153
71 152
70 150
70 148
70 146
70 144
70 142
71 140
71 138
70 136
71 135
73 134
71 132
70 130
69 128
69 126
68 124
69 122
69 120
70 118
71 116
72 114
73 112
74 110
73 108
74 106
74 104
74 102
74 100
75 98
74 96
76 95
75 93
75 91
75 89
76 87
75 85
76 83
76 81
76 79
75 77
76 75
78 74
80 73
82 73
84 72
86 72
88 70
88 68
89 66
89 68
88 70
87 72
87 74
87 76
86 78
86 80
86 82
86 84
86 86
86 88
86 90
86 92
87 94
87 96
89 97
91 97
93 96
95 94
95 92
96 90
98 88
98 86
98 84
98 82
98 80
99 78
100 76
101 75
102 73
104 71
104 69
106 67
107 65
108 63
108 61
108 59
110 57
110 55
112 54
113 52
115 51
