122 55
124 55
126 56
127 58
128 59
128 61
128 63
126 63
126 65
124 67
124 69
123 71
122 72
121 74
120 76
119 78
119 80
118 82
118 84
118 86
117 87
117 89
116 91
116 93
115 95
113 97
113 99
114 100
116 99
118 98
120 97
122 97
124 95
125 93
127 91
127 90
128 89
129 87
130 85
132 83
132 81
134 79
136 77
137 77
139 76
141 76
143 76
143 78
144 80
143 82
142 84
141 85
140 87
139 89
138 90
137 92
136 94
135 96
134 96
133 98
132 100
130 102
130 104
130 106
128 108
128 110
128 111
128 113
129 115
129 117
128 119
126 121
125 123
123 125
123 126
122 128
120 130
120 132
121 133
122 135
121 137
121 138
121 140
120 142
119 143
118 145
117 147
116 149
114 151
113 152
111 154
109 155
108 156
106 157
106 159
104 159
102 159
101 159
99 159
97 159
95 159
93 159
91 159
89 158
88 158
86 158
84 157
82 157
80 156
78 155
77 154
78 152
78 151
79 149
78 147
78 145
78 143
79 141
79 139
80 138
81 137
80 135
80 133
80 131
79 129
79 127
79 125
79 124
80 122
81 120
81 118
82 116
83 114
84 112
84 110
85 109
85 107
85 105
85 103
85 101
85 99
85 97
85 95
85 94
85 92
85 90
85 88
85 86
84 84
84 82
84 80
85 79
86 78
88 76
90 75
91 74
93 73
94 71
94 70
95 70
95 72
94 74
94 76
94 78
94 80
94 82
94 83
94 85
96 87
96 89
96 91
96 93
96 95
96 97
97 98
99 98
101 97
101 95
102 93
104 91
105 89
105 88
106 86
107 84
107 82
109 80
109 78
111 76
111 74
111 73
112 71
113 69
114 67
115 65
115 63
116 61
117 59
117 58
118 56
120 55
