86 51
87 50
89 50
90 50
92 51
92 53
91 55
91 56
91 58
90 60
90 62
89 63
88 65
87 67
87 69
86 70
85 72
85 74
85 76
85 77
86 79
88 78
90 78
91 77
92 75
94 73
96 72
98 70
99 69
101 68
103 66
104 64
104 63
105 61
105 59
107 58
107 57
109 55
111 55
113 55
114 55
116 56
117 58
118 60
118 61
117 63
115 65
113 65
112 66
110 68
108 70
106 72
106 74
106 75
104 77
102 77
101 79
100 80
98 81
98 83
97 85
96 86
95 88
93 90
91 92
92 93
94 95
96 95
98 94
99 94
101 93
103 92
105 91
106 91
108 90
109 88
111 87
113 86
114 85
116 85
117 83
118 81
119 81
120 79
122 78
124 79
125 79
127 80
128 81
128 83
128 84
126 85
125 87
124 89
123 89
121 91
121 93
121 95
120 95
118 95
117 93
115 93
113 95
112 95
110 97
108 99
106 101
106 102
105 104
104 106
103 108
102 109
103 111
103 113
103 115
102 116
101 118
99 119
97 120
96 120
94 120
92 119
91 121
90 121
89 123
89 125
88 127
86 128
85 129
83 131
81 133
80 135
79 136
78 138
76 139
74 140
74 141
72 142
70 144
68 146
67 147
67 149
65 148
63 147
62 146
60 144
58 142
56 140
55 139
53 137
52 135
50 133
49 131
49 130
47 128
46 126
47 124
48 123
49 121
50 119
51 117
51 116
51 114
52 112
53 110
54 109
55 107
56 105
57 103
57 102
58 100
59 98
59 96
60 95
61 93
63 92
64 90
66 90
66 89
67 87
69 85
70 83
70 82
70 80
71 78
72 76
72 75
73 73
74 71
76 69
77 68
79 67
79 65
80 63
81 62
81 60
82 58
83 56
84 55
84 53
