107 50
109 49
111 51
113 53
112 55
112 57
112 58
111 60
110 62
108 64
106 66
105 68
104 70
103 72
103 74
102 76
101 78
100 80
99 81
98 83
97 85
95 87
94 89
95 91
96 93
98 95
100 94
102 93
103 91
104 89
105 88
107 86
109 85
110 83
112 81
114 79
115 77
117 76
119 75
120 73
122 71
124 71
125 72
126 74
127 76
126 78
124 79
123 81
121 83
120 85
119 87
117 88
115 90
114 91
113 93
112 95
111 97
112 99
111 101
109 103
109 105
108 107
107 109
107 111
107 113
107 114
105 116
104 118
102 119
100 120
98 121
99 123
101 124
101 126
100 128
99 130
98 132
98 133
96 135
94 137
93 139
92 141
90 142
90 144
88 145
86 147
85 149
85 151
84 153
84 154
84 156
83 157
81 156
79 156
77 155
75 154
73 153
71 152
69 151
67 150
65 148
64 148
62 146
60 144
58 142
58 140
58 138
59 136
59 134
59 132
60 130
60 128
61 127
62 125
63 123
64 121
63 119
63 117
63 115
64 113
65 111
64 109
64 107
65 105
65 104
65 102
67 101
68 99
68 97
69 95
70 93
70 91
70 89
70 87
70 85
70 83
70 82
70 80
70 78
71 76
71 74
72 72
74 71
76 69
75 67
73 66
74 64
74 62
74 61
75 59
75 57
75 57
77 58
79 58
80 56
78 55
77 53
79 52
81 52
82 53
83 55
84 57
84 59
83 61
82 63
82 65
81 67
81 69
81 71
82 73
83 75
83 76
82 78
83 80
82 82
82 84
82 86
82 88
84 89
86 88
87 86
88 84
89 82
90 81
91 79
91 77
92 75
93 73
94 71
96 69
97 67
98 65
100 63
100 61
100 59
101 58
102 56
103 54
104 53
106 51
