84 68
86 67
88 67
89 67
90 69
90 71
89 73
89 75
89 77
89 78
89 80
89 82
89 84
88 86
88 87
87 89
87 91
88 93
89 95
88 97
87 98
86 100
86 102
87 104
89 106
91 105
92 104
93 102
93 100
94 98
94 96
95 95
96 93
97 91
99 89
100 87
102 85
102 84
102 82
104 80
106 78
107 76
108 75
109 73
110 71
112 69
114 68
116 68
117 68
119 68
119 70
119 72
119 74
119 75
118 77
116 77
115 79
114 81
113 83
113 84
111 86
110 88
109 90
108 92
108 93
107 95
107 97
106 99
104 101
104 103
103 104
102 106
100 107
100 109
100 111
102 113
103 113
105 113
106 111
108 109
110 108
111 107
113 105
115 103
117 102
118 100
119 98
120 97
120 95
122 94
124 93
125 91
126 90
128 89
130 89
132 90
133 92
134 94
135 94
134 96
133 98
132 100
130 100
129 101
128 103
126 105
124 106
123 107
121 109
120 110
118 111
116 113
115 115
113 117
113 118
113 120
113 122
114 124
113 126
112 128
111 129
109 130
107 132
107 134
105 136
103 136
102 136
101 138
101 140
103 141
103 143
103 144
102 146
101 148
100 150
99 152
98 154
97 155
96 157
94 159
92 159
90 159
89 158
87 158
85 158
83 157
81 156
79 156
78 155
76 154
74 154
72 153
70 151
69 151
67 150
65 148
63 147
61 145
62 143
63 142
63 140
63 138
64 136
65 134
66 133
66 131
66 129
66 127
67 125
68 123
68 122
70 121
71 119
72 117
72 115
72 113
72 112
73 110
74 108
74 106
75 104
76 103
76 101
76 99
76 97
76 95
77 93
77 92
77 90
78 88
78 86
78 84
79 83
80 81
80 79
81 77
81 75
82 73
82 72
83 70
