91 49
93 48
94 48
96 48
97 50
97 52
98 53
97 55
97 57
96 59
96 60
94 62
94 64
92 66
92 67
91 69
90 71
89 73
88 74
88 76
88 78
88 80
88 81
90 82
92 81
94 79
95 78
97 76
98 74
98 73
100 72
102 70
104 69
105 68
106 66
108 64
108 62
109 61
110 59
112 57
114 56
115 56
117 56
119 58
119 60
119 61
118 63
117 65
115 66
114 67
112 68
112 70
111 71
110 73
110 75
109 77
108 78
106 80
104 81
103 83
102 84
100 85
98 87
97 89
96 90
95 92
97 94
99 95
100 96
102 95
104 93
105 92
106 91
108 90
110 89
112 88
113 87
115 86
117 85
117 84
118 83
120 81
122 79
123 78
125 77
127 77
129 77
130 78
132 79
132 81
130 83
130 84
128 85
126 87
125 89
124 89
122 90
121 92
119 93
118 93
116 95
114 96
113 97
112 99
111 101
111 103
111 104
109 106
109 108
107 110
106 110
104 112
103 114
101 115
100 115
98 117
97 119
97 121
97 122
95 124
94 125
92 127
91 128
89 130
88 131
86 133
85 134
84 136
83 137
82 138
80 140
79 142
78 144
77 144
75 145
74 147
73 149
72 150
71 152
69 151
67 150
66 149
64 148
62 146
60 144
59 143
57 141
55 139
53 137
52 136
51 134
50 132
50 131
50 129
52 127
53 125
53 124
54 122
55 120
56 118
56 117
57 115
58 113
59 111
60 110
62 109
62 107
62 105
62 104
63 102
64 100
66 98
67 98
68 96
70 94
72 92
72 91
74 89
74 87
74 86
75 84
77 82
77 80
77 79
78 77
78 75
79 73
79 72
80 70
81 68
82 66
83 65
84 63
84 61
85 59
85 58
86 56
87 54
89 52
89 51
