93 59
95 58
97 58
98 58
100 59
100 61
100 63
100 64
99 66
99 68
98 70
98 71
98 73
97 75
97 75
96 76
96 78
96 80
94 82
94 83
94 85
94 87
93 89
93 90
92 92
92 94
94 94
95 93
97 92
99 90
101 88
101 87
101 85
102 83
102 81
102 80
102 78
104 76
105 75
106 74
108 74
110 75
111 77
111 78
112 80
112 82
111 84
111 85
110 87
108 89
107 91
107 92
105 94
104 96
103 98
102 99
101 101
100 103
101 105
101 106
102 108
102 110
103 112
103 113
103 115
103 117
102 119
101 120
101 122
101 124
101 126
101 127
102 129
102 131
101 133
101 134
99 136
98 138
97 140
96 141
96 143
95 145
95 147
95 148
94 150
92 152
92 154
92 155
92 157
92 159
90 159
89 158
87 158
85 158
83 157
82 157
80 156
78 155
76 154
75 154
73 153
71 152
69 151
68 150
66 149
64 148
63 146
63 145
63 143
63 141
63 139
63 138
63 136
64 134
64 132
64 131
65 129
64 127
63 125
63 124
63 122
62 120
64 118
65 117
65 115
65 113
65 111
64 110
64 108
64 106
65 104
65 103
65 101
65 99
65 97
65 96
64 94
64 92
64 90
64 89
64 87
63 85
63 83
63 82
63 80
63 78
63 76
64 75
64 73
63 71
64 69
63 68
62 67
62 65
64 63
65 64
66 62
68 61
70 63
71 63
72 65
73 67
73 69
73 70
73 72
73 74
73 76
73 77
74 79
75 81
74 83
74 84
73 86
73 88
74 90
74 91
75 93
76 95
78 96
79 95
81 93
81 91
82 89
82 88
82 86
83 84
84 82
84 81
84 79
85 77
86 75
86 74
88 72
89 70
90 68
90 67
90 65
91 63
91 61
91 60
