97 49
98 48
100 48
102 49
104 51
104 53
104 55
104 57
104 59
103 61
102 63
102 65
102 67
103 69
103 71
104 73
104 75
104 77
103 79
102 81
102 83
102 85
101 87
101 89
101 91
101 93
102 95
104 94
106 95
108 94
108 92
108 90
109 88
110 86
111 83
112 81
114 79
115 77
116 75
117 73
118 71
118 69
119 67
121 66
123 65
125 65
127 66
126 68
126 70
125 72
125 74
125 76
125 78
125 80
123 81
121 83
120 85
119 87
119 89
119 91
119 93
119 95
119 97
120 99
119 101
119 103
118 105
118 107
117 109
117 111
117 113
115 115
114 117
115 119
117 119
118 121
118 123
117 125
117 127
117 129
117 131
117 133
116 135
115 137
114 139
113 141
112 142
111 144
110 146
110 148
109 150
110 152
110 154
110 156
109 158
108 159
106 159
104 159
102 159
100 160
97 159
95 159
93 159
91 159
89 158
87 158
85 158
83 157
81 156
80 155
81 153
81 151
81 149
81 147
81 145
81 143
81 141
79 139
79 137
79 135
80 133
80 131
80 129
78 127
78 125
78 123
77 121
78 119
79 117
79 115
80 113
80 111
80 109
80 107
80 105
80 103
80 101
79 99
79 97
78 95
77 93
77 91
77 89
76 87
74 85
74 83
73 81
73 79
73 77
73 75
73 73
74 71
74 69
73 67
73 65
73 63
73 61
74 59
76 58
78 57
79 59
80 61
80 63
80 65
81 67
81 69
82 71
83 74
83 76
84 78
84 80
86 82
86 84
86 86
87 88
87 90
87 92
89 93
91 92
93 91
93 89
93 87
92 85
91 83
92 81
92 79
92 77
92 75
93 73
94 71
93 69
94 67
94 65
94 63
95 61
95 59
96 57
96 55
96 53
97 51
