114 57
116 56
118 56
120 58
120 59
121 61
121 63
120 65
120 67
119 69
119 70
119 72
119 74
118 76
117 78
116 80
116 82
116 83
116 85
116 87
115 89
114 91
113 93
112 94
112 96
112 98
113 100
115 100
117 100
118 98
118 97
119 95
119 93
119 91
121 90
122 88
123 87
124 85
125 83
126 81
126 79
128 77
129 76
130 74
132 73
134 72
136 73
136 75
136 77
136 78
136 80
134 82
134 84
133 86
132 88
132 89
131 91
130 93
128 95
127 97
126 99
125 101
125 102
124 104
125 106
126 108
126 110
124 112
124 113
125 115
126 117
126 119
126 121
126 123
126 125
125 126
125 128
125 130
124 132
124 134
123 136
122 137
122 139
121 141
120 143
119 145
119 147
118 149
117 150
117 152
116 154
116 156
115 158
113 158
112 158
110 159
108 159
106 159
104 159
102 159
100 160
99 159
97 159
95 159
93 159
91 159
89 158
88 158
86 158
87 156
87 154
87 152
87 150
87 149
87 147
88 145
89 143
88 141
88 139
87 137
86 136
86 134
87 132
88 130
88 128
87 126
86 126
85 124
84 122
85 120
87 119
87 117
87 115
87 114
87 112
88 110
88 108
88 106
88 104
87 103
87 101
88 99
87 97
88 95
87 93
87 91
86 90
86 88
86 86
86 84
85 82
85 80
85 79
85 77
86 75
86 73
86 71
86 69
86 67
86 66
86 64
87 62
89 61
91 61
93 62
93 63
93 65
93 67
93 69
93 71
94 73
94 74
94 76
95 78
95 80
95 82
95 84
95 86
95 87
97 89
99 91
101 91
103 89
105 87
105 86
106 84
106 82
105 80
106 78
107 76
108 74
108 73
109 71
109 69
111 67
111 65
112 63
112 62
112 60
113 58
