20429 21610
744.374 -6702.51
141.596 330.7
240.043 -634.634
168.583 -189.424
0.0638331 -334.608
61.738 28.7266
25.7501 -24.1594
36.2605 -65.3973
35.9232 -38.3474
-1.59403 -85.3073
18.1151 15.5333
-41.5466 -3.76471
-27.197 9.17162
-31.4539 -26.6704
1.58686 17.708
14.7981 7.71843
-7.98625 -31.4613
-1.18183 -13.304
-21.5896 -25.1783
6.4611 9.12715
-1.0885 10.9743
-3.30993 -1.8884
-6.62384 -22.8768
-4.86263 0.611177
1.75736 1.48528
-6.81317 -1.81005
4.66759 13.8331
0.968586 -6.44873
-5.16897 7.72278
-2.80188 -2.79165
-1.25032 3.82973
-8.81552 1.13007
13.9057 0.706509
7.43513 -0.18751
-6.23129 0.641097
1.73073 0.395085
-6.92694 0.16988
0.414187 -5.57024
-7.99468 12.1526
0.608865 -3.83245
-5.2913 -4.49681
-2.74604 -2.79348
0.601155 -3.5955
-7.86221 2.74783
2.90105 1.57919
2.2954 7.81266
4.30443 3.72379
-1.16725 1.1694
2.1486 -7.55807
-1 -4
-0.739168 -9.14678
4.10555 1.7333
1.91028 3.51086
3.00849 -8.75316
-0.222892 1.5373
1.08017 3.45706
-7.35936 5.395
8.47834 4.28477
-2.76676 1.8291
-3.1059 0.954594
2.89528 -18.4604
-7.04733 1.06954
-0.969845 29.8009
1.71854 5.60698
-10.328 9.31488
-3.41515 1.22976
-3.31196 5.76664
-4.18257 3.96243
-3.8969 3.01003
-2.52436 0.049006
-0.868541 0.8622
-5.32384 7.20665
-0.996867 1.98387
-0.252279 1.56934
5.89949 -5.82843
1.30386 1.92956
0.770607 12.2093
4.02628 -2.99405
-7.53915 3.21251
-9.51098 3.38342
0.537235 3.50003
1.23037 0.592091
-0.837102 3.87886
-0.34501 1.19065
4.19385 2.13268
-4.9543 1.98009
5.78398 5.3216
-0.377958 -1.51072
-6.34309 1.83169
-3.49614 5.67612
1.84098 -6.70141
-3.07948 -4.94582
2.65644 -2.12866
-0.931221 0.555741
-2.77207 2.22555
2.25384 2.37079
5.44078 -2.41442
2.17574 -3.31235
4.20023 3.1932
5 -2
6.53138 -5.04952
3.46396 1.13533
-0.480574 -0.432793
-0.748474 -2.57752
-1.96074 5.62648
2.48663 -1.6419
-2.58974 3.4581
-1.90351 5.56579
-1.65466 -0.267974
1.13438 -3.35006
-6.9242 6.56009
4.65398 -0.464928
2.15151 -0.588001
-2.29597 -2.03535
0.618776 2.65975
3.88971 0.461675
0.80375 -0.590762
0.484392 -0.580574
-3.78855 -4.82375
-6.43329 -1.14735
-5.72598 1.12137
4.64277 9.26305
0.556784 9.38721
5.87378 -1.19093
10.2426 -15.4853
3.35997 -0.00380089
-4.77011 -7.8338
-0.392399 -2.41182
8.10706 -9.26403
2.4573 -4.11285
-7.06247 -2.89372
-4.41338 1.54562
1.579 5.11682
2.99877 3.64964
-4.08581 0.312407
0.349925 -0.0349226
3.52849 13.3964
-4.07074 8.5054
9.73965 -22.1715
0.869836 7.28147
6.64382 -10.6409
6.13761 0.956016
-5.35395 -4.22756
0.195724 -1.32388
4.05158 0.11381
0.318472 13.8551
1.25282 -6.41749
-4.18478 -5.21353
-2.51186 10.4738
-5 8
-2.90633 6.22622
-2.00888 -0.803865
2.66626 3.68196
0.267627 -8.29865
-2.07971 4.28385
-3.4179 -2.79915
-1.53794 -4.68336
1.59867 -1.28327
-5.76209 3.35639
1.33541 1.59638
-4.48059 -7.08235
-1.32124 -0.0140195
-3.51335 5.53092
4.4426 -0.392675
6.13416 7.28255
0.970732 0.161432
21.3672 1.90999
-2.87131 -3.52376
10.8151 3.14059
3.63287 2.74404
-6.69444 4.43835
9.88461 2.23384
12.8392 -17.4498
5.0501 -11.9422
-13.8995 -0.171573
2.07689 -0.898702
-0.439712 15.5392
7.09796 -9.58495
0.49203 -22.2284
-4.22503 -5.36321
-10.0474 30.7683
13.7582 20.6224
23.8895 0.881402
8.86737 -2.84737
22.9442 -37.4414
-24.1221 25.7625
-3.92985 -9.47801
-17.624 -24.0451
16.0042 -3.52502
9.19186 43.0927
21.4181 50.847
39.3132 -57.4758
-39.2414 48.412
70.4891 -117.78
-38.8139 196.632
132.777 -43.5407
115.663 -265.318
-111.608 -451.983
584.244 -3108.73
