17353 21673
-1047.04 -6734.51
131.877 383.232
14.8697 -691.98
76.2447 -259.513
-77.969 -240.433
43.9599 -14.554
-10.7526 -69.4986
-35.8123 -60.1095
30.6572 -28.6698
10.1275 -40.2938
56.7115 -38.2335
-54.8881 -51.0644
-4.54254 0.617836
-4.18829 48.3448
-9.50092 4.05547
-17.6888 -27.9141
-8.32828 9.17097
17.5753 -23.7627
-4.13714 11.2326
-3.30658 -7.35719
-3.86723 0.355658
-11.8501 -7.7801
-20.2447 -5.87658
4.42513 12.1935
1.58579 -1
-6.35185 5.63061
-4.83448 1.79958
-10.1732 2.71934
-12.6688 1.29487
-6.74895 2.28849
-3.69595 11.42
3.03376 4.56066
-6.77972 -1.30229
-16.0747 -6.20155
2.59581 0.259093
-8.09634 -2.037
8.25364 -4.30178
4.25448 1.83015
9.00892 1.74673
-0.820571 -6.42757
4.53901 2.16049
3.11852 -6.92097
0.265956 10.0359
3.19353 1.72126
-7.04321 -6.02159
-2.76612 4.47418
-8.9543 -0.115985
3.67661 0.573476
0.194423 -4.07852
7 3
3.44952 -5.05788
6.48982 -0.591018
8.65293 -0.555795
6.60779 0.944739
-1.54228 -8.13375
-6.15802 5.35394
-0.0211745 3.92518
-6.76242 -1.78132
-3.71411 -3.67169
-2.98958 -7.98343
0.0851386 -0.55508
6.19674 22.8823
2.22169 -1.76268
2.66806 1.49183
-2.42658 0.488033
-4.77584 -1.59559
0.77331 -4.06601
2.09971 4.7544
-0.863285 0.741576
-5.08386 -1.34422
-3.16439 9.05204
-3.6613 13.4993
5.2813 7.80966
-0.652146 5.80475
0.171573 -7.24264
-3.03502 -3.69129
-6.7899 -4.23289
-5.2574 0.963643
4.2991 13.5563
2.05519 -4.66875
4.8253 0.00260677
-4.18372 6.8054
0.3784 3.28834
-3.95945 4.66941
3.22268 3.46865
-5.46435 -7.09901
-4.56898 3.03878
1.78699 2.82215
2.4463 -2.17483
-2.18323 1.16918
-0.958428 -4.43077
0.264447 -3.85539
1.74281 1.76217
6.63938 4.59965
4.12323 2.21645
1.92209 -1.69766
-0.115045 1.6106
-1.81825 -1.84006
-0.937529 -1.10698
-1 -5
3.30175 3.76598
-4.45012 -7.12359
0.33882 2.23316
-3.76006 -7.14832
4.13572 -2.88676
6.33922 0.297875
2.43584 -3.43612
2.14168 4.59934
-1.65432 -0.1067
-3.25603 -0.777927
-1.13794 -0.217798
7.10184 0.501969
-3.44323 1.0044
-3.30928 0.844384
-1.81056 0.454298
-6.38256 4.06322
-0.00355328 3.39261
-2.80718 -1.57853
2.72206 -0.28236
7.03498 4.28679
1.3904 3.30871
-2.3785 1.02193
-9.91306 -11.6936
1.93745 6.05413
4.41421 -1
2.72937 -4.13651
3.34993 -7.67801
-0.450913 -2.32368
-2.6849 -5.66792
-3.51905 -1.08254
-3.45566 4.03246
3.91269 -1.35533
3.8301 1.7978
-0.750304 2.90447
-4.15971 0.870456
4.19231 10.1013
5.70968 8.70608
5.99144 11.8643
6.65227 3.44564
-4.33666 -28.5232
4.07932 4.8228
-10.6088 -6.03015
-3.52258 -10.7095
-9.54401 -7.18231
0.919019 1.17715
7.84543 -3.82529
9.23188 -4.41011
2.0139 -2.22939
2.55436 -1.69857
5 1
1.51666 -0.625398
2.40537 2.08087
-1.45001 -3.62777
-7.78232 -5.34179
-4.37429 -7.69985
-7.50766 0.177944
-0.910966 -2.65196
1.16635 5.36085
5.46039 0.64709
-1.2696 3.80954
7.22543 2.75921
1.09419 -7.54249
5.31963 3.66737
-4.36419 -5.75759
1.41333 12.3132
-0.699608 4.63371
-5.87003 1.40868
8.23768 -18.0305
-11.7929 -8.48166
-6.42522 2.20715
-4.54607 7.75343
1.6057 4.44028
-2.9769 -5.79936
-6.34646 -8.69377
5.82843 1.24264
8.89454 -13.0233
-6.3794 -3.51172
-0.9727 19.1614
19.3379 -2.23205
11.6328 8.86377
-0.511711 -5.83266
20.0568 15.5476
23.0543 14.3879
-5.40211 26.3662
11.748 3.89419
-20.2383 -37.2283
15.3067 17.0409
-16.9013 24.3856
57.847 3.18768
45.0888 -16.1663
22.5625 46.5927
49.1331 -12.1158
-20.529 28.2732
121.459 -103.623
-51.3313 63.9778
190.404 12.5096
50.7342 -192.706
-46.4221 -540.49
-454.859 -2999.29
