18383 21583
-1526.18 -6823.99
395.693 307.214
30.322 -742.148
148.26 -296.397
-106.361 -250.644
38.8854 -77.5041
17.1158 -84.9971
-10.4744 -19.4551
42.5569 -33.8685
-42.596 -46.1533
40.2038 -79.1218
-32.8776 -26.0061
-17.8542 17.7389
-2.2907 37.9273
34.9769 -9.81721
-24.3945 -46.3285
-47.525 17.0966
2.1879 13.4914
2.81675 6.66478
-6.30896 -16.2259
5.18046 6.52011
-4.18948 -0.789836
-12.9651 -0.707511
0.501371 10.7404
-8.12132 15.364
-3.94898 7.30998
-17.018 -3.64497
0.0872918 13.736
5.14567 -4.25209
-4.6765 -5.12132
-1.8502 -3.88413
-3.29812 -6.11036
7.40742 4.59608
-4.17992 5.08544
12.6373 -0.319493
-6.35606 -6.7426
2.60817 -0.317303
3.22512 2.42348
1.42734 0.582022
-3.21113 2.04894
4.84908 4.15145
3.89506 -0.756236
-2.0484 -0.931725
-6.90124 5.84256
3.61151 2.05534
1.88575 -7.56631
-4.58375 5.05498
-0.375097 3.27297
4.59875 4.17871
-4 2
1.13848 5.77781
3.90651 -1.33475
-4.76906 -2.6326
1.9147 2.25163
1.07191 -2.95388
2.85525 -6.85161
-4.20544 -13.1634
5.46934 1.30493
9.83917 18.133
5.55165 1.70321
-8.4909 -1.35195
0.62782 6.24477
1.90436 -4.04267
-3.53151 -3.50078
4.27114 0.477195
0.104125 1.92254
3.46566 0.387385
4.60417 -1.40053
-1.94383 -1.06034
-8.0317 -3.49672
3.30142 2.16568
4.05219 25.2417
-8.8501 0.561588
3.57905 8.66508
2.12132 8.19239
-0.765746 4.04509
-2.65203 1.04546
-5.23661 0.0928049
2.4984 1.71381
-1.36655 2.41221
6.9005 3.97009
-2.83741 0.91392
-1.84783 4.18958
1.2337 2.34728
-2.15298 -10.28
-6.25374 5.70894
4.27366 5.52964
-3.73797 -8.55408
-1.61524 1.07444
-8.2925 0.354953
-1.93509 0.911513
-1.01697 7.38186
0.462719 -2.36013
-3.71575 0.383368
4.64654 -0.898964
-2.93248 -2.8393
-0.671548 2.01976
6.62291 4.05966
0.460421 -3.10644
1 -1
0.440013 3.60352
2.76841 1.08078
3.66231 2.28869
-1.86044 -1.39571
7.71632 -5.04921
-1.19283 2.36995
-0.499063 -3.19891
3.09428 -4.3349
-7.52973 5.1805
4.01957 0.249972
-0.528532 -7.02932
-0.0314356 1.9809
-1.23256 -2.91742
-1.1731 -2.60248
2.19906 4.31931
3.36642 -5.04381
-0.938771 9.09611
0.951865 3.21752
4.2801 -1.03649
0.984587 3.58779
-0.947491 5.81784
3.12607 1.51739
-2.97502 6.8716
-1.55214 -1.54387
-3.87868 2.63604
2.41494 9.33377
0.388759 5.53754
-0.389432 9.38505
2.07835 1.63054
-14.0416 -29.0872
2.99343 -1.00093
0.828198 -6.11222
2.08257 -2.09614
1.03658 -0.608646
3.85241 -1.84824
-7.21228 -1.8252
-0.0989236 3.95337
-0.714995 -4.10433
-4.61403 2.12702
2.30245 -1.99501
9.7306 -4.79524
-0.680372 1.91033
0.102329 -10.048
2.60816 8.48867
-0.521058 -11.1098
-1.91199 2.3777
-1.73392 -3.34391
2.0337 -4.20767
0.325437 -2.37293
-8 0
8.43837 -2.28395
-5.24158 -5.49393
-3.1968 -2.71588
-1.70302 -0.108047
2.14557 4.44181
-7.72831 4.5958
-3.44421 4.29601
3.04004 3.47276
-1.29776 3.08308
0.593096 3.95106
-3.77447 5.54669
4.09951 -5.62194
-2.45371 5.17201
0.668377 6.07551
0.999354 1.02445
2.15944 2.40329
3.96538 4.36114
8.21575 -1.4324
-12.728 -1.09381
-1.06985 7.88553
6.80741 8.38376
7.65344 -12.9118
-6.91427 -6.40991
-7.32342 -10.6322
-2.12132 -10.1924
2.27991 3.831
1.49124 -3.71656
3.25346 10.1368
20.3528 -9.23989
7.45486 2.51771
-3.32049 -4.77016
-2.80776 2.39966
-8.60483 17.8983
8.14547 15.8613
44.4367 -14.474
-36.1565 -33.0074
-0.683363 16.1666
13.9819 11.7148
57.7266 36.5035
-3.31137 -6.63194
-12.3287 -3.03712
54.8211 -45.0151
-41.7753 52.3604
120.788 -55.1687
-61.5297 99.0767
207.48 -49.7037
67.0768 -257.054
-181.412 -516.749
-541.791 -3000.2
