21397 21908
485.808 -6729.78
71.342 363.387
227.728 -625.536
-0.748722 -259.55
-81.1864 -380.631
9.23748 -1.14973
17.5847 7.37082
-2.20948 -73.3837
-5.62276 -26.5411
14.8626 -64.584
16.6692 3.1164
-3.44231 -54.3707
-15.5875 13.5277
1.71658 18.3806
-6.57612 6.04334
-10.8441 -4.47932
-18.8886 -11.535
-17.0369 1.21992
-15.3157 -5.08124
-18.3214 23.3985
-7.83822 -14.779
-4.55003 -14.4095
-9.2061 -13.7427
-9.25421 4.11437
-1.12132 16.1924
0.35233 -0.73937
-19.6165 4.60264
-4.5838 -14.7231
-0.0673896 -4.52445
1.70286 -2.72767
-7.21047 -7.43299
-0.870076 2.97542
3.85766 -8.43552
4.53409 3.78878
5.35172 -13.9856
-6.03588 1.6876
-2.49915 11.5708
-1.63438 10.107
-8.65376 4.04346
12.6833 -7.48183
4.29015 -2.13501
-2.0239 2.87323
8.11594 4.34074
-1.57552 0.681898
8.8218 -4.01238
0.56064 -2.55116
-3.98372 0.523623
3.02264 -2.8408
-2.88374 5.48953
0 3
3.98356 -0.582579
1.93643 -0.58732
0.0263488 -5.66088
12.349 0.581381
2.00964 9.07717
13.9851 1.46808
2.96753 -1.36877
2.98718 -5.8586
8.74522 -11.9392
2.36836 3.61459
-8.88571 24.0502
-1.29991 -3.53312
-9.07421 13.9062
-3.36629 6.93526
-1.66811 9.28081
-1.66954 -2.64557
-0.809766 -1.15518
5.2306 2.68179
1.64657 0.282766
-4.17499 -3.0707
-3.43682 -2.6523
-0.643242 -0.394561
-1.69494 -5.35095
-3.64079 -0.794144
2.29289 1.36396
2.4151 -4.05464
-0.100878 2.82845
3.7409 0.526669
-0.255411 -0.239069
1.89442 -8.01661
2.04634 14.5818
-0.394661 5.24147
-0.187835 9.68273
0.309316 6.03282
1.80171 4.74111
-1.93747 3.45347
-3.47737 -1.11584
2.9795 1.28679
-0.225786 2.82296
-3.15443 5.13315
3.26542 3.98874
3.76047 2.80952
-4.63852 6.24452
-4.36077 -2.43373
-5.26287 -1.94894
0.207938 -3.33821
8.18805 5.62974
3.90945 -1.53961
6.50851 5.0643
-1 0
-5.01255 -2.55982
6.13344 0.554663
1.47769 -3.29986
-0.685082 1.93541
-8.0393 5.55357
1.77617 -0.826786
-2.88565 -3.47255
3.47216 -2.66956
2.02653 4.36867
-1.51921 -3.63809
4.79486 -0.0710561
-0.194759 1.8962
-4.54097 9.96309
-6.87219 2.34078
4.42997 -5.18853
-3.93893 -5.87288
-1.95596 0.0273238
-3.84545 3.13262
-6.96345 3.78333
-0.456723 4.01661
12.9113 -13.3144
1.19843 3.67297
2.16871 0.812965
-0.72719 -1.93298
3.12132 -2.19239
-2.67279 -3.82626
-0.918923 10.5648
-1.82387 -2.7606
-3.48471 2.38896
-1.16437 1.36862
4.8695 3.80717
7.27366 3.84672
-0.458209 2.00568
-2.6593 3.33942
-2.66456 -6.15789
-4.06963 2.51532
-3.25035 -1.11266
-0.38817 1.72016
2.91904 9.99861
-2.33392 -0.850662
-1.17886 -18.5212
-0.103115 5.39513
0.399559 -8.05135
4.15329 -1.68974
2.44648 -6.9198
2.82132 -4.45803
-2.87313 -0.0483372
-11.9302 -1.40519
5.1499 4.46746
-4 -3
-2.26137 -12.1115
-4.94267 -2.79737
-9.27481 1.83226
-4.20395 7.05207
2.65611 7.99458
-4.14367 -6.70883
0.681849 -6.79099
-4.99322 -8.36439
-14.0004 2.21848
8.87904 3.48183
4.91918 -1.75982
-1.22835 -10.4522
7.37122 -7.77358
-6.81608 4.57086
9.15731 4.1052
-6.77592 0.845726
4.74752 7.43036
1.32314 13.7082
4.47572 -5.21635
-0.543831 -4.91777
-3.42138 -5.61272
-0.35847 19.8613
-6.19175 -0.931476
12.6327 -7.58211
3.70711 -11.364
0.673106 -10.7075
5.93311 14.1364
4.72501 -2.3868
7.62097 8.18073
-10.713 -16.1624
-3.11172 8.28825
9.84617 -9.8226
6.66163 -16.5564
1.83924 20.3284
6.66652 -6.11707
19.3069 3.27314
22.614 -26.6289
36.0022 34.9009
29.2017 3.9123
7.99135 22.4365
-6.05757 43.5808
40.7195 -54.7716
60.6396 -1.52129
39.5055 -129.868
-65.9439 274.166
13.9009 -35.1988
232.623 -266.58
3.61544 -477.644
522.364 -2903.91
