17371 20615
201.388 -6841.11
133.507 319.782
-146.012 -655.368
76.6077 -228.984
-195.979 -373.465
12.508 -7.36709
-35.9319 21.4796
-4.0082 -6.75711
-24.1079 -57.7525
-70.4467 -10.3861
-8.44416 -27.617
-23.2788 23.5933
20.2781 3.43284
-9.10628 22.9672
-9.69981 -19.2194
-4.19116 24.6332
12.9024 -4.04964
0.684069 1.42071
41.2294 5.70021
7.53884 -2.51062
7.788 19.5352
-20.8845 -6.00465
5.28229 -6.73698
-7.6238 -12.4571
8.24264 0
13.1499 -11.1421
-0.427857 0.441278
2.13353 -11.4218
-5.26609 1.48938
-3.90337 -10.3542
4.00664 8.31211
1.16994 -7.64727
3.92597 -1.35075
-4.14316 -2.64404
-8.42013 0.86318
1.36837 0.798982
-0.439001 -4.09068
4.0842 -2.22699
-4.84463 -11.0539
5.82292 -1.95965
-1.46187 -5.49573
4.16455 3.45952
-3.47679 -1.07979
-4.95655 -0.759023
3.59746 -0.62964
1.50609 2.1394
-1.96708 3.11778
0.31358 0.315148
2.53415 5.26735
-1 -9
-2.95931 -2.62507
3.93689 -2.14743
6.42081 -0.652841
2.52797 2.06703
-10.1684 0.539944
-1.12118 0.687036
-4.77757 0.687281
-4.14546 6.284
1.03996 4.40828
6.36327 2.13522
-8.34283 -6.32196
-2.27961 -0.186983
-5.59808 3.11017
1.18283 -0.761278
5.35758 -19.5425
-1.27199 3.89512
-7.71553 23.1251
-2.20946 1.21384
0.0698363 25.0198
0.521401 7.3198
7.76597 5.89071
1.08245 -0.892941
-0.851496 2.43169
-0.248299 5.32928
-1.41421 -0.828427
4.44068 -4.56545
4.59071 9.66928
-0.738109 -1.80605
-2.13171 2.67367
5.43033 -0.391491
-0.926492 3.26624
-1.88502 -0.445829
-2.15065 1.12824
-1.95599 -2.73925
-10.2485 -2.3089
-2.67064 -1.52827
1.98645 4.02329
10.1015 4.15303
0.947432 6.24614
3.52371 -0.704046
0.929852 -1.69739
0.0522274 9.69024
1.22395 2.26866
0.296758 5.75589
0.456751 -1.3475
-0.736246 0.915691
-2.60427 0.654804
-1.60351 6.61574
-2.37038 -2.99729
-9 -1
-1.03466 2.8944
-1.91506 -1.23005
-3.41727 0.785568
-0.363186 3.88312
4.8969 -3.08838
-2.80906 0.416196
-3.01086 3.50649
-0.941995 -4.86775
0.0550206 -0.803226
5.02395 -0.330326
-1.55266 -2.53054
6.9776 0.72702
2.92526 -0.586853
-5.48852 -2.69672
-7.0415 -0.259542
-2.64555 2.89048
6.17898 5.76694
-3.55119 4.68314
-5.07793 0.588469
3.80573 -1.84458
3.00782 -7.26556
-3.31588 4.11789
8.72404 3.94419
1.05294 -0.0140133
-0.242641 1.04361e-14
-4.17521 -6.69898
3.2656 8.12324
-1.14907 2.84887
18.0163 -6.21135
0.790361 -3.53463
-1.81924 14.2738
-3.93528 7.70251
-4.77152 -2.6775
1.06792 -5.04001
2.24349 -31.1188
6.64008 5.00643
-4.10733 0.567657
-5.0472 4.11467
-3.09333 -5.84375
5.63673 -6.37129
9.35867 1.76324
1.31826 -0.631736
-0.570129 -7.08801
-0.6544 7.41628
-2.5414 2.11702
2.9199 1.46887
5.36876 -1.92359
6.16271 3.44603
2.62143 4.12706
-1 7
2.6927 -4.01595
-0.13977 -4.21171
2.01793 -4.64715
-2.00967 -3.69938
12.4797 -2.43025
-9.88384 -2.20202
5.14205 5.31706
-1.17512 -2.88489
-4.50136 3.83119
-1.05899 4.19572
0.143173 1.88061
-0.0854007 0.133181
-0.240598 -0.706388
-1.25169 0.54046
-9.65753 -3.05105
-0.435607 -8.97758
-1.1616 -5.87642
10.7835 -0.0173995
5.17809 -1.73859
-2.86738 3.6248
-8.2451 1.0606
-1.9675 -10.0711
0.163129 4.82849
7.12844 3.65808
1.41421 4.82843
-14.1653 -7.76378
-3.48014 -7.7459
-19.1826 0.313337
-1.94981 -13.4136
4.46116 2.74669
28.5839 -2.66304
1.70808 -24.6631
-16.9625 24.0283
10.1307 -5.37927
-23.4252 29.9682
-15.9956 -11.4455
-6.4606 1.80304
-20.2967 -10.0559
-42.3715 25.5727
-10.642 26.3648
-29.299 8.92795
75.7702 5.30202
-57.4891 -49.4839
107.806 19.723
-159.85 118.972
187.568 107.952
186.571 -308.041
199.786 -327.024
859.1 -3023.71
