22548 21293
-39.0061 -6878.13
85.421 339.52
278.17 -637.552
148.281 -176.715
18.4362 -356.025
-34.6511 -27.298
-14.1316 -34.4649
59.1947 -35.2512
19.8528 -25.6694
8.38873 -78.3088
-23.3985 -8.49225
8.94045 -58.8822
-10.5292 18.4203
-19.4476 5.45119
4.1064 9.66484
5.35156 -1.30225
19.3384 -35.7313
-19.5772 -9.68889
-15.9275 -5.38152
-17.5513 29.6522
-7.06992 -18.1175
1.77569 -17.2872
-0.460151 -1.09313
4.56081 -7.85407
-5.53553 -7.87868
-8.47846 -5.05753
-0.656357 -0.0541602
4.18363 -0.325312
-11.8337 13.2748
4.29595 -1.73697
-3.7124 5.13935
3.43232 0.702919
-4.03743 -6.88154
0.863314 -2.38037
0.286533 -2.82822
-6.21482 0.00698412
0.982932 7.03908
-3.98338 -3.09187
5.72297 -9.26226
3.36327 0.892588
0.155064 6.74799
3.19974 -1.28921
-10.7311 -2.86124
2.01957 5.53805
1.39409 -4.30386
-0.277389 0.693838
-5.4706 2.38822
3.09357 -3.45306
10.8756 -9.90473
3 2
2.69842 -9.65704
3.45124 6.55975
0.2121 3.95093
2.23726 0.0565015
-1.08106 4.21777
-1.01685 1.07303
-7.3678 10.3923
-1.27693 -1.86362
-0.359076 4.21689
-7.54656 0.883516
-2.39018 -16.2855
-1.84207 -1.83478
-7.57411 21.8274
5.55947 5.71758
-5.73138 7.92361
-3.76096 -2.14387
2.99592 9.10277
-2.59096 0.535098
-1.64378 2.02804
-5.38612 1.0632
4.33428 -1.10429
-4.40307 6.10241
1.71102 0.0543795
-3.22238 4.24496
-0.707107 -6.6066
3.03959 3.28787
-4.01391 12.5421
1.92662 -5.1617
-5.57603 5.34972
4.53884 6.98932
5.19203 -1.81952
0.869778 0.190902
-3.04116 6.33017
-3.11748 1.41178
-0.0991203 6.54748
-0.864112 0.755698
1.07419 1.43962
-0.857488 -1.05432
-2.33045 3.42531
1.2293 3.44156
2.56102 -6.10479
3.24912 0.124273
4.01668 3.329
4.70664 -1.15637
0.529605 -5.73965
2.56408 3.55896
-1.5532 -0.606357
3.63388 7.72854
2.28166 -1.67092
4 3
1.15889 -5.50214
-3.49585 3.36345
-2.6215 0.323484
-0.185229 4.61638
6.19018 9.27599
-2.39959 0.387507
-2.05426 -3.72921
-5.21248 2.11802
3.0148 3.67459
1.46537 -3.77111
-4.42955 3.29184
-1.98849 -4.07451
-2.43521 2.91299
-2.38148 0.586831
-2.42583 1.03658
0.464159 0.572993
2.33628 -5.85548
0.0669309 0.134171
4.42021 -1.35852
1.46116 -1.51719
1.5874 0.673622
1.6588 9.70758
-0.966891 6.98502
0.919583 -0.938673
1.53553 -12.1213
-3.8398 0.200377
-1.05989 -6.28594
-0.99707 -2.7801
3.37745 -5.8636
-1.15006 1.595
-7.91107 -3.39113
2.65411 2.79635
2.82147 -3.55655
1.02921 5.01412
-6.68846 2.75297
9.20491 -3.10901
0.0770878 16.0678
0.0943518 2.60494
3.1156 -23.5374
-8.2731 0.116484
10.1852 -9.15655
-0.704738 3.75384
-0.569347 -5.9489
-0.82468 -0.622661
3.86811 -2.70844
0.581732 4.019
-1.8487 -2.12603
4.41083 -0.339824
3.41408 7.32141
1 2
2.53329 1.23246
-2.7378 10.2311
-7.18177 9.3218
-4.28186 3.56982
-1.37643 1.71159
-5.88625 -6.69661
-11.0932 -4.20625
-3.97026 1.95431
1.6578 -4.64378
2.63673 -4.36472
11.3562 7.3147
-5.90049 -1.17509
0.0808664 -4.87565
-2.11674 2.12849
9.94653 5.33871
8.70339 0.219902
-2.12437 -4.83891
3.23904 0.286244
3.00241 -0.872398
8.53202 6.27226
0.896412 -5.10836
3.78206 -8.47547
6.50494 -6.89583
-20.5145 1.12857
0.707107 14.6066
7.85706 4.78653
18.1223 -9.22802
2.77883 -2.12802
-15.0314 -0.388848
-20.629 -28.6522
-11.4924 4.30541
11.1997 13.6637
31.841 -2.14466
25.7485 -19.5038
-10.0046 -56.049
-10.8839 0.461899
2.41023 1.2348
57.4106 38.8731
16.9715 -10.0828
8.6248 -12.5551
3.18238 32.5308
23.2046 -28.0702
34.7666 70.612
-6.93816 -107.295
86.6492 131.184
32.3331 -91.5796
172.945 -239.038
-198.055 -390.56
149.679 -3065.32
