20479 20908
-1537.35 -7123.04
590.36 522.939
163.888 -844.752
164.143 -390.239
-72.3185 -299.536
-37.3728 29.106
19.1068 29.6522
132.249 -83.1778
105.231 -106.872
-54.2181 -46.9862
14.1352 12.6388
-0.266039 -4.47652
25.586 0.993647
-0.619041 18.8499
4.60455 -41.8129
-34.9923 -42.1442
-23.0702 31.7447
29.7075 4.54381
-24.1157 -7.35565
-10.5489 -10.6228
5.00156 12.923
-1.8434 -28.9875
-10.4441 -11.4811
-0.570592 18.8137
18.0711 -8.82843
0.785052 -7.90337
-2.94439 -8.35454
-8.0685 -2.05891
-7.64283 -4.57369
-7.55521 5.07585
-1.84169 7.83302
5.65652 -6.20834
-2.72363 6.31473
-5.53027 0.978603
2.3925 1.20687
-3.38016 0.71038
4.43443 6.77592
0.107052 3.71414
-4.12123 -5.17895
-10.0119 6.20347
0.043386 10.4047
-0.867699 -3.30554
-5.78589 0.104826
-3.97249 9.26463
-5.90239 4.87245
1.73598 1.84265
-3.44128 2.00421
-11.8035 12.5241
4.15721 4.09397
-3 4
8.68756 5.58169
5.42393 2.92088
-9.7943 3.43639
-8.61393 4.29678
2.45621 3.56433
0.977274 -4.11652
2.0273 -1.29857
-5.62305 -1.89754
-10.3847 1.18344
-1.34515 -2.68146
-6.5985 -2.58424
-6.64708 -1.18138
3.81846 -4.0689
2.89611 1.71168
5.73548 -2.84876
5.82627 5.3024
0.186574 7.36404
4.30398 -0.196461
4.51417 -5.15539
2.72239 -3.98568
-3.74282 0.661448
-0.355728 4.89877
-7.51956 8.83874
-3.57631 0.173131
9.58579 -0.343146
-3.56573 -3.36905
-2.23928 -1.20139
-2.03682 8.37697
-4.39969 2.07944
6.45286 -0.0546104
7.3789 1.1721
2.15564 -0.191899
-0.689593 0.846391
2.48671 -0.604595
6.51796 3.56513
3.52265 0.0868685
-2.9062 -3.72338
-7.46196 -2.25652
2.68186 -6.22771
-4.1426 -0.992487
4.57392 29.2662
-2.92632 -7.75171
-6.27392 8.35721
0.0240521 -5.87124
-1.40097 5.12962
4.69432 0.823881
-4.40542 1.68847
-6.1304 -0.189794
-7.44904 3.4931
-1 4
2.55403 2.02825
-2.88017 3.19707
0.376459 -0.867943
1.84485 0.355741
-1.0487 4.05314
2.18229 11.976
1.79061 5.31567
0.837672 2.61756
6.36148 9.37516
-7.67476 0.38374
-6.54397 -21.7194
0.350476 1.76306
-1.7775 -4.43219
3.45159 -10.2237
-1.07052 -0.523606
3.1099 2.26685
3.04626 5.47292
7.52484 -4.30865
2.6883 -3.50929
2.19961 -1.5077
-1.91144 -2.36395
0.654024 -0.0171975
2.42405 -2.91083
-1.89943 4.41443
3.92893 -3.17157
-5.33219 6.95778
-9.18371 -2.6764
4.53518 1.29838
5.54916 8.05118
-0.54578 0.558926
-5.16664 -6.18893
1.86812 4.89808
6.01452 -12.4613
3.33831 -9.54705
5.71279 -5.07706
-4.6895 -2.28216
2.31411 4.8336
-3.73096 3.06577
-9.1931 0.23099
-3.41878 -1.22837
-6.29005 -1.88126
3.27557 3.94146
9.48911 -1.161
7.49053 0.787599
6.18757 -2.67793
-0.244291 -2.75704
-2.26239 -1.23263
17.6604 -2.77765
14.4692 -4.938
1 4
1.46707 -4.12113
2.67258 -8.39703
-7.88322 -6.05668
2.65416 8.93644
-4.60368 6.59377
4.67073 2.52244
1.62767 5.88077
1.64577 6.90591
-8.99303 -0.10551
-12.6406 12.3588
13.1604 3.89942
7.98646 -3.87251
-2.74899 -13.6777
-7.50739 6.09711
-5.00772 7.84899
-1.84001 3.42854
-1.74795 4.24055
10.282 -4.91497
-7.23165 -1.05778
-13.0935 -1.58021
-7.32638 9.86319
-3.36911 -1.45808
0.380175 1.52579
9.7719 3.89927
12.4142 -11.6569
-1.60637 -14.3388
-11.9963 13.2959
19.267 24.3359
0.570264 -5.33883
1.31282 -4.4674
-15.1078 -21.0196
12.0911 -11.1369
4.18651 -5.963
-7.84768 39.3809
53.8363 6.72334
-18.5132 -48.5481
16.1175 -21.5265
-7.26758 31.1601
41.1095 6.23668
56.5076 -10.4739
44.0122 -21.4636
55.6784 -39.5215
-129.598 54.865
54.1857 -83.3445
59.9091 112.919
77.7185 -88.9408
21.7694 -217.045
-370.852 -553.571
-452.086 -2994.98
