22271 21778
185.649 -6818.44
107.386 234.581
120.457 -688.404
141.938 -193.929
-141.093 -278.268
-59.2378 -63.5946
-44.839 -2.34194
32.4753 -43.6949
18.8446 -19.2537
-55.5038 7.92976
-7.86149 9.46502
-64.0696 -17.7551
-2.46063 23.2905
7.93269 7.65131
11.9972 -15.6018
-17.2233 9.79699
-10.573 20.1403
12.1896 13.4827
10.1959 -2.49641
25.0229 -6.33212
1.54939 -5.01968
-13.767 -5.38743
-7.29877 6.37793
5.1044 -6.77533
-2 -4.65685
-6.78303 -6.58363
0.807414 2.11061
-3.91279 10.6421
4.78136 -11.1463
-0.0803232 -7.62878
1.05834 -0.322409
3.04159 -5.78473
-5.78552 1.12059
-7.13957 -6.53455
5.12889 -6.32763
-0.852465 -5.90296
11.8401 1.82515
-7.34559 2.6228
2.50219 -1.01849
3.82385 -2.54212
2.61487 2.26503
-1.59823 6.53347
-5.41325 2.85191
-5.12778 -6.63798
-4.76394 3.4446
-4.63855 4.59368
1.85183 -0.46737
2.02991 -0.532782
2.75518 0.249473
-3 2
-1.81662 -2.46636
-7.35982 1.99664
1.15495 -5.13127
8.79784 2.4203
-1.34896 -7.99233
1.43423 -10.1365
-4.87338 -3.49203
2.7651 23.7978
-0.373367 -1.76465
2.69152 8.26095
-5.65513 8.12035
1.67746 3.08053
5.17756 2.78306
-2.20451 3.97768
-4.91665 6.55726
-0.490526 2.28775
6.64204 -2.87547
3.32807 0.90808
4.09938 1.68272
-4.95412 0.0451861
-3.37532 6.20723
-1.98795 -0.706376
-6.08725 0.480035
-2.73213 1.92481
-4.82843 0.656854
6.77015 -4.99191
1.94964 -2.09758
-3.64111 3.06542
9.94189 6.18721
-2.18712 2.49521
-1.33666 -1.46281
0.527302 0.895552
4.239 0.844388
-5.25005 -1.64797
3.09068 -7.24208
0.767656 3.68605
-4.76576 8.26195
-1.21796 -4.84124
2.87581 7.00099
-3.18315 2.77845
2.00636 10.0244
-0.117739 2.99853
3.04043 1.10191
-7.92844 -3.63516
2.39579 -1.62875
0.176896 5.35726
-0.205827 0.408854
2.24161 5.57984
-1.45846 -2.15315
-5 2
0.766279 4.46512
5.62745 -2.05394
0.593175 -0.947239
-1.69968 -0.432572
1.7834 4.89097
-2.8517 6.08947
2.8979 -3.47128
4.73456 -3.21825
-0.130023 -7.47309
1.69436 -2.49333
-0.00622645 1.14801
5.28871 1.3766
-8.12471 4.37594
2.84737 5.47095
2.70365 -15.2025
0.170645 -5.00778
3.38154 -5.07028
2.47505 -4.543
-3.09591 -0.381091
-0.285011 -5.11324
10.9132 -3.92448
3.02052 -4.63904
2.62087 5.11733
8.35842 6.73535
-2 6.65685
-0.771046 -2.98821
-1.8872 3.96739
-0.610649 1.96469
3.70709 -1.7496
-5.33215 4.94002
10.1394 3.20138
3.72532 1.85929
6.64417 2.93322
-0.0198184 2.19985
-2.05269 -3.36648
1.3352 -2.99233
3.64716 2.61482
0.435546 -1.11318
-7.83555 -1.85621
-2.28827 -1.69864
5.50644 7.40977
-2.25677 13.2159
-0.849018 -10.2637
-8.15745 -22.6674
5.57489 5.29619
2.29532 -12.6017
5.39614 -4.74929
-7.79872 -6.23459
-1.62464 -7.16152
1 2
5.01691 -3.9567
8.96884 -3.75863
-1.76184 -4.11504
0.237113 -9.70816
-0.918114 -3.99825
-0.127076 1.88266
2.86123 -0.216902
0.964343 -12.0392
3.81513 -4.9986
2.64828 2.16016
7.03581 -2.1571
0.062007 -5.76501
11.1701 -3.89271
9.78848 4.14936
-3.62228 5.45172
-1.76231 2.15739
-11.9776 3.2126
16.0662 -8.52605
-1.86788 -1.51856
7.01907 -7.64823
3.7934 -2.62849
-4.9273 6.63542
2.78154 3.78522
1.13024 3.30466
0.828427 -10.6569
3.77854 4.99236
-4.13905 -6.31911
-9.21789 7.4426
7.65634 3.15142
24.5739 -7.23018
13.0705 -10.3792
-6.69096 -21.5718
6.75356 -4.27841
-10.8067 -8.75952
27.9467 7.86932
-8.20981 -12.7427
-16.773 -22.8834
-54.5694 26.3319
-7.37398 9.67015
22.3401 -31.9231
-9.82977 9.54241
64.2084 -7.85729
-82.031 46.8399
40.0154 -33.3975
-53.9058 134.118
205.299 -38.8142
312.561 -133.651
-66.3134 -367.185
1194.72 -2835.84
