19564 21111
-771.948 -7079.66
-20.4044 199.841
26.8292 -615.736
241.341 -70.2827
-22.0272 -354.287
67.1657 -107.695
-3.72766 -86.4037
-50.6453 -38.293
39.0825 2.36781
-8.8867 -44.8332
30.0986 -13.3682
-23.6943 -20.8069
34.5015 -20.5658
-23.5086 -55.7005
-18.7484 -16.1947
-9.35202 -4.79128
1.1363 13.6668
35.6173 -0.234539
-15.9995 -11.9262
-11.6266 11.7176
-21.0736 8.06897
-8.50815 1.27972
-2.63847 -3.56141
2.37327 -12.8168
12.6569 -7.65685
-4.46419 0.385852
-6.94573 -5.17755
-0.652569 3.9739
4.87989 0.739179
-1.98755 -0.497971
-7.32862 -10.5925
-3.00548 0.596831
-0.80283 8.28265
5.08944 0.0991491
-5.69689 4.67028
-4.12345 -14.173
-2.68116 -2.32154
-1.59971 -14.2911
2.49526 -3.91247
-2.64828 0.759141
-1.25175 2.25473
5.84148 6.28534
-1.08371 -2.6445
-2.7383 -1.42417
-5.03392 -6.1213
-1.80602 -6.65523
-1.23654 -3.05526
7.53464 3.37304
7.02204 -1.6513
-4 -9
0.918237 0.141187
-1.55179 0.602801
6.63014 -4.64565
-3.57277 -4.19916
-2.95533 12.3603
-2.25695 -0.495059
0.103052 8.72836
-4.19565 3.36437
-5.03059 14.5836
-0.0716953 4.27272
4.04327 2.77537
1.29024 -4.28389
0.323984 -2.6135
0.317779 3.51055
4.54398 -0.282383
-3.14184 0.0703285
5.00103 -1.63816
1.74619 6.45872
1.92078 -4.62953
-4.33869 -1.50203
-0.498621 -0.148834
0.112311 -13.433
5.98251 5.02269
4.82305 28.8948
1.92893 3.07107
-8.13571 5.92141
-3.90844 3.59671
3.96719 10.7105
-2.90231 7.66408
0.285011 4.89623
0.670384 -0.821167
0.800782 3.87526
3.07589 2.41669
-1.25885 3.3591
1.57954 -3.47756
-7.02061 5.05273
5.68267 6.33801
-8.6594 6.64636
1.87983 4.33602
-2.73133 -3.81927
-3.48368 -1.99521
-1.80642 2.01912
0.665234 -8.48122
-3.12935 0.184593
-1.00549 1.32754
3.48711 1.83425
-1.63416 4.65361
0.274742 4.45875
3.751 -2.62725
6 -3
2.23462 0.833898
-2.66455 -2.37721
1.12248 -0.393289
5.50969 2.87726
4.21161 -6.52811
-2.02913 -2.22133
1.71903 -3.9314
-0.0194865 2.56566
-2.6535 11.4273
2.76101 4.56758
1.93128 -2.60459
-1.93837 4.72065
4.46565 -2.25673
-0.784284 1.7162
-1.4366 4.27568
3.35938 0.855991
1.10122 2.18482
6.38518 2.77787
-0.0680959 6.92623
2.18712 0.193944
-6.30786 -3.06191
3.54411 -4.0996
-3.99095 1.09082
-7.44964 7.10272
1.34315 3.65685
0.0891908 11.0411
2.78672 0.143064
-3.26654 -21.6897
0.0481312 6.12641
-5.41753 -7.82871
-1.76604 -3.14319
-2.33461 -10.8484
-1.73436 -0.713953
-2.83581 4.85335
0.173726 1.40276
3.03937 -2.11525
-5.58156 1.07944
1.96289 1.09527
-2.17923 -0.563346
-0.692237 -3.89076
-8.55091 -3.22176
-3.20193 0.219429
1.52595 1.65364
-0.688384 -8.41279
-4.27513 8.34229
-6.58838 1.65429
3.45451 -9.98932
1.46334 -0.161203
4.06804 -4.03712
2 9
5.06941 -2.06531
6.54105 -3.18198
-3.52206 3.62521
0.935161 7.48625
0.164627 4.57299
-1.32812 -0.91028
1.71063 0.960969
2.44801 -6.33901
3.00115 -4.63971
-3.82385 -6.84931
7.76655 -4.13419
-3.79814 6.55937
1.21525 9.49076
-5.54533 -1.43522
-0.610328 -2.15477
3.52643 -2.33575
4.59714 -4.05818
-4.02459 -7.5916
-1.15143 5.58787
-3.96444 -9.51882
6.71791 -6.76663
0.446828 -2.18156
-0.350998 2.03989
8.34614 -2.01298
16.0711 -11.0711
4.75444 2.24438
-11.6581 -4.34734
-4.81537 8.74836
-5.70617 1.81999
6.3905 -9.0996
6.06847 -4.75543
23.8814 -37.5379
4.71474 -15.5547
-26.004 7.88611
7.61142 18.5084
-2.16371 49.1146
62.2958 -7.99775
0.156676 -22.4581
3.12068 -18.2681
6.56523 -6.56758
-10.8758 9.92949
16.1714 -30.869
7.39835 71.1946
168.496 -92.0938
-8.49561 105.585
162.125 -238.178
-1.68938 -251.978
-264.252 -297.691
17.1345 -3245.09
