22506 20922
-2090.47 -6474.32
265.238 422.846
-162.956 -810.682
-21.4468 -223.14
-64.613 -259.306
41.5583 -17.3193
-34.1872 -47.757
-22.9562 -93.4865
5.31462 -61.7567
31.4682 -68.8378
58.5725 22.7982
-32.8406 -51.1066
0.295098 -28.2319
-19.5269 -11.1286
-22.1318 6.06902
2.17108 -4.80847
-7.60637 -18.9529
-20.3528 22.6342
-1.2872 1.53846
24.9903 -14.2402
0.31486 -6.84234
-6.70518 24.1974
-7.46193 -3.25694
-9.9152 -13.0941
-8.94975 -1.70711
3.45264 9.23545
2.58313 -2.25986
-6.24738 -4.32807
-1.33293 0.712151
-9.25717 -8.42902
-1.59064 -3.5098
-3.49555 -1.46323
1.25343 2.36434
-2.83214 2.03821
-0.608665 0.93799
1.52021 -2.915
5.47185 -15.9059
-3.3099 0.653959
3.61502 -2.43712
1.77111 -6.04114
3.05896 -5.41921
-5.68639 -6.36166
-0.645491 -6.81494
-9.649 6.38072
-2.71581 -1.91479
1.00302 -4.17934
3.37067 -0.307341
-2.91335 6.46162
3.07066 2.00762
1 -1
-1.11512 -9.34544
-8.15935 -10.6
-3.44856 3.75851
1.49239 26.1207
2.6032 -9.74949
5.14562 10.7853
4.24631 0.473813
-2.697 6.41867
-6.13355 2.79051
-0.580103 -0.680525
-2.07006 4.2562
1.58305 9.16255
-3.76602 6.5062
-7.73438 -2.77451
0.0780984 1.16592
3.23475 1.9826
-1.67319 -0.312623
7.12712 0.241012
6.0768 1.20568
4.09811 6.33885
3.45038 -0.246234
-3.33163 0.6803
-5.0131 1.80759
7.04237 2.6216
2.12132 -3.70711
-2.74134 -3.58047
0.022931 3.84292
0.311871 -0.592231
-1.7623 -1.52349
-3.0632 0.871187
5.52676 0.64939
-0.84285 3.62864
4.56904 1.48675
-4.09756 1.30657
0.775724 5.91716
2.0128 4.59784
0.825284 -3.01056
-0.616178 -2.73353
0.558929 -0.216265
2.03841 5.85912
-0.352342 0.906701
-0.911966 -4.93105
-2.64456 -5.20575
-0.48519 -0.0999108
1.47414 15.7179
-1.80199 -1.72758
3.21783 3.08999
-1.11101 7.67204
-0.914906 5.61808
4 -2
1.10952 0.271427
0.598029 -2.12555
3.13963 2.75733
-4.61193 3.58063
1.18694 10.2138
1.38469 3.83351
1.28263 -14.665
-1.65189 6.64171
-2.87398 -4.76986
0.351635 -2.6471
4.3882 -3.62174
2.9429 -2.60116
-1.56243 -0.848714
-0.624024 -2.65818
0.421719 -3.47651
0.635801 -0.982368
1.94878 -0.0299463
-0.883664 -1.67296
2.773 -2.08007
-0.263034 0.0386432
-5.30337 -7.08705
-0.327652 3.02885
-1.66549 -1.92808
-1.63878 -3.54613
0.949747 -0.292893
0.594438 -3.3896
-6.32218 -0.149896
-3.4774 0.220188
7.52807 4.57375
-6.09027 -4.64293
3.30722 -2.48593
4.56121 5.12605
3.70123 -1.76285
-4.04884 3.8409
-1.99933 0.151391
-12.3546 -2.06405
-3.12031 -4.84806
-1.5544 -11.9538
-0.738672 -1.36321
-4.10681 6.4789
-8.59268 6.73775
-5.7724 -1.76467
6.14045 1.8733
4.97158 3.76752
3.96156 7.96765
-2.06192 14.3477
-6.15007 -1.53316
-5.39489 -25.7312
4.7503 -1.13132
1 -7
-3.34294 -3.27919
2.41769 -3.04058
6.90929 -6.40477
5.31899 3.94996
-6.54879 -5.37259
-1.50099 -4.00151
-2.72595 0.370046
-0.615167 -4.03913
4.26441 -6.56455
10.5551 18.1313
0.660039 0.400073
2.34373 8.60473
6.99526 4.84925
7.2622 4.81679
-0.00322988 1.85297
6.87513 -3.75379
-1.03709 -6.05734
-0.64604 6.42729
1.75189 -2.00935
1.58369 -11.3784
-3.48816 -1.60246
-2.68307 13.6182
8.02035 -3.98494
5.59064 -15.1805
-2.12132 -2.29289
-4.88929 7.11915
0.121588 -0.1428
-13.2057 -9.36958
19.7486 0.892559
30.6966 -4.55815
-0.115917 -23.0069
-16.0464 0.830107
18.136 0.190457
15.9289 -17.9724
-40.6703 -23.8966
12.2105 18.6616
27.1509 -3.04214
1.93035 1.24215
33.0003 -3.85069
63.8074 11.7373
57.3319 50.3134
30.1659 -28.2759
7.87652 -21.955
-28.9292 -121.16
116.79 141.722
20.9268 10.4896
181.07 -327.84
-314.226 -604.158
-825.053 -2652.68
