22180 21436
-150.843 -6766.95
186.394 364.596
103.232 -759.929
95.8022 -216.923
-116.742 -291.904
9.80384 -20.3008
-34.0545 -30.7161
-6.09983 -32.5896
40.3333 -47.6591
-46.2692 -82.3066
-33.8614 22.455
-63.2007 0.416377
1.62332 -16.4634
7.30987 -11.5882
29.9947 2.58355
-15.071 10.581
-39.8 3.11186
-11.4413 0.866104
18.6058 -4.32343
23.8743 -4.72597
-33.2976 -0.0462608
-11.0379 5.39729
20.3627 2.98726
12.5495 -5.12564
-11.6569 16.4853
-3.00794 5.74403
19.6237 -2.92425
-7.18891 2.86003
-8.20076 8.38459
4.94494 15.8033
-2.80273 -12.5541
-7.01303 4.61741
-1.48068 -5.17117
2.27563 0.725627
-3.611 -0.321591
-2.02966 -1.41392
2.10474 -0.520132
-0.238517 -1.29857
-1.27865 0.315905
-0.357028 3.64677
-0.456908 -2.33383
-5.85715 -3.52776
3.86894 -0.491127
-2.176 -0.969099
-10.0621 1.50504
-2.41738 -0.0625959
-0.75318 -4.92756
2.39055 -1.57336
-1.57872 -5.31694
-2 -6
2.67423 2.94962
-1.98564 -1.01854
-1.01414 -1.39403
-4.47542 -5.4976
2.19568 1.38748
-2.79529 6.12961
-0.596208 3.82255
-6.33876 -2.873
-2.09487 4.41081
-5.52965 2.46058
2.79214 1.62536
2.92555 6.43456
10.1149 -1.21345
-3.86261 -2.19816
1.07697 -8.81778
0.192922 -14.2663
2.12474 17.5766
0.472998 17.5075
3.41371 -5.91776
-2.45151 12.4885
-4.6821 4.24996
4.80019 7.90185
-0.1032 -6.96572
1.6297 2.45498
-3.17157 1.65685
1.36712 9.85166
0.504393 2.1066
-1.342 -3.22763
2.57144 -4.8969
-5.22066 -2.75679
-3.214 2.23916
-1.82987 -2.91867
2.52769 2.29087
4.68307 -3.80437
0.910844 -0.688133
-0.916646 1.37748
2.82573 -0.581408
1.50873 2.83189
4.43075 -2.14327
-3.18164 4.52954
4.36379 -1.66271
-0.308724 -2.7042
3.16713 -1.05623
-6.28659 -3.44842
2.75548 5.5525
-0.568374 -3.30302
-1.83556 1.33975
-2.78784 1.87781
0.532683 -0.124762
-4 0
-2.36364 2.37386
0.446776 1.72559
-2.92623 0.865809
3.93071 3.30987
-1.40345 -1.11462
0.290501 5.15653
-0.0912868 3.62362
2.79474 3.01131
1.45099 6.5148
1.50967 -3.09382
2.19191 3.14116
1.35658 -3.05698
-0.569643 1.43751
-0.370611 0.0861322
0.173002 1.48695
5.32739 0.704131
-1.81695 -5.77942
-5.10359 0.407199
-3.23342 1.24865
-2.86951 -2.47928
1.48798 1.86056
-6.06401 -3.48058
1.75413 0.749314
0.658617 -12.1622
-0.343146 -0.485281
-0.657477 -3.38055
3.36988 3.46389
-0.0562742 -3.11042
-4.78414 -1.07195
-1.86037 5.32181
7.26258 1.12665
-1.86192 11.2143
-3.92099 13.551
-0.15108 -26.0892
0.0957308 -4.71949
1.02773 -6.13345
5.10894 -13.9278
2.34069 -4.40194
-5.1829 -4.3693
2.0788 2.01155
-1.38991 -14.4914
-0.874354 -0.243159
-7.77212 -4.09044
1.51866 -1.79269
3.05648 -0.650325
5.63688 3.15411
3.22163 3.1334
0.749152 -1.27366
-0.742513 1.87648
2 10
11.4489 9.63619
8.3031 -1.71377
-3.92381 4.10186
-6.79174 5.92378
-1.99926 -0.83219
5.36268 2.26114
5.46304 -4.23377
-8.90539 4.9715
-1.18765 -4.9089
3.4472 -4.41071
4.66584 -3.85539
0.914804 -0.430736
2.12204 -7.93802
-2.06525 -4.53698
6.38345 -6.91987
2.37408 -0.381357
1.39787 2.08828
-6.36835 -3.99882
6.5061 -0.90898
8.31122 -11.5447
-9.34466 -7.6803
-4.83303 6.74904
14.9293 -4.06732
6.76936 1.34694
-8.82843 -9.65685
14.3774 6.55457
1.80302 1.92614
-16.0599 3.44841
-11.1983 18.0627
28.5766 0.25383
14.9551 3.69139
-41.7984 5.16704
-17.3808 10.7403
2.71291 7.87962
58.7797 -7.41014
5.2397 2.76614
-15.1589 3.32578
-27.343 17.1232
-5.87017 12.7527
38.9969 44.802
12.8956 21.8733
37.3587 -65.2099
-28.7469 59.0294
100.634 -49.901
-7.60438 162.863
125.775 -76.8931
251.809 -221.467
-90.4247 -456.309
803.91 -3046.98
