19772 21384
-518.845 -6928.27
119.99 346.781
235.034 -688.717
239.057 -198.573
-48.0298 -344.233
9.92524 -19.5931
8.99291 -18.1034
44.4845 -44.6754
33.9797 -27.3163
-34.0402 -87.673
43.16 -11.202
-7.66367 -12.2135
19.6133 26.9124
-10.6298 24.7108
-0.507108 0.0661052
-8.28259 -38.7265
-30.7381 -2.4016
-5.02444 29.243
-16.6406 6.67954
9.89108 -7.14922
3.01934 -23.9602
-11.3594 4.41083
-23.4211 -6.53762
-2.08223 -6.57705
14.0711 10.4142
-1.39087 -6.04628
0.47503 0.793546
-3.29736 -6.81306
2.78807 -4.59861
-11.901 11.5171
-1.34719 -10.9041
8.84807 -5.66633
-5.33388 4.12721
0.841693 1.97038
-3.7411 8.43479
2.59978 -3.78616
-5.01165 -0.384009
0.609537 -11.3436
-1.64162 8.8091
-3.30573 5.08872
1.60679 2.58733
0.783217 4.60022
-4.46813 -2.44834
1.28635 3.49256
-0.214759 3.92509
-3.3672 -1.91974
6.546 -0.27985
-7.78048 8.15531
-2.92706 -1.6566
8 2
0.502381 4.55986
-3.39274 -4.19576
-1.02263 4.65449
-0.899847 1.31431
0.191301 3.7152
-2.77333 -6.84692
3.72314 -2.34665
-3.88096 -6.02928
4.00294 11.2417
6.19066 -0.222129
0.790793 8.67173
-5.13818 4.03872
1.26619 1.24625
-0.392627 0.00548468
4.51323 -2.08759
-0.190398 5.50153
2.99231 -2.01823
-3.13287 -0.935414
-5.0562 3.46682
-1.04331 -10.7532
4.30386 -1.65637
-0.421066 21.1946
-7.01783 -4.59668
-2.31575 11.0703
-0.414214 4.07107
-4.50828 13.2433
3.80317 -0.304449
-3.08119 -3.02457
-6.97413 2.96583
-5.32292 -2.06851
2.23388 5.73406
-7.705 3.01017
1.41028 4.3355
1.72682 -0.3801
-1.53262 -11.1774
-3.40728 2.70137
1.09223 3.76752
-5.83587 5.35714
-2.15986 -3.59164
1.09591 -2.3959
-1.79303 -3.23625
-5.93236 5.91926
5.23492 -6.13677
2.3035 0.270077
-0.562047 2.95839
-0.627022 -2.19406
1.24266 5.86061
1.07301 3.31271
2.8763 -2.08006
-4 0
3.06134 2.05395
-0.318977 5.13795
-2.20193 2.10139
2.51494 -0.249669
3.17405 -5.80571
5.26893 -2.58111
0.0358632 2.69911
-5.31519 1.65865
-0.154537 8.13527
7.0029 1.61398
-4.32864 -10.1582
-4.39589 -1.80113
1.62849 -5.834
3.36322 4.3707
-0.0504288 -4.84077
5.12993 -4.8187
0.478065 6.7554
-3.81236 3.92679
3.9468 0.528404
1.55899 3.36031
-3.76209 -0.0147291
2.54221 -0.549077
4.05765 6.75679
-2.43652 -4.03454
-0.0710678 7.58579
3.78692 4.85229
-0.426009 4.37488
3.81995 15.2259
2.87732 8.85245
-1.92753 -21.1574
-0.828294 -3.38236
2.29586 -8.63344
3.31527 -1.45298
-0.458634 -0.867435
5.53471 5.54963
5.78459 -2.05009
-0.897682 -6.47228
-3.5073 -4.5694
-1.00119 -4.54733
12.5175 1.40247
-0.230371 11.9354
-2.3175 -1.39158
5.52141 -14.3331
5.06811 -1.03498
-0.998384 -7.17461
-6.81 -8.1134
-1.85278 -1.80389
1.32378 -0.380113
7.54706 0.0358821
8 -6
-3.6904 1.15631
-8.62682 -3.80925
4.11249 -1.75679
-2.46165 -1.94012
0.0927777 0.537998
8.14914 15.659
-6.46614 0.756919
-2.89573 -4.37595
-4.47569 0.0696365
-4.93033 9.61949
5.00796 6.18432
-3.60895 -0.798915
-4.47353 1.31792
-13.8403 3.20029
4.49289 5.40751
-1.64783 -4.71049
5.3665 0.591464
-6.27902 -2.55928
-6.64447 6.66655
-13.1282 -10.7738
10.5926 5.80656
8.17558 10.5593
-1.11243 -14.7442
6.64918 -14.053
2.41421 -10.0711
0.478722 18.8437
-14.2593 26.9361
20.9697 -5.21352
25.6006 -0.0546101
-4.59928 -14.0311
-21.0542 -1.01326
1.3691 10.8881
21.6035 11.6971
4.86059 36.1908
4.59538 -36.8539
-19.9709 -11.144
29.8758 4.9543
23.783 6.55882
48.1345 11.9962
-2.05863 3.62209
-6.70801 29.3076
36.6375 -38.7823
-32.3804 62.1916
67.0346 -92.8752
-2.9581 149.579
160.992 -145.528
80.8758 -297.662
-250.31 -350.972
-182.983 -2994.3
