17536 21797
-2305.27 -6678.04
154.063 199.076
-111.705 -648.579
146.305 -201.563
-55.8562 -304.668
20.6826 -85.4225
-48.3283 -62.9933
-58.5975 -15.9455
65.4416 -52.4999
-20.3789 -26.3439
14.9908 -33.3299
-36.9468 -37.446
12.1546 0.175237
-34.0948 21.8017
-4.74476 4.69532
5.15645 -12.1792
13.3991 -3.56887
27.0531 -39.4786
-7.34351 -5.46379
-27.2868 -16.5977
-10.5549 -1.89376
2.47193 0.850996
-4.06949 0.676703
-8.26464 1.89982
2.70711 -0.707107
7.71058 -6.3905
-15.8004 -2.3673
-7.73268 2.88013
4.81138 5.91023
-0.664215 -2.64387
-4.15941 -6.69279
-6.73818 11.0228
-2.66145 -2.12225
-5.3964 -11.9064
2.26225 -5.49078
-8.06521 6.12646
6.84285 -4.96922
-2.35041 7.11248
-0.117401 1.53959
-0.449604 -2.04508
4.26227 2.24378
-1.41697 1.85181
-13.1599 1.82736
-4.42891 -1.71928
9.96367 10.1656
-1.24804 2.52266
-1.81408 -0.910676
6.37669 -1.86958
1.93022 -1.4659
5 -2
2.44916 0.82006
8.76325 3.09775
1.2887 -4.19811
-1.50328 0.352663
-6.94891 -1.5817
1.96517 -3.87282
6.31833 -3.19788
-0.227587 2.70491
1.81468 -2.17832
1.31504 -4.82962
-2.94406 -5.18066
-4.1718 -14.8523
4.02454 2.99923
4.82875 22.8382
3.15659 -4.86617
2.9867 9.18724
0.798499 4.04151
4.49815 11.2041
4.21334 7.8739
6.04618 -3.64793
1.88226 1.80908
-7.11832 8.07636
-1.98918 -6.80662
-2.2801 6.56723
6.70711 22.8492
-8.10041 3.871
2.22463 -0.663603
-1.83229 2.19525
1.82375 2.96848
-4.10944 3.54508
-0.780071 7.36821
3.26688 3.28242
-0.597451 3.25465
-0.695213 6.06794
0.533998 5.98415
4.57619 -4.30248
-0.294793 -7.31661
0.925302 -2.09922
2.19355 1.62402
3.34449 6.16355
-1.41992 -1.58206
0.90889 -5.31326
0.558587 0.114943
1.88402 0.632513
2.16355 -0.789098
-3.61782 1.81297
2.39834 7.59289
1.15408 -4.61432
1.74139 -3.09946
-4 -1
-1.54564 3.87816
2.33246 2.75606
0.130819 2.52909
-6.12071 -1.42549
0.869368 -0.477841
3.47813 1.85834
0.984514 2.12923
-2.03513 -5.25479
0.361848 0.753264
-3.52192 -4.28652
2.77101 0.522758
0.291285 1.55523
-1.22747 3.74783
-3.09927 -1.13
-2.19399 -7.31601
-0.598969 10.4798
-2.49442 -4.08774
3.57356 1.21109
-1.91132 -1.94819
-8.36269 3.54508
-1.3624 -0.511527
-1.36662 1.43669
-2.12146 6.82469
-11.6176 3.22126
1.29289 0.707107
1.31546 5.68817
-7.0479 -10.5053
-2.47774 -4.60856
-4.96767 -1.99042
8.09085 4.56388
1.64431 -6.77866
4.10299 -8.56261
-4.20426 6.08519
0.32721 3.62326
8.02402 7.09831
0.524114 15.1229
2.45116 -3.55695
-7.15115 -21.2861
1.47268 6.60231
3.04564 -6.96876
4.28012 -0.241268
-3.50596 -12.1078
1.37368 1.94413
-3.42048 0.376069
-1.04571 4.63624
-0.263439 -1.52632
5.07914 -9.61728
0.31322 -1.71553
6.04657 13.7225
7 6
5.99187 -1.89952
2.3978 -2.51683
-4.07145 3.81969
-0.684401 -0.784605
8.4377 -4.27681
-5.94204 2.51279
-11.417 2.26599
-1.47801 -0.260029
6.77385 -4.33497
-3.07826 -2.04508
3.41657 -4.06792
1.03694 -10.6855
2.19591 -1.71427
-10.8322 -0.935318
-6.28969 1.3902
4.94417 12.3186
-12.5155 2.86034
3.90836 -6.04796
-1.9622 2.46074
3.94359 -2.38354
-4.8309 -2.00053
-7.50902 0.506939
-6.73494 6.90746
3.28867 2.40033
5.29289 -6.84924
-4.23593 9.49286
-2.85637 -0.508555
0.21946 -6.21303
-11.3048 5.13854
-13.0739 29.3961
15.7021 -3.85966
40.9451 -5.23402
9.48026 0.218146
-14.9051 -7.43406
14.668 -2.16376
-26.0162 -25.3382
23.519 -9.62764
14.5632 -4.50316
28.1348 -18.3799
11.14 -15.4217
9.96201 2.94393
44.1225 -39.1979
-66.0352 32.1462
121.933 -101.611
31.0001 81.6608
140.05 -107.955
-75.3534 -266.877
-181.157 -346.287
-952.362 -2868.71
