540
91 49
92 48
93 48
94 48
95 49
96 49
96 50
97 51
98 52
98 53
98 54
99 55
99 56
99 57
100 58
99 59
100 60
100 61
101 62
101 63
101 64
101 65
102 66
102 67
103 68
104 69
104 70
104 71
105 72
105 73
106 74
106 75
107 76
107 77
108 78
108 79
108 80
108 81
108 82
109 83
109 84
109 85
109 86
110 87
111 88
112 89
113 88
114 89
115 89
116 88
117 87
117 86
117 85
117 84
117 83
117 82
117 81
118 80
117 79
118 78
118 77
118 76
118 75
118 74
119 73
119 72
119 71
119 70
119 69
119 68
119 67
118 66
118 65
118 64
118 63
118 62
119 61
120 60
121 59
121 58
122 58
123 57
124 58
125 58
125 59
126 60
126 61
127 62
127 63
127 64
127 65
127 66
127 67
126 68
126 69
126 70
126 71
126 72
127 73
127 74
127 75
128 76
127 77
127 78
127 79
127 80
127 81
128 82
128 83
128 84
128 85
127 86
126 87
126 88
126 89
126 90
125 91
125 92
125 93
125 94
125 95
126 96
126 97
126 98
126 99
126 100
126 101
127 102
128 103
128 104
128 105
129 106
130 107
130 108
131 109
131 110
132 111
132 112
133 113
133 114
133 115
133 116
134 117
134 118
135 119
135 120
135 121
136 122
136 123
136 124
136 125
136 126
136 127
136 128
137 129
137 130
137 131
138 132
139 132
139 133
139 134
140 135
140 136
140 137
140 138
140 139
140 140
141 141
142 142
141 143
140 144
139 145
138 146
137 147
136 148
135 148
134 149
133 150
132 150
131 151
130 151
129 152
128 153
127 153
126 154
125 154
124 154
123 155
122 155
121 156
120 156
119 156
118 157
117 157
116 157
115 158
114 158
113 158
112 158
111 158
111 157
111 156
110 155
109 154
109 153
109 152
108 151
107 150
106 150
105 149
104 149
103 149
102 149
101 148
100 149
99 149
98 149
97 148
96 148
95 148
94 148
93 147
92 147
91 147
90 146
89 146
88 146
87 146
86 146
85 146
84 146
83 145
82 145
81 145
80 145
79 144
78 144
77 144
76 143
75 143
74 143
73 143
73 142
72 141
72 140
71 139
70 138
69 138
68 138
67 137
66 137
65 136
64 135
63 135
62 134
61 134
60 134
59 135
58 134
57 134
56 134
55 133
54 133
53 132
52 132
51 132
50 131
49 131
49 130
48 129
48 128
48 127
48 126
49 125
50 124
51 124
52 123
53 123
54 122
55 122
56 122
57 122
58 122
59 122
60 122
61 122
62 122
63 123
64 123
65 123
66 124
66 125
67 126
68 127
69 127
70 127
71 127
72 127
73 127
74 127
75 127
76 126
77 126
78 125
79 124
80 124
81 123
81 122
80 121
80 120
80 119
80 118
80 117
81 116
80 115
79 114
78 113
78 112
77 111
77 110
76 109
76 108
75 107
74 107
74 106
73 105
72 104
71 103
71 102
70 101
69 100
68 99
67 98
66 97
65 96
65 95
64 94
63 94
62 93
61 92
60 91
59 91
59 90
58 89
58 88
57 87
56 86
55 85
54 84
54 83
53 82
52 81
51 80
51 79
51 78
51 77
50 76
50 75
50 74
50 73
49 72
49 71
49 70
49 69
50 68
50 67
51 66
52 65
52 64
53 63
54 64
55 65
56 66
56 67
57 68
58 69
58 70
58 71
58 72
59 73
60 74
60 75
60 76
61 77
62 78
63 79
63 80
64 81
65 81
66 81
67 82
68 82
69 83
69 84
70 85
71 86
71 87
72 88
73 88
74 89
75 90
75 91
76 92
76 93
77 94
78 95
79 96
80 97
81 97
82 97
83 97
84 97
85 96
86 95
86 94
87 93
87 92
86 91
85 90
84 89
83 88
82 88
81 87
80 86
79 85
79 84
78 83
77 82
76 81
76 80
75 79
75 78
75 77
74 76
74 75
74 74
73 73
72 72
71 71
71 70
70 69
70 68
69 67
68 66
68 65
68 64
68 63
67 62
66 62
66 61
66 60
66 59
65 58
65 57
64 56
64 55
63 54
63 53
64 52
65 52
66 51
67 50
68 50
69 51
70 52
71 53
71 54
72 55
72 56
73 57
74 58
75 59
75 60
76 61
77 62
77 63
78 64
79 64
80 65
81 66
80 67
81 68
82 69
82 70
83 71
84 72
85 73
85 74
85 75
86 76
86 77
87 78
88 79
89 80
89 81
89 82
90 83
90 84
91 85
92 85
93 84
94 85
95 86
96 85
97 84
97 83
97 82
96 81
96 80
96 79
96 78
96 77
95 76
95 75
95 74
95 73
95 72
94 71
94 70
94 69
94 68
94 67
94 66
93 65
92 64
91 63
90 63
91 62
91 61
91 60
90 59
90 58
90 57
90 56
89 55
89 54
89 53
89 52
90 51
90 50
