457
76 60
77 59
78 59
79 59
80 59
81 60
82 61
83 62
83 63
84 64
85 65
85 66
86 67
86 68
87 69
87 70
87 71
88 72
89 73
89 74
90 75
90 76
91 77
91 78
92 79
92 80
93 81
93 82
94 83
94 84
94 85
95 86
96 87
96 88
97 89
98 89
99 89
100 90
101 89
102 88
103 87
104 86
103 85
103 84
103 83
103 82
102 81
103 80
102 79
102 78
102 77
103 76
103 75
103 74
103 73
102 72
102 71
101 70
101 69
101 68
101 67
102 66
101 65
102 64
101 63
102 62
102 61
102 60
103 59
104 59
105 60
105 61
105 62
105 63
105 64
106 65
105 66
106 67
107 68
107 69
107 70
107 71
108 72
109 73
109 74
110 75
110 76
110 77
110 78
110 79
111 80
111 81
111 82
110 83
111 84
111 85
111 86
111 87
111 88
111 89
111 90
112 91
112 92
112 93
112 94
113 95
113 96
113 97
113 98
114 99
115 99
116 100
117 101
118 102
119 103
120 104
121 105
122 106
123 107
123 108
123 109
124 110
124 111
125 112
126 113
127 114
128 115
129 116
129 117
130 118
130 119
131 120
132 121
132 122
132 123
132 124
132 125
132 126
132 127
132 128
132 129
131 130
131 131
131 132
132 133
132 134
132 135
132 136
132 137
132 138
132 139
133 140
132 141
131 142
131 143
131 144
131 145
131 146
131 147
131 148
131 149
131 150
131 151
130 151
129 152
128 153
127 153
126 154
125 154
124 154
123 155
122 155
121 156
120 156
119 156
118 157
117 157
116 157
115 158
114 158
113 158
112 158
111 158
110 159
109 159
109 158
109 157
109 156
109 155
109 154
109 153
108 152
108 151
108 150
108 149
108 148
109 147
108 146
107 145
106 145
105 145
104 145
103 145
102 145
101 146
100 146
99 147
98 147
97 147
96 147
95 147
94 147
93 147
92 146
91 145
91 144
90 143
89 142
88 141
87 140
86 140
85 139
84 139
83 139
82 138
81 138
80 138
79 137
78 136
77 135
76 135
75 135
74 136
73 136
72 136
71 136
70 136
69 137
68 137
67 137
66 137
65 137
64 137
63 136
63 135
63 134
64 133
65 132
66 131
67 130
68 130
69 129
70 129
71 129
72 128
73 128
74 128
75 128
76 128
77 129
78 129
79 128
78 129
79 130
80 131
81 131
82 131
83 131
84 131
85 131
86 130
87 130
88 129
88 128
87 127
87 126
86 125
85 124
85 123
84 122
83 122
82 121
82 120
81 119
81 118
80 117
79 116
78 115
77 114
76 113
75 113
74 112
73 111
72 110
71 109
70 109
69 108
68 108
67 107
66 106
65 105
65 104
64 103
63 102
62 101
61 100
60 99
59 98
59 97
58 96
57 96
56 95
55 94
54 93
53 92
52 91
52 90
51 89
50 88
49 87
49 86
48 85
48 84
48 83
49 82
49 81
50 81
51 82
52 82
53 83
54 84
55 85
56 86
57 87
58 88
59 88
60 89
61 90
62 90
63 91
64 91
65 91
64 92
65 93
66 94
67 95
68 95
69 96
70 96
71 96
72 95
72 94
72 93
72 92
72 91
71 90
70 89
70 88
69 87
68 88
68 89
68 88
69 87
68 86
68 85
67 84
66 83
65 82
64 81
63 80
62 79
62 78
61 77
61 76
60 75
59 74
59 73
59 72
58 71
58 70
58 69
58 68
58 67
58 66
58 65
59 65
60 64
61 65
62 66
63 67
64 67
65 68
65 69
66 70
67 71
67 72
68 73
69 74
70 75
71 76
72 77
73 78
74 79
75 80
76 81
76 82
75 83
75 84
76 85
77 86
77 87
78 88
78 89
79 90
80 91
81 91
82 92
83 93
84 93
85 93
86 94
87 94
88 93
88 92
89 91
88 90
87 89
87 88
86 87
86 86
85 85
85 84
85 83
85 82
84 81
83 80
83 79
82 78
81 79
82 78
81 77
81 76
81 75
81 74
81 73
81 72
80 71
80 70
80 69
79 68
78 67
77 66
77 65
77 64
76 63
76 62
76 61
