445
84 51
84 50
85 50
86 50
87 51
87 52
87 53
87 54
87 55
87 56
87 57
86 58
86 59
86 60
86 61
86 62
86 63
86 64
86 65
86 66
86 67
86 68
86 69
87 70
87 71
87 72
87 73
88 74
88 75
88 76
88 77
88 78
89 79
89 80
89 81
89 82
90 83
91 83
92 83
93 82
94 81
95 81
96 80
96 79
96 78
95 77
94 77
93 78
93 79
93 78
94 77
95 77
96 76
95 75
96 74
96 73
97 72
97 71
97 70
97 69
97 68
97 67
97 66
98 65
98 64
98 63
98 62
99 61
100 60
100 59
100 58
101 57
101 56
102 55
102 54
103 53
103 52
104 52
104 53
105 54
105 55
104 56
104 57
105 58
105 59
105 60
104 61
103 62
103 63
103 64
103 65
103 66
102 67
103 68
103 69
103 70
103 71
103 72
102 73
102 74
102 75
102 76
102 77
102 78
102 79
101 80
101 81
101 82
101 83
101 84
101 85
102 86
103 86
104 85
105 85
106 85
107 84
108 83
109 82
109 81
109 80
110 79
110 78
111 77
112 76
113 75
113 74
114 73
114 72
114 71
115 70
115 69
116 68
117 67
117 66
118 65
119 64
119 63
120 62
120 61
120 62
121 63
122 64
123 64
122 65
122 66
121 67
121 68
121 69
122 70
121 71
121 72
120 73
120 74
120 75
120 76
119 77
119 78
118 79
118 80
117 81
116 82
116 83
115 84
115 85
114 86
114 87
113 88
113 89
113 90
113 91
114 92
115 92
116 92
117 93
118 92
119 92
120 91
121 90
122 89
123 88
124 87
125 86
126 85
127 84
128 83
129 82
130 82
131 82
132 82
133 83
132 84
132 85
132 86
132 87
131 88
131 89
130 90
129 91
128 92
127 93
126 94
125 94
124 95
123 95
122 96
122 97
121 97
120 97
119 98
119 99
118 100
118 101
117 102
117 103
116 104
116 105
116 106
115 107
114 108
113 109
113 110
112 111
112 112
111 113
111 114
110 115
110 116
110 117
109 118
109 119
109 120
109 121
109 122
109 123
109 124
108 125
108 126
108 127
107 128
106 129
106 130
106 131
105 132
105 133
104 134
104 135
104 136
104 137
103 138
102 139
102 140
102 141
102 142
101 143
101 144
101 145
100 146
100 147
99 147
98 148
98 149
98 150
97 151
97 152
97 153
97 154
96 155
96 156
95 157
95 158
95 159
94 159
93 159
92 159
91 159
90 159
89 158
88 158
87 158
86 158
85 158
84 157
83 157
82 157
81 156
80 156
79 156
78 155
77 155
76 154
75 154
74 154
74 153
74 152
74 151
74 150
74 149
74 148
74 147
74 146
74 145
75 144
75 143
76 142
76 141
77 140
77 139
77 138
77 137
77 136
77 135
77 134
77 133
77 132
77 131
77 130
76 129
75 128
74 127
74 126
73 125
73 124
72 123
71 122
70 121
69 120
68 120
67 119
67 118
66 117
65 116
65 115
64 114
63 113
63 112
62 111
62 110
62 109
62 108
61 107
61 106
61 105
61 104
60 103
60 102
59 101
59 100
58 99
59 98
58 97
57 96
56 95
55 94
54 93
53 92
52 92
51 91
50 91
50 90
50 89
51 88
51 87
52 87
53 88
54 88
55 88
56 88
57 88
57 89
58 90
58 91
58 92
59 93
60 94
61 94
62 94
63 95
64 95
64 96
65 97
66 98
67 97
67 98
67 99
68 100
69 101
70 102
71 102
72 103
73 102
74 102
75 103
76 102
76 101
77 101
78 100
78 99
79 98
79 97
78 96
78 95
79 94
79 93
79 92
79 91
79 90
79 89
79 88
78 87
79 86
79 85
79 84
80 83
80 82
80 81
80 80
80 79
80 78
80 77
80 76
80 75
80 74
80 73
80 72
80 71
80 70
80 69
80 68
80 67
80 66
81 65
81 64
81 63
81 62
81 61
81 60
81 59
81 58
81 57
81 56
82 55
83 54
84 53
83 52
