502
89 58
89 57
90 57
91 57
92 57
93 57
94 58
95 59
95 60
95 61
96 62
96 63
96 64
96 65
96 66
96 67
97 68
97 69
96 70
97 71
98 72
98 73
98 74
98 75
98 76
99 77
99 78
98 79
98 80
99 81
99 82
100 83
100 84
101 85
102 86
102 87
102 88
102 89
103 90
103 91
104 92
104 93
104 94
105 95
106 94
106 93
107 92
108 92
109 91
108 90
108 89
108 88
108 87
108 86
108 85
108 84
108 83
108 82
107 81
108 80
108 79
108 78
108 77
108 76
108 75
107 74
107 73
107 72
106 71
106 70
106 69
105 68
104 68
105 68
106 67
106 66
106 65
107 64
107 63
107 62
107 61
108 60
109 59
110 59
111 60
112 60
113 61
114 62
114 63
114 64
114 65
114 66
115 67
115 68
115 69
115 70
115 71
115 72
116 73
116 74
116 75
116 76
116 77
117 78
118 78
119 77
119 78
119 79
119 80
118 80
117 80
116 81
116 82
116 83
116 84
116 85
116 86
116 87
116 88
117 89
118 90
117 91
117 92
117 93
118 94
118 95
119 96
119 97
120 98
121 99
122 99
123 98
123 97
123 96
124 95
124 94
125 93
126 93
127 92
128 91
128 90
128 89
129 88
129 87
130 86
130 85
130 84
130 83
131 82
131 81
131 80
131 79
131 78
131 77
131 76
132 75
132 74
131 73
132 73
133 73
134 73
135 73
136 72
137 73
137 74
137 75
138 76
138 77
137 78
137 79
137 80
137 81
137 82
136 83
137 84
137 85
137 86
136 87
136 88
136 89
136 90
136 91
135 91
134 92
135 93
135 94
135 95
134 96
134 97
134 98
133 99
134 100
133 101
133 102
132 103
132 104
132 105
132 106
131 107
131 108
131 109
131 110
131 111
131 112
132 113
132 114
132 115
133 116
133 117
133 118
133 119
133 120
133 121
133 122
133 123
133 124
133 125
134 126
134 127
134 128
134 129
134 130
134 131
134 132
134 133
134 134
134 135
134 136
134 137
134 138
134 139
134 140
135 141
135 142
135 143
134 144
135 145
135 146
135 147
135 148
134 149
133 150
132 150
131 151
130 151
129 152
128 153
127 153
126 154
125 154
124 154
123 155
122 155
121 156
120 156
119 156
118 157
117 157
116 157
115 158
114 158
113 158
112 158
111 158
110 159
109 159
108 159
107 159
106 159
105 159
104 159
103 158
102 157
101 157
100 157
99 157
98 156
97 155
96 154
96 153
95 152
94 151
93 151
92 150
91 150
90 149
89 149
88 149
87 149
86 149
85 149
84 149
83 148
82 147
81 147
80 146
80 145
79 144
78 143
78 142
77 141
76 141
76 140
75 139
75 138
75 137
75 136
74 135
73 135
72 135
72 134
71 133
70 132
69 131
68 130
67 129
66 129
65 128
64 127
63 127
63 126
62 125
61 125
60 126
59 125
58 124
57 123
57 122
58 121
58 120
59 119
60 119
61 118
62 118
63 118
64 119
65 119
66 119
67 119
68 119
69 119
70 120
71 121
72 122
73 122
74 123
74 124
75 125
76 125
77 126
78 126
79 126
80 127
80 128
81 129
82 129
83 129
84 128
85 127
86 126
86 125
86 124
86 123
86 122
86 121
86 120
86 119
86 118
86 117
86 116
87 115
87 114
87 113
87 112
86 111
86 110
85 109
85 108
85 107
84 106
83 105
82 104
81 104
81 103
81 102
80 101
80 100
80 99
79 98
79 97
79 96
78 95
78 94
77 93
77 92
77 91
77 90
77 89
77 88
76 87
76 86
75 85
75 84
75 83
75 82
75 81
74 80
73 80
72 79
72 78
72 77
71 76
71 75
71 74
71 73
71 72
72 71
72 70
73 70
74 69
75 69
76 70
77 71
77 72
78 73
78 74
79 75
80 75
80 76
80 77
81 78
81 79
80 80
80 81
80 82
80 83
80 84
81 85
82 86
82 87
83 88
84 89
84 90
85 91
86 92
86 93
86 94
86 95
87 96
88 97
89 98
90 99
91 100
92 100
92 101
93 102
94 102
95 102
96 101
96 100
97 99
97 98
97 97
97 96
96 95
96 94
95 93
95 92
95 91
95 90
95 89
95 88
94 87
94 86
93 85
93 84
93 83
92 82
92 81
92 80
92 79
91 78
92 77
92 76
92 75
92 74
92 73
92 72
92 71
92 70
91 69
91 68
91 67
90 66
90 65
89 64
89 63
89 62
89 61
89 60
88 59
89 58
