545
76 46
77 45
78 45
79 45
80 45
81 45
82 45
82 46
83 47
83 48
83 49
84 50
84 51
85 52
85 53
85 54
85 55
86 56
86 57
86 58
87 59
86 60
86 61
87 62
88 62
89 61
89 60
90 60
89 61
88 62
88 63
88 64
88 65
88 66
88 67
88 68
88 69
88 70
89 71
89 72
89 73
89 74
89 75
90 76
90 77
91 78
92 78
92 79
92 80
92 81
92 82
92 83
92 84
92 85
92 86
93 87
94 88
95 88
96 87
97 88
98 87
99 86
100 85
101 84
100 83
100 82
101 81
101 80
101 79
101 78
101 77
101 76
101 75
101 74
101 73
102 72
102 71
102 70
103 69
103 68
103 67
103 66
103 65
102 64
102 63
102 62
101 61
101 60
101 59
100 58
99 58
100 58
101 57
101 56
102 55
102 54
102 53
102 52
102 51
102 50
102 49
102 48
103 47
104 47
105 46
106 47
107 48
108 49
108 50
109 51
109 52
109 53
110 54
110 55
110 56
110 57
109 58
109 59
109 60
109 61
109 62
109 63
109 64
109 65
110 66
110 67
110 68
110 69
110 70
110 71
110 72
110 73
110 74
110 75
110 76
110 77
110 78
110 79
110 80
110 81
110 82
109 83
109 84
109 85
109 86
110 87
111 88
112 88
113 88
114 89
115 89
116 88
116 87
117 86
117 85
118 84
118 83
118 82
118 81
118 80
119 79
120 78
120 77
121 76
122 75
122 74
122 73
123 72
123 71
124 70
124 69
124 68
124 67
123 66
122 65
123 66
124 65
124 64
124 63
125 62
126 61
127 61
128 61
129 61
130 61
130 62
131 63
132 62
132 61
132 62
131 63
131 64
131 65
131 66
131 67
130 68
130 69
130 70
130 71
130 72
129 73
129 74
129 75
129 76
129 77
129 78
129 79
128 80
128 81
127 82
127 83
126 84
125 85
126 86
125 87
125 88
124 89
124 90
123 91
123 92
123 93
123 94
122 95
122 96
122 97
122 98
122 99
122 100
122 101
122 102
123 103
123 104
123 105
123 106
123 107
123 108
123 109
123 110
123 111
123 112
124 113
124 114
125 115
125 116
125 117
125 118
126 119
126 120
126 121
126 122
126 123
126 124
125 125
125 126
125 127
125 128
125 129
125 130
125 131
126 132
126 133
126 134
126 135
126 136
127 137
126 138
126 139
126 140
125 141
125 142
125 143
125 144
125 145
125 146
124 147
124 148
124 149
124 150
124 151
124 152
124 153
123 154
123 155
122 155
121 156
120 156
119 156
118 157
117 157
116 157
115 158
114 158
113 158
112 158
111 158
110 159
109 159
108 159
107 159
106 159
105 159
104 159
103 159
102 159
101 159
100 160
99 159
98 159
97 159
96 159
95 159
95 158
96 157
96 156
95 155
95 154
94 153
93 152
93 151
93 150
92 149
92 148
91 147
90 146
89 145
88 145
87 145
86 144
85 144
84 144
83 144
82 143
81 143
80 142
79 142
78 142
77 141
76 140
75 139
74 139
73 138
72 137
71 136
70 135
69 135
68 135
68 134
67 133
67 132
67 131
66 130
65 129
64 128
63 127
62 127
61 126
60 125
59 124
58 124
57 123
56 122
55 122
54 121
53 121
52 120
51 119
50 119
49 119
48 119
47 119
46 119
45 119
44 119
43 118
43 117
43 116
43 115
44 115
45 114
46 115
47 115
48 114
49 114
50 113
51 114
52 114
53 114
54 114
55 114
56 113
57 113
58 113
59 113
60 114
61 114
62 115
63 115
64 116
65 117
66 118
67 119
68 119
69 120
70 121
71 121
72 121
73 120
74 120
75 120
76 119
77 119
78 118
78 117
78 116
78 115
77 114
77 113
77 112
78 111
78 110
77 109
76 108
75 107
75 106
74 105
74 104
73 103
73 102
73 101
72 100
71 100
71 99
71 98
71 97
71 96
71 95
70 94
70 93
70 92
69 91
69 90
68 89
67 88
67 87
66 86
66 85
65 84
65 83
65 82
65 81
64 80
63 79
63 78
62 77
62 76
61 75
61 74
61 73
61 72
61 71
61 70
60 69
60 68
60 67
60 66
60 65
60 64
60 63
60 62
60 61
60 60
60 59
61 58
61 57
62 57
63 58
64 59
65 60
66 61
66 62
66 63
66 64
67 65
67 66
68 67
68 68
69 69
69 70
70 71
70 72
70 73
71 74
72 75
72 76
73 77
73 78
74 79
75 80
75 81
76 82
76 83
77 84
78 85
79 86
80 87
81 86
81 85
82 84
82 83
82 82
82 81
82 80
81 79
81 78
81 77
80 76
80 75
81 74
80 73
80 72
80 71
80 70
80 69
80 68
79 67
80 66
80 65
80 64
80 63
80 62
80 61
79 60
78 59
77 58
77 57
77 56
76 55
76 54
76 53
76 52
75 51
75 50
75 49
76 48
76 47
