414
111 54
111 53
111 54
111 55
111 56
110 57
109 58
109 59
109 60
109 61
108 62
107 63
106 64
106 65
105 65
104 66
103 67
102 67
101 67
100 68
99 68
98 68
97 69
97 70
97 71
96 72
97 73
96 74
97 75
97 76
97 77
97 78
98 79
98 80
99 81
100 82
101 82
102 83
103 82
104 82
105 83
106 84
107 84
108 85
109 85
110 85
111 85
112 85
113 85
114 85
115 85
116 85
117 84
118 85
119 84
120 84
121 85
122 86
123 86
124 86
125 87
126 87
127 87
128 88
129 88
130 87
131 88
132 89
133 89
134 89
135 89
136 89
137 90
138 91
139 91
140 92
140 93
140 94
139 95
139 94
138 93
137 93
136 94
135 93
134 93
133 93
132 93
131 93
130 93
129 93
128 93
127 93
126 93
125 93
124 93
123 93
122 93
121 92
120 92
119 92
118 91
117 92
116 92
115 92
114 92
113 93
112 93
111 94
110 95
111 96
111 97
110 98
111 99
112 99
113 100
114 100
115 100
116 101
117 101
118 102
119 102
120 103
121 103
122 104
123 104
124 104
125 105
126 105
127 106
128 106
129 107
130 107
131 108
132 108
133 109
134 110
135 110
136 111
136 112
136 113
136 114
135 113
134 112
133 111
132 111
131 110
130 109
129 109
128 109
127 108
126 108
125 108
124 109
123 109
122 109
121 109
120 108
119 108
118 108
117 108
116 108
115 107
114 107
113 106
112 106
111 105
110 105
109 105
108 105
107 106
106 107
106 108
105 109
106 110
107 110
108 111
109 111
109 112
110 113
111 114
112 115
113 116
114 116
115 117
116 118
117 118
118 119
119 120
120 120
121 120
122 120
123 121
123 122
124 123
125 124
126 124
125 125
124 125
123 125
122 125
121 125
121 124
120 123
119 122
118 121
117 120
116 120
115 120
114 119
113 119
112 119
111 119
110 118
109 117
108 117
107 116
106 115
105 115
104 114
103 114
102 113
101 113
100 114
99 114
98 114
97 115
96 116
95 117
96 118
97 119
98 118
97 119
97 120
98 121
99 120
98 121
98 122
99 123
100 123
100 124
101 125
101 126
101 127
101 128
102 129
101 129
100 130
100 131
101 132
102 132
103 131
104 131
103 131
102 132
101 132
100 131
99 130
100 129
99 128
98 128
97 128
98 127
97 126
96 125
95 125
95 124
94 123
94 122
93 121
93 120
92 119
91 118
90 119
91 118
90 117
89 117
88 116
87 115
86 114
85 114
84 114
83 113
82 112
81 112
80 112
79 111
78 111
77 111
76 111
75 110
74 110
73 110
73 109
72 108
71 108
70 108
69 108
68 107
67 106
66 105
65 105
64 105
63 104
62 103
61 103
60 103
59 102
58 101
57 101
56 101
55 101
54 101
53 100
52 99
51 99
50 99
49 99
48 99
47 98
46 97
45 97
44 97
43 96
42 97
41 97
41 96
41 95
41 94
41 93
41 92
41 91
41 90
42 89
42 88
42 87
42 86
42 85
43 84
43 83
43 82
44 81
44 80
44 79
45 78
45 77
46 76
46 75
46 74
47 73
47 72
48 71
49 70
50 71
51 71
52 71
53 70
54 70
55 71
56 71
57 72
58 72
59 72
60 72
61 72
62 72
63 72
64 73
65 73
66 72
67 72
68 71
69 71
70 70
71 71
72 71
73 70
74 70
75 69
76 69
77 69
78 68
79 68
80 68
81 67
82 66
83 66
84 65
85 65
86 65
87 65
88 65
89 64
90 64
91 64
92 64
93 64
94 63
95 62
96 61
97 61
98 61
99 61
100 60
101 60
102 60
103 59
104 59
105 58
106 58
107 57
108 56
108 55
109 54
110 55
