488
112 62
113 61
114 61
115 61
116 61
117 61
118 61
118 62
118 63
118 64
119 65
119 66
118 67
117 68
116 69
115 70
115 71
114 72
113 73
112 74
111 75
110 76
110 77
109 78
109 79
108 80
107 81
106 82
106 83
106 84
106 85
106 86
105 87
104 88
104 89
103 90
102 91
103 92
103 93
102 94
103 95
104 95
105 95
106 95
107 94
107 93
108 93
109 92
110 91
111 90
111 89
112 88
112 87
113 86
114 85
115 84
116 83
117 82
118 82
119 81
119 80
120 79
121 78
121 77
122 76
122 75
123 75
124 74
125 73
125 72
126 71
127 70
128 69
129 68
129 67
130 67
131 66
132 65
133 65
134 65
135 65
136 66
137 66
138 67
139 66
138 67
137 68
137 69
137 70
136 71
135 72
135 73
134 74
134 75
133 76
132 77
132 78
131 79
130 80
129 80
128 81
128 82
127 83
126 84
125 85
124 86
123 87
123 88
122 89
122 90
121 91
121 92
121 93
120 93
119 94
118 95
118 96
117 97
117 98
116 98
115 99
114 100
113 101
114 102
113 103
114 104
115 105
116 104
117 104
118 104
119 104
120 103
121 103
122 102
123 101
124 100
125 100
126 99
127 98
128 97
129 96
130 95
131 94
132 94
133 93
134 92
135 91
136 90
137 89
138 88
139 87
140 86
141 86
142 86
143 85
144 85
145 85
146 84
146 83
146 84
146 85
147 86
147 87
148 88
148 89
148 90
147 90
146 91
146 92
146 93
146 94
146 93
145 92
144 93
143 94
142 95
141 96
140 97
139 97
138 98
137 99
136 100
135 101
134 102
133 103
132 104
131 105
131 106
130 106
129 107
128 108
127 109
126 109
125 109
124 110
123 110
122 111
121 112
120 112
119 113
120 114
119 115
119 116
119 117
120 118
121 118
122 118
123 119
124 118
125 119
126 118
127 118
128 117
129 117
130 116
131 116
132 116
133 115
134 115
135 115
136 115
137 114
138 114
139 113
140 113
141 113
142 113
143 113
144 113
145 112
146 112
147 112
148 111
149 110
150 111
150 112
151 113
150 114
150 115
149 116
149 117
148 116
147 117
147 118
146 118
145 119
144 120
143 120
142 121
141 121
140 122
139 122
138 122
137 122
136 123
135 123
134 123
133 124
132 124
131 125
130 125
129 126
128 126
127 126
126 126
125 127
124 127
123 128
122 128
121 129
120 129
119 130
118 131
117 132
116 133
115 134
114 135
114 136
113 137
112 138
111 139
110 139
109 140
109 141
108 142
107 143
106 144
105 145
104 146
103 147
102 148
101 149
100 150
99 151
98 152
97 153
96 154
96 155
95 156
94 156
93 157
92 158
92 159
91 159
90 159
89 158
88 158
87 158
86 158
85 158
84 157
83 157
82 157
81 156
80 156
79 156
78 155
77 155
76 154
75 154
74 154
73 153
72 153
71 152
70 151
69 151
68 150
67 150
66 149
65 148
64 148
63 147
63 146
63 145
63 144
63 143
63 142
63 141
63 140
63 139
63 138
64 138
65 137
65 136
66 135
66 134
65 133
64 132
63 131
63 130
62 129
62 128
62 127
62 126
62 125
62 124
62 123
62 122
62 121
61 120
61 119
61 118
61 117
61 116
60 115
60 114
59 113
60 112
60 111
60 110
61 109
61 108
61 107
62 106
63 105
63 104
63 103
63 102
64 101
63 100
63 99
63 98
63 97
63 96
63 95
63 94
63 93
63 92
63 91
64 90
64 89
63 88
62 88
62 87
61 86
61 85
61 84
60 83
60 82
61 81
62 80
63 79
64 79
65 79
66 79
67 80
68 80
68 81
68 82
69 83
70 84
71 85
72 86
72 87
72 88
72 89
72 90
72 91
72 92
72 93
72 94
72 95
72 96
72 97
72 98
71 99
71 100
71 101
71 102
71 103
71 104
72 105
73 105
74 106
75 106
76 106
77 107
78 107
79 108
80 107
81 107
82 106
83 105
84 104
84 103
85 102
85 101
86 100
86 99
87 98
88 97
88 96
89 95
90 94
90 93
91 92
92 91
93 90
93 89
94 88
94 87
94 86
95 85
96 84
96 83
97 82
96 81
97 81
98 80
99 79
99 78
100 77
101 77
102 76
103 75
103 74
104 73
105 72
106 71
106 70
107 69
108 68
108 67
109 66
109 65
110 65
111 64
111 63
