549
79 47
80 46
81 46
82 47
83 47
84 48
85 48
85 49
85 50
85 51
85 52
86 53
86 54
86 55
86 56
86 57
87 58
87 59
87 60
87 61
88 62
88 63
89 64
89 65
89 66
89 67
89 68
89 69
89 70
89 71
90 72
90 73
91 74
91 75
92 76
93 77
93 78
94 79
94 80
94 81
94 82
94 83
95 84
95 85
96 86
97 87
98 86
98 85
99 84
100 83
101 82
100 81
100 80
100 79
100 78
101 77
100 76
101 75
100 74
101 73
100 72
100 71
101 70
101 69
100 68
101 67
101 66
100 65
100 64
100 63
99 62
98 61
97 60
97 59
98 58
98 57
98 56
98 55
98 54
98 53
99 52
100 52
101 51
102 51
103 51
104 51
105 52
106 53
107 54
108 55
109 55
110 54
111 53
111 52
111 51
111 50
111 51
111 52
111 53
111 54
110 54
109 55
109 56
109 57
108 57
107 58
108 59
108 60
108 61
108 62
108 63
108 64
108 65
109 66
109 67
109 68
109 69
109 70
109 71
110 72
110 73
110 74
110 75
110 76
111 77
112 78
111 79
112 80
111 81
111 82
111 83
110 84
110 85
110 86
110 87
110 88
110 89
110 90
110 91
111 92
111 93
111 94
112 95
113 95
114 95
115 95
116 94
116 93
117 92
118 91
119 90
119 89
119 88
119 87
119 86
119 85
119 84
120 83
121 82
122 81
122 80
122 79
122 78
122 77
122 76
122 75
123 74
123 73
123 72
123 71
123 70
123 69
123 68
123 67
123 66
124 65
124 64
124 63
125 63
126 62
127 61
128 61
129 61
130 61
130 62
131 63
131 64
132 65
132 66
132 67
132 68
132 69
132 70
132 71
131 72
131 73
131 74
131 75
131 76
130 77
130 78
130 79
130 80
130 81
130 82
130 83
131 84
131 85
131 86
130 87
129 88
129 89
128 90
128 91
128 92
127 93
127 94
127 95
127 96
127 97
126 98
126 99
127 100
126 101
126 102
126 103
126 104
126 105
126 106
126 107
126 108
126 109
126 110
127 111
126 112
127 113
127 114
127 115
127 116
127 117
127 118
127 119
128 120
128 121
128 122
129 123
129 124
129 125
129 126
129 127
129 128
129 129
129 130
129 131
130 132
130 133
130 134
130 135
130 136
130 137
129 138
129 139
129 140
129 141
128 142
129 143
128 144
129 145
129 146
130 147
130 148
130 149
130 150
130 151
129 152
128 153
127 153
126 154
125 154
124 154
123 155
122 155
121 156
120 156
119 156
118 157
117 157
116 157
115 158
114 158
113 158
112 158
111 158
110 159
109 159
108 159
107 159
106 159
105 159
104 159
103 159
102 159
101 159
100 160
99 159
98 159
97 159
96 159
95 158
94 157
93 156
92 156
92 155
91 154
90 154
89 153
88 152
87 152
86 151
85 151
84 150
83 149
82 148
81 147
80 146
79 145
78 145
77 144
76 144
75 144
74 144
73 144
72 143
72 142
71 141
70 140
69 139
68 138
68 137
68 136
67 135
66 134
65 133
65 132
65 131
64 130
63 129
62 128
61 127
60 127
60 126
59 125
59 124
58 123
57 123
57 122
56 121
55 121
54 120
53 119
52 118
51 117
50 116
49 116
48 116
47 115
46 115
45 115
44 114
45 113
46 112
47 111
47 110
48 110
49 109
50 109
51 109
52 109
53 109
54 109
55 110
56 109
57 110
58 111
59 111
60 111
61 112
62 112
63 113
64 114
64 115
65 116
65 117
66 118
67 119
68 120
69 121
70 121
71 121
72 122
73 121
74 121
75 121
76 120
77 119
78 118
78 117
78 116
78 115
78 114
77 113
77 112
77 111
77 110
76 109
76 108
75 107
75 106
75 105
75 104
74 103
74 102
73 101
73 100
72 99
72 98
72 97
71 96
71 95
70 94
70 93
69 92
69 91
68 90
68 89
67 88
67 87
66 86
66 85
66 84
66 83
66 82
66 81
65 80
65 79
65 78
65 77
65 76
65 75
64 74
64 73
63 72
63 71
62 70
61 69
61 68
60 67
61 66
61 65
60 64
61 63
61 62
62 61
63 60
64 59
65 58
66 58
67 58
68 59
69 59
69 60
69 61
69 62
69 63
69 64
69 65
69 66
69 67
69 68
70 69
71 70
71 71
71 72
72 73
73 74
74 75
74 76
75 77
76 78
76 79
76 80
77 81
77 82
77 83
77 84
77 85
78 86
78 87
78 88
79 89
80 90
81 91
82 91
83 92
84 92
85 91
85 90
85 89
85 88
85 87
85 86
85 85
85 84
85 83
84 82
83 81
82 80
82 79
82 78
82 77
82 76
82 75
82 74
82 73
82 72
82 71
82 70
81 69
81 68
81 67
80 66
80 65
80 64
80 63
79 62
79 61
78 60
78 59
77 58
77 57
77 56
77 55
77 54
76 53
77 52
77 51
77 50
78 49
78 48
