496
89 50
90 49
91 49
92 50
93 51
94 52
94 53
94 54
94 55
94 56
94 57
94 58
93 59
93 60
93 61
93 62
92 63
91 64
90 65
89 66
89 67
89 68
89 69
88 70
88 71
88 72
88 73
88 74
88 75
88 76
88 77
88 78
88 79
89 80
88 81
88 82
87 83
87 84
88 85
88 86
88 87
88 88
89 89
90 89
91 88
92 87
92 86
93 85
94 84
94 83
95 82
95 81
95 80
95 79
96 79
97 78
97 77
97 76
97 75
97 74
98 73
98 72
99 71
99 70
99 69
99 68
99 67
100 66
100 65
101 64
102 63
102 62
103 61
103 60
103 59
103 58
104 57
104 56
104 55
104 54
105 53
105 52
106 51
106 50
107 50
108 49
109 49
110 50
111 50
112 51
113 52
114 53
115 53
114 53
113 54
113 55
113 56
112 57
112 58
111 59
111 60
111 61
110 62
109 63
109 64
109 65
109 66
108 67
108 68
107 69
107 70
107 71
106 72
107 73
106 74
106 75
105 76
105 77
105 78
104 79
104 80
103 81
103 82
103 83
102 84
101 85
102 86
102 87
103 88
103 89
104 90
105 91
106 90
107 89
108 88
108 87
109 86
110 85
110 84
111 83
111 82
112 81
113 80
114 79
114 78
115 77
116 76
117 75
117 74
118 73
118 72
118 71
119 70
119 69
120 68
120 67
120 66
121 65
121 64
122 63
123 63
124 63
125 63
126 64
127 65
127 66
127 67
127 68
126 69
126 70
125 71
125 72
124 73
124 74
124 75
123 76
123 77
122 78
122 79
121 80
121 81
121 82
121 83
121 84
121 85
120 86
120 87
120 88
119 89
118 90
117 91
117 92
116 92
115 93
115 94
114 95
114 96
114 97
114 98
114 99
114 100
115 101
116 101
117 101
118 101
119 100
120 99
121 99
122 98
123 97
124 97
125 96
126 95
127 95
128 94
129 93
129 92
130 91
131 90
131 89
132 89
133 88
133 87
134 87
135 87
136 86
137 85
138 85
139 84
140 85
140 86
140 87
141 88
140 89
140 90
139 90
138 91
138 92
138 93
138 94
137 94
136 95
135 96
134 97
133 98
132 99
131 100
130 101
129 101
128 102
127 103
127 104
126 105
125 106
124 107
123 108
122 108
121 109
121 110
120 111
119 112
118 113
118 114
117 115
117 116
116 117
115 118
115 119
115 120
114 121
114 122
114 123
113 124
113 125
113 126
112 127
112 128
112 129
111 130
111 131
110 132
110 133
109 134
109 135
109 136
108 137
108 138
107 139
107 140
106 141
106 142
106 143
105 144
104 145
104 146
103 147
102 148
102 149
101 150
101 151
101 152
101 153
101 154
100 155
100 156
100 157
100 158
100 159
100 160
99 159
98 159
97 159
96 159
95 159
94 159
93 159
92 159
91 159
90 159
89 158
88 158
87 158
86 158
85 158
84 157
83 157
82 157
81 156
80 156
79 156
78 155
77 155
76 154
75 154
74 154
73 153
72 153
71 152
71 151
70 150
70 149
70 148
70 147
70 146
70 145
70 144
70 143
70 142
70 141
69 140
69 139
69 138
69 137
69 136
68 135
68 134
68 133
67 132
66 131
65 131
65 130
64 129
63 129
62 128
61 127
61 126
61 125
60 124
60 123
59 122
59 121
59 120
58 119
57 118
57 117
57 116
57 115
57 114
57 113
56 112
56 111
56 110
57 109
57 108
56 107
56 106
56 105
56 104
56 103
55 102
54 101
54 100
54 99
53 98
53 97
53 96
53 95
52 94
52 93
51 92
51 91
50 90
50 89
50 88
50 87
50 86
50 85
51 85
52 84
53 85
54 85
55 86
56 87
57 87
58 88
59 88
59 89
60 90
61 91
62 91
62 92
62 93
63 94
64 95
64 96
64 97
65 98
65 99
65 100
65 101
65 102
65 103
66 104
67 105
68 106
69 106
70 106
71 106
72 105
73 104
74 103
74 102
74 101
75 100
76 99
76 98
77 97
77 96
77 95
77 94
77 93
78 92
78 91
78 90
78 89
78 88
78 87
78 86
78 85
78 84
79 83
79 82
79 81
79 80
79 79
79 78
80 77
80 76
80 75
81 74
81 73
81 72
81 71
81 70
81 69
82 68
83 67
83 66
83 65
83 64
84 63
84 62
84 61
84 60
84 59
84 58
84 57
84 56
84 55
84 54
85 53
86 52
87 52
88 51
88 50
89 50
