514
126 55
127 54
128 54
129 54
130 54
131 54
132 55
132 56
132 57
133 58
132 59
132 60
132 61
131 61
130 62
129 63
128 63
127 64
126 65
125 66
124 67
124 68
123 68
122 69
121 70
121 71
120 71
119 71
118 72
117 73
116 73
115 74
115 75
114 76
113 77
112 78
111 79
110 80
109 81
109 82
109 83
110 84
111 85
112 86
113 86
114 87
115 86
115 85
116 85
117 85
118 84
119 83
119 82
120 82
121 81
121 80
122 79
123 78
124 77
125 76
125 75
126 76
127 76
128 75
129 75
130 74
131 74
132 73
133 72
134 71
135 70
136 69
137 68
138 67
139 66
140 65
141 65
142 64
143 63
144 63
145 62
146 62
147 63
148 64
148 65
149 66
148 67
148 68
147 69
146 70
145 71
144 72
143 72
142 73
141 74
140 74
139 75
138 76
137 77
136 78
135 79
134 80
133 81
133 82
132 82
131 83
130 84
129 85
128 86
127 87
126 88
125 89
124 90
123 91
122 92
121 93
120 93
119 94
118 95
117 96
117 97
116 98
116 99
116 100
117 101
118 101
119 101
120 102
121 101
122 101
123 101
124 100
125 100
126 100
127 100
128 99
129 99
130 98
131 97
132 97
133 96
134 95
135 95
136 95
137 94
138 93
139 93
140 92
141 91
142 91
143 90
142 89
142 88
141 87
142 88
143 89
144 90
145 90
146 89
147 89
148 89
149 89
150 88
151 87
152 86
152 85
153 85
154 85
155 85
156 85
156 86
157 87
157 88
157 89
156 90
156 91
155 92
154 92
153 93
152 94
151 95
150 96
149 97
148 98
147 97
146 97
145 97
144 98
143 99
142 99
141 100
140 100
139 101
138 102
137 103
137 104
136 104
135 104
134 105
133 105
132 106
131 106
130 107
129 107
128 108
127 108
126 109
125 110
124 110
123 110
122 111
123 112
122 112
121 113
122 114
122 115
123 116
124 116
125 116
126 116
127 116
128 116
129 116
130 116
131 116
132 116
133 116
134 116
135 115
136 115
137 115
138 115
139 116
140 115
141 115
142 115
143 115
144 115
145 115
146 114
147 113
148 113
149 113
150 112
151 112
152 112
153 112
154 112
155 113
156 113
157 114
157 115
156 116
155 117
154 118
153 118
152 119
151 119
150 120
149 120
148 120
147 121
146 121
145 122
144 122
143 122
142 122
141 123
140 123
139 124
138 124
137 124
136 124
135 124
134 124
133 124
132 125
131 125
130 125
129 126
128 126
127 126
126 126
125 126
124 126
123 126
122 127
121 127
120 127
119 128
118 128
117 129
116 129
115 130
114 130
113 131
112 132
111 133
110 134
109 134
108 135
107 136
106 137
105 137
104 138
103 139
102 140
101 141
100 142
99 143
98 143
97 144
96 145
95 145
94 146
93 146
92 146
91 147
90 147
89 147
88 148
87 149
86 149
85 150
84 150
83 151
82 151
81 151
80 152
79 153
78 154
77 154
76 154
75 154
74 154
73 153
72 153
71 152
70 151
69 151
68 150
67 150
66 149
65 148
64 148
63 147
62 146
61 145
60 144
59 143
58 142
57 141
56 140
55 139
54 138
53 137
52 136
52 135
51 134
50 133
51 132
52 131
53 130
54 130
55 129
56 128
57 127
57 126
57 125
57 124
58 123
58 122
59 121
59 120
59 119
59 118
60 117
59 116
59 115
59 114
60 113
60 112
61 111
61 110
61 109
62 108
62 107
62 106
61 105
61 104
62 103
62 102
61 101
62 100
61 99
62 98
62 97
62 96
63 95
64 94
64 93
65 92
66 91
66 90
67 89
68 88
69 87
69 86
70 85
71 84
71 83
72 82
73 81
73 80
74 79
75 78
75 77
75 76
76 75
77 74
77 73
77 72
77 71
78 70
78 69
79 68
80 67
80 66
80 65
81 64
81 63
82 63
83 63
84 63
84 64
85 65
85 66
85 67
86 68
86 69
86 70
87 71
87 72
87 73
87 74
87 75
86 76
86 77
85 78
84 79
84 80
84 81
83 82
82 82
81 83
80 84
80 85
79 86
79 87
79 88
79 89
79 90
80 91
81 91
82 92
83 93
84 93
85 92
86 92
87 92
88 91
89 90
90 89
91 88
92 87
93 86
94 85
95 84
96 84
97 83
97 82
98 81
99 81
100 80
100 79
101 78
102 77
103 76
104 75
105 74
106 73
106 72
106 71
106 70
107 69
108 69
109 68
110 68
111 67
112 66
113 66
114 65
115 64
116 63
117 62
118 61
119 61
120 60
121 60
122 59
123 59
124 58
125 57
126 56
