371
103 60
104 59
105 59
106 60
106 61
107 62
106 63
107 64
106 65
106 66
105 67
105 68
104 68
103 68
102 69
101 69
100 70
100 71
99 71
98 72
97 73
97 74
97 75
97 76
97 77
97 78
98 79
98 80
99 81
99 82
100 83
101 83
102 84
103 84
104 85
105 85
106 86
107 86
108 86
109 86
110 87
111 87
112 87
113 87
114 87
115 87
116 87
117 87
118 87
119 88
120 88
121 89
122 89
123 89
124 89
125 90
126 90
127 90
128 91
129 91
130 91
131 92
132 93
133 93
134 94
135 95
136 96
136 97
136 98
135 99
135 100
134 100
133 101
132 101
131 100
130 100
129 99
128 99
127 98
126 98
125 98
124 97
123 97
122 96
121 96
120 96
119 96
118 96
117 96
116 96
115 96
114 96
113 97
112 97
111 98
112 99
113 100
114 101
115 101
116 102
117 103
118 103
119 103
120 104
121 104
122 105
123 106
124 106
125 107
126 108
127 108
128 109
129 110
130 110
131 111
132 111
133 111
134 112
135 113
135 114
136 115
136 116
136 117
136 118
135 118
134 118
133 118
132 118
131 118
130 117
129 117
128 116
127 115
126 115
125 115
124 114
123 114
122 114
121 113
120 112
119 112
118 111
117 111
116 111
115 111
114 112
113 111
112 111
111 112
112 113
113 114
114 114
113 115
114 116
115 117
116 118
117 118
118 118
119 118
120 119
121 118
121 119
121 120
122 121
123 121
124 122
124 123
124 124
124 125
124 126
124 127
124 128
124 129
123 128
122 129
121 129
120 128
119 127
119 126
118 125
117 124
116 124
115 124
114 123
113 123
112 122
111 121
110 121
109 120
108 119
107 119
106 118
105 118
104 118
103 117
102 117
101 117
100 117
99 118
98 119
98 120
98 121
98 122
99 123
99 124
100 125
101 126
102 126
103 127
104 128
105 129
105 130
106 131
106 132
107 133
107 134
107 135
106 135
105 135
104 135
103 135
102 134
101 133
100 133
99 132
98 131
98 130
98 129
97 128
96 127
96 126
95 125
94 124
93 123
92 122
91 122
90 121
89 121
89 120
88 119
87 118
86 118
85 117
84 116
83 115
82 114
81 114
80 114
79 114
78 113
77 113
76 112
75 111
74 111
73 110
72 110
71 110
70 109
69 109
68 108
67 107
66 107
65 106
64 105
63 105
62 104
61 104
60 104
59 103
58 102
57 102
56 101
55 101
54 100
53 100
52 99
51 99
50 99
49 99
48 99
47 98
46 99
45 99
44 100
43 100
42 100
41 100
41 99
41 98
41 97
41 96
41 95
41 94
41 93
41 92
41 91
41 90
42 89
42 88
42 87
42 86
42 85
43 84
43 83
43 82
44 81
44 80
44 79
45 78
45 77
46 76
46 75
46 74
47 73
48 73
49 73
50 72
50 71
51 71
52 71
53 71
53 72
54 73
55 73
56 74
57 74
58 74
59 74
60 74
61 74
62 74
63 74
64 74
65 74
66 74
67 74
68 74
69 74
70 73
71 72
72 72
73 72
74 72
75 71
76 71
77 71
78 70
79 70
80 70
81 69
82 69
83 68
84 68
85 68
86 68
87 68
88 67
89 67
90 67
91 67
92 66
93 66
94 65
95 65
96 65
97 65
98 64
99 64
100 63
101 62
102 61
