272
92 58
93 57
94 57
95 57
96 57
97 57
98 57
99 57
100 57
100 58
101 59
102 60
103 61
104 62
105 63
105 64
105 65
106 66
106 67
106 68
107 69
108 70
109 70
110 71
111 71
111 72
112 73
113 74
114 75
114 76
114 77
114 78
115 79
115 80
115 81
115 82
115 83
115 84
115 85
115 86
116 87
116 88
116 89
116 90
116 91
116 92
116 93
115 94
115 95
115 96
115 97
115 98
116 99
116 100
116 101
117 102
118 102
118 103
118 104
118 105
119 106
119 107
119 108
119 109
119 110
119 111
119 112
119 113
119 114
119 115
119 116
120 117
120 118
121 119
121 120
121 121
121 122
122 123
123 123
122 124
122 125
123 126
122 127
123 128
122 129
122 130
122 131
122 132
122 133
122 134
122 135
122 136
122 137
122 138
121 139
121 140
122 141
122 142
121 143
121 144
122 145
122 146
122 147
122 148
122 149
122 150
123 151
123 152
123 153
123 154
123 155
122 155
121 156
120 156
119 156
118 157
117 157
116 157
115 158
114 158
113 158
112 158
111 158
110 159
109 159
108 159
107 159
106 159
105 159
104 159
103 159
102 159
101 159
100 160
99 159
98 159
97 159
96 159
95 159
94 159
94 158
94 157
94 156
94 155
94 154
93 153
92 152
92 151
91 150
90 149
90 148
90 147
89 146
88 145
87 144
86 143
85 142
84 142
84 141
83 140
82 139
81 139
81 138
81 137
81 136
80 135
79 135
78 135
78 134
78 133
77 132
77 131
77 130
76 129
76 128
77 127
77 126
78 126
79 125
79 124
78 123
78 122
78 121
78 120
78 119
78 118
77 117
77 116
77 115
77 114
78 113
77 112
77 111
77 110
77 109
77 108
77 107
77 106
76 105
76 104
76 103
76 102
76 101
75 100
76 99
76 98
76 97
76 96
76 95
76 94
76 93
77 92
78 91
79 91
80 91
81 92
81 93
82 94
82 95
82 96
83 97
83 98
84 99
85 100
85 101
86 102
87 102
88 101
88 100
88 99
88 98
89 98
90 97
90 96
90 95
90 94
90 93
89 92
89 91
89 90
88 89
88 88
89 87
89 86
89 85
89 84
89 83
89 82
89 81
89 80
89 79
89 78
89 77
89 76
89 75
89 74
89 73
89 72
89 71
89 70
89 69
89 68
89 67
89 66
90 65
90 64
90 63
91 62
90 61
90 60
91 59
91 58
