257
105 55
106 54
107 54
108 54
109 55
110 56
111 56
112 57
113 58
114 59
115 59
116 59
117 60
118 61
118 62
118 63
118 64
118 65
118 66
119 67
120 68
121 69
122 69
123 70
124 70
125 71
126 72
126 73
126 74
126 75
126 76
126 77
127 78
127 79
126 80
126 81
125 82
125 83
124 84
124 85
124 86
124 87
124 88
124 89
124 90
124 91
124 92
124 93
124 94
123 95
123 96
123 97
123 98
123 99
123 100
124 101
124 102
125 103
125 104
125 105
126 106
126 107
126 108
126 109
126 110
126 111
125 112
126 113
126 114
126 115
126 116
126 117
126 118
127 119
127 120
127 121
127 122
128 123
128 124
128 125
128 126
128 127
128 128
128 129
127 130
127 131
127 132
127 133
127 134
127 135
127 136
128 137
128 138
127 139
127 140
127 141
126 142
125 143
125 144
125 145
125 146
125 147
125 148
125 149
126 150
126 151
127 152
127 153
126 154
125 154
124 154
123 155
122 155
121 156
120 156
119 156
118 157
117 157
116 157
115 158
114 158
113 158
112 158
111 158
110 159
109 159
108 159
107 159
106 159
105 159
104 159
103 159
102 159
101 159
100 160
99 159
98 159
97 159
96 159
96 158
96 157
96 156
97 155
96 154
96 153
96 152
95 151
95 150
95 149
95 148
94 147
93 146
93 145
93 144
92 143
92 142
91 141
91 140
90 139
89 138
88 137
87 137
86 136
86 135
85 134
85 133
84 132
83 131
83 130
83 129
83 128
83 127
83 126
83 125
83 124
83 123
84 122
84 121
85 120
86 119
86 118
85 117
85 116
86 115
86 114
85 113
85 112
85 111
85 110
86 109
85 108
84 108
83 108
83 107
83 106
83 105
82 104
82 103
82 102
82 101
82 100
82 99
82 98
82 97
82 96
82 95
82 94
83 93
83 92
83 91
83 90
84 89
84 88
83 87
84 86
85 85
86 85
87 85
88 84
89 84
90 84
91 85
92 85
93 86
94 86
95 86
96 86
97 85
98 84
99 83
99 82
99 81
98 80
98 79
99 78
100 77
100 76
100 75
100 74
100 73
100 72
100 71
100 70
100 69
100 68
100 67
100 66
100 65
101 64
102 63
102 62
102 61
102 60
103 59
103 58
104 57
104 56
