260
104 54
105 53
106 53
107 53
108 53
109 53
110 54
111 55
112 56
113 57
113 58
114 59
114 60
114 61
115 62
115 63
115 64
115 65
116 66
117 66
118 67
119 68
120 69
121 70
121 71
122 72
123 73
124 73
124 74
125 75
124 76
124 77
123 78
123 79
122 80
122 81
121 82
121 83
121 84
121 85
121 86
121 87
121 88
121 89
121 90
121 91
121 92
121 93
121 94
121 95
120 96
120 97
120 98
120 99
120 100
120 101
119 102
119 103
120 104
120 105
120 106
120 107
120 108
121 109
121 110
121 111
121 112
120 113
120 114
121 115
122 116
122 117
122 118
122 119
122 120
123 121
123 122
123 123
123 124
123 125
123 126
122 127
123 128
122 129
122 130
122 131
122 132
122 133
122 134
123 135
124 135
123 136
123 137
123 138
122 139
122 140
122 141
121 142
120 143
120 144
120 145
120 146
120 147
120 148
120 149
120 150
120 151
119 152
119 153
119 154
119 155
119 156
118 157
117 157
116 157
115 158
114 158
113 158
112 158
111 158
110 159
109 159
108 159
107 159
106 159
105 159
104 159
103 159
102 159
101 159
100 160
99 159
98 159
97 159
96 159
95 159
94 159
93 159
92 159
91 159
91 158
91 157
91 156
91 155
91 154
91 153
91 152
91 151
91 150
91 149
90 148
90 147
90 146
89 145
90 144
90 143
89 142
89 141
88 140
87 139
87 138
86 137
86 136
86 135
85 134
85 133
84 132
84 131
84 130
83 129
83 128
82 127
82 126
82 125
82 124
82 123
82 122
82 121
82 120
81 119
81 118
81 117
82 116
81 115
80 115
80 114
80 113
80 112
79 111
79 110
79 109
79 108
79 107
79 106
79 105
79 104
79 103
79 102
79 101
78 100
78 99
78 98
78 97
78 96
78 95
78 94
79 93
79 92
79 91
78 90
78 89
79 88
79 87
79 86
79 85
80 84
81 84
82 83
83 84
84 84
85 84
86 84
87 84
88 84
89 84
90 85
91 85
92 85
93 85
94 85
95 84
96 83
96 82
96 81
96 80
96 79
96 78
96 77
97 76
97 75
98 74
99 73
100 72
100 71
100 70
100 69
100 68
100 67
100 66
100 65
100 64
100 63
101 62
101 61
101 60
101 59
102 58
102 57
102 56
103 55
