236
117 68
118 67
119 67
120 67
121 67
122 67
123 68
124 69
125 70
126 71
126 72
126 73
127 74
127 75
127 76
127 77
128 78
127 79
128 80
127 81
126 82
126 83
126 84
126 85
126 86
126 87
126 88
126 89
126 90
126 91
126 92
125 93
125 94
125 95
124 96
124 97
123 97
122 98
122 99
122 100
121 101
121 102
121 103
121 104
120 105
120 106
119 107
119 108
118 109
117 110
117 111
116 112
116 113
115 114
114 115
114 116
113 117
113 118
113 119
112 120
113 121
113 122
112 123
112 124
111 125
111 126
110 127
110 128
109 129
109 130
108 131
108 132
108 133
107 134
106 135
106 136
105 137
105 138
104 139
104 140
103 141
103 142
103 143
102 143
101 144
101 145
100 146
100 147
99 148
98 149
97 150
96 151
96 152
96 153
95 154
95 155
95 156
95 157
95 158
95 159
94 159
93 159
92 159
91 159
90 159
89 158
88 158
87 158
86 158
85 158
84 157
83 157
82 157
81 156
80 156
79 156
78 155
77 155
76 154
75 154
74 154
73 153
72 153
71 152
70 151
69 151
70 150
70 149
71 148
71 147
71 146
70 145
70 144
70 143
70 142
70 141
70 140
70 139
70 138
71 137
71 136
72 135
72 134
72 133
73 132
73 131
72 130
72 129
72 128
72 127
72 126
71 125
71 124
71 123
71 122
71 121
71 120
72 119
72 118
73 117
74 116
75 115
76 115
77 114
78 113
78 112
78 111
77 110
77 109
77 108
78 107
78 106
78 105
79 104
79 103
80 102
80 101
81 100
81 99
81 98
82 97
83 96
83 95
83 94
84 93
84 92
85 91
84 90
84 89
85 88
86 87
87 86
88 87
89 88
90 88
91 89
92 90
92 91
92 92
92 93
93 94
94 95
95 95
96 94
97 94
98 94
99 93
99 92
100 91
100 90
101 89
101 88
102 87
102 86
103 85
103 84
104 84
105 83
105 82
106 82
107 81
107 80
108 80
109 79
109 78
110 77
110 76
111 75
112 74
113 73
113 72
113 71
114 70
114 69
115 69
116 69
