235
106 68
107 67
108 68
109 67
110 68
110 69
111 70
112 70
113 71
113 72
114 73
114 74
114 75
115 76
115 77
114 78
115 79
115 80
115 81
116 82
117 82
116 83
117 84
118 85
118 86
119 87
120 87
120 88
120 89
120 90
120 91
120 92
119 93
119 94
118 95
118 96
118 97
119 98
118 99
118 100
118 101
118 102
118 103
118 104
118 105
118 106
118 107
118 108
118 109
118 110
118 111
117 112
117 113
117 114
117 115
117 116
117 117
117 118
117 119
117 120
117 121
117 122
118 123
118 124
117 125
117 126
117 127
117 128
117 129
116 130
116 131
115 132
115 133
115 134
115 135
115 136
115 137
115 138
115 139
114 140
114 141
114 142
113 143
113 144
113 145
112 146
112 147
111 148
111 149
110 150
110 151
110 152
110 153
110 154
110 155
110 156
110 157
110 158
109 159
108 159
107 159
106 159
105 159
104 159
103 159
102 159
101 159
100 160
99 159
98 159
97 159
96 159
95 159
94 159
93 159
92 159
91 159
90 159
89 158
88 158
87 158
86 158
85 158
84 157
83 156
83 155
83 154
83 153
83 152
83 151
83 150
82 149
82 148
81 147
81 146
81 145
81 144
81 143
80 142
80 141
80 140
80 139
79 138
79 137
79 136
78 135
78 134
78 133
77 132
78 131
78 130
78 129
79 128
79 127
79 126
80 125
81 124
80 123
80 122
80 121
80 120
80 119
80 118
80 117
80 116
80 115
80 114
80 113
80 112
79 111
80 110
80 109
80 108
80 107
80 106
80 105
80 104
81 103
80 102
80 101
80 100
80 99
81 98
82 97
83 96
84 95
85 95
86 96
87 97
88 98
89 99
89 100
89 101
90 102
91 102
91 103
92 104
93 104
94 103
94 102
95 101
95 100
96 99
96 98
96 97
96 96
96 95
96 94
97 93
97 92
97 91
97 90
98 89
98 88
99 87
99 86
99 85
100 84
100 83
100 82
101 81
101 80
102 80
103 79
103 78
103 77
103 76
103 75
103 74
103 73
103 72
104 71
104 70
105 69
105 68
