257
107 51
108 50
109 50
110 51
111 51
112 51
113 52
114 53
115 54
116 55
117 56
118 57
119 58
120 59
120 60
120 61
119 62
119 63
119 64
120 65
120 66
120 67
120 68
121 69
122 69
122 70
123 71
124 72
125 72
125 73
125 74
125 75
125 76
124 77
123 78
123 79
123 80
123 81
123 82
123 83
123 84
123 85
123 86
123 87
123 88
122 89
121 90
121 91
120 92
120 93
121 94
121 95
120 96
120 97
120 98
120 99
120 100
120 101
119 102
119 103
119 104
120 105
120 106
120 107
120 108
120 109
121 110
121 111
120 112
121 113
120 114
120 115
120 116
120 117
121 118
121 119
121 120
121 121
122 122
122 123
121 124
121 125
121 126
120 127
120 128
120 129
120 130
120 131
119 132
119 133
119 134
119 135
119 136
119 137
118 138
118 139
118 140
118 141
117 142
117 143
116 144
116 145
116 146
116 147
116 148
116 149
116 150
116 151
116 152
116 153
117 154
116 155
116 156
116 157
115 158
114 158
113 158
112 158
111 158
110 159
109 159
108 159
107 159
106 159
105 159
104 159
103 159
102 159
101 159
100 160
99 159
98 159
97 159
96 159
95 159
94 159
93 159
92 159
91 159
90 159
89 158
89 157
89 156
89 155
89 154
90 153
90 152
90 151
90 150
90 149
90 148
90 147
90 146
89 145
89 144
89 143
89 142
88 141
88 140
88 139
88 138
87 137
87 136
87 135
87 134
87 133
88 132
87 131
87 130
86 129
85 128
85 127
85 126
85 125
85 124
85 123
85 122
85 121
85 120
85 119
86 118
86 117
85 116
84 116
83 115
82 114
82 113
82 112
81 111
81 110
81 109
81 108
81 107
81 106
80 105
80 104
80 103
80 102
81 101
81 100
81 99
81 98
82 97
82 96
81 95
81 94
82 93
82 92
83 91
83 90
83 89
83 88
84 87
84 86
85 85
85 84
85 83
85 82
86 81
86 80
87 80
88 79
89 79
90 79
91 79
92 79
93 79
94 79
95 78
96 78
97 77
97 76
98 75
99 74
99 73
99 72
100 71
100 70
101 69
101 68
101 67
101 66
101 65
102 64
102 63
103 62
103 61
103 60
103 59
103 58
103 57
103 56
104 55
105 54
105 53
106 52
106 51
