254
94 59
95 58
96 58
97 58
98 59
99 60
100 61
101 61
102 62
103 62
103 63
104 64
105 65
106 66
106 67
105 68
105 69
105 70
105 71
106 72
106 73
106 74
107 75
108 75
109 75
110 75
110 76
111 77
110 78
111 79
110 80
110 81
110 82
110 83
109 84
108 85
108 86
108 87
108 88
108 89
108 90
108 91
108 92
107 93
107 94
107 95
106 96
106 97
106 98
106 99
105 100
105 101
105 102
104 103
105 104
105 105
104 106
104 107
104 108
104 109
104 110
104 111
104 112
104 113
104 114
104 115
104 116
103 117
104 118
103 119
103 120
103 121
103 122
103 123
103 124
104 125
104 126
104 127
103 128
103 129
103 130
103 131
103 132
102 133
102 134
101 135
101 136
100 137
100 138
100 139
100 140
99 141
99 142
99 143
99 144
99 145
98 146
98 147
98 148
98 149
97 150
97 151
97 152
96 153
96 154
96 155
96 156
96 157
96 158
95 159
94 159
93 159
92 159
91 159
90 159
89 158
88 158
87 158
86 158
85 158
84 157
83 157
82 157
81 156
80 156
79 156
78 155
77 155
76 154
75 154
74 154
73 153
72 153
71 152
70 151
70 150
70 149
71 148
71 147
71 146
71 145
71 144
71 143
71 142
71 141
70 140
69 139
69 138
68 137
68 136
67 135
66 134
66 133
65 132
64 131
64 130
64 129
64 128
64 127
64 126
64 125
64 124
64 123
64 122
64 121
64 120
64 119
64 118
64 117
64 116
64 115
64 114
64 113
64 112
64 111
64 110
65 109
65 108
66 107
67 106
67 105
67 104
68 103
68 102
67 101
67 100
68 99
68 98
69 97
68 96
68 95
68 94
69 93
69 92
69 91
69 90
69 89
69 88
70 87
71 86
71 85
72 84
73 85
74 85
75 85
76 85
77 85
77 86
77 87
78 88
78 89
78 90
78 91
78 92
78 93
79 94
80 95
81 95
82 94
83 93
83 92
83 91
83 90
82 89
82 88
82 87
82 86
83 86
84 85
84 84
84 83
84 82
84 81
84 80
84 79
84 78
85 77
86 76
86 75
87 74
88 73
88 72
89 71
88 70
89 69
89 68
89 67
90 66
90 65
91 64
91 63
92 62
92 61
93 60
