258
113 57
114 56
115 56
116 56
117 56
118 56
119 57
120 58
121 59
122 59
123 60
123 61
124 62
124 63
125 64
125 65
125 66
125 67
125 68
125 69
125 70
126 71
127 72
127 73
128 74
129 74
130 75
131 76
131 77
132 78
132 79
132 80
131 81
131 82
131 83
131 84
130 85
130 86
130 87
130 88
129 89
129 90
129 91
129 92
129 93
128 94
128 95
128 96
128 97
127 98
127 99
127 100
127 101
126 102
126 103
126 104
126 105
126 106
126 107
126 108
126 109
127 110
126 111
126 112
126 113
126 114
126 115
127 116
127 117
127 118
127 119
127 120
127 121
126 122
126 123
126 124
126 125
126 126
126 127
126 128
126 129
126 130
126 131
126 132
126 133
126 134
126 135
126 136
126 137
126 138
125 139
124 140
124 141
124 142
123 143
123 144
123 145
122 146
122 147
121 148
121 149
120 150
121 151
121 152
121 153
121 154
121 155
121 156
120 156
119 156
118 157
117 157
116 157
115 158
114 158
113 158
112 158
111 158
110 159
109 159
108 159
107 159
106 159
105 159
104 159
103 159
102 159
101 159
100 160
99 159
98 159
97 159
96 159
95 159
94 159
93 159
92 159
91 159
90 159
90 158
90 157
90 156
90 155
90 154
91 153
91 152
91 151
90 150
89 149
88 148
87 147
87 146
87 145
87 144
87 143
88 142
87 141
86 140
85 140
84 139
83 138
82 137
81 136
81 135
81 134
81 133
82 132
82 131
83 130
83 129
83 128
84 128
85 127
85 126
85 125
85 124
85 123
86 122
85 121
84 120
84 119
84 118
83 117
83 116
83 115
83 114
82 113
82 112
82 111
82 110
82 109
82 108
82 107
82 106
82 105
82 104
82 103
82 102
83 101
83 100
84 99
84 98
84 97
84 96
85 95
85 94
85 93
85 92
85 91
86 90
86 89
87 88
87 87
88 86
89 86
90 87
91 87
92 87
93 88
93 89
94 90
95 90
96 90
97 90
98 90
99 89
99 88
100 87
101 86
101 85
102 84
101 83
101 82
101 81
101 80
102 79
102 78
103 77
103 76
104 75
104 74
105 73
105 72
105 71
106 70
107 69
108 68
108 67
108 66
108 65
109 64
109 63
109 62
109 61
110 60
111 59
111 58
112 57
