274
98 53
99 52
100 52
101 52
102 52
103 52
104 53
105 53
106 53
107 54
108 54
108 55
109 56
109 57
110 58
111 59
111 60
112 61
113 62
114 63
114 64
115 65
116 66
117 67
118 67
119 67
119 68
119 69
119 70
119 71
119 72
120 73
121 73
121 74
121 75
121 76
121 77
121 78
121 79
120 80
120 81
120 82
120 83
120 84
121 85
121 86
121 87
121 88
121 89
121 90
121 91
121 92
121 93
120 94
121 95
120 96
120 97
121 98
121 99
121 100
122 101
122 102
123 103
123 104
123 105
124 106
123 107
123 108
123 109
123 110
123 111
123 112
123 113
123 114
124 115
124 116
124 117
125 118
125 119
125 120
125 121
125 122
125 123
125 124
125 125
125 126
125 127
126 128
125 129
125 130
125 131
125 132
125 133
125 134
125 135
125 136
125 137
125 138
125 139
125 140
125 141
125 142
125 143
125 144
126 145
127 146
127 147
128 148
128 149
128 150
128 151
129 152
128 153
127 153
126 154
125 154
124 154
123 155
122 155
121 156
120 156
119 156
118 157
117 157
116 157
115 158
114 158
113 158
112 158
111 158
110 159
109 159
108 159
107 159
106 159
105 159
104 159
103 159
102 159
101 159
100 160
99 159
98 159
97 159
97 158
97 157
97 156
98 155
98 154
98 153
98 152
98 151
98 150
98 149
97 148
97 147
97 146
96 145
95 144
94 143
93 142
93 141
92 140
91 139
90 138
89 137
88 136
87 135
86 134
85 134
84 133
83 132
82 131
81 131
80 130
79 129
78 128
77 127
76 126
76 125
76 124
76 123
76 122
77 121
77 120
77 119
77 118
77 117
77 116
77 115
77 114
77 113
77 112
77 111
76 110
76 109
77 108
77 107
77 106
78 105
78 104
78 103
79 102
79 101
79 100
78 99
79 98
79 97
79 96
80 95
80 94
80 93
80 92
80 91
80 90
80 89
79 88
79 87
79 86
79 85
80 84
81 83
82 83
83 83
84 84
85 85
85 86
86 87
86 88
86 89
87 90
87 91
88 92
89 92
90 91
91 91
92 90
93 90
94 89
94 88
93 87
93 86
93 85
93 84
93 83
93 82
93 81
93 80
94 79
94 78
95 77
95 76
95 75
95 74
95 73
95 72
95 71
95 70
95 69
95 68
95 67
95 66
94 65
95 64
95 63
94 62
95 61
95 60
96 59
96 58
97 57
97 56
98 55
98 54
