232
101 67
102 66
103 66
104 67
105 67
106 67
107 67
108 68
109 69
110 69
110 70
111 71
111 72
112 73
112 74
112 75
113 76
114 77
114 78
115 79
116 80
116 81
116 82
116 83
117 84
117 85
117 86
117 87
117 88
117 89
117 90
117 91
116 92
116 93
116 94
116 95
116 96
116 97
117 98
117 99
117 100
117 101
117 102
117 103
117 104
116 105
116 106
116 107
116 108
116 109
116 110
116 111
116 112
115 113
115 114
116 115
116 116
116 117
116 118
116 119
116 120
117 121
117 122
117 123
117 124
117 125
117 126
117 127
117 128
116 129
116 130
115 131
115 132
115 133
115 134
115 135
115 136
115 137
116 138
116 139
116 140
116 141
115 142
114 143
114 144
114 145
113 146
113 147
113 148
114 149
113 150
113 151
113 152
113 153
114 154
114 155
114 156
114 157
114 158
113 158
112 158
111 158
110 159
109 159
108 159
107 159
106 159
105 159
104 159
103 159
102 159
101 159
100 160
99 159
98 159
97 159
96 159
95 159
94 159
93 159
92 159
91 159
90 159
89 158
88 158
87 158
86 158
85 158
85 157
85 156
84 155
85 154
84 153
84 152
84 151
83 150
83 149
83 148
82 147
82 146
81 145
81 144
81 143
81 142
80 141
80 140
79 139
78 139
78 138
78 137
77 136
77 135
76 134
77 133
77 132
77 131
78 130
79 129
79 128
79 127
80 126
80 125
80 124
79 123
78 123
78 122
77 121
77 120
77 119
77 118
77 117
77 116
77 115
76 114
77 113
77 112
77 111
77 110
77 109
77 108
77 107
78 107
79 106
79 105
79 104
79 103
79 102
79 101
79 100
79 99
80 98
81 98
82 97
83 97
84 97
85 98
86 99
87 99
88 99
89 98
89 97
90 96
90 95
90 94
91 94
92 93
92 92
93 91
93 90
94 89
94 88
95 87
95 86
95 85
95 84
95 83
95 82
95 81
95 80
95 79
96 78
97 77
97 76
98 75
98 74
98 73
98 72
98 71
98 70
98 69
99 68
100 67
