251
97 57
98 56
99 56
100 56
101 56
102 57
103 58
104 59
104 60
105 61
105 62
105 63
106 64
106 65
107 66
107 67
107 68
108 69
109 69
110 70
111 71
111 72
112 73
113 74
113 75
114 76
114 77
115 78
116 78
116 79
116 80
116 81
116 82
116 83
116 84
116 85
116 86
116 87
116 88
116 89
116 90
115 91
115 92
115 93
115 94
115 95
114 96
114 97
115 98
115 99
115 100
115 101
115 102
115 103
115 104
116 105
115 106
115 107
115 108
115 109
115 110
115 111
115 112
115 113
115 114
116 115
116 116
116 117
117 118
117 119
117 120
117 121
117 122
117 123
117 124
117 125
117 126
116 127
116 128
116 129
117 130
116 131
116 132
117 133
117 134
116 135
117 136
116 137
115 138
115 139
115 140
115 141
115 142
115 143
115 144
115 145
115 146
115 147
115 148
114 149
114 150
114 151
113 152
113 153
113 154
112 155
113 156
113 157
113 158
112 158
111 158
110 159
109 159
108 159
107 159
106 159
105 159
104 159
103 159
102 159
101 159
100 160
99 159
98 159
97 159
96 159
95 159
94 159
93 159
92 159
91 159
90 159
89 158
88 158
87 158
86 158
85 158
84 157
84 156
84 155
84 154
84 153
84 152
83 151
83 150
82 149
81 148
81 147
80 146
79 145
79 144
79 143
79 142
78 141
78 140
78 139
78 138
78 137
77 136
77 135
77 134
76 133
76 132
75 131
74 130
74 129
74 128
74 127
74 126
74 125
75 124
76 123
76 122
77 121
77 120
77 119
78 118
77 117
76 117
76 116
75 115
75 114
74 113
75 112
75 111
75 110
75 109
75 108
75 107
75 106
75 105
75 104
75 103
75 102
76 101
76 100
76 99
76 98
77 97
77 96
76 95
75 94
75 93
75 92
75 91
75 90
76 90
77 89
78 88
79 87
79 86
80 86
81 86
82 86
82 87
82 88
83 89
84 89
85 89
86 88
87 88
88 87
88 86
89 85
89 84
90 83
90 82
91 81
91 80
92 79
92 78
92 77
92 76
93 75
93 74
94 73
94 72
94 71
94 70
94 69
95 68
95 67
95 66
94 65
94 64
94 63
94 62
94 61
95 60
96 59
97 58
