260
100 61
101 60
102 60
103 60
104 60
105 61
106 62
107 62
108 62
109 63
110 63
111 64
112 65
113 66
114 67
114 68
114 69
114 70
114 71
115 72
116 73
117 73
118 73
119 74
120 74
120 75
121 76
121 77
121 78
121 79
122 80
123 81
123 82
123 83
123 84
123 85
123 86
123 87
123 88
123 89
123 90
124 91
125 92
124 93
125 94
125 95
125 96
124 97
124 98
123 99
123 100
123 101
123 102
123 103
124 104
123 105
123 106
124 107
123 108
124 109
124 110
124 111
125 112
125 113
125 114
125 115
126 116
126 117
126 118
126 119
126 120
126 121
127 122
128 123
128 124
128 125
128 126
128 127
129 128
129 129
129 130
129 131
129 132
130 133
130 134
130 135
130 136
130 137
131 138
130 139
131 140
130 141
130 142
130 143
129 144
130 145
130 146
130 147
131 148
131 149
131 150
131 151
130 151
129 152
128 153
127 153
126 154
125 154
124 154
123 155
122 155
121 156
120 156
119 156
118 157
117 157
116 157
115 158
114 158
113 158
112 158
111 158
110 159
109 159
108 159
107 159
106 159
105 159
104 159
103 159
102 159
101 159
100 160
99 159
98 159
97 159
97 158
96 157
96 156
96 155
96 154
95 153
94 152
93 151
92 151
91 150
90 149
89 148
89 147
88 146
87 145
86 145
85 144
84 143
83 142
82 141
81 140
81 139
81 138
81 137
81 136
80 135
80 134
80 133
81 132
81 131
80 130
80 129
80 128
80 127
80 126
80 125
80 124
79 123
79 122
79 121
79 120
80 119
80 118
80 117
80 116
81 115
81 114
82 113
82 112
81 111
81 110
80 109
80 108
80 107
79 106
79 105
79 104
79 103
79 102
80 101
80 100
80 99
81 98
81 97
82 96
83 95
84 95
85 95
86 96
87 97
87 98
88 99
88 100
88 101
88 102
89 103
89 104
90 105
91 105
92 104
92 103
93 103
94 103
95 102
96 101
96 100
96 99
97 98
97 97
97 96
97 95
97 94
97 93
97 92
96 91
96 90
96 89
95 88
95 87
95 86
96 85
97 84
97 83
97 82
98 81
98 80
98 79
98 78
98 77
98 76
98 75
97 74
97 73
97 72
97 71
97 70
97 69
98 68
98 67
99 66
99 65
100 64
100 63
100 62
