260
104 57
104 56
105 56
106 56
107 56
108 56
109 56
110 56
111 57
112 57
113 58
114 59
115 59
115 60
116 61
117 62
117 63
117 64
117 65
117 66
118 67
118 68
118 69
119 70
120 71
121 72
122 73
123 73
123 74
124 75
125 75
125 76
125 77
125 78
125 79
125 80
125 81
125 82
124 83
124 84
124 85
124 86
123 87
123 88
123 89
122 90
122 91
121 92
121 93
121 94
121 95
122 96
121 96
120 97
120 98
120 99
120 100
119 101
119 102
119 103
119 104
120 105
120 106
120 107
121 108
121 109
122 110
122 111
122 112
122 113
122 114
122 115
122 116
122 117
121 118
121 119
122 120
122 121
121 122
121 123
121 124
121 125
121 126
121 127
121 128
121 129
121 130
120 131
120 132
120 133
120 134
120 135
119 136
119 137
119 138
119 139
118 140
118 141
118 142
118 143
117 144
117 145
117 146
117 147
116 148
117 149
117 150
116 151
116 152
116 153
116 154
116 155
117 156
117 157
116 157
115 158
114 158
113 158
112 158
111 158
110 159
109 159
108 159
107 159
106 159
105 159
104 159
103 159
102 159
101 159
100 160
99 159
98 159
97 159
96 159
95 159
94 159
93 159
92 159
91 159
90 159
89 158
88 158
89 157
89 156
89 155
89 154
89 153
90 152
90 151
90 150
89 149
89 148
89 147
89 146
88 145
87 145
87 144
86 143
85 143
84 142
84 141
84 140
84 139
83 138
83 137
82 136
82 135
81 134
81 133
80 132
80 131
79 130
79 129
78 128
77 127
77 126
76 125
76 124
76 123
77 122
77 121
77 120
77 119
77 118
78 117
78 116
79 115
79 114
80 113
80 112
80 111
80 110
81 109
81 108
81 107
81 106
81 105
81 104
80 103
79 103
79 102
79 101
79 100
79 99
80 98
80 97
81 96
81 95
81 94
81 93
81 92
81 91
81 90
82 89
82 88
83 87
83 86
84 85
84 84
85 83
86 83
87 83
88 84
89 83
90 84
91 85
92 86
93 86
94 86
95 86
96 86
97 85
97 84
97 83
97 82
97 81
97 80
98 79
98 78
99 77
99 76
100 75
100 74
100 73
101 72
101 71
101 70
101 69
102 68
102 67
103 66
103 65
103 64
103 63
103 62
103 61
102 60
103 59
104 58
