264
108 47
109 46
110 46
111 46
112 46
113 47
114 47
114 48
115 49
116 49
117 49
117 50
117 51
118 52
118 53
119 54
119 55
119 56
119 57
119 58
119 59
119 60
119 61
119 62
119 63
119 64
119 65
119 66
120 67
119 68
120 69
120 70
120 71
120 72
120 73
120 74
120 75
120 76
119 77
119 78
119 79
119 80
118 81
118 82
118 83
117 84
117 85
117 86
117 87
116 88
116 89
116 90
116 91
115 92
114 93
114 94
113 95
113 96
113 97
112 98
112 99
112 100
112 101
112 102
112 103
112 104
112 105
111 106
111 107
110 108
110 109
110 110
109 111
109 112
109 113
109 114
108 115
108 116
108 117
108 118
107 119
107 120
107 121
107 122
107 123
106 124
106 125
106 126
105 127
105 128
104 129
103 130
103 131
103 132
102 133
102 134
101 135
100 136
100 137
99 138
99 139
99 140
98 141
98 142
98 143
97 144
97 145
96 146
95 147
95 148
95 149
94 150
94 151
93 152
94 153
94 154
93 155
93 156
93 157
93 158
92 159
91 159
90 159
89 158
88 158
87 158
86 158
85 158
84 157
83 157
82 157
81 156
80 156
79 156
78 155
77 155
76 154
75 154
74 154
73 153
72 153
71 152
70 151
69 151
68 150
67 150
67 149
67 148
68 147
68 146
68 145
68 144
67 143
68 142
68 141
68 140
68 139
68 138
68 137
69 136
69 135
70 134
70 133
71 132
71 131
71 130
71 129
71 128
71 127
70 126
70 125
70 124
69 123
69 122
69 121
69 120
69 119
69 118
69 117
70 116
69 115
69 114
70 113
70 112
70 111
70 110
71 109
72 108
72 107
73 107
74 106
73 105
72 105
72 104
71 103
71 102
71 101
71 100
71 99
71 98
71 97
71 96
72 95
72 94
72 93
72 92
73 91
73 90
73 89
74 88
74 87
74 86
75 85
76 84
77 83
77 82
77 81
77 80
78 79
79 78
79 77
80 76
81 75
81 74
82 73
83 72
84 71
84 70
85 69
86 70
87 69
88 70
89 70
90 71
91 71
92 71
93 72
94 72
95 71
95 70
96 69
96 68
96 67
97 67
98 66
99 65
99 64
99 63
100 63
101 62
101 61
101 60
101 59
102 58
103 57
104 56
104 55
104 54
104 53
105 52
105 51
106 50
106 49
107 48
