242
79 74
80 73
81 73
82 74
82 75
82 76
83 77
84 78
85 79
86 79
87 80
88 80
89 80
90 81
91 82
92 82
93 83
94 83
95 84
96 84
97 83
98 83
99 83
100 83
101 84
102 85
103 85
104 86
105 86
106 86
107 86
108 85
109 85
110 84
111 85
112 85
113 85
114 86
115 86
116 87
117 88
118 89
119 90
120 91
121 91
122 91
123 91
124 92
125 93
126 94
127 95
128 96
129 97
129 98
129 99
129 100
128 101
128 102
127 103
128 104
129 105
130 105
131 105
132 106
132 107
132 108
132 109
132 110
132 111
132 112
132 113
132 114
132 115
132 116
132 117
132 118
132 119
133 120
133 121
133 122
133 123
133 124
133 125
133 126
133 127
133 128
133 129
133 130
133 131
132 132
132 133
132 134
131 135
131 136
131 137
130 138
130 139
130 140
130 141
130 142
130 143
130 144
129 145
129 146
129 147
129 148
129 149
129 150
129 151
129 152
128 153
127 153
126 154
125 154
124 154
123 155
122 155
121 156
120 156
119 156
118 157
117 157
116 157
115 158
114 158
113 158
112 158
111 158
110 159
109 159
108 159
107 159
106 159
105 159
104 159
103 159
102 159
101 159
100 160
99 159
98 159
97 159
96 159
95 159
94 159
93 159
92 159
91 159
90 159
89 158
88 158
88 157
87 156
88 155
89 154
88 153
88 152
87 151
87 150
86 149
86 148
85 147
85 146
84 145
83 144
83 143
83 142
83 141
82 140
82 139
81 138
80 137
79 136
78 135
78 134
77 133
77 132
76 131
76 130
76 129
75 128
75 127
74 126
73 126
72 125
71 124
70 123
69 122
68 121
68 120
67 119
67 118
66 117
66 116
65 115
64 114
64 113
63 112
63 111
63 110
63 109
63 108
62 107
62 106
63 105
63 104
63 103
63 102
63 101
63 100
62 99
62 98
63 97
63 96
63 95
63 94
63 93
63 92
64 92
65 91
65 90
64 89
64 88
64 87
64 86
65 85
65 84
65 83
66 83
67 82
68 81
69 80
70 80
71 79
72 78
73 77
73 76
74 76
75 75
76 75
77 74
78 74
