245
79 74
79 73
80 73
81 73
82 73
83 73
83 74
84 75
84 76
85 77
85 78
85 79
86 80
87 81
88 82
89 83
90 84
91 84
92 83
93 83
94 82
95 81
96 80
97 80
98 81
99 81
100 80
101 81
102 81
103 82
104 82
105 82
106 81
107 81
108 81
109 80
110 80
111 79
112 79
113 79
114 80
115 80
116 81
117 82
118 82
119 83
120 83
121 83
122 82
123 83
124 84
125 84
126 85
127 86
128 87
129 88
129 89
129 90
130 91
131 92
131 93
132 94
133 95
133 96
134 97
134 98
135 99
135 100
135 101
135 102
135 103
135 104
135 105
136 106
135 107
136 108
136 109
136 110
136 111
137 112
137 113
137 114
137 115
138 116
137 117
138 118
138 119
138 120
137 121
137 122
137 123
137 124
137 125
137 126
137 127
137 128
137 129
137 130
137 131
136 132
136 133
136 134
136 135
135 135
134 136
134 137
134 138
134 139
134 140
133 141
134 142
134 143
135 144
136 145
136 146
136 147
136 148
135 148
134 149
133 150
132 150
131 151
130 151
129 152
128 153
127 153
126 154
125 154
124 154
123 155
122 155
121 156
120 156
119 156
118 157
117 157
116 157
115 158
114 158
113 158
112 158
111 158
110 159
109 159
108 159
107 159
106 159
105 159
104 159
103 159
102 159
101 159
100 160
99 159
98 159
97 159
96 159
95 159
94 159
94 158
94 157
94 156
94 155
94 154
93 153
92 152
92 151
92 150
91 149
91 148
90 147
89 146
88 145
87 144
86 143
86 142
86 141
85 140
84 139
83 138
82 137
82 136
81 135
80 135
79 134
79 133
79 132
78 131
78 130
77 129
77 128
76 127
75 126
75 125
74 124
73 123
72 122
72 121
71 120
71 119
70 118
69 117
69 116
69 115
68 114
67 113
67 112
67 111
66 110
66 109
66 108
66 107
66 106
66 105
66 104
67 103
67 102
67 101
67 100
67 99
67 98
67 97
67 96
67 95
67 94
67 93
67 92
67 91
67 90
66 89
66 88
67 87
68 86
68 85
69 84
69 83
70 82
71 81
72 80
73 79
74 78
75 77
76 76
77 75
78 75
