263
73 70
74 69
75 69
76 69
77 69
78 70
78 71
77 72
77 73
78 74
79 74
80 74
81 74
82 75
83 75
84 76
85 76
86 75
87 75
88 75
89 75
90 75
91 76
92 76
93 77
94 76
95 75
96 75
97 75
98 74
99 74
100 74
101 75
102 75
103 76
104 77
105 77
106 77
107 77
108 76
108 75
108 74
108 73
108 72
108 71
109 71
110 70
111 69
110 70
109 71
108 72
108 73
108 74
108 75
109 76
110 76
111 77
112 77
113 78
114 79
115 79
116 80
117 81
118 82
118 83
119 84
120 85
121 86
122 87
123 88
123 89
124 90
125 91
125 92
126 93
126 94
126 95
126 96
125 97
125 98
125 99
125 100
125 101
124 102
125 103
125 104
125 105
125 106
125 107
125 108
124 109
125 110
125 111
125 112
124 113
124 114
124 115
124 116
124 117
124 118
123 119
123 120
123 121
123 122
123 123
122 124
122 125
122 126
122 127
121 128
121 129
121 130
121 131
122 132
122 133
122 134
122 135
122 136
123 137
123 138
123 139
123 140
123 141
123 142
123 143
123 144
123 145
124 146
124 147
125 148
125 149
126 150
126 151
126 152
126 153
126 154
125 154
124 154
123 155
122 155
121 156
120 156
119 156
118 157
117 157
116 157
115 158
114 158
113 158
112 158
111 158
110 159
109 159
108 159
107 159
106 159
105 159
104 159
103 159
102 159
101 159
100 160
99 159
98 159
97 159
96 159
95 159
94 159
93 159
92 159
91 159
90 159
90 158
89 157
89 156
89 155
88 154
87 153
87 152
87 151
86 150
85 149
85 148
85 147
85 146
85 145
85 144
84 143
84 142
84 141
83 140
83 139
82 138
81 137
80 136
79 135
79 134
78 133
78 132
78 131
78 130
78 129
77 128
76 128
75 127
74 126
74 125
74 124
73 123
72 123
71 122
71 121
70 120
69 119
69 118
68 117
67 116
67 115
66 114
65 114
65 113
64 112
64 111
63 110
63 109
63 108
63 107
63 106
63 105
63 104
63 103
63 102
64 101
64 100
63 99
63 98
63 97
63 96
63 95
63 94
64 93
64 92
64 91
64 90
65 89
64 88
64 87
64 86
64 85
64 84
64 83
65 82
65 81
66 80
67 79
67 78
68 77
68 76
69 75
70 74
71 73
72 72
72 71
