241
83 65
84 64
85 64
86 64
86 65
86 66
85 67
85 68
85 69
85 70
86 71
86 72
87 73
88 74
88 75
89 76
90 77
91 78
92 79
93 80
94 80
95 80
96 80
97 80
97 81
98 82
99 83
100 83
100 84
101 85
102 85
103 86
104 86
105 86
106 86
107 87
108 87
109 88
110 88
111 89
112 90
113 91
114 92
115 93
116 94
117 95
118 96
118 97
119 98
120 99
121 100
122 101
123 102
124 101
125 102
125 103
125 104
125 105
125 106
126 107
125 108
124 109
124 110
123 111
124 112
124 113
124 114
124 115
124 116
125 117
125 118
125 119
124 120
124 121
124 122
124 123
124 124
123 125
123 126
123 127
122 128
121 129
120 130
120 131
120 132
119 133
119 134
118 135
118 136
117 137
117 138
117 139
116 140
115 141
115 142
115 143
115 144
115 145
115 146
115 147
115 148
115 149
115 150
115 151
115 152
114 153
114 154
114 155
114 156
114 157
113 158
112 158
111 158
110 159
109 159
108 159
107 159
106 159
105 159
104 159
103 159
102 159
101 159
100 160
99 159
98 159
97 159
96 159
95 159
94 159
93 159
92 159
91 159
90 159
89 158
88 158
87 158
86 158
85 158
84 157
83 157
82 157
81 156
80 156
79 155
79 154
79 153
78 152
78 151
78 150
79 149
78 148
78 147
78 146
77 145
77 144
78 143
78 142
77 141
78 140
78 139
78 138
78 137
77 136
76 135
75 134
75 133
74 132
74 131
74 130
74 129
73 128
72 127
71 126
71 125
70 124
69 123
68 122
68 121
68 120
68 119
68 118
68 117
68 116
67 115
67 114
66 113
66 112
66 111
65 110
65 109
65 108
65 107
65 106
65 105
65 104
64 103
64 102
64 101
64 100
63 99
63 98
64 97
64 96
64 95
64 94
65 93
65 92
65 91
65 90
65 89
65 88
65 87
65 86
65 85
66 84
65 83
65 82
66 81
66 80
67 79
66 78
67 77
68 76
68 75
69 74
70 73
71 73
72 73
73 72
74 72
75 71
76 71
77 71
78 70
79 69
80 69
81 68
81 67
82 66
82 65
