207
86 72
87 71
88 71
89 71
90 71
91 71
92 72
93 72
94 72
95 73
96 73
97 73
98 73
99 73
100 74
101 75
102 76
103 76
104 77
105 77
105 78
106 79
107 79
108 79
109 79
108 79
107 79
106 79
105 80
104 81
104 82
104 83
103 84
103 85
103 86
103 87
103 88
103 89
103 90
104 91
105 92
106 93
107 94
108 95
108 96
108 97
109 98
110 99
111 100
112 101
112 102
113 103
114 104
114 105
115 106
115 107
114 108
115 109
114 110
115 111
114 112
115 113
115 114
116 115
116 116
115 117
115 118
115 119
115 120
114 120
113 121
112 122
111 123
110 123
109 124
108 124
107 125
106 126
105 127
105 128
105 129
104 130
103 131
102 132
101 133
100 134
99 135
98 136
97 136
96 137
95 138
94 139
93 140
92 140
91 141
90 141
89 142
88 143
87 143
86 144
85 144
84 145
83 145
82 145
81 146
80 147
79 147
78 148
77 148
76 149
75 149
74 150
73 150
72 151
71 152
70 151
69 151
68 150
67 150
66 149
65 148
64 148
63 147
62 146
61 145
60 144
59 143
58 142
57 141
56 140
55 139
54 138
53 137
52 136
52 135
51 134
50 133
50 132
49 131
49 130
48 129
47 128
47 127
47 126
47 125
48 124
49 123
50 122
51 122
52 121
52 120
53 119
54 118
55 118
56 117
56 116
57 115
58 114
58 113
59 112
59 111
59 110
60 109
60 108
60 107
60 106
61 106
62 105
62 104
61 103
61 102
62 101
62 100
63 99
63 98
64 97
64 96
64 95
65 94
65 93
66 92
67 91
67 90
67 89
67 88
68 87
69 86
69 85
70 84
70 83
70 82
71 81
71 80
72 80
73 79
74 78
75 78
76 77
77 76
78 75
79 74
80 74
81 74
82 74
83 73
84 72
85 72
