235
80 69
81 68
82 68
83 68
84 68
85 68
86 68
87 68
88 68
88 69
89 70
89 71
89 72
89 73
90 74
91 74
92 74
93 74
94 75
95 76
96 76
96 77
97 78
98 78
99 78
100 78
101 79
102 79
103 79
104 79
105 79
106 79
107 80
108 80
109 81
110 81
111 81
112 81
113 81
114 82
115 83
116 84
117 85
118 86
119 86
120 87
121 88
122 89
123 90
124 91
125 92
125 93
125 94
125 95
126 96
126 97
126 98
125 99
125 100
125 101
126 102
126 103
126 104
126 105
126 106
125 107
125 108
125 109
124 110
124 111
125 112
124 113
124 114
124 115
123 116
123 117
122 118
121 119
121 120
121 121
121 122
120 123
120 124
120 125
120 126
119 127
119 128
118 129
117 130
116 131
116 132
115 133
114 134
114 135
113 136
113 137
112 138
112 139
111 140
110 141
110 142
110 143
109 144
109 145
109 146
109 147
109 148
108 149
108 150
108 151
107 152
107 153
106 154
105 155
105 156
104 157
104 158
103 159
102 159
101 159
100 160
99 159
98 159
97 159
96 159
95 159
94 159
93 159
92 159
91 159
90 159
89 158
88 158
87 158
86 158
85 158
84 157
83 157
82 157
81 156
80 156
79 156
78 155
77 155
76 154
75 154
74 154
73 153
72 153
71 152
70 151
70 150
71 149
71 148
72 147
72 146
72 145
71 144
72 143
72 142
72 141
72 140
72 139
73 138
73 137
73 136
73 135
73 134
73 133
72 132
73 131
73 130
73 129
73 128
73 127
73 126
73 125
73 124
73 123
72 122
72 121
72 120
72 119
72 118
72 117
71 116
70 115
70 114
69 113
69 112
68 111
68 110
67 109
67 108
67 107
67 106
66 105
66 104
66 103
66 102
66 101
66 100
66 99
66 98
66 97
66 96
65 95
65 94
65 93
65 92
65 91
66 90
67 89
67 88
67 87
67 86
67 85
68 84
68 83
69 82
69 81
70 80
71 79
71 78
71 77
72 76
72 75
73 74
73 73
74 73
75 72
76 72
77 71
78 70
79 69
