239
82 73
83 72
84 72
85 72
86 72
87 73
87 74
87 75
88 76
87 77
88 78
89 78
88 79
88 80
89 81
89 82
90 83
90 84
91 85
92 85
93 86
94 86
95 86
96 86
97 86
98 86
99 86
100 86
101 86
102 86
103 86
104 86
105 87
106 88
107 88
108 88
109 89
110 89
111 89
112 90
113 91
114 92
115 93
116 94
117 95
118 95
118 96
119 97
120 97
121 97
122 98
123 99
124 100
125 101
125 102
125 103
125 104
124 105
124 106
124 107
124 108
125 109
126 109
127 110
128 111
128 112
128 113
129 114
129 115
128 116
128 117
128 118
128 119
128 120
127 121
127 122
127 123
127 124
127 125
126 126
126 127
126 128
125 129
125 130
125 131
124 132
124 133
124 134
124 135
124 136
124 137
123 138
123 139
122 140
121 141
121 142
120 143
119 144
119 145
119 146
119 147
119 148
119 149
119 150
119 151
118 152
119 153
119 154
119 155
119 156
118 157
117 157
116 157
115 158
114 158
113 158
112 158
111 158
110 159
109 159
108 159
107 159
106 159
105 159
104 159
103 159
102 159
101 159
100 160
99 159
98 159
97 159
96 159
95 159
94 159
93 159
92 159
91 159
90 159
89 158
88 158
87 158
86 158
85 158
84 157
83 157
82 157
81 156
80 156
79 156
79 155
79 154
80 153
80 152
80 151
80 150
80 149
79 148
79 147
79 146
78 145
78 144
78 143
78 142
78 141
78 140
78 139
77 138
76 137
75 136
75 135
74 134
74 133
74 132
73 131
73 130
72 129
72 128
71 127
70 127
69 126
69 125
68 124
68 123
67 122
67 121
67 120
68 119
67 118
67 117
67 116
67 115
66 114
65 113
65 112
64 111
64 110
64 109
64 108
64 107
64 106
64 105
64 104
64 103
64 102
65 101
65 100
65 99
65 98
66 97
66 96
66 95
66 94
66 93
66 92
66 91
66 90
66 89
66 88
66 87
66 86
66 85
67 84
67 83
68 82
68 81
69 80
70 79
71 79
72 78
73 77
74 77
75 77
76 76
77 75
78 75
79 74
80 74
81 74
