214
97 73
98 72
99 72
100 73
101 74
101 75
101 76
101 77
101 78
100 79
100 80
100 81
100 82
101 83
102 83
102 84
103 85
104 86
104 87
105 88
106 88
107 88
108 88
109 89
110 88
110 89
111 90
112 90
113 90
114 91
115 91
116 92
117 93
117 94
118 95
118 96
119 97
120 98
121 99
122 100
122 101
123 102
123 103
124 104
124 105
124 106
124 107
124 108
124 109
124 110
125 111
125 112
125 113
125 114
125 115
125 116
125 117
124 118
124 119
123 120
122 121
121 122
120 123
119 124
118 125
118 126
117 127
116 127
115 128
115 129
114 130
114 131
113 132
112 133
111 134
110 135
109 136
108 137
107 138
106 139
105 140
104 141
103 142
102 143
101 144
100 145
100 146
99 147
98 148
97 149
97 150
96 151
96 152
96 153
95 154
95 155
95 156
94 157
94 158
93 159
92 159
91 159
90 159
89 158
88 158
87 158
86 158
85 158
84 157
83 157
82 157
81 156
80 156
79 156
78 155
77 155
76 154
75 154
74 154
73 153
72 153
71 152
70 151
69 151
68 150
67 150
66 149
65 148
64 148
63 147
63 146
64 145
65 144
65 143
65 142
65 141
65 140
65 139
64 138
65 137
65 136
66 135
66 134
66 133
67 132
68 131
68 130
69 129
69 128
70 127
69 126
69 125
69 124
69 123
69 122
70 121
70 120
70 119
70 118
71 117
71 116
71 115
71 114
71 113
71 112
71 111
71 110
71 109
71 108
71 107
71 106
71 105
71 104
71 103
71 102
71 101
71 100
71 99
71 98
71 97
72 96
72 95
72 94
73 93
73 92
74 92
75 91
75 90
76 90
77 89
77 88
77 87
77 86
78 85
79 84
80 83
81 82
82 81
82 80
82 79
83 78
84 78
85 77
86 76
87 76
88 76
89 76
90 76
91 76
92 75
93 75
94 74
95 74
96 73
