238
101 66
102 65
103 65
104 65
105 66
106 66
107 65
108 65
108 66
108 67
108 68
107 69
106 70
105 71
105 72
105 73
106 74
106 75
106 76
106 77
107 78
108 79
109 80
110 80
111 81
112 82
113 82
113 83
114 84
115 85
116 86
117 86
118 87
119 87
120 88
121 88
122 89
123 89
123 90
124 91
124 92
125 93
125 94
125 95
125 96
126 97
126 98
127 99
128 100
128 101
129 102
130 102
131 103
130 104
130 105
130 106
130 107
130 108
129 109
129 110
129 111
129 112
129 113
129 114
129 115
128 116
127 117
127 118
126 119
126 120
125 121
125 122
124 123
124 124
123 125
123 126
122 127
121 128
121 129
120 130
120 131
119 132
118 133
117 134
116 135
115 136
114 137
113 138
112 139
111 140
110 141
109 142
108 143
107 144
106 145
105 146
104 146
103 147
103 148
103 149
103 150
103 151
103 152
102 153
102 154
101 155
101 156
100 157
100 158
99 159
98 159
97 159
96 159
95 159
94 159
93 159
92 159
91 159
90 159
89 158
88 158
87 158
86 158
85 158
84 157
83 157
82 157
81 156
80 156
79 156
78 155
77 155
76 154
75 154
74 154
73 153
72 153
71 152
70 151
69 151
68 150
67 150
66 149
65 148
64 148
65 147
65 146
65 145
65 144
66 143
67 142
67 141
67 140
67 139
67 138
68 137
69 136
69 135
68 134
69 133
69 132
69 131
69 130
69 129
69 128
70 127
70 126
70 125
71 124
72 123
72 122
72 121
72 120
72 119
72 118
72 117
72 116
73 115
72 114
72 113
71 112
71 111
71 110
72 109
72 108
72 107
72 106
73 105
73 104
73 103
73 102
73 101
73 100
73 99
73 98
72 97
72 96
73 95
73 94
72 93
72 92
73 91
73 90
73 89
74 88
74 87
74 86
75 85
76 84
76 83
77 82
77 81
77 80
78 79
79 78
79 77
80 76
81 75
81 74
82 73
83 72
84 71
85 70
86 69
87 69
88 69
89 68
90 68
91 68
92 68
93 68
94 68
95 68
96 68
97 67
98 67
99 67
100 67
