237
79 71
80 70
81 70
82 70
83 70
84 70
85 70
86 70
86 71
87 72
88 73
88 74
89 75
90 75
91 76
92 77
92 78
93 79
94 79
95 79
96 79
97 79
98 78
99 79
100 79
101 79
102 79
103 79
104 79
105 79
106 79
107 78
108 79
109 80
110 81
111 82
112 83
113 84
114 84
115 85
116 85
117 85
118 85
119 86
120 87
121 87
121 88
121 89
122 90
123 91
123 92
123 93
123 94
123 95
123 96
124 97
125 98
125 99
126 100
126 101
126 102
126 103
127 104
126 105
126 106
126 107
125 108
125 109
125 110
125 111
125 112
124 113
124 114
124 115
125 116
124 117
124 118
123 119
123 120
122 121
122 122
121 123
121 124
120 125
120 126
120 127
119 128
118 129
118 130
117 131
117 132
117 133
117 134
117 135
117 136
117 137
116 138
116 139
116 140
116 141
116 142
115 143
116 144
116 145
116 146
116 147
116 148
116 149
116 150
116 151
116 152
115 153
115 154
115 155
115 156
115 157
114 158
113 158
112 158
111 158
110 159
109 159
108 159
107 159
106 159
105 159
104 159
103 159
102 159
101 159
100 160
99 159
98 159
97 159
96 159
95 159
94 159
93 159
92 159
91 159
90 159
89 158
88 158
87 158
86 158
85 158
84 157
83 157
82 157
81 156
81 155
81 154
81 153
81 152
80 151
80 150
80 149
80 148
80 147
80 146
79 145
79 144
79 143
79 142
79 141
79 140
79 139
79 138
79 137
79 136
79 135
79 134
78 133
78 132
78 131
78 130
78 129
77 128
76 127
76 126
75 125
75 124
74 123
74 122
73 121
73 120
72 119
72 118
72 117
71 116
70 115
70 114
69 113
69 112
68 111
68 110
67 109
67 108
66 107
66 106
65 105
65 104
65 103
65 102
65 101
65 100
65 99
65 98
66 97
66 96
66 95
67 94
67 93
67 92
67 91
68 90
68 89
68 88
67 87
68 86
68 85
68 84
68 83
68 82
69 81
69 80
70 79
70 78
71 77
72 76
73 75
74 74
75 74
76 74
77 74
78 73
78 72
