248
89 61
90 60
91 60
92 61
93 62
94 62
95 63
94 64
94 65
94 66
93 67
93 68
94 69
94 70
95 71
95 72
95 73
96 74
97 75
98 76
99 76
99 77
100 78
101 79
102 79
103 80
104 79
104 78
105 78
104 79
104 80
105 81
106 81
107 82
108 82
109 82
110 83
110 84
111 85
112 86
112 87
113 88
114 88
115 89
116 89
116 90
117 91
118 92
118 93
119 94
120 95
120 96
120 97
120 98
120 99
121 100
122 101
123 102
123 103
124 104
124 105
124 106
124 107
123 108
123 109
123 110
123 111
122 112
122 113
122 114
121 115
121 116
120 117
119 118
119 119
119 120
118 121
118 122
117 123
117 124
116 125
116 126
115 127
115 128
114 128
113 129
112 130
111 131
111 132
110 133
110 134
109 135
108 136
108 137
107 138
106 139
105 140
104 141
103 141
102 142
102 143
101 144
101 145
101 146
100 147
100 148
100 149
100 150
100 151
100 152
99 153
99 154
98 155
98 156
98 157
98 158
98 159
97 159
96 159
95 159
94 159
93 159
92 159
91 159
90 159
89 158
88 158
87 158
86 158
85 158
84 157
83 157
82 157
81 156
80 156
79 156
78 155
77 155
76 154
75 154
74 154
73 153
72 153
71 152
70 151
69 151
68 150
67 150
66 149
65 148
64 148
64 147
64 146
65 145
65 144
65 143
65 142
65 141
65 140
65 139
65 138
66 137
67 136
68 135
67 134
67 133
67 132
68 131
68 130
68 129
68 128
67 127
67 126
67 125
67 124
67 123
66 122
67 121
67 120
67 119
67 118
67 117
67 116
66 115
66 114
66 113
65 112
65 111
65 110
65 109
65 108
65 107
65 106
65 105
65 104
64 103
64 102
64 101
64 100
64 99
63 98
63 97
63 96
64 95
64 94
64 93
64 92
64 91
64 90
64 89
64 88
64 87
64 86
64 85
64 84
65 83
65 82
66 81
66 80
66 79
66 78
67 78
68 77
68 76
68 75
69 74
70 73
70 72
70 71
71 70
72 69
73 68
74 67
74 66
75 66
76 66
77 65
78 65
79 65
80 65
81 65
82 64
83 63
84 63
85 62
86 62
87 61
88 61
