248
85 64
86 63
87 63
88 63
89 63
89 64
89 65
88 66
88 67
88 68
88 69
88 70
89 71
90 71
91 72
92 72
93 73
94 74
94 75
94 76
95 77
96 77
97 78
98 78
99 79
100 79
101 79
102 80
103 80
104 81
105 81
105 82
106 83
107 83
108 83
109 83
110 84
111 85
112 85
113 86
114 87
115 87
115 88
115 89
116 90
117 91
118 92
119 92
120 93
121 93
122 94
123 95
123 96
124 97
124 98
124 99
125 100
125 101
125 102
124 103
124 104
124 105
125 106
125 107
124 108
125 109
125 110
125 111
125 112
125 113
125 114
124 115
125 116
125 117
124 118
123 119
123 120
122 121
122 122
121 123
121 124
120 125
120 126
120 127
119 128
119 129
118 130
118 131
117 132
117 133
116 134
116 135
115 136
114 137
114 138
113 139
112 140
111 141
110 142
109 143
109 144
109 145
109 146
108 147
108 148
108 149
107 150
107 151
107 152
107 153
107 154
106 155
106 156
105 157
105 158
105 159
104 159
103 159
102 159
101 159
100 160
99 159
98 159
97 159
96 159
95 159
94 159
93 159
92 159
91 159
90 159
89 158
88 158
87 158
86 158
85 158
84 157
83 157
82 157
81 156
80 156
79 156
78 155
77 155
76 154
75 154
74 154
73 153
72 153
71 152
70 151
69 151
68 150
67 150
67 149
68 148
69 147
69 146
69 145
68 144
68 143
69 142
69 141
69 140
69 139
69 138
70 137
71 136
71 135
71 134
71 133
70 132
70 131
70 130
70 129
69 128
69 127
68 126
68 125
67 124
67 123
67 122
67 121
66 120
66 119
66 118
66 117
66 116
65 115
65 114
65 113
65 112
65 111
65 110
64 109
64 108
64 107
64 106
64 105
64 104
63 103
63 102
63 101
62 100
62 99
62 98
61 97
60 96
60 95
60 94
61 93
61 92
62 91
62 90
62 89
62 88
63 87
63 86
64 85
64 84
65 83
65 82
66 81
66 80
67 79
67 78
68 77
68 76
68 75
69 74
69 73
70 73
71 72
71 71
72 70
73 70
74 70
75 69
76 68
77 68
78 68
79 68
80 68
81 67
82 66
82 65
83 64
84 64
