238
93 71
94 70
95 70
96 70
97 70
98 70
99 71
100 71
101 71
102 71
103 71
104 70
105 70
106 70
107 70
108 70
109 70
110 70
111 70
112 70
112 71
112 72
112 73
112 74
111 75
111 76
110 77
110 78
110 79
110 80
111 81
111 82
112 83
112 84
113 85
114 85
115 85
116 86
117 86
118 87
119 88
119 89
120 90
120 91
121 92
122 93
123 94
124 95
125 95
126 96
127 96
128 97
128 98
129 99
130 100
130 101
131 102
131 103
131 104
132 105
133 106
133 107
134 108
134 109
135 110
135 111
135 112
134 113
134 114
134 115
133 116
132 117
131 118
130 117
129 118
128 119
127 120
127 121
127 122
128 123
129 124
129 125
128 126
127 127
127 128
127 129
127 130
126 131
125 132
124 133
124 134
123 135
123 136
123 137
122 138
121 139
121 140
120 141
119 141
118 142
117 143
116 144
115 145
114 146
113 147
112 147
111 148
111 149
110 149
109 150
109 151
108 151
107 152
106 153
105 154
104 155
103 156
102 157
101 157
100 158
99 159
98 159
97 159
96 159
95 159
94 159
93 159
92 159
91 159
90 159
89 158
88 158
87 158
86 158
85 158
84 157
83 157
82 157
81 156
80 156
79 156
78 155
77 155
76 154
75 154
74 154
73 153
72 153
71 152
70 151
69 151
68 150
67 150
66 149
65 148
64 148
64 147
64 146
65 145
65 144
65 143
66 142
66 141
67 140
68 139
68 138
69 137
70 136
71 135
72 134
71 133
72 132
72 131
72 130
73 129
74 128
74 127
74 126
75 126
76 125
76 124
76 123
76 122
76 121
76 120
77 120
78 119
78 118
77 117
77 116
78 115
78 114
77 113
77 112
77 111
77 110
78 110
79 109
79 108
79 107
79 106
79 105
79 104
78 103
78 102
78 101
78 100
78 99
78 98
78 97
78 96
79 95
79 94
79 93
79 92
79 91
79 90
79 89
79 88
80 87
80 86
80 85
81 85
82 84
82 83
83 83
84 82
84 81
85 80
86 79
87 78
88 77
88 76
88 75
89 74
90 73
91 73
92 72
