18921 23724
-3876.04 -3051.74
1707.73 -1386.94
-343.906 -377.396
-118.989 -139.449
322.374 -394.545
-150.902 -202.782
29.2684 -21.2842
7.91008 -87.267
-67.2706 -35.9653
-6.09252 89.116
-73.4351 -15.1808
-28.7208 18.5695
22.4352 30.031
-20.3718 -18.2207
-1.00878 19.3567
2.08999 -1.12527
-11.4002 10.9116
-2.93105 19.1312
-2.20691 -24.9135
19.9846 8.76684
13.7901 -13.6879
11.0096 -15.3349
2.69419 -0.717552
11.1058 -9.59192
0.0710678 -23.6569
-10.6551 0.383628
7.26202 -8.66985
-13.9979 2.90384
4.61948 6.75732
-2.99458 2.02261
-7.63143 3.83139
-7.74345 -3.42066
-2.12659 11.8132
-4.2448 10.7579
-3.33909 6.89275
7.65274 -2.57352
-4.10899 2.43158
-4.5025 -3.25551
-5.36791 -5.57898
-3.66605 -0.928881
2.98132 -0.325446
-3.89888 -1.45883
10.2778 2.28497
-1.62371 -4.06149
3.89996 3.91552
-5.07648 -3.67576
-2.01052 -2.85694
-7.15138 2.35768
3.74554 1.28988
-7 4
-2.37705 7.67325
3.59583 1.81748
-12.5412 6.50873
2.27695 1.64468
-0.160666 5.86727
7.82672 10.117
2.92653 1.89561
3.1939 -2.87033
-1.24367 -2.32508
-8.53148 -5.66489
4.5054 -1.514
5.31889 -2.49087
-0.113969 -0.823277
7.57812 -6.86179
1.12483 -4.26292
-0.781339 0.979006
-2.91705 -2.14187
-3.73617 3.97989
0.568855 -1.46646
1.3897 -2.09962
-2.54809 0.411545
2.71815 13.4696
6.91146 -7.81123
-3.07423 -10.7895
-0.171573 -0.242641
5.743 2.54748
9.63296 11.4086
-12.2098 9.35459
2.80835 8.6086
-7.41164 1.53733
-7.85748 2.7355
0.179128 1.01151
-2.33774 -3.19972
-2.07618 5.09716
-6.021 1.35592
-4.02473 1.25829
2.94545 5.63442
4.60728 0.992626
-0.313761 -4.24467
1.23842 4.45946
-5.95898 -5.48244
3.46235 -2.44358
0.984446 1.13394
-2.01652 -2.42916
0.335111 -3.42842
1.05332 0.676194
2.1213 2.91917
-3.82698 10.1728
2.8876 -6.08805
-5 2
-4.95363 12.925
0.56937 0.320493
-0.293324 5.22061
6.97418 -1.40693
-0.867022 -1.08043
9.9131 -6.46394
1.48979 -2.11003
0.0067726 2.52681
-2.67085 -0.993409
-2.2512 0.356213
-6.52176 -0.420273
5.92717 -2.01987
-1.27053 1.65338
6.76207 -2.3599
4.5835 2.78476
-1.46652 -2.65017
4.49642 -0.450085
3.35235 3.71863
-1.79031 -0.66409
-5.0605 -10.7734
-9.36013 -4.20314
5.94933 6.95418
-2.33433 3.62341
7.75656 0.115934
-14.0711 -12.3431
14.349 -9.02315
-6.87117 3.51354
0.316149 -4.89322
7.67445 -9.25642
-0.750548 -5.10447
5.70367 -4.26109
-5.17421 -11.5888
-2.1049 -1.75041
-6.42583 -3.96954
-3.94384 6.21811
5.09782 5.24337
5.65971 -1.60987
-2.40388 4.35466
-0.365713 -1.34301
-3.8292 5.19276
-3.41651 12.1449
-1.02065 -3.57316
3.57948 -1.57059
5.33609 4.282
0.353508 1.88008
4.57299 13.1912
-2.19433 0.931069
0.999462 -2.82338
-7.66526 0.0943109
7 10
1.58914 3.0908
-6.02376 -2.30237
-5.81624 -5.98837
3.84765 -5.95362
0.484 -6.65023
-9.01155 -2.07655
9.39907 0.00773626
1.5804 -1.59377
6.42453 -6.53699
0.138181 -3.83505
-6.64833 3.33747
9.11765 3.60527
1.37037 -0.733923
7.91342 -4.46535
-8.29645 -12.8378
0.400234 -0.627891
0.756416 -12.7982
2.30731 2.89223
9.65944 1.59302
2.60465 2.52901
11.4456 -3.33844
-2.84461 3.88645
0.0847406 0.306389
-0.504144 -21.6983
-5.82843 8.24264
-4.4457 3.49413
12.6108 5.84263
13.9553 -12.4179
9.69045 11.8123
12.3761 -0.294701
-17.4795 8.45944
-3.96389 3.27461
-18.5468 -13.5471
-7.61637 -12.4661
21.4318 1.57449
11.6783 -8.58936
4.79886 -25.5877
-1.85305 10.4667
8.8133 -48.8241
-73.1439 -65.2792
-64.0956 -12.3912
32.1325 27.8303
33.7885 118.298
-35.0851 -52.6958
9.04976 280.959
212.363 510.221
855.632 -224.664
-507.839 -1300.9
-49.9247 -1114.67
