19570 22878
-2968.88 -4301.81
2209.43 -529.218
-192.219 -510.169
69.5755 -132.788
473.185 -56.8244
-70.5405 -261.645
19.7765 23.7721
52.3876 -49.7486
-36.0088 -53.887
-29.151 -35.9896
11.9348 -80.5631
-65.464 -10.5704
-50.1126 -31.9017
19.9315 -27.6187
-48.8257 3.29108
7.79542 11.3401
-18.2055 -12.0551
-16.4827 5.34324
-17.0905 17.8232
-13.7375 15.6615
-0.145759 23.0617
-9.74421 -21.478
4.40759 -9.937
-3.6967 -3.90012
-8.70711 0.292893
-12.8652 -3.11113
16.6429 -3.51915
-5.96513 3.61863
-3.6121 4.27647
15.2137 5.11402
6.47687 1.71663
3.08868 1.2059
-4.22466 1.93054
12.4222 1.20537
2.92737 5.64962
4.365 5.34787
6.43786 0.584218
3.83461 -4.14324
-1.21981 0.926109
0.0868528 -4.84307
3.1262 11.6709
-5.34216 -5.42267
1.26927 -1.08052
-1.37779 -7.29598
-2.09101 -2.39388
-1.30745 -0.713014
0.990697 -7.61232
-4.4053 4.34284
4.41661 0.133299
-5 1
-0.966936 9.76485
-2.33532 3.3999
-6.04559 1.74296
-0.0807546 0.821012
0.21892 3.03491
-6.08431 0.127235
-0.797372 -1.73903
-3.55968 0.856081
0.720826 7.96266
10.9292 2.44141
5.34382 1.7126
4.49589 -4.92602
1.86975 -1.71711
-4.73642 -0.384302
3.18706 1.62923
-8.90448 2.65698
-2.62026 1.75304
-5.28077 1.15406
-4.85842 1.25718
-5.08905 -2.87795
-0.326409 -1.84264
-1.05031 2.67376
0.0782857 1.31088
-7.35703 -2.13715
-3.05025 -2.29289
-1.80812 1.22306
0.628294 -0.916216
-2.82308 -0.374253
-5.32326 0.946424
4.1664 -1.48787
-0.069301 3.14503
5.02389 2.95567
3.26071 3.92157
6.82317 12.7374
14.5597 -2.56452
-1.75386 -8.03703
3.86041 -0.0464674
4.18306 -4.6695
8.55942 18.6012
-19.9179 -2.13505
-1.01219 12.4728
2.46541 6.99883
-0.0512161 1.9293
3.53518 3.25678
-3.7876 -4.63835
-5.61253 3.19773
5.79944 3.80254
0.532462 2.55208
-6.90459 4.97174
6 0
0.129377 3.51438
-2.17688 1.56901
6.86213 0.611396
-0.942638 7.37329
-6.89245 5.63658
9.15292 2.65741
4.53827 0.781893
-4.01476 -1.83201
-12.4289 0.392431
0.411868 15.8092
-8.31999 5.63911
-2.88773 5.35012
-3.33415 -15.7573
13.6676 -3.00437
-4.22275 -10.1031
5.14749 0.716223
10.2428 3.34468
4.36027 -13.2649
0.538282 3.48531
2.5418 2.48787
-1.34102 -0.213043
-5.96026 5.22929
2.54768 -6.36329
-6.42191 -6.52016
-7.29289 1.70711
-2.92073 0.166558
-4.07222 -3.92102
2.4799 -2.91978
-0.256454 -1.65746
3.44463 -2.93368
0.298059 0.427754
-4.34253 0.185537
3.20742 -1.44887
-3.02407 3.43742
-1.47562 4.84432
-1.5004 -0.352795
-8.04666 -3.58028
11.1068 -0.228622
0.843859 -4.90725
2.25116 1.50286
9.83065 -3.16947
-1.07054 -1.70099
-1.18075 1.09054
4.10064 4.65641
4.64164 2.4571
0.786929 3.85373
8.81104 1.43528
-3.96451 -8.65537
-3.61884 -7.58616
5 5
3.83526 -1.59193
-1.72415 -7.65808
-2.30709 -5.41406
4.82069 -3.65598
0.13854 -2.9401
2.75112 -5.85093
-4.21644 2.61953
-1.15549 2.77369
5.57708 -9.88192
-6.79506 5.84307
-0.509729 -8.92157
0.388279 7.12012
-2.32793 5.24464
10.1207 4.34504
-6.47976 -1.7441
7.47931 10.2641
-4.34503 13.1763
-1.73321 0.886589
6.06185 15.9758
5.62426 5.05829
0.375949 -3.72129
-9.69118 -0.708453
12.1622 -1.14394
-5.07247 -1.92359
-12.9497 -3.70711
3.50113 -2.53159
3.62135 -26.516
7.89439 1.75543
-6.03377 -22.622
4.55712 -29.6057
-4.87518 -7.88849
-2.5369 -0.183422
2.43951 16.3175
17.9053 -0.984913
5.89008 -8.196
23.9605 -22.8027
-49.9538 3.47554
-9.28449 21.3435
4.31686 -48.1495
-30.5365 -18.0453
-90.3737 37.913
-6.06807 1.99568
97.1694 57.908
-68.7181 18.3955
1.02689 146.862
283.702 523.151
1032.82 -165.157
-449.43 -1481.28
106.413 -1346.13
