18274 22605
-2949.12 -3906.38
2181.07 -807.806
-214.441 -400.225
59.0717 -206.379
412.481 -185.142
-114.634 -177.203
65.6176 -42.8514
33.5722 -72.2605
-28.2002 13.7606
32.6976 -37.0038
-21.2033 -58.7957
-20.4187 25.391
-26.0662 -6.42184
-60.7341 -15.8968
13.6439 17.5576
-30.6223 -6.13685
-30.8463 6.32835
9.28942 28.7159
-15.3552 4.7119
-33.3419 19.3268
10.7271 15.9593
5.97736 2.40423
9.38911 16.2007
20.3545 8.10312
-2.70711 10.364
-3.31756 18.4223
-2.26546 -7.06614
14.9862 11.6701
-3.03946 7.57331
6.09701 -9.33788
6.62217 -7.63026
1.29485 -7.40635
8.80294 -0.185489
-5.08018 -2.36703
0.830944 -2.55623
-13.8494 4.33312
1.12235 -4.91979
-7.18245 3.74224
-2.16903 4.62022
0.653237 -3.78501
0.801166 0.0817329
-11.3515 -7.23378
1.52224 -2.5333
-0.798634 4.97226
-3.30606 1.36271
8.23552 1.51872
-1.92529 2.46023
-2.88255 5.36678
0.460343 0.368485
7 10
0.0449972 5.40022
-8.72512 3.04691
0.303303 4.34467
-5.87012 -2.45679
0.119924 -1.06326
1.90085 2.52242
-7.63963 -3.76025
-2.72326 0.167982
-1.79323 -0.434146
8.87824 -3.68597
-6.84869 -2.13759
2.20071 -0.0295047
0.320423 -1.36799
-0.875466 1.8539
1.31763 0.40419
1.39263 1.85691
0.247674 -6.97756
0.628234 -0.833787
7.03641 3.589
-2.55599 1.13625
0.182934 10.4749
6.07093 -0.387599
-5.95288 -0.998909
-3.56884 5.72433
-2.22183 -0.707107
5.36826 3.71458
-5.84483 -1.2216
-1.71254 6.0943
2.20769 13.2838
14.3573 0.323853
-5.42303 -9.91165
5.21414 -5.58628
-0.209247 -0.72167
9.0684 14.5237
-11.9591 10.7603
0.615851 4.60034
-5.1498 -0.906723
-9.62405 3.77792
1.17954 6.15664
-1.98943 1.55298
-1.01424 2.84444
-0.133866 3.0191
-9.09904 -0.233327
-2.45119 3.41151
-0.955285 -1.88425
1.18946 -4.65643
4.50077 1.24534
0.886755 -4.03848
3.09732 -3.46831
2 -5
-0.802608 -6.17881
6.42543 5.1845
4.90784 4.15093
-2.11197 -0.529728
4.26204 -2.74122
-3.90679 4.87812
-3.79524 -1.07497
4.35395 -1.40631
-2.13794 -2.21739
3.76161 2.7077
2.64709 -2.33609
-0.563677 -3.44224
-1.02577 -3.37589
-11.1289 5.9535
2.09872 10.5938
-0.480292 1.33727
0.776546 1.658
-7.63832 -5.85601
13.2681 -4.7793
-1.03109 -0.851717
-4.37081 -6.26042
11.9176 -1.6371
-0.316618 1.29142
4.68478 -0.166891
-1.29289 -2.36396
1.06906 1.70271
-1.91423 -3.56876
-0.33472 -5.57625
-4.62634 -3.15045
0.555662 2.42521
-1.84531 -2.73067
-6.68108 4.22678
-4.97795 1.21733
4.01901 -1.58859
-2.10138 1.54577
0.618693 -6.48629
-1.08025 0.174873
0.00767039 4.10755
0.238933 -1.53828
7.80867 5.26956
-0.797771 -0.77838
1.03622 1.69448
-4.64956 -0.953404
5.72811 -0.0491588
2.17 4.13356
0.0121935 4.54636
4.07642 1.65696
-8.03303 -2.36077
8.33311 -0.0515387
5 6
-3.94292 5.22676
-3.44884 -4.81793
7.84582 -3.69161
5.92871 -3.18084
-2.6133 0.328849
0.965779 2.71014
3.39185 -4.86475
-4.17962 7.54362
2.27531 -7.11675
-2.97948 -5.68712
12.1051 -6.74061
-11.5758 -12.0552
-15.6427 0.0985363
1.47689 6.12171
6.20931 3.45913
1.29649 -3.5312
1.87746 -6.77184
10.2334 -8.64134
-4.57043 6.69692
16.7361 18.0256
15.1709 -12.8167
-8.39432 -4.27601
-13.8478 9.4467
4.80655 4.08315
-17.7782 0.707107
7.28379 6.10724
31.2055 16.1613
-0.435436 -1.84785
-10.6652 8.73003
-10.345 9.08965
-4.46708 -21.5312
2.48745 16.8664
24.0395 25.7837
-7.45755 -33.0889
-27.1746 -0.236608
15.0202 -2.48271
-21.4759 -15.9345
-50.7382 30.6213
96.926 -31.8673
-67.3026 -35.5061
-123.25 29.5072
84.6744 105.748
31.058 13.7893
-82.656 53.8627
8.97653 235.478
242.648 349.734
964.212 -121.674
-328.767 -1542.28
445.271 -1003.84
