20526 22760
-4026.87 -3330.37
2004.89 -1412.8
-348.596 -219.11
216.654 -114.553
433.595 -337.033
-118.284 -85.9326
145.594 -21.2553
29.2715 -105.565
2.0918 7.31143
2.85046 2.8653
-68.6615 -59.4175
29.4144 12.6777
-21.6475 -16.4167
-1.02874 -39.382
-1.47046 13.2185
2.93192 -31.3863
-32.0153 16.3364
21.0139 12.8983
-9.79728 4.93083
-2.72367 -2.20901
3.1051 -45.0019
-19.6774 0.279131
-0.569103 15.7956
-7.19593 -18.6101
4.65685 5.82843
7.8858 -7.58409
-8.77494 -11.5713
-10.2747 -9.24155
-2.73301 -12.1549
-9.7415 -2.17058
-3.5909 11.4513
9.07226 14.9442
0.955887 -0.0406287
-0.213107 -5.24762
-0.128392 4.28266
-11.6923 -4.14854
-15.1235 0.175137
-4.74074 -8.25099
-5.05971 1.26648
-15.71 -5.45251
-1.61018 -3.9496
-6.5079 9.2602
2.77236 -4.51382
2.04018 6.4959
-1.57009 -1.61137
0.255331 7.46437
-6.35451 -1.05228
0.065046 6.71297
1.77551 5.53553
8 2
1.30982 -3.41125
-1.68114 -0.987273
11.6825 4.14042
-6.1071 -4.76853
0.871458 2.58009
-0.695242 -0.323356
4.85303 2.50686
2.1026 14.0219
9.50538 -8.83602
-0.441332 -10.7223
-6.42458 -5.7867
3.03395 -1.77705
-9.50618 0.316071
-1.06447 1.81869
-0.125972 2.46423
-3.27313 0.406655
-3.66588 -3.88677
2.44755 -0.979016
-8.76943 -1.17255
-4.69619 3.87878
-2.13379 -0.88772
-4.65639 0.496468
1.02269 -2.25365
5.33753 -2.19052
1.44365 0.556349
1.38455 4.85232
-0.94712 -10.1084
-7.82905 -0.359508
0.141665 -1.18324
4.31192 -1.06613
-7.96024 -1.6718
-1.1253 2.62944
6.10163 9.36175
7.45408 -1.40317
3.13183 2.17745
-4.99746 -2.22677
-0.646742 -3.80278
-9.90239 -0.137965
4.16247 6.79616
2.29543 1.1347
3.53989 -8.09218
-8.25529 -4.81435
-1.39022 11.5576
-4.64859 2.74891
-3.81577 2.15194
-17.5551 -13.3054
13.9646 -13.3475
1.49712 -4.50746
3.1865 -9.06357
8 -10
3.07768 6.20991
9.70323 4.14748
-2.36113 -13.7612
2.53037 -1.59579
-4.8025 -2.27587
8.48937 9.21739
-9.95631 4.7854
1.60257 5.4201
4.00359 1.75466
-0.43965 5.41982
11.4414 -1.81556
0.0888272 4.28018
4.14457 -5.03708
-1.05509 -5.16392
-0.979961 -2.47519
8.19762 4.20225
-15.6194 0.755132
-1.03011 9.71995
-2.78232 1.29634
-4.74962 5.53827
10.4311 4.89322
4.06234 -2.15861
-3.69071 -2.6738
2.44972 -15.5696
-6.65685 0.171573
2.76513 12.717
-4.16759 4.51031
-4.78575 5.50264
-2.55253 6.81319
-2.13043 -5.10642
1.62699 -1.47865
-2.40913 -0.0293111
-7.14981 -2.27159
2.7615 4.54486
-3.64409 4.32153
11.864 5.7348
-1.15131 3.01211
8.24483 2.7736
8.51457 -0.40267
-0.996362 0.0698305
1.81138 6.85642
-1.24051 -3.32844
2.40553 2.55245
4.22146 9.10286
7.91234 1.27128
-1.84591 3.73571
11.0688 -7.66115
0.586078 -6.10204
-5.45941 -10.1542
-6 0
5.17829 6.08458
8.76744 0.0615677
-0.212314 -0.775306
7.299 -13.0272
-2.55029 -0.250719
-3.3103 -1.23374
0.956221 -4.60116
-16.413 -4.23537
-10.8624 11.6033
-4.85233 0.980373
-0.513705 2.2056
-11.84 7.56962
-8.83814 -9.60377
-18.8659 12.0742
-8.43883 6.59013
7.50251 20.4423
6.30626 13.7516
11.2846 1.22965
11.278 -0.0329668
13.9845 9.10642
11.6674 17.9866
1.22096 11.7097
15.6082 6.6463
28.4779 5.94235
32.5563 -30.5563
-2.76591 -21.6705
-3.21216 -22.664
-6.56078 -17.6927
-9.35014 -4.35858
-18.8386 22.8615
-9.16884 20.5122
20.0582 12.0047
23.5138 25.9978
34.188 15.2351
2.29831 2.41756
75.4322 19.1248
-18.2746 -58.2599
-41.2581 -6.26079
-14.0726 -17.1071
-34.1227 -17.128
-51.5778 12.5694
54.3359 17.4752
158.571 78.8426
-38.8364 -146.262
-72.2825 46.1712
214.295 557.89
851.107 -117.946
-533.561 -1394.75
-164.657 -1478.16
