17451 21805
-2147.89 -4451.04
1581.34 -1244.89
-297.922 -65.0066
-38.3903 -139.938
-265.279 -442.299
-14.6217 176.378
-58.7284 67.3282
-21.2687 94.9733
150.831 -36.4576
40.3763 -21.0481
18.7046 -23.4696
-37.8467 -28.6353
7.60231 14.8536
-14.1796 16.4375
20.1265 -5.18873
-8.18249 -14.4445
-32.0486 6.88372
-3.794 -32.0985
4.35942 24.573
5.7361 5.76336
-10.9192 -6.86282
3.52784 6.30387
3.8275 -5.86068
0.700188 -1.04794
1.75736 8.82843
3.49842 -1.61668
-11.9244 -0.577223
6.60421 10.7408
2.11618 -3.1351
1.06854 -5.0965
-12.184 -7.93149
-1.33337 5.06997
-7.60543 3.71853
-2.38562 -9.7923
6.22872 -5.5943
1.27475 6.18406
-1.32212 -4.61946
1.90406 9.90561
-3.95225 2.02854
-1.92705 7.13911
-6.21399 -5.43112
-7.468 -10.6579
-4.83673 -3.06921
-6.83586 -0.127498
4.3823 2.52294
-0.841179 3.13596
0.615315 -6.88373
0.768697 -3.26856
-5.46981 4.3626
1 1
3.12454 -10.1371
-4.39787 0.822528
-3.08391 13.439
-1.10584 4.0949
0.466472 7.23449
17.8642 -1.48968
2.626 0.449825
-2.20305 -2.8855
11.6675 13.1557
-16.118 6.85317
9.61215 -1.94805
-3.67033 9.01862
-1.46806 9.12453
0.371821 -1.99769
4.28846 4.46075
-2.26529 -5.3625
-12.1632 -3.80872
-7.72294 0.862317
-3.0964 2.49024
0.897022 2.74898
0.870826 -2.69733
2.50725 1.81423
-3.20786 -4.19345
1.45474 3.67235
-7.65685 -1.07107
-5.29512 5.40206
0.138891 -1.42331
3.30451 5.52285
-0.0340149 -1.34852
1.42705 -3.67796
-2.41592 0.652107
2.18669 -1.24802
3.35479 0.348143
3.27543 -0.659025
1.53958 7.19359
-7.85013 -0.476631
-6.80932 3.20961
1.21927 3.83984
7.11371 1.02075
0.36638 -4.31259
1.88765 -2.84447
-3.61969 6.17615
-0.542155 -0.283808
-0.493238 3.47158
-8.63469 2.12864
-7.53861 -4.91805
-3.50076 -6.4196
3.71061 1.34373
1.71173 0.756378
-3 -1
4.06784 -3.52015
-0.0315415 0.824636
3.61075 5.47672
0.628203 -1.3545
8.28423 -0.200487
-0.941568 -5.97252
3.99497 0.440458
-4.77531 2.11427
-6.04273 1.22159
8.99858 4.40728
-1.10155 -5.01349
8.26932 -1.3345
1.67529 -7.26789
-7.8687 -7.03868
2.0185 -2.93111
-0.106631 2.23785
-2.65902 -8.14464
0.432765 0.245231
-5.39014 -1.39278
1.42705 -2.50238
3.92079 -3.45928
-2.41504 4.59554
0.333165 0.469361
-4.17934 1.96184
10.2426 3.17157
-1.53344 5.79511
7.48427 -1.54672
3.32317 -1.90039
1.1742 -3.84929
3.8512 0.394289
-6.28479 3.72266
-2.66099 2.13882
0.866225 -2.77401
7.45659 -0.854816
4.02954 -0.174402
4.03095 0.826297
9.62327 6.39817
5.0837 8.06607
3.05802 -8.47109
-10.8607 1.14683
-7.48629 7.43123
-4.94048 -7.39823
-14.928 -16.1717
9.60654 -4.23707
-2.42732 9.31432
5.77295 -13.1366
-6.49857 -17.3181
-3.36326 -1.55922
-6.31327 2.5166
7 11
1.87619 0.451989
9.45107 4.99658
1.96863 -7.26654
1.30678 6.67348
-3.3107 5.61189
6.00891 -0.37474
7.8651 -6.44285
-8.41534 -15.7964
-2.58356 -8.60313
-1.92705 9.04123
9.7962 9.49848
8.51342 0.106572
1.22199 -15.7053
7.47556 -7.09361
-6.094 14.3502
13.0053 13.0025
2.20399 1.77609
-0.265748 -9.05506
-1.36404 0.893183
-5.59385 18.9664
-2.09194 -0.654977
0.100968 -11.0408
0.523253 -7.44007
-10.0999 6.27044
3.65685 13.0711
5.98779 10.9587
12.9383 4.05596
0.0291794 1.12089
-1.24859 -10.0722
14.2426 2.23664
19.533 16.4217
-10.0305 -22.2627
-11.7923 14.292
-12.2882 -1.28752
-26.6946 -27.342
25.7057 26.9275
-12.1999 4.3847
-11.6953 -21.103
61.1465 -11.3802
22.0359 -38.0598
-76.1907 -7.34611
-13.8513 8.85645
61.4472 -51.4158
-49.2619 37.1958
93.0757 6.91352
-233.85 -343.109
-505.402 608.469
1508.18 -38.6177
1216.42 -95.6076
