18771 21810
-2049.38 -5082.22
2679.36 -660.215
-378.384 -400.358
80.2131 -118.705
374.744 -315.992
-196.981 -40.3886
71.9715 -66.5199
-71.7949 -89.5112
-32.1735 33.3402
-34.0996 -42.2458
-82.0495 -24.6164
7.00332 23.9076
-0.854905 12.2733
14.4328 -24.9073
9.78945 -14.2429
-29.4219 39.8052
20.8121 7.42377
7.85065 11.4841
19.7556 33.8077
-11.191 2.54946
-10.8681 -7.05887
1.88708 -3.59463
-1.91201 1.4151
-10.1547 9.77024
8.70711 -13.1924
-6.89844 2.5295
-1.17058 -19.1298
6.94486 7.48107
6.19105 8.80403
-5.11211 -8.12605
-0.343817 -0.423181
5.23595 -0.174382
-3.01576 8.416
0.979196 2.03026
-3.49487 2.27144
-4.85683 3.609
-17.8258 -4.63764
-15.392 1.02075
-13.142 3.48768
1.48281 0.626107
9.52954 1.40097
1.29371 3.35946
-0.386901 3.68553
1.32972 -6.92835
4.73883 -0.219263
-1.62811 4.2341
-0.380676 -11.0773
1.88522 -2.24483
6.30979 6.77769
4 5
-1.23669 -1.26007
7.78851 -1.12756
-3.8685 -6.21414
-2.96754 -5.31488
-2.94696 -0.800281
-2.1209 3.08792
-5.98349 2.57975
-1.9725 3.45855
0.801715 -1.20352
5.07293 -3.27195
-3.04137 -5.20075
-6.31483 2.73406
-2.97298 10.7218
-2.66189 0.0288932
3.85435 -1.18896
3.6458 -1.70145
1.65649 -3.94594
5.72949 -1.58287
4.14797 -4.82167
4.29245 -0.346085
-1.04024 3.32194
-1.07243 -0.620179
-3.54533 5.72991
-0.0275788 5.09893
5.53553 -2.12132
-1.55535 -0.534619
2.48454 -4.11133
-6.88213 0.603819
-3.22724 0.781505
3.89259 -4.41013
-0.196678 -2.57956
-0.888164 -7.44939
-1.33823 5.61347
4.15027 2.9214
-5.29719 -6.56559
-6.86937 2.25212
0.914558 -5.18062
-1.51337 -0.98305
-1.56355 -7.29594
-8.02503 -4.58704
9.18601 -1.38471
-6.24721 -1.58449
-6.83966 8.77405
-1.52057 7.31622
0.128173 -0.286311
-3.67023 -14.5413
16.4356 -4.45128
-3.42276 5.3255
1.49475 5.22095
11 -8
-7.96064 1.66793
3.88981 5.26872
-2.07251 -8.76252
1.68942 1.66851
-2.97786 2.67073
1.01735 22.3264
-14.976 1.43978
7.33175 3.04037
-1.07062 1.06992
-3.98172 4.40357
3.49327 6.90822
2.91635 3.56385
9.76853 0.926886
2.3437 0.215216
-0.471398 -3.3208
11.2961 10.1901
-6.05291 -8.41223
-0.0379719 0.177154
-2.23955 3.08391
-1.36472 7.17406
2.49209 -4.72866
-8.90744 -1.46737
5.91947 0.900477
1.71222 -0.685544
7.29289 5.19239
1.14262 7.01302
0.850443 1.22694
-1.75981 -2.09775
1.27317 -7.79785
-0.766181 0.595994
0.70559 -0.606692
-4.51356 9.32503
-3.32894 -7.09511
-4.68084 2.90975
-0.183866 8.45948
0.613081 0.805625
-8.8977 -4.50129
-3.07391 -2.90172
-5.17046 -1.22477
-0.184384 4.50802
5.53121 6.16858
0.945702 13.478
0.846188 2.34986
13.8694 -2.07197
7.79639 -3.45646
-0.267444 6.26703
2.56656 -7.66287
-0.53177 3.80928
-2.60611 -0.7295
-6 -7
10.1936 -2.79408
5.37027 9.90175
-1.85193 4.0248
-5.83377 -4.39446
0.599664 -8.18474
-15.9324 2.52806
-18.7395 -6.60811
-4.9944 4.96897
9.32556 7.19356
9.98932 6.60996
2.21257 0.169431
7.16759 -0.43573
1.85516 0.422326
7.31412 -4.45328
5.90427 12.6275
14.1407 10.2529
5.38529 -0.688187
9.13808 1.16721
0.966197 5.62629
-1.10921 6.23682
-7.39635 -6.15615
-6.58907 2.50732
-12.8577 -1.81793
2.09489 21.1663
-1.53553 2.12132
13.6122 -0.204886
11.2791 0.950942
11.8766 -8.19951
-1.02768 -7.69458
-19.6975 -5.78553
17.1577 16.897
20.3796 19.871
-3.71232 -5.70324
-7.48404 -3.62692
-4.76328 0.123963
5.52727 1.86591
-6.59445 -10.9762
-19.6621 -41.3988
-55.6698 -1.09823
-19.1986 -3.93143
13.03 -51.7099
-7.67584 26.2772
-78.0739 78.8907
50.2338 57.804
52.5798 56.1042
-365.925 317.681
819.679 779.469
919.356 -1614.06
710.822 -1192.5
