19585 23366
-2501.44 -4468.71
2005.12 -608.714
-610.27 -402.989
25.3985 -203.878
217.694 -379.731
-240.035 -109.839
53.5252 23.6223
-53.3983 -101.849
-29.2347 67.8146
-53.7905 73.7275
-17.0343 28.5592
16.0623 81.6697
-12.9011 -0.205871
10.2346 -2.88853
38.8593 -9.96023
11.8068 -10.3155
-18.8297 3.24858
-3.79484 -33.4608
-18.2924 -0.727255
-0.371864 -29.2689
8.76697 -31.2499
16.5034 -18.8714
-1.23927 2.69385
2.15439 15.5285
4.77817 14.435
-3.0382 18.2567
-7.81986 -1.4061
-0.590863 -2.5
0.851478 -2.52359
0.448596 -8.70727
9.41209 -2.42539
2.46033 9.82111
0.652767 11.3435
-4.74856 7.84583
1.46947 -4.12497
-1.39209 -3.64575
-6.20584 0.402791
0.214013 1.62679
-2.71314 0.886342
0.822401 3.6349
5.49026 7.44361
-5.6888 3.11495
8.27518 -7.84603
9.57747 0.298832
4.81521 11.249
-2.18954 2.8894
-4.48817 2.68417
-0.612114 3.0749
-5.81845 3.51429
-14 5
-3.35852 -1.21108
-2.73626 4.08761
-4.90139 2.10491
-1.4502 -2.27199
-0.378471 12.0702
1.81195 -7.00642
-4.09866 -7.64519
9.96318 -1.92712
-1.35465 -1.08294
0.10648 -1.07665
-1.97287 -5.32873
-4.43749 -6.85448
-1.17543 3.50243
2.77603 -8.45336
0.925009 0.884388
6.05743 1.36686
3.95045 -1.02181
0.821682 -0.885322
-5.1397 5.9178
-1.13551 -3.00093
-3.31307 2.3709
-8.39637 6.50853
5.55415 7.83296
7.68869 -9.14372
2.29289 -2.63604
2.1907 2.11656
12.1991 14.4034
-17.4246 3.28728
7.10411 3.80432
-1.16547 1.57144
-1.27484 11.8392
6.42102 2.12057
-4.5026 0.888327
5.45589 5.91765
-5.42655 -0.690302
3.60172 -4.00831
-1.31887 -2.56539
1.23443 0.748723
4.54348 -1.4408
-0.188261 -2.42254
-1.78515 8.22958
-3.52038 5.31728
4.601 3.1772
1.28917 0.0688225
-1.25221 3.31706
5.13011 0.067826
0.920926 5.45081
-6.79129 4.97587
11.9241 -1.31506
1 0
-3.2706 2.16753
0.985968 -0.335186
-8.09202 5.31575
-7.49446 6.85629
0.0454605 -6.55492
1.99925 9.60291
1.21122 -1.32104
3.72656 -2.61635
0.182619 -5.70756
-1.21089 -0.909254
0.943346 2.71107
-1.37486 -2.04735
-4.49158 1.60811
1.73909 1.25426
-4.93309 1.96794
2.71021 3.73408
-2.42879 -6.63316
-0.389771 -0.624343
-1.73537 2.20121
6.16547 -7.66161
-4.10748 -7.9722
-3.28509 10.8999
1.19597 5.63564
-0.442152 -1.98194
-10.7782 -12.435
10.3158 -3.44708
-8.28955 -0.526972
1.9462 -1.57537
4.93201 -8.78741
-0.0899327 -2.09787
1.96643 -4.91833
-2.44898 -1.8608
-2.27627 4.78785
-4.52858 5.43513
-1.43826 -0.0630866
0.815722 2.07976
-1.44425 4.60657
3.37588 5.23121
-0.734509 -0.0843465
-0.342548 3.11109
-2.26761 -8.40059
2.41473 -6.25686
-4.73427 -3.65584
3.3297 -2.36667
3.42942 -2.61238
8.17002 5.75086
3.94459 2.67445
4.66718 2.84567
-2.09233 -3.29204
-4 5
-2.3292 5.06988
11.3645 -1.51777
-2.48248 -6.73691
13.2385 -7.39781
-5.98283 -8.15561
4.90169 9.77186
1.45345 1.65412
-10.8966 2.43482
1.10344 2.67437
4.1776 1.45527
6.06832 4.19602
-11.2499 0.492585
-9.98162 2.51717
-2.10744 7.27279
-7.30919 -9.31143
3.22182 -2.59929
10.6856 -11.5801
10.7319 -8.90877
8.3174 6.46358
-6.93135 10.7929
-3.09803 20.8397
-11.8034 -0.740362
-5.1668 -2.99361
9.58121 -14.6011
3.70711 -15.364
0.593908 -7.22655
-4.40943 -8.51589
-5.92838 13.0369
-0.150004 10.9827
4.60793 2.23447
-8.6262 -6.19525
-12.0776 -11.6377
-10.0505 2.14687
2.61685 -21.3524
-8.17301 -15.2333
-11.7847 28.3451
26.3374 -14.8172
9.70765 -59.9323
41.7479 10.2304
60.8978 2.61746
36.7573 -36.2185
-7.49676 -37.0665
-49.5852 113.462
-32.4619 -11.6512
-52.3439 2.94868
-390.178 530.009
628.186 638.667
430.067 -1301.51
519.524 -1174.3
