20053 23355
-1228.7 -5129.57
1607.86 144.724
-45.9587 -568.291
-89.8151 -365.112
251.964 39.752
-53.4198 -187.375
-102.732 -69.2712
70.4878 31.6014
-31.1215 -50.81
-66.246 37.6773
-20.1389 67.379
9.79125 36.6625
-31.4902 37.28
11.0478 17.3897
-11.2462 0.30042
-1.30056 24.0417
27.6912 -13.2707
-2.70551 -1.24206
-1.71616 -7.0504
23.9389 -1.42461
-7.87337 3.92136
0.1163 -3.6896
1.38309 -4.14869
-6.0531 -5.55108
1.24264 -3.24264
-15.9568 -7.489
-5.73401 4.91025
-12.2381 1.70337
-9.4475 -2.4235
6.99228 9.58721
-4.05733 1.59244
-0.678 -5.34645
5.9176 11.4749
-8.14643 -2.02751
-0.386268 -5.31366
3.52579 1.54956
-5.30995 7.35804
5.30004 10.258
4.93811 -11.2413
3.03347 7.10929
-0.597724 5.07506
7.17635 22.2436
-11.7882 -0.740989
2.83845 5.28756
4.03004 1.47657
-4.85231 0.394348
-4.2002 -2.73487
8.713 7.4952
3.13365 -1.44179
-1 -1
2.64439 -5.86981
5.96882 2.7244
-8.98223 -2.5681
-5.62597 -0.602996
-9.88933 -2.96388
0.048958 6.28159
0.0770482 -10.938
-4.74093 1.05769
2.46484 0.174537
-2.36929 1.12846
-6.56776 2.5826
1.37629 3.57796
-1.93349 0.0111149
-3.35268 0.494776
2.00196 4.34499
-0.13293 -0.562761
1.41541 1.60841
2.9709 5.03494
2.77867 -2.7789
3.18806 4.88493
0.967315 -1.26077
5.53529 -2.75655
4.84587 4.15874
-5.04373 -0.185807
0.656854 6.65685
1.78162 -1.83572
3.86558 1.03164
-1.94633 -12.1676
-3.71186 -0.950418
-8.29235 3.21602
-5.24078 -5.54932
-0.440436 3.10154
-0.786001 -11.6428
3.1606 3.03281
-2.70879 -7.05741
2.90266 -0.558826
2.47387 -1.04317
1.82038 1.71529
-0.428822 -3.8999
-3.23927 5.44735
0.446049 -2.89935
-3.73761 -0.900127
-1.1441 5.13568
2.80087 -1.82588
3.96499 0.384277
1.01971 2.28708
-2.54679 -3.78846
-1.09314 5.18902
2.40258 5.22971
-1 -3
4.23778 8.75107
-8.62162 -1.01284
-4.08256 1.39898
3.25666 4.85523
0.871006 2.54218
2.3422 -2.67067
5.64069 1.13759
-2.53676 3.82813
-1.25667 -1.38355
-4.9146 -1.04029
0.868021 1.44666
-0.367886 -1.57369
-0.241852 -5.53102
-2.47903 1.44871
11.4355 1.33846
-3.32757 -4.51631
4.50441 -2.46302
5.75995 1.38994
2.59456 13.6845
-6.56175 -0.653716
-1.55425 -2.06134
3.12828 -2.53729
2.85416 -0.165756
0.570598 11.8532
-7.24264 5.24264
-7.65394 -1.43026
3.58269 10.8475
-2.93035 1.71663
-1.9771 0.965086
3.5549 1.99272
3.49917 -6.43277
-3.44248 3.96672
1.41603 0.869024
0.691073 -1.53756
-2.06853 4.25837
-2.02291 -1.958
-1.04826 1.0863
-0.280773 -1.08676
3.93166 -3.84621
-3.37335 -0.218627
2.01796 0.665555
6.13295 5.50341
6.15702 0.5738
-1.06588 0.0117425
1.4798 1.53424
-0.759044 -1.32197
-1.80003 -4.21523
3.82818 7.90657
5.68343 -0.674713
-3 5
12.0055 -5.23185
-1.04854 -6.15903
1.8846 0.120122
5.19103 -9.49271
0.441505 1.7327
-7.64068 0.805918
-8.13315 8.89601
-7.63676 4.66029
-10.4156 1.22039
-11.1794 -24.6716
15.1474 -2.21044
-2.51631 2.6583
3.59504 -6.64758
15.2415 9.46556
-5.22743 -6.73609
-0.440689 -6.94163
2.33157 -0.484248
-6.52231 -1.74414
0.444176 4.2627
11.9304 0.882665
6.17709 7.50804
2.54697 10.2706
-3.96336 -7.89803
15.6649 5.9482
-10.6569 -4.65685
-5.02543 -10.5588
5.49906 5.00365
-2.85912 -11.1238
7.88573 -11.0903
12.8037 13.5148
13.4738 6.13257
8.37097 7.24827
3.59119 -5.66446
-9.0458 23.9155
-26.4102 -7.85644
7.31167 7.73723
1.35072 11.3002
-23.4298 4.08155
57.2424 -23.1761
-7.26574 6.56816
-30.3005 -48.163
-31.4683 41.2317
-23.7052 74.2104
-55.8524 -68.4192
-162.252 28.2633
-36.0566 504.191
651.471 353.459
310.034 -1489.23
1194.16 -480.937
