18431 22269
-1132.55 -4887.98
1929.16 -284.535
-237.088 -489.196
-123.389 -184.77
310.318 -270.781
-205.059 -61.9958
-29.367 -12.2968
56.347 -68.9437
-101.759 96.2882
-14.8615 73.0748
8.03503 44.4625
-11.0704 42.2382
28.2379 -6.80599
12.6402 -8.80541
31.3499 6.28464
2.88243 -4.98838
-39.2456 -0.604274
16.4445 -13.3005
-11.5906 -17.387
-12.8608 8.73128
-1.75349 -20.1501
-4.08814 17.1557
9.41084 6.58504
-14.4375 6.29625
-1.12132 6.70711
-7.19261 5.03648
-0.259244 5.66204
4.1355 -1.68568
1.2049 -4.7991
-1.10207 -7.84084
3.58993 -4.35808
-5.60914 -3.35923
2.74061 8.51349
2.06079 0.797862
0.735997 -3.18622
-1.39704 5.38698
-4.22656 -1.70252
-1.703 -0.00364434
-3.82047 2.25947
-4.71534 -3.77819
-8.3292 -9.198
-5.95545 7.73293
9.83384 9.31577
4.91227 -14.9332
-2.6714 3.25817
-6.34297 1.58468
2.77213 21.4207
-26.815 7.97422
7.56395 6.41301
0 10
-6.63919 5.43775
13.7783 3.89509
3.24644 0.920864
-5.88008 -4.32955
7.55612 1.69268
1.85155 -4.25831
-2.90784 2.53451
3.75149 -0.378911
-3.13022 -0.401469
-1.01712 -0.778192
-6.98724 -1.03998
-2.47044 2.8573
-0.312485 -3.7526
7.50635 -0.0116916
-2.94886 3.26941
-1.58572 2.09182
0.457948 -0.446824
-0.0272868 -2.67214
-5.79783 2.7612
-0.481525 -2.06899
2.32645 -4.93939
4.27475 -0.702335
-0.205744 4.87792
-0.968049 -2.11692
-3.36396 -0.12132
0.946951 2.77938
2.35364 2.0689
0.21341 -2.90821
-2.49132 -4.35443
5.88284 5.73128
2.59395 -1.55916
2.2905 -1.80449
-2.88294 -0.362277
-0.259702 1.44976
3.78088 7.64561
-3.87706 -2.73126
2.53193 1.54748
6.02565 -2.32666
0.00684557 0.283739
-3.55487 4.08422
-2.91182 -2.98617
-6.43031 -2.67783
1.77332 -5.5575
6.19287 -1.48883
-7.58624 -7.22577
1.59809 -1.42814
9.62591 0.252297
-8.15788 0.952172
4.11886 1.4991
1 -3
-7.39362 -2.05445
3.87144 4.15361
-3.77426 -2.47683
-1.51376 2.35713
6.20737 5.97142
5.53361 -10.0597
1.57089 4.39321
-0.858282 -1.91064
-4.78878 10.026
-5.19967 4.75758
-0.125772 -1.55532
4.12759 -1.8486
-4.11758 8.12042
1.44832 5.77929
4.8379 4.15347
-3.22438 -7.22633
1.26307 1.41639
1.8987 3.27271
-0.847093 -5.70189
-2.17464 -1.87718
-3.26623 6.57136
-4.23566 2.03651
-0.877895 1.24209
-0.945181 -0.129755
3.12132 5.29289
-8.24776 -1.57014
-3.70994 2.75868
8.63502 -0.290135
4.94744 8.61896
-2.81246 2.31612
2.83455 -4.89463
-0.896874 -1.72975
-0.20504 -5.89796
-2.94734 0.200913
3.05993 12.3023
3.04516 -3.2524
6.44928 -3.92029
-0.00974945 -4.03302
0.288575 9.67508
-8.69108 3.92409
0.790701 7.97523
0.867899 3.6528
-3.01995 4.59754
1.92292 -0.85536
0.490114 3.74772
-4.79954 -2.24037
4.41396 -0.579817
4.3717 2.22643
4.91171 1.53179
0 -4
-11.3008 -3.6369
6.77767 13.6362
-8.4171 1.61304
-0.104547 0.553613
-0.649442 -26.2601
28.4644 -3.13547
1.49146 -1.62811
-4.63023 -0.748736
3.32978 -0.0900668
-4.99286 0.92409
9.30032 1.87246
3.60045 2.87749
-2.72431 -7.42123
-2.73247 -2.15042
0.407757 -2.08859
3.6755 -5.24994
0.599709 4.3747
1.44775 -6.44462
5.98383 0.969068
11.2289 5.52483
-22.6182 -8.8493
7.11865 7.40257
-1.32521 -9.62938
-10.1792 1.04163
9.36396 4.12132
-1.05715 -0.19652
17.2746 -13.4652
11.5295 1.56769
-20.6892 9.57739
16.569 1.12282
12.0305 -1.73375
-7.13435 13.8168
-1.56722 7.54482
0.841261 -2.03139
22.4158 -43.023
-9.18262 53.7791
-20.9921 2.36848
23.2071 -37.8978
-6.97403 41.9251
-23.2167 -25.8477
83.2556 -23.212
-7.85059 -24.3263
-80.6831 -23.1662
51.3713 15.2642
-205.304 -91.761
-405.704 310.54
357.141 665.341
788.2 -1197.9
1313.37 -345.823
