20748 23679
-1445.37 -4993.96
1663.14 252.89
-298.899 -729.782
26.0197 -236.447
290.78 -35.3496
10.0817 -319.912
-21.107 -44.5797
55.2372 1.00839
-43.7978 -71.999
-77.2258 24.3167
-26.7519 16.9514
-78.28 -18.8198
-10.0508 -14.9059
8.7412 31.7492
-24.2116 -12.6719
6.37368 32.0427
11.9965 14.4611
-36.116 6.50702
-1.75575 14.9694
9.28486 -9.37045
-1.50229 7.57046
17.601 11.2713
11.0026 -2.202
-5.72624 -1.24197
4.87868 -16.7782
-8.98803 -1.65139
0.541703 -3.27769
10.2748 8.05652
-10.905 -5.28039
-12.1844 7.10079
-0.26044 -12.9963
6.21247 -13.4001
6.01685 1.32543
4.01809 6.71291
-3.29799 7.38098
-0.155224 4.93981
0.77827 1.26537
-14.2737 2.88887
-3.86432 4.36117
3.86707 -6.62225
6.9199 -3.16671
3.28498 2.88262
4.96477 3.98866
-7.65344 2.99907
1.42485 -8.73087
-1.10854 2.4601
-5.64486 -6.17645
5.87676 -5.4711
-2.79778 6.27846
-7 10
3.4493 -2.53536
8.20859 -3.06744
-6.68996 -0.925007
3.98622 1.64059
4.26957 1.25404
-1.72202 4.04484
-12.4146 -3.58841
4.97437 6.79925
-4.5393 -6.07065
2.2484 -0.962056
-3.19178 3.27549
10.6271 3.98896
3.22911 -6.92315
1.34676 3.2722
-1.87654 2.02295
4.80584 14.5605
-6.52797 -6.99258
4.80486 5.52385
4.21433 1.66021
-10.1763 1.84348
2.06436 19.9167
-10.346 -0.274287
-0.665793 2.2412
-2.68544 2.07258
-3.70711 -0.150758
-0.219068 1.06259
1.60852 0.0476318
-5.19604 -2.42762
1.79357 -2.02523
3.50271 4.36743
5.44461 3.21528
1.1579 0.240224
5.04137 0.282354
1.00934 -3.50511
-0.49648 1.03181
2.30394 -4.80149
2.72763 -3.20168
2.29293 1.83917
3.89475 2.41578
-4.25947 9.09975
2.23243 5.10826
-1.08811 -1.90466
4.19222 1.28458
5.5309 -2.03652
2.1958 3.87229
2.18766 -0.544312
-7.4221 4.07975
-8.73783 3.89237
4.44134 -4.16971
6 -1
0.366728 1.95686
5.40475 7.0308
0.471792 0.91695
1.24243 -0.82286
-6.74508 0.974782
-6.82636 6.28019
1.56731 -8.84088
-6.96136 -2.07053
-2.21054 3.42395
0.0451762 -0.218882
-2.89642 4.05704
4.69127 5.13864
-3.09171 -0.642689
1.29992 2.28494
3.03653 2.23611
-6.07257 2.72492
-6.82327 5.00072
-7.25365 1.78326
-2.51949 -0.418776
-1.6486 -6.04119
2.82742 2.89505
7.85382 4.55671
2.29334 -3.95324
1.11434 -1.33984
9.12132 -1.22183
-2.49075 -4.87756
-3.12893 -9.22787
4.31573 0.472319
4.31853 1.64626
-1.99607 -1.41049
-3.22134 -8.82891
-9.52154 8.14757
-0.552657 8.44549
-5.97568 5.55594
4.18125 4.11053
-1.1008 -25.6358
20.124 1.73839
-8.64088 -4.64739
-5.89608 -6.648
2.31391 -1.23957
12.3527 -10.2371
-11.9697 -0.365196
10.409 3.01943
3.61589 -6.24777
-7.11577 1.32863
-0.496709 3.21596
-8.22036 -2.78738
1.8638 4.23385
-2.04075 3.64911
5 0
0.908398 -6.10406
-3.24301 17.7583
1.95919 1.03503
1.24729 -6.41938
0.975143 -3.81513
-0.809707 5.40779
-2.04962 -4.86664
0.434797 7.27102
-3.82902 -1.31704
-8.72118 -10.704
10.3692 8.92834
5.03878 -11.7443
5.34117 -0.684595
4.14418 13.7698
-12.3377 8.05731
-1.80299 -10.3385
3.90559 -10.0954
-11.7755 7.10826
13.005 4.0092
5.48136 7.99408
6.49936 -5.69711
-4.19224 1.03116
-13.1701 13.5682
0.906175 4.29891
-2.29289 -29.8492
0.980491 1.07408
13.772 12.8491
29.66 0.42717
8.08268 5.86822
-24.8472 -17.4279
-16.8362 12.68
5.83602 -10.2134
12.4805 -25.7196
0.892314 2.87859
2.36629 18.665
11.948 -3.89949
20.8798 -13.7633
-12.3631 15.8857
-23.9952 -44.6046
22.3155 -8.72539
-44.3556 -2.36531
-56.352 17.0008
46.3242 114.795
-30.9383 15.0398
-41.1487 17.6331
174.877 473.372
815.095 188.434
-126.383 -1524.97
639.091 -882.056
