18043 20666
-2509.41 -4871.92
2389.25 -938.153
-567.272 -489.135
87.441 -274.34
307.804 -359.572
-241.285 -74.9924
5.23473 -99.4751
-17.0227 -95.815
-54.2464 106.468
-7.30458 -5.06967
-39.8783 33.1704
7.52795 66.2737
-11.7406 17.0106
-10.774 53.4306
27.8322 -5.03495
4.96094 2.24623
-22.4731 4.97723
38.1749 -18.8429
-12.7312 -21.8337
-7.10549 -18.4988
-1.76853 1.9265
10.5496 7.24471
-7.62602 1.03299
1.26967 3.85949
6.82843 -5.24264
-9.28922 -3.56346
0.801952 1.38502
-7.0611 5.51905
-3.67913 -2.26665
12.1876 12.6324
6.20511 -2.78581
-2.21365 0.456741
-4.59156 -3.52334
6.46382 -4.32882
-0.500166 -2.82653
-7.27128 -6.9371
4.36841 -0.761714
0.525391 -7.6093
-5.53207 -4.63745
3.96917 9.5392
-3.07672 -1.69362
-7.23923 -3.06251
9.06316 -1.23137
-0.162812 4.81082
-7.57619 4.61016
-2.85225 8.81784
8.0833 -2.67081
3.7625 0.674025
-10.978 10.5169
1 -2
0.800512 2.87058
-4.96983 -12.504
4.35331 1.90638
4.55056 0.813688
-7.73922 0.638015
9.9877 -0.407322
-7.2358 -3.78083
3.44096 -0.589903
-2.12905 -0.749141
-2.95605 -0.991571
1.90019 2.99804
1.3173 3.04178
-0.852982 3.44642
-3.39737 3.7648
0.0553582 5.36281
-4.81772 -4.31487
4.3388 -3.39376
-0.154677 2.74209
2.9448 -11.0518
0.0484236 6.43651
5.12267 -6.30248
3.16631 -4.50918
-7.0784 0.104269
-2.20945 1.85841
6.72792 1
-4.53058 1.8686
-5.10126 7.68681
-5.49581 7.42688
3.99083 -1.08337
-4.42226 -7.06997
0.350431 -0.506577
-3.84096 2.53065
2.93172 4.67137
4.4134 0.222859
-3.15656 -4.87706
-5.56305 -2.93397
-0.654744 0.464902
5.77648 -0.21673
5.20729 -4.82669
-1.87576 -6.69427
-8.13545 10.6663
-3.65545 7.02976
1.95251 -5.99376
-15.703 -14.2843
17.0181 -7.479
-5.72597 -6.65266
-3.15699 -4.28014
6.99385 -8.27591
-2.49613 -2.89098
-3 0
2.441 0.473335
-2.46008 7.13709
-2.66984 10.0889
4.27127 13.0715
6.75292 -12.564
2.08365 -2.93543
-2.49977 3.97432
10.6163 8.45942
-21.7245 3.3654
8.94752 7.35241
4.65649 0.266137
-2.31007 5.17339
4.98534 -5.26811
-5.2999 2.44896
1.2782 6.01841
0.705758 -1.91706
8.78714 -1.62114
2.16504 3.90414
-2.98362 -1.57396
3.18619 2.88963
3.21402 4.48509
-3.10825 3.78922
-8.87929 6.95951
4.42782 2.28969
1.17157 3.24264
-1.18936 2.3883
3.89049 1.93679
0.859986 -1.65674
2.02535 -0.284211
4.32479 -4.67708
-0.617248 4.23031
0.720621 5.9381
-2.06901 -3.04049
-0.420901 -0.231449
-1.45928 -0.337267
-1.44995 2.2138
-4.45063 -1.65277
-1.05836 5.14615
5.58361 -2.02226
-4.75216 7.17191
-0.0581699 -0.83435
-0.740413 2.65412
3.27701 -0.960635
5.31284 2.58393
-7.21971 0.820533
8.37097 3.90504
2.01827 -0.672474
5.21457 3.95034
1.35003 3.83892
-5 0
-4.81663 -7.44874
2.29858 3.0822
-1.4999 2.56744
-5.21501 6.32163
-2.14741 -2.40955
2.13351 -8.27705
4.59152 13.9063
2.14069 5.16432
-1.31713 -3.34512
-0.733107 8.64114
3.50393 2.33448
5.55193 3.83319
3.12648 4.38513
3.255 -3.68744
2.32086 1.03259
1.27963 -2.33314
-12.002 -13.7276
-8.57518 4.53695
4.01961 -2.28284
8.85555 -11.559
-1.88494 -2.27848
-11.8488 -8.83018
16.604 12.703
-11.0922 -1.42015
-18.7279 1
14.6309 22.7998
-6.47696 -15.7891
3.12989 8.59984
-4.49475 27.4133
12.8137 2.31845
10.4332 16.4389
-2.51657 16.5043
13.7549 -14.0859
-6.31903 -9.48769
-16.9805 -32.8133
25.8953 13.0253
-19.6058 -1.40266
-14.3076 -33.7505
59.9432 51.0037
-1.18359 -46.4213
40.1154 -61.9346
-29.2833 -0.717475
-97.6119 72.8567
22.7212 37.6084
-172.282 29.4309
-242.494 476.139
795.452 653.815
337.564 -1719.72
886.084 -1241.32
