21009 21961
-4066.04 -2972.34
1982.74 -1996.39
-349.916 -265.423
71.0978 -309.919
178.001 -586.661
-172.558 -3.14205
83.8361 -61.1378
-13.0333 -80.4081
15.9216 68.537
9.60938 -34.0152
-78.0327 2.8023
17.5897 58.8289
17.1919 -2.24082
-6.06712 25.4067
11.0357 -16.2348
-10.9379 -22.3364
-4.56944 -0.0805145
-1.26526 -36.8354
-12.9894 -6.26558
-9.01005 -8.75311
5.75397 -14.1794
-19.0186 9.10082
-10.6834 -15.8663
-16.9598 14.6117
-4.12132 31.0208
2.15394 18.2964
1.50108 1.90283
21.6067 2.66008
14.0243 5.0965
0.50418 11.6932
-0.361116 -0.72284
15.0204 11.6461
0.994493 -4.35108
16.0045 -3.2842
-2.96789 -10.5891
5.30859 -13.9972
-5.25016 -1.06665
5.36338 2.55882
6.55462 -1.43008
-1.52223 -0.866554
2.39769 -0.0339379
-4.8428 1.50028
1.66684 -1.13615
4.58393 0.814017
0.261898 -5.45212
-2.46854 5.48825
1.32638 -1.30625
-0.19905 9.2431
-2.96476 2.5835
4 2
10.5063 -3.7267
1.30237 4.59848
-0.629585 1.58876
-0.841482 -4.96054
-4.18508 0.223896
4.5073 0.455301
1.10729 -1.39337
-0.017958 5.68121
-4.32099 8.24012
-0.981882 -3.02534
13.3539 2.40434
-2.04967 -12.3974
-9.1621 -1.02109
-0.80756 4.74011
-0.938714 -1.40279
-1.98547 1.2898
2.89484 3.33157
-0.149485 1.24468
-0.902075 0.418387
-3.92059 1.52159
2.76073 5.5813
-4.1178 -2.56583
0.721494 0.00450941
6.45088 -1.50573
-0.707107 -1.80761
-0.610582 -5.62789
2.32643 0.233498
0.0670862 8.2322
-2.04955 -4.62058
-11.1186 1.0931
7.407 3.61381
-2.20811 4.61173
3.93096 -5.7887
-9.28419 -11.2599
13.7035 -13.2926
-3.36444 -7.94449
0.521279 -9.56238
-1.57596 -8.84151
-5.35195 -5.36241
0.0988194 4.92507
2.12857 -1.60152
1.28769 7.11088
-4.36224 -0.506391
-1.11738 0.288594
-0.0966655 0.741989
0.154494 -1.30875
8.77477 -0.234222
2.9665 -3.12597
2.57237 -0.0534883
-1 5
6.08519 -5.7579
-3.55531 -4.96675
-3.27113 -4.08675
-3.53535 2.51692
-3.96884 6.26399
-0.292408 -1.33432
-5.2223 -5.97973
-2.94113 -5.3702
-5.24251 2.53729
3.87524 2.43639
7.84392 1.54108
-4.25282 -6.38041
-3.79605 5.18482
1.27262 7.04233
6.00835 -13.8637
1.63514 -5.7316
3.29729 1.5996
14.8764 4.28168
-16.3138 16.0913
-0.881446 -2.71113
0.919749 7.29747
1.9771 5.08766
6.38834 -13.6539
-4.22545 7.2623
0.12132 6.97918
6.00847 1.00582
1.44379 -3.06084
-9.21255 2.40498
2.0337 3.2937
-4.79303 -2.17901
-1.1137 -2.20629
-0.691154 8.93238
8.13279 4.58371
3.63157 12.421
4.71407 -0.145273
-3.29365 -3.74531
-4.75208 -1.27353
1.31552 5.35938
4.75237 -2.17954
-3.78205 0.990893
-4.14835 -8.57841
-3.40736 -3.36356
-6.3518 -0.796099
8.49433 8.11438
-1.14315 -3.31234
-8.03196 0.143426
0.125758 2.556
-2.76171 -3.53362
5.59732 -10.1798
0 0
-6.50235 10.677
12.9561 -2.55326
-8.69283 6.72206
-2.88879 -0.0998704
-0.280972 13.3519
3.28169 8.45756
-0.143722 1.59366
-6.62657 9.34861
2.53872 -2.24551
-10.4778 1.48459
-8.25776 12.2919
3.96907 13.4852
17.3322 7.11511
-0.0417957 -5.4069
-7.4862 -5.37859
9.22039 -8.18779
-15.7604 3.95609
-10.5108 16.4277
-1.89953 0.801569
1.08482 -15.7308
-6.39149 -15.8936
-17.3833 -6.57376
-5.75032 28.7382
0.261745 3.70727
0.707107 -20.1924
22.4389 -15.4149
-11.5242 -5.00467
-34.0225 -17.9676
4.25342 15.2199
-0.226023 35.7875
23.0082 2.10642
-9.59887 -4.73154
-5.48942 -5.54493
-14.6099 33.9981
-24.4295 21.235
47.3551 17.3965
39.2658 29.2402
20.2305 -56.8897
41.8894 -21.5963
19.5412 -40.6512
-44.2971 -132.682
-55.525 4.39599
31.2301 134.217
79.3541 0.646884
-124.228 -1.48501
-44.8353 469.4
782.106 258.736
-478.756 -1482.15
84.0842 -1440.26
