18808 21980
-1559.74 -5484.01
1809.78 52.754
-419.253 -989.331
117.235 -220.986
347.691 -29.2671
-123.059 -271.854
-41.4702 -47.2224
31.0085 55.6283
-98.7263 -13.4592
-41.2001 54.5461
8.29412 -7.00173
-36.9207 22.5202
8.58021 79.2781
39.6167 14.1781
-48.5323 -15.7626
21.2636 -24.4993
22.2153 -2.90101
-18.5448 -22.4308
25.4399 0.493193
13.4122 -19.04
-19.7508 12.4193
-21.6347 -7.26458
-16.5002 -13.4706
-7.84761 15.8445
18.1924 19.1924
-16.9263 9.05036
-3.17566 -7.48804
0.00289739 -14.6674
0.168148 15.3712
-12.6516 -5.24398
-0.256037 12.883
-3.64046 -3.8073
-1.58967 -0.0250857
-10.9686 0.252633
0.00697585 -3.46436
7.99566 -12.3688
8.68982 3.95572
-6.83289 1.85617
3.22934 0.847889
-0.749452 0.623345
-4.30543 0.394886
4.79365 -0.00544949
2.40953 2.55307
4.47319 2.10375
-3.04004 -0.637131
5.32882 2.73933
-4.44977 2.19133
4.9933 -7.87923
7.64967 1.72975
1 1
-1.47825 -1.03895
2.66849 2.48398
-0.597792 6.59157
-7.23006 -3.89845
6.26671 -1.12041
0.967612 -1.96929
0.122451 4.46985
-3.6313 -1.51756
8.29785 2.9897
-4.333 -6.19556
-4.22429 -3.56952
-0.400398 -5.30281
-4.36093 -3.50742
3.85606 6.91906
0.721441 3.04675
-3.59009 -2.34711
1.20499 -1.06394
1.52551 0.583767
3.72113 6.21308
-5.45171 -5.13798
-7.77679 3.5997
-0.534363 0.115756
2.58282 -5.89886
-0.456659 0.00221844
0.87868 0.12132
0.894821 -1.26527
0.418185 -0.438566
-7.53732 3.0222
-3.2619 3.26191
4.59252 0.31761
-2.81557 3.83281
-7.92409 7.64385
8.54276 7.92566
2.82012 -6.57766
-1.18202 -0.153437
-0.106512 4.85302
2.89394 18.2746
-12.0582 2.19173
1.07913 8.34689
-0.0146626 7.37684
-6.01971 0.764846
-8.31728 2.99113
5.23993 6.38207
-5.12861 2.99933
1.61095 4.28661
3.0345 5.39964
-0.308038 0.355853
6.36897 -3.96332
0.932818 -4.7491
0 2
5.94264 2.56505
-4.80165 2.97611
-4.30896 3.94659
-0.971186 7.46437
-0.0137869 1.96624
-1.23876 3.67695
4.4988 -5.28353
6.10615 7.13112
6.38918 4.81573
2.09723 -16.8564
-1.77962 -0.690567
2.38509 3.39667
-4.71524 4.35976
-2.06552 11.3346
-3.88037 -16.9737
13.6321 -1.54122
-4.86635 -12.6811
-0.921878 4.57584
8.57895 -2.66531
-2.73842 -3.93564
-0.973662 -2.77619
2.26813 1.9149
-7.21478 -2.78783
-4.48882 5.38518
-0.192388 0.807612
6.69669 -1.62278
4.47664 9.31384
-4.2776 6.68568
-2.5827 -3.8867
-0.566192 -1.58001
1.7524 0.972497
-5.76547 0.423981
8.9499 1.73123
-1.31823 1.08593
-0.220481 2.82689
5.57825 -0.171557
4.73217 -3.94953
-1.42068 -3.95535
-0.999521 -2.32164
2.82642 6.04966
2.41215 -5.59332
-5.46012 2.3101
-2.22233 -3.31913
6.89396 -8.14498
-1.46033 -11.6588
7.09867 -2.15181
5.21709 4.25694
-2.2256 -9.19206
2.07752 -6.30266
-1 -7
1.12847 5.77551
-7.71122 4.89488
-3.30318 -5.79571
-5.37474 8.05534
-3.93783 11.2303
-9.4567 0.0165558
3.49177 -9.14367
11.6147 1.31035
-5.93152 4.08797
-4.10465 -2.00531
-3.92289 -10.1029
3.13435 -10.4006
6.26378 0.171485
-3.8099 7.63141
2.89315 -14.6408
0.649909 -0.642632
-4.43537 6.07216
-9.71855 -1.12849
-9.3598 -10.4734
10.781 -1.34298
3.31595 5.58015
-5.36233 12.3071
-0.498693 -5.91873
13.8212 -15.2803
5.12132 -4.12132
3.84487 9.87689
2.99193 7.35163
7.69344 -2.67891
-4.48594 19.9537
23.0943 12.1859
24.2483 -14.9609
6.01936 -25.6228
4.30796 22.7242
-31.8987 7.37079
-3.6098 21.3443
11.5861 -15.7659
10.0176 -17.7753
-12.6134 15.8033
51.4189 -53.068
67.0061 4.23836
-48.3588 -79.1223
-85.1678 -53.1882
-2.07273 100.117
24.4186 -39.4679
-177.314 72.9773
-78.3942 592.217
741.234 294.671
-74.3157 -1430.42
746.936 -999.801
