17868 22864
-2157.7 -4189.23
1575.71 -964.386
-361.94 -267.744
-221.941 -40.9912
15.7641 -404.576
-108.367 7.90433
-49.8354 73.3471
-58.6238 -31.7428
54.583 57.2322
58.2154 41.2193
-3.9046 -9.43298
32.7625 -43.9754
11.1911 -13.0748
27.7244 -28.1704
-19.6046 -2.62273
-35.9008 10.9411
0.992099 -24.0249
9.5532 20.3646
20.2096 24.637
9.0569 -1.13641
-5.33627 -10.5482
10.1142 -13.965
-12.1683 -2.07377
4.92431 0.102765
2.70711 -6.53553
3.64865 2.30013
-2.98116 -4.64775
0.607558 8.46693
-1.51548 1.15365
-3.92464 2.75508
0.521433 6.2446
5.31866 -3.9033
-7.40593 -12.393
7.93316 6.90446
11.1811 -6.61195
-0.701702 0.0257921
7.13982 -7.40733
4.50463 20.2429
-13.3106 18.5321
7.88284 13.2686
6.83614 -9.24069
-4.21268 12.9663
7.35322 4.55834
3.13473 -3.8527
0.847158 -6.40814
-5.02468 -6.91464
0.368206 -2.57437
-7.06537 4.20375
-0.673441 0.867847
3 -1
1.33943 3.09874
0.516061 4.3215
1.62098 -0.302405
-3.75605 -0.994509
-5.93421 -5.45207
-1.24445 7.38267
4.81936 4.52233
2.73223 -0.354961
-5.87888 -1.51215
-2.10538 8.86946
-5.67335 1.86863
4.60737 4.8485
3.54193 3.17404
-3.89525 -2.04951
-4.39531 -2.30724
-3.04127 -7.57923
-0.200287 -2.42634
3.84033 1.2568
4.42084 0.230727
2.50824 -2.84525
-5.16847 1.21855
-12.6094 0.485683
-6.81082 4.44367
-5.76986 4.04597
-6.94975 -5.6066
9.824 0.00115471
-2.37341 -4.73265
-2.84858 0.265307
-2.05463 -7.18471
-2.99286 3.08904
-4.25715 1.68139
3.8305 0.875637
-1.71957 4.73594
-5.45944 0.206547
-0.0546624 1.79272
0.071698 0.104949
0.938097 1.65083
2.58897 -0.628769
-1.25258 -1.02021
-8.14654 -9.47669
3.50102 -2.63785
-3.83039 5.47585
2.92744 1.51006
-2.38368 -1.23866
-1.51782 -1.26598
-0.733097 2.42399
-0.762811 -0.975956
2.1545 3.87583
-5.82998 6.60489
-8 -2
0.567275 1.01548
4.62495 -2.22537
5.50895 -4.2256
1.84143 3.4028
-0.159697 1.77957
-4.15659 1.53512
-2.21253 0.253789
1.77999 5.67257
8.01159 -1.19746
9.40601 -3.23894
1.38096 0.914458
2.37495 7.93085
-5.8581 2.89244
-0.787984 5.06538
2.54282 -0.0472159
-0.0112831 5.35368
9.20013 4.1862
-2.07774 -5.63172
3.53174 -0.0119923
-2.71534 1.29293
-0.430894 -1.03041
-3.8307 -1.89494
1.33423 1.87489
6.92252 2.77515
1.29289 0.535534
0.0120957 7.3245
7.10149 10.2397
-2.59234 -3.02407
9.33401 1.08397
-3.51217 -2.63667
6.82789 5.16508
8.61876 -2.96422
6.90837 -2.07427
2.74805 2.94108
-5.28651 6.7672
-3.51286 0.00102795
3.93208 2.71936
-3.1732 2.62803
-0.90073 -1.82152
-8.36675 -2.54322
-1.97773 0.561519
9.2272 2.18291
8.91055 3.11173
5.55754 6.79271
1.54845 -9.97247
-8.6057 3.72978
-0.501163 -9.34403
-1.29931 2.64444
4.44128 -3.54762
1 -1
2.51328 2.11204
-0.995617 0.893304
-4.34208 -7.71246
-6.33222 -2.54391
0.596415 10.7808
9.60838 0.193234
2.37833 -2.49855
-3.95445 1.88185
-2.40765 -0.281685
-0.174638 -6.65058
-15.1999 3.90082
1.3766 7.94581
-5.98156 3.11809
10.5715 -14.8981
19.8282 -28.7272
-21.8552 5.34457
4.46138 5.00664
-14.7343 4.69685
1.88547 7.02666
-4.55671 -8.10598
0.218825 -10.6548
-4.28044 -16.4251
-7.2796 -0.533817
-13.2524 20.7401
2.94975 15.6066
18.5413 -7.17024
21.3871 -8.85527
-11.5179 -15.865
-24.0055 0.855705
-10.5848 -8.18983
0.04776 -3.55018
21.8285 25.6239
-12.9147 -22.43
-7.76656 17.6155
2.62178 -45.581
-29.9799 12.2963
24.8372 65.5089
-33.7557 -15.9323
55.2937 -55.1249
16.0104 14.3291
28.496 64.6769
-36.4732 -118.354
-32.7732 -25.9422
54.4679 13.0908
-57.9772 -91.5481
-421.907 -67.3545
3.70043 588.125
1328.06 -775.265
861.02 118.363
