16895 24569
-2362.81 -3462.03
1354.6 -1201.52
-387.048 9.32914
-59.7544 -218.662
-272.822 -334.93
23.6407 104.325
-26.6557 -17.3635
35.5855 111.278
70.8368 -36.5612
45.5331 -37.2448
40.4855 -29.5226
-30.6025 -6.54144
-9.49852 -54.7871
-21.4435 -16.8038
8.47525 3.31802
-22.8081 13.0557
5.68212 22.8577
-12.9635 -6.31289
10.368 -2.80609
-0.999068 -3.75148
1.80261 28.077
-18.683 6.82513
3.02098 8.91774
-4.11224 6.17495
-3.53553 9.94975
-0.794271 -10.9434
-10.1068 -2.20814
6.99098 0.510697
-5.6233 3.40117
-3.79543 -4.21163
3.57865 -9.82793
1.93975 -1.18706
2.3569 1.21071
3.83291 6.7945
0.517536 -3.55396
2.6164 -1.34787
5.76387 -4.51842
-6.2067 1.3992
-2.22832 -0.514618
0.587785 7.50473
-0.975922 -7.58892
7.3913 -3.9006
0.580604 1.08938
5.34942 -5.63673
3.50733 -5.93247
5.32407 2.0152
-3.99349 -0.997863
-1.59933 0.716447
-2.01869 2.79761
6 2
-4.76475 0.808291
-5.46182 -4.09794
1.66243 -0.395995
-0.440066 -3.03754
3.39642 -1.54841
1.57073 5.16541
5.8881 7.87725
8.28175 3.952
-0.578202 -0.112865
-3.09075 0.329164
-3.89917 12.0057
-7.53361 1.18336
-3.73701 3.25616
3.62456 0.124031
-9.05657 -2.09764
2.88979 -3.06206
-7.13939 0.747816
3.15476 1.45224
2.68315 -1.3895
-4.35046 -5.42769
1.97055 2.82377
-3.10949 4.98199
-5.86479 2.26078
5.60314 2.00104
-0.12132 -1.70711
-2.90663 1.63806
-1.82839 -1.48166
-2.63265 -1.58604
-2.7537 1.06117
-0.951057 0.346406
6.68814 -5.45496
6.81568 5.95478
-0.743149 -0.879675
9.68334 1.17991
2.97444 0.216845
-1.51337 1.04808
-3.4362 -0.531576
3.30466 0.249012
-5.27024 -0.0241396
2.44557 6.12024
6.71357 -1.04867
-4.31419 0.598675
1.68036 4.88139
4.10271 0.476929
-2.94193 -2.10034
2.94183 0.358777
3.57783 0.17036
1.10856 0.269773
6.91443 3.42992
1 -7
-6.44828 8.19251
-1.56965 -6.8156
-2.78331 1.64483
-13.4069 2.31994
-3.13942 5.67397
-1.54977 2.58448
-2.17846 0.400302
2.4164 1.8541
-1.8611 1.8894
0.630429 -0.518001
2.6316 -1.84372
-4.38238 3.53319
1.05024 -6.79387
-2.5892 -2.55179
-3.44356 5.81018
-1.06503 3.94083
3.63162 2.37119
-1.00932 2.19888
-3.19871 -2.95023
0.951057 1.79949
3.27849 1.32728
6.24404 7.8258
1.55206 -5.40846
2.09863 2.82755
3.53553 0.0502525
-8.73141 -2.12587
2.82746 -7.69408
8.67958 -1.93056
3.22871 2.6742
5.59644 3.50525
-3.12605 9.5342
-4.3752 -0.594137
9.10388 1.70948
-0.89104 5.54143
10.5885 1.48149
-7.74208 -5.3829
-4.95315 -5.92871
-5.46159 1.60881
1.27686 9.22629
-6.61746 -3.47506
-10.0133 -6.37175
0.404967 -13.6741
5.1822 -0.828169
6.07009 5.39029
-1.7101 14.1921
7.81675 7.50332
0.518051 -1.82256
-9.00547 -2.0509
-0.270601 4.33197
-2 4
1.15633 0.15366
-3.81862 1.11694
0.398736 -4.71111
-9.7434 -3.88825
2.48803 -3.5475
-0.636222 0.136294
-4.02368 5.56594
1.64083 -5.90539
-3.61572 -3.14645
-0.587785 1.34937
12.0013 1.76861
4.14469 11.4573
0.096724 -5.59507
1.80459 6.61814
2.59643 1.74808
5.21053 -0.719881
-1.27919 -2.78031
6.97295 -0.748105
-9.1831 -1.05883
-4.57515 5.61936
-3.40533 -3.34064
-3.79221 -0.404606
-0.293012 5.82718
0.552123 0.075849
4.12132 -0.292893
5.72786 1.03664
11.3687 -6.42997
-10.0714 7.65574
4.11207 4.275
4.70727 -6.10262
-13.2641 -9.76309
11.2347 -19.7182
-4.23614 7.50154
-1.58708 -24.1446
-2.35022 1.12961
-1.13599 23.6801
18.5251 -19.0067
16.514 -54.4806
23.9826 -18.6875
-15.4845 -53.8427
-21.488 48.1089
16.1488 -2.10854
78.6576 -87.0798
-19.4209 45.8909
-103.08 32.1405
-298.715 -256.94
-277.229 659.856
1293.54 -219.702
416.984 -772.078
