14543 21422
-2493.99 -3635.83
1546.17 -681.043
-501.354 -289.684
-120.599 -342.694
268.747 -190.945
-163.884 -104.061
-65.3134 37.9123
54.5727 6.49502
-83.334 36.7868
15.1548 67.3509
-4.20392 -21.4099
-18.1031 32.8555
33.697 7.05366
-7.00456 15.7171
15.7952 7.42811
7.13457 -10.748
-12.6719 -9.6076
1.53315 -21.3319
3.85311 -29.1026
-7.82168 3.33917
-7.77012 -19.8262
-15.5997 9.08059
0.158323 3.11914
-7.67171 5.87174
3.41421 12.0711
4.4092 -7.08453
4.94785 -8.36214
6.61595 0.638865
13.3314 24.8974
-10.7245 11.2643
3.90631 13.7451
-6.7333 -0.68953
-10.7371 2.06622
7.50342 -0.230145
5.27144 -1.73575
2.5594 9.2812
-4.69488 -4.24014
-3.27921 -3.81323
-2.43812 -0.194678
-7.82766 5.9712
-0.115563 -3.00074
-3.8727 -2.93259
5.49636 -1.32114
-0.112354 1.49777
-1.21447 2.0685
-5.97273 3.59383
-4.94994 10.6668
-2.82764 1.96324
-4.96499 -2.20416
5 6
0.258532 -4.17101
2.36549 -1.58426
-0.225529 -4.75026
3.3478 -1.61288
-9.21574 0.482486
0.535323 -1.13915
-16.4787 -13.4232
7.58592 1.69616
-6.66557 -6.62198
-5.67925 6.2612
8.57862 0.893041
0.812472 -6.81099
-0.968323 -1.26156
-3.16024 -1.3933
4.52367 5.28066
-2.25507 2.7105
-3.60585 0.712939
-5.30254 0.410884
-1.81048 -0.341638
3.48839 -1.81346
-1.7101 2.51673
-4.33062 -5.35317
-1.48792 -1.06654
-1.6256 -2.65051
1.75736 -1.24264
-0.181044 -1.27144
-1.57911 -3.61365
-6.38068 -7.13359
1.7767 0.268775
-0.27674 2.64532
4.86182 2.8582
0.838445 -1.59894
3.82938 -2.97986
0.852312 0.219772
4.97079 10.9608
-1.53452 -6.20719
2.52337 2.07088
2.23381 2.02741
0.680659 7.73973
-0.682655 2.33602
-0.524758 1.84376
6.6219 0.879448
-3.34314 -2.53266
-1.33575 -0.014284
-2.55495 0.771295
0.137743 0.406588
2.40116 0.0178012
-0.543411 4.46573
0.632063 -2.98349
-1 2
1.71438 4.19871
1.37348 -1.1907
2.30661 4.55467
0.475441 1.49407
-2.90325 -0.0964116
-3.93553 -1.05988
-1.66098 -0.0810451
5.50181 -0.382041
-1.23323 1.82268
-0.516666 4.47373
-3.17909 -0.540728
-1.33475 -0.354506
-6.19749 -8.40713
1.67824 2.20329
-4.67406 -2.34473
0.817752 -1.5891
-2.17654 -1.44926
3.97432 -3.68341
-6.37811 -4.9762
-0.105226 -0.88139
6.56044 -5.75297
-8.58323 3.97135
5.17892 -1.64387
2.83447 -0.529433
0.585786 -2.07107
0.890606 -0.295775
-5.18842 -3.22783
-7.20105 2.9646
8.7293 -5.24788
7.07019 -2.29088
6.84965 -0.672491
0.0658134 3.10179
0.466569 5.34921
0.612656 -8.14541
-2.94983 -3.95754
-5.09508 2.67459
5.48651 -1.04576
2.75829 1.43838
1.8523 5.96859
6.11694 6.1552
2.38981 10.4397
-2.74809 -3.03214
0.65791 -4.17872
2.9503 -6.40261
3.06308 -1.52602
-2.62116 4.36336
1.25571 10.8898
3.30177 2.7151
-11.2361 3.53069
5 2
8.11352 1.04698
2.14412 -3.64931
12.7521 -5.29829
3.18939 -6.35382
0.187274 2.06491
-1.68031 -1.30355
0.438871 4.90884
-7.26746 1.57909
-1.85842 12.503
5.20962 0.264864
2.45407 4.64552
7.2111 8.42123
-6.11231 4.60435
10.1247 -8.85508
4.79714 -13.402
-0.412517 4.05709
0.342846 -1.0956
-3.57543 2.50176
-10.0757 -15.5931
-1.54232 11.604
-0.805385 -1.25952
1.24474 5.20713
2.0115 -15.863
7.75986 -9.7439
10.2426 7.24264
-10.5546 -15.0952
10.8599 24.3458
-8.28614 -21.587
-24.2863 16.6409
28.384 -17.7556
-11.0184 0.325177
19.5703 5.9172
-7.47173 -11.771
-11.6616 5.06069
-5.98353 -32.3409
2.735 14.0686
9.79603 -48.2352
-4.7789 1.88704
65.7235 57.1932
-2.24727 -50.9246
61.6442 -38.4075
-71.038 8.36499
-52.2899 22.0476
71.1098 -32.4665
-153.859 121.291
-87.1491 424.514
574.295 497.97
32.0775 -1249.2
163.295 -824.883
