19770 23105
-1401.11 -5282.43
1664.21 55.8915
-250.401 -592.732
-22.4393 -263.513
418.929 -139.889
-85.4125 -180.07
-90.5785 -7.78842
47.8168 -45.1867
-129.708 26.9613
-39.9545 61.0648
-38.8141 14.7839
-27.7973 23.3599
20.7825 28.8183
15.68 6.11391
15.4268 40.2217
-3.99646 -5.49769
-9.12142 -16.3497
18.1012 3.03818
-3.49283 -20.2819
-10.8991 -11.7045
1.81588 3.44588
-12.3173 -11.9697
-6.34566 -4.88338
-16.3173 0.537815
0.828427 1.24264
-15.6679 -6.94193
-0.960975 -5.16252
0.995906 13.3661
-0.898434 5.45119
2.46792 11.3333
3.62883 16.8543
1.80331 -4.46975
10.341 -0.930727
0.498585 -5.3251
-1.29298 2.14285
-5.85594 -0.266965
6.34992 -6.69347
7.83845 5.76766
-6.8606 6.20404
2.75621 5.33395
0.11741 -3.52388
-4.71234 -0.127339
-4.28824 -4.19606
0.472656 5.2471
-1.3924 -9.32867
-4.80741 -5.23118
-0.995957 -1.75497
-2.25492 -5.14181
-0.921054 -1.06872
6 1
4.54104 -3.39329
-8.32227 -6.78516
0.696647 -2.26474
-5.16619 0.0837632
-0.801704 -3.028
-2.21606 -3.53119
-7.96971 1.12708
5.41931 2.77187
6.00958 -8.89244
-5.24013 -6.65478
-2.56451 0.715342
-2.716 24.6293
-11.4381 1.32757
0.391072 7.19499
-2.69375 3.71769
-8.37396 6.86488
1.66177 -1.51867
4.0469 2.70405
-3.53955 5.01227
-1.61382 -10.6595
0.923625 -2.95598
1.36299 -0.617583
-1.70553 2.11122
-1.36265 2.28445
1.07107 1.34315
-4.44334 -6.9464
2.96511 -2.4924
1.47648 -4.52995
5.88813 12.0996
-4.67853 1.58836
5.67054 6.39103
2.52719 3.45825
-5.10823 3.19112
-4.52105 9.39292
-6.05206 1.34775
-5.34703 6.06812
0.295581 6.88164
0.187935 -0.728998
-1.00337 -4.6761
2.68402 0.858199
4.30343 -3.23804
-7.86055 -2.43076
-5.67611 -0.239735
-3.58173 0.472173
-3.91864 1.59106
-4.5833 -7.759
-0.349246 3.66181
-5.50108 -3.89693
2.08198 -5.88636
8 3
-0.696148 -4.40705
1.6599 4.56491
-1.28552 -0.106063
1.31442 2.72758
8.14267 -1.51073
-3.65056 1.2041
1.84475 1.03444
3.16403 -4.04217
2.70542 1.34414
2.27726 3.13032
-0.150415 3.33762
-0.820577 4.28426
7.86542 8.85347
7.49923 2.57213
-2.43188 0.414736
-0.201139 3.55983
3.17354 -3.23352
3.83095 0.815599
-1.90019 -2.09376
-7.02967 3.9395
3.57821 2.42563
1.92012 6.81259
-7.07819 -2.8433
1.5969 -2.12825
-4.82843 -7.24264
-0.747628 -10.5636
6.59533 3.05847
1.92824 -4.81574
-0.267535 -0.390234
-4.46064 -1.66576
6.58282 -1.44532
4.52253 -4.74826
0.0115085 -7.11682
1.77218 3.68504
6.25546 -5.83504
1.15299 -1.55813
-1.3653 16.2635
-2.16805 2.22084
5.35632 -3.65199
-3.23201 -20.7616
12.32 3.14101
0.751011 -5.79479
0.244238 -1.7569
6.71931 -7.96064
-2.83601 -7.29827
6.98122 -6.19954
1.56339 -6.43045
-9.18973 -5.44313
0.564902 -2.93423
0 3
2.23128 -2.97141
7.9859 3.8026
-4.81659 8.00698
8.74048 1.23265
7.36364 -10.547
-8.2902 -4.71888
6.97604 9.97928
-10.6348 -1.56813
0.161764 0.0379855
-1.04801 9.13818
0.0319759 -2.04083
4.88058 8.7676
1.25667 -4.19222
2.67023 -0.0654802
-3.05922 2.93705
0.524501 -4.61103
0.979784 8.59988
-8.25205 -10.559
-0.970375 -11.983
0.731154 -1.25722
-1.38222 -9.88089
5.08093 14.5777
-0.270624 7.14776
4.48713 0.152162
-13.0711 12.6569
7.10614 -7.42645
2.65112 6.72076
-6.60351 -0.395558
22.2256 2.33676
11.3712 11.1209
7.26512 -1.92902
25.5954 -10.7764
-3.41308 -19.1386
23.5193 -7.00593
-17.0378 -13.9762
9.49384 15.1285
34.2714 16.3941
-57.1076 -8.82062
53.7438 32.7046
-8.13136 13.1959
-3.37896 -72.2734
-47.8477 -56.2886
-93.5274 97.9452
52.7671 0.638864
-78.6007 31.0397
-241.522 437.701
576.859 546.476
472.114 -1437.24
1045.23 -776.673
