21392 22959
-2914.7 -4729.99
1781.57 -751.302
-286.14 -547.609
-294.799 -131.831
221.523 -353.346
-263.578 -96.0522
-62.6118 80.5187
11.9894 -84.2958
-23.5602 56.0449
3.33833 17.3318
29.9613 1.29162
42.5425 42.7997
50.9213 8.21602
-0.67939 -4.43093
28.3873 -18.2053
23.4649 -25.935
-32.2793 -8.14517
-12.7646 -12.6472
3.03466 11.878
-21.9552 21.3889
13.2633 -3.68584
-11.8486 22.4219
13.209 11.4278
-0.622358 7.12763
7.41421 6.07107
14.6933 -14.0121
-15.7269 2.13853
-7.13503 -15.7689
1.30137 0.389681
-2.52935 -2.60137
2.19075 -5.83584
-12.5613 -2.87309
0.107212 1.42472
0.935122 0.587197
8.05396 8.44656
-6.0473 5.86324
-3.15365 12.6129
-2.34534 -3.71057
1.2004 6.2794
2.00624 5.62006
-3.63777 -3.32314
4.47654 2.68183
2.89122 -0.0703585
-6.30224 -0.700492
0.303597 2.18736
-2.7052 1.52405
1.12124 4.58906
2.72307 1.97235
2.08347 0.601693
4 9
-6.01537 -8.88886
-2.69605 6.10207
9.78429 -3.84791
-3.42726 -4.84357
-1.14517 8.26167
0.321961 -3.90868
-5.24684 -2.43307
-4.53574 2.46426
0.252685 -4.23029
-0.586175 2.27298
-1.99752 -2.9866
-1.42309 2.52901
0.553153 -0.0544175
-2.10891 3.04269
1.52632 6.29927
6.14761 -1.88275
0.982022 3.21447
5.0868 -2.10425
7.81994 5.80193
-6.50509 -0.870768
2.14372 1.06751
3.73143 0.499645
2.04079 9.27919
-3.22365 2.11672
-0.828427 -0.171573
-7.7053 6.68881
-3.97693 5.07896
-10.1765 -2.12759
-8.61172 5.76603
-1.68181 8.44955
6.99612 -8.30762
-0.621623 -2.16139
3.31149 -1.82505
5.83546 18.4975
-13.8248 0.660936
0.316186 7.54711
7.48419 5.80218
-0.457844 3.9211
8.63746 3.87355
-1.19244 -5.38754
0.679918 1.79928
-0.33862 -4.63226
-2.34774 -9.19879
-5.46392 -1.81726
-8.32019 -1.15442
-5.92682 -0.793936
0.529532 0.549365
2.23596 5.69312
-5.16383 -1.0315
2 -3
4.48594 -1.95697
-4.31279 0.925219
11.4569 1.6402
0.750702 -1.69809
-1.87974 1.74683
-0.373665 -1.04378
7.16538 -3.04243
-2.34678 3.08733
-3.13941 -3.7017
4.67415 -4.37036
-2.15118 7.37045
6.37098 0.821037
12.542 -5.39183
-1.04411 -5.04504
-5.20711 18.5558
-3.81847 0.952953
5.26633 1.82346
-13.4328 -18.1607
9.33865 2.97103
-2.40836 -2.68562
-2.89294 4.44381
-3.16982 -3.94821
1.26564 -8.10701
-5.24703 4.303
4.58579 -8.07107
-3.5681 -0.0356289
7.47105 -2.75334
11.7838 -1.5834
-4.27372 -6.9274
1.71264 0.521819
-3.7048 -0.648957
-0.386049 3.62658
0.108644 -3.61549
-3.46476 2.20912
6.45778 -0.144578
-0.176313 2.2365
0.25316 7.26623
3.37428 4.47697
1.1404 2.89348
2.14848 3.96309
0.970303 4.35642
0.272866 5.71879
-0.839772 -3.90785
-3.27051 6.54077
4.80034 -0.710092
3.24741 -1.85839
1.96062 -4.32563
5.34833 6.51933
-12.3276 0.212988
-6 3
3.8181 4.57519
-8.33441 -14.8759
2.79863 2.59719
1.96484 0.847206
-1.87587 -8.90177
-8.24555 -1.22569
4.0786 -1.93127
-2.77507 0.955416
-7.36992 2.60479
5.08393 4.61601
4.92613 2.3427
6.29861 -0.60847
-5.50757 -8.31102
5.08302 2.97148
10.549 -9.42152
-0.118436 5.46212
0.271898 -2.35765
7.88922 -29.0976
-8.99378 18.7171
7.14146 -6.46609
14.9513 2.11091
-19.0761 6.42644
0.533563 -1.28804
0.369172 11.7085
4.82843 -5.82843
3.67599 0.930728
-11.9158 -2.51144
1.8379 -6.96866
10.3577 31.8291
3.39285 -19.625
4.83205 -15.7438
-11.4463 32.221
6.57703 -5.05517
-12.289 4.53944
-14.9982 14.5828
16.4337 21.2778
-1.33862 -27.7484
-20.8675 -17.5809
52.2528 61.2804
15.3603 9.84249
15.0995 -81.4225
3.04599 -16.5705
-88.2104 -10.6497
-82.4783 -103.667
-210.351 -20.858
-438.885 436.005
656.119 658.725
434.808 -1517.04
1175.29 -754.543
