14651 18452
-2670.43 -4211.21
1366.72 -1324.5
-398.082 9.69523
-108.069 -88.6862
-416.068 -255.68
-13.4209 199.521
-58.5904 -41.5338
86.8544 42.711
75.594 -94.3482
-2.80954 -19.8098
-22.231 -77.1521
-49.2286 -28.8066
-7.05357 1.33357
-14.2099 14.2509
49.1304 -3.80572
18.3606 -14.4195
30.9865 6.04842
-16.195 -1.14412
-3.72354 4.51292
-31.0234 17.522
-11.6064 30.7443
0.00739901 -13.7858
0.547313 13.1573
-8.32104 -16.0133
-9.58579 -0.343146
-1.71742 -7.51272
-12.2448 0.636588
-3.69698 -16.0537
-5.63629 -2.99442
-2.27366 -1.30327
-3.26184 5.32661
8.48601 -11.3884
-3.7015 2.24906
-3.5053 -5.645
-0.459354 -0.323996
6.29073 0.415472
-1.60507 -1.85094
-4.12662 -5.50479
1.15714 1.98314
8.48427 6.40211
-2.00109 -2.71196
-5.79158 -4.46912
-5.67906 -0.63725
4.57138 -4.70617
0.236049 -4.34318
-2.10925 -2.23857
-5.16833 5.26628
-1.90055 -0.861143
-4.3786 2.71738
3 -4
-0.534416 -4.17705
-3.18528 -3.85451
-6.52858 4.26819
0.413226 2.66101
0.604155 -0.892582
-0.966396 -1.38416
3.36319 -8.53268
0.958379 -1.47808
-13.2191 4.53359
9.41084 -2.71773
7.3365 -2.84754
1.8659 1.44497
19.4883 23.0429
-11.5133 5.98307
3.35468 -0.0709744
2.64689 -0.251599
0.933819 1.21998
-9.82205 -1.57172
1.88124 2.50031
0.183486 -3.24588
-9.67076 -3.64504
-5.85088 -2.84722
-0.135588 6.68
1.69297 2.6124
3 1.07107
-1.22954 0.380484
2.43657 3.40029
-1.48286 6.0183
-7.10933 -1.32197
6.87093 5.67557
10.5153 4.08291
9.65117 -8.65469
1.59882 -0.742483
2.9249 2.83582
-1.19015 -0.612538
-9.04873 7.04065
2.96133 -0.60772
-3.12574 -0.449992
3.32949 -6.53566
7.42757 2.01146
-7.05884 -3.976
5.41264 -2.97739
-1.54447 -2.67428
1.06748 0.497329
-3.44134 -2.7347
-2.08712 4.31568
-5.93272 0.38694
3.68191 0.809892
-0.899557 10.4738
1 -2
0.224474 2.16378
-2.89338 -0.200886
5.49894 5.46664
-1.0513 -0.417118
7.70744 -3.16245
2.23857 3.94546
2.95355 5.30967
-3.9515 -0.424224
8.39742 -1.62562
-4.10018 -2.02424
-3.5177 3.24175
4.08794 6.88309
-1.61218 -4.04065
-2.48113 0.937334
1.57945 0.291135
3.33837 -1.7087
-0.720422 0.475519
1.48684 -1.93577
0.127608 -1.72093
-3.8152 3.32443
3.30988 1.01749
-6.85265 9.52874
-2.57407 3.1114
-3.57366 6.75155
-12.4142 -11.6569
12.4079 -3.3093
-2.8132 -1.45939
3.48118 -4.87505
0.93729 -9.78223
5.66875 4.88503
-1.43042 -2.69222
-1.3798 8.99062
9.50091 8.20246
5.49838 4.78217
7.5266 -12.6761
-9.81789 -0.955259
-1.12843 2.91216
-1.04549 -7.87521
-20.1373 -13.4576
2.18591 -4.17081
-1.30582 -0.0987444
2.75683 0.901073
4.38372 -10.7356
-6.03101 5.73978
-6.06575 1.20142
9.70216 1.34325
9.57921 -2.00831
0.0734406 -5.32449
-6.4569 1.98972
-7 10
-7.35119 12.693
0.671574 0.769169
16.6723 7.78336
-9.86059 -1.96567
-4.52102 -2.23173
0.582525 -11.562
-3.71624 -7.53337
-16.3972 -9.05151
5.01274 5.07267
12.46 2.59789
10.3161 -3.16176
1.14592 -10.8458
7.12911 1.86305
4.28107 3.18241
5.83993 10.6195
2.32342 4.4481
-18.2932 6.99066
-10.9738 -8.30268
1.5714 3.3053
-3.28679 1.91335
-9.86571 0.261137
3.69549 -8.04018
1.53735 -20.0503
-8.01241 -17.3089
3 -13.0711
6.40113 -3.76834
-10.9489 13.3358
-1.27962 -16.0134
9.5854 -11.5773
-6.5734 11.3666
21.2739 6.91225
30.9554 0.592688
-0.067738 2.24887
-13.2361 -26.8924
-1.81407 -25.9522
-7.4798 -8.68977
5.25746 38.0441
-9.65494 -18.7818
57.9764 17.8426
13.1904 -58.4266
-13.8379 -26.9157
46.5322 31.1727
103.323 59.6747
-127.229 -30.1336
-6.41889 -95.6263
-137.379 -375.059
-744.043 629.967
1337.92 -58.8227
1051.15 -379.791
