290
80 71
81 70
82 70
83 71
84 72
85 72
86 73
86 74
86 75
85 76
84 76
83 76
82 76
81 76
80 77
79 77
78 77
77 78
77 79
76 80
76 81
75 80
74 81
73 82
73 83
73 84
72 85
73 86
72 87
71 88
70 89
69 90
68 91
68 92
67 93
67 94
67 95
67 96
67 97
67 98
67 99
68 100
68 101
68 102
69 103
69 104
69 105
70 106
70 107
71 108
71 109
71 110
72 111
72 112
73 113
73 114
74 115
75 115
76 116
77 117
77 118
78 119
79 120
80 120
81 120
82 120
83 121
84 121
85 121
86 121
87 121
88 121
89 120
90 120
91 119
91 118
92 117
92 116
93 115
93 114
93 113
94 112
94 111
94 110
93 109
94 108
94 107
94 106
95 105
94 104
95 103
95 102
95 101
95 100
96 100
97 99
98 98
98 97
99 96
100 95
101 95
102 94
103 93
104 93
105 93
106 93
107 93
108 94
107 95
107 96
108 97
108 98
107 99
107 100
107 101
106 102
106 103
106 104
106 105
106 106
106 107
107 108
107 109
107 110
108 111
109 112
110 113
109 112
108 112
107 113
107 114
106 115
106 116
106 117
105 118
104 119
103 120
103 121
103 122
102 123
101 124
101 125
100 126
100 127
99 128
99 129
99 130
99 131
98 132
98 133
98 134
98 135
97 136
97 137
97 138
97 139
97 140
97 141
96 142
96 143
95 144
95 145
95 146
94 147
94 148
93 149
92 150
91 151
91 152
90 153
89 154
88 155
88 156
88 157
87 157
86 158
85 158
84 157
83 157
82 157
81 156
80 156
79 156
78 155
77 155
76 154
75 154
74 154
73 153
72 153
71 152
70 151
69 151
68 150
67 150
66 149
65 148
64 148
63 147
62 146
61 145
60 144
59 143
59 142
59 141
59 140
58 139
58 138
57 137
57 136
56 135
56 134
56 133
56 132
56 131
57 130
57 129
57 128
57 127
58 126
57 125
57 124
57 123
57 122
57 121
57 120
57 119
57 118
57 117
57 116
57 115
57 114
57 113
56 112
56 111
57 110
57 109
57 108
57 107
57 106
57 105
57 104
57 103
56 102
56 101
56 100
56 99
56 98
57 97
57 96
57 95
58 94
57 93
56 93
56 92
56 91
56 90
56 89
56 88
55 87
55 86
55 85
55 84
56 83
56 82
56 81
56 80
57 79
58 79
59 78
60 78
61 78
62 77
63 76
64 76
65 75
66 74
67 74
68 74
69 73
70 73
71 73
72 72
73 72
74 72
75 71
76 71
77 71
78 71
79 71
