281
80 66
81 65
82 66
83 66
84 66
85 66
86 66
87 66
88 66
89 66
90 65
91 65
92 65
93 65
94 65
95 66
96 66
97 66
98 67
99 67
100 67
101 67
102 67
103 68
104 68
104 69
103 70
103 71
102 71
101 72
100 71
99 71
98 71
97 71
96 71
95 72
94 71
93 71
92 72
91 72
90 71
89 71
88 71
87 71
86 71
85 72
84 72
83 73
82 74
81 74
80 75
80 76
79 77
79 78
79 79
79 80
78 81
78 82
79 83
80 83
79 84
78 85
77 86
77 87
77 88
77 89
77 90
77 91
77 92
77 93
77 94
77 95
77 96
77 97
77 98
77 99
78 100
79 101
80 102
80 103
80 104
80 105
81 106
82 106
83 107
84 108
85 108
86 108
87 108
88 108
89 108
90 108
91 107
92 106
93 105
93 104
94 103
95 102
95 101
96 100
96 99
96 98
97 98
98 97
99 96
100 97
101 96
102 95
103 95
104 94
105 94
106 94
107 93
108 93
109 93
110 92
111 92
112 91
112 92
112 93
113 94
113 95
113 96
113 97
113 98
112 99
112 100
112 101
112 102
112 103
111 102
110 103
109 104
108 105
107 106
107 107
106 108
106 109
105 110
104 110
103 111
102 112
102 113
101 114
100 115
99 116
98 117
97 118
96 119
95 119
94 119
93 120
92 121
91 121
90 122
89 123
89 124
89 125
88 126
88 127
87 128
87 129
86 130
86 131
85 132
85 133
84 134
84 135
83 135
82 136
81 137
80 138
79 138
78 139
78 140
78 141
77 140
76 140
75 140
74 141
73 142
72 143
71 144
71 145
70 146
69 145
68 146
68 147
68 148
69 149
68 150
67 150
66 149
65 148
64 148
63 147
62 146
61 145
60 144
59 143
58 142
57 141
56 140
55 139
54 138
53 137
52 136
52 135
51 134
50 133
50 132
49 131
49 130
48 129
49 128
50 127
50 126
51 125
51 124
51 123
52 122
52 121
52 120
53 119
53 118
53 117
53 116
54 115
55 114
55 113
55 112
56 111
57 110
57 109
57 108
58 107
58 106
58 105
59 104
60 103
60 102
61 101
61 100
61 99
61 98
62 97
62 96
62 95
63 94
63 93
63 92
64 91
64 90
65 89
65 88
66 87
66 86
66 85
66 84
66 83
67 82
67 81
67 80
67 79
68 78
68 77
68 76
69 76
70 75
70 74
70 73
71 72
72 71
73 70
73 69
74 68
75 68
76 67
77 67
78 66
79 66
