288
96 71
97 70
98 70
99 70
100 70
101 71
102 72
102 73
101 74
100 75
99 76
98 76
97 76
96 76
95 77
94 77
93 77
92 77
91 78
91 79
91 80
90 80
89 81
90 82
90 83
89 83
88 84
88 85
88 84
88 83
87 82
86 83
86 84
86 85
85 86
85 87
85 88
84 89
84 90
84 91
84 92
84 93
83 94
83 95
83 96
82 97
83 98
83 99
83 100
84 101
85 102
85 103
86 104
86 105
86 106
86 107
86 108
86 109
85 110
86 111
86 112
87 113
88 114
89 115
90 115
91 116
92 116
93 117
94 118
95 119
96 119
97 119
98 119
99 119
100 119
101 118
102 117
103 116
104 115
105 114
105 113
106 112
106 111
106 110
107 109
107 108
108 107
108 106
109 105
110 104
111 103
112 102
112 101
112 100
113 99
113 98
114 97
114 96
115 95
116 94
117 94
118 94
119 94
120 94
121 94
122 95
122 96
122 97
123 98
123 99
122 99
121 100
121 101
121 102
120 103
120 104
121 105
120 106
120 107
120 108
120 109
119 110
119 111
118 112
118 113
117 114
117 115
116 116
116 117
115 118
115 119
114 120
114 121
113 122
113 123
112 124
111 125
111 126
110 127
110 128
110 129
109 130
109 131
109 132
109 133
108 134
109 135
108 136
108 137
107 138
107 139
107 140
106 141
106 142
105 143
104 144
104 145
104 146
103 147
103 148
103 149
102 150
102 151
103 152
102 152
101 152
100 152
99 153
99 154
98 155
97 156
97 157
96 158
95 159
94 159
93 159
92 159
91 159
90 159
89 158
88 158
87 158
86 158
85 158
84 157
83 157
82 157
81 156
80 156
79 156
78 155
77 155
76 154
75 154
74 154
73 153
73 152
73 151
73 150
72 149
72 148
72 147
73 146
73 145
73 144
73 143
73 142
73 141
74 140
73 139
73 138
73 137
74 136
73 135
74 134
73 133
72 132
72 131
72 130
72 129
72 128
71 127
71 126
72 126
73 125
73 124
74 123
73 122
73 121
73 120
72 119
72 118
72 117
72 116
71 115
71 114
71 113
71 112
71 111
71 110
70 109
71 108
71 107
71 106
72 105
72 104
72 103
73 102
73 101
73 100
73 99
73 98
73 97
73 96
74 95
74 94
74 93
74 92
74 91
74 90
74 89
74 88
74 87
74 86
75 86
76 85
76 84
76 83
77 82
77 81
78 80
79 79
80 78
81 77
82 77
83 76
84 75
85 75
86 75
87 74
88 74
89 74
90 74
91 73
92 73
93 72
94 72
95 71
