305
106 68
107 67
108 67
109 67
110 67
111 67
112 68
113 68
114 68
115 69
116 69
117 69
118 69
118 70
118 71
118 72
119 73
118 72
117 71
116 72
115 73
114 73
113 74
112 74
111 74
110 74
109 74
108 74
107 74
106 75
105 75
104 76
103 77
102 76
101 77
100 78
100 79
100 80
99 80
98 79
97 79
96 80
96 81
95 82
94 83
94 84
94 85
93 86
93 87
92 88
91 89
91 90
91 91
90 92
89 92
88 93
87 94
88 95
87 96
87 97
88 98
88 99
87 100
88 101
88 102
88 103
89 104
89 105
89 106
89 107
89 108
89 109
89 110
89 111
88 112
88 113
89 114
89 115
88 116
89 117
90 117
91 118
92 118
93 118
94 119
95 119
96 120
97 120
98 120
99 120
100 120
101 120
102 120
103 120
104 120
105 120
106 119
107 118
108 118
109 117
110 116
110 115
111 114
112 113
113 112
114 111
115 110
116 110
117 109
118 108
119 107
120 107
121 106
122 106
123 105
124 105
125 104
126 104
127 104
128 103
129 103
130 102
130 103
131 104
132 104
132 105
132 106
133 107
132 108
132 109
131 110
131 111
130 111
129 112
129 113
128 114
127 115
126 116
125 117
124 118
123 119
123 120
122 121
121 121
120 122
119 123
118 124
117 125
116 126
115 127
114 128
113 128
112 129
112 130
111 130
110 130
109 131
108 132
108 133
107 134
106 135
106 136
105 137
104 138
103 139
102 140
101 141
101 142
100 142
99 143
98 144
98 145
97 146
96 147
96 148
96 149
95 149
94 150
93 151
92 151
91 152
90 153
90 154
89 154
88 155
87 156
86 156
85 157
84 157
83 157
82 157
81 156
80 156
79 156
78 155
77 155
76 154
75 154
74 154
73 153
72 153
71 152
70 151
69 151
68 150
67 150
66 149
65 148
64 148
63 147
62 146
61 145
60 144
59 143
58 142
58 141
58 140
59 139
59 138
58 137
58 136
59 136
60 135
60 134
60 133
60 132
60 131
60 130
61 129
61 128
61 127
61 126
61 125
61 124
62 123
63 122
64 121
65 120
65 119
65 118
65 117
65 116
65 115
65 114
66 113
66 112
66 111
66 110
67 109
68 108
68 107
68 106
69 106
70 105
70 104
71 103
71 102
72 101
72 100
73 99
74 98
75 97
74 96
75 95
75 94
76 93
77 92
77 91
78 90
78 89
78 88
78 87
79 86
79 85
80 84
80 83
80 82
81 81
81 80
82 79
82 78
83 77
84 76
85 76
86 76
87 76
88 76
89 76
90 75
90 74
91 73
92 72
93 72
94 72
95 71
96 70
97 70
98 69
99 69
100 68
101 68
102 68
103 68
104 68
105 68
