269
103 74
104 73
105 73
106 73
107 73
108 73
109 73
110 73
111 74
112 74
113 74
114 74
115 74
116 74
117 74
117 75
117 76
117 77
117 78
117 79
118 80
118 81
118 82
119 83
118 84
118 85
118 86
117 86
116 86
115 86
114 87
113 87
112 86
111 87
110 87
109 88
108 89
107 89
106 90
105 91
104 91
103 92
102 92
101 92
100 92
99 92
98 92
97 93
96 92
95 93
95 94
94 95
93 96
93 97
93 98
93 99
93 100
93 101
93 102
93 103
93 104
93 105
93 106
93 107
93 108
93 109
94 110
95 111
96 112
97 112
98 113
99 114
99 115
100 116
101 116
102 117
103 117
104 117
105 117
106 117
107 117
108 117
109 117
110 117
111 116
112 115
113 114
114 113
115 112
115 111
116 110
117 109
117 108
118 107
119 106
120 105
121 104
122 103
123 102
124 101
125 101
126 101
127 101
128 102
129 103
129 104
130 105
130 106
130 107
129 108
128 109
128 110
127 111
127 112
126 113
125 114
125 115
125 116
124 117
124 118
123 119
122 120
121 121
120 122
119 123
118 123
117 124
117 125
116 125
115 126
114 127
113 128
112 129
111 130
110 130
109 131
108 132
107 133
106 134
105 135
104 136
104 137
103 138
103 139
103 140
102 141
101 142
100 143
99 144
98 145
97 145
96 146
95 147
94 147
93 148
92 149
91 149
90 150
90 151
89 152
88 152
87 153
86 154
85 154
84 155
83 156
84 157
83 157
82 157
81 156
80 156
79 156
78 155
77 155
76 154
75 154
74 154
73 153
72 153
71 152
70 151
69 151
68 150
67 150
66 149
66 148
67 147
67 146
67 145
67 144
67 143
67 142
67 141
67 140
67 139
67 138
68 137
68 136
68 135
68 134
69 133
69 132
70 131
70 130
70 129
70 128
70 127
70 126
71 125
71 124
72 123
72 122
73 121
73 120
73 119
73 118
73 117
74 116
74 115
75 114
75 113
75 112
75 111
75 110
76 109
76 108
77 107
78 106
78 105
79 104
80 103
80 102
80 101
81 100
81 99
82 98
83 98
84 97
84 96
84 95
83 94
84 93
84 92
84 91
84 90
84 89
84 88
85 87
86 86
86 85
86 84
86 83
87 82
87 81
88 80
89 79
90 78
91 77
92 77
93 76
94 76
95 77
96 77
97 76
98 76
99 75
100 74
101 74
102 74
