292
105 70
106 69
107 69
108 70
109 70
110 71
111 71
112 71
113 71
114 72
115 71
116 72
117 73
118 74
118 75
119 76
119 77
120 78
119 78
118 79
117 78
116 79
115 79
114 80
114 81
114 80
113 79
112 80
111 79
110 79
109 79
108 79
107 79
106 80
105 80
104 80
103 81
102 82
101 83
101 84
101 85
100 85
99 86
98 87
97 87
96 87
95 88
94 89
94 90
93 91
93 92
93 93
92 94
92 95
92 96
93 97
94 98
94 99
94 100
95 101
95 102
95 103
94 104
95 105
95 106
95 107
95 108
95 109
95 110
95 111
96 112
96 113
96 114
96 115
96 116
97 117
98 117
99 118
100 118
101 119
102 120
103 120
104 121
105 121
106 121
107 121
108 120
109 119
110 118
111 117
112 116
112 115
113 114
114 113
114 112
115 111
115 110
115 109
116 108
117 107
118 106
119 105
119 104
120 103
121 102
122 102
123 102
124 102
125 101
126 102
127 102
128 102
129 103
129 104
128 104
127 105
126 106
126 107
126 108
125 109
126 110
126 111
127 112
127 113
128 114
128 115
128 116
128 117
128 118
127 118
126 119
125 120
124 121
123 122
123 123
122 124
121 125
121 126
120 127
119 128
118 129
117 130
116 131
115 132
115 133
114 134
114 135
113 136
112 137
112 138
111 139
110 140
109 141
109 142
108 143
108 144
108 145
107 146
107 147
106 148
105 149
104 150
104 151
103 152
102 153
101 154
101 155
100 155
99 156
99 157
98 158
97 159
96 159
95 159
94 159
93 159
92 159
91 159
90 159
89 158
88 158
87 158
86 158
85 158
84 157
83 157
82 157
81 156
80 156
79 156
78 155
77 155
76 154
75 154
74 154
73 153
72 153
71 152
70 151
69 151
68 150
68 149
68 148
68 147
68 146
68 145
68 144
69 143
68 142
69 141
69 140
69 139
69 138
69 137
69 136
70 135
70 134
71 133
71 132
72 131
72 130
72 129
73 128
73 127
73 126
73 125
73 124
73 123
74 122
74 121
74 120
74 119
75 118
74 117
74 116
74 115
75 114
75 113
76 112
76 111
76 110
77 109
78 108
78 107
79 106
79 105
79 104
79 103
79 102
80 101
80 100
80 99
81 98
81 97
82 96
82 95
82 94
82 93
81 92
81 91
82 90
82 89
82 88
82 87
83 86
83 85
83 84
84 83
84 82
84 81
84 80
84 79
85 78
86 77
87 77
88 77
89 76
90 76
91 75
92 74
93 74
94 73
95 73
96 72
97 71
98 71
99 71
100 70
101 70
102 70
103 70
104 70
