274
91 74
92 73
93 73
94 73
95 73
96 73
97 73
98 73
99 73
100 73
101 73
102 74
103 73
104 73
105 74
106 74
107 74
108 75
109 75
110 75
111 76
111 77
112 78
111 79
110 80
109 80
108 81
107 81
106 81
105 82
105 81
104 80
103 81
102 81
101 81
100 82
99 83
98 83
97 83
96 84
95 83
94 83
93 84
94 85
93 86
92 86
91 87
90 88
90 89
89 90
88 91
88 92
87 93
87 94
87 95
87 96
87 97
87 98
88 99
87 100
87 101
88 102
88 103
88 104
88 105
88 106
88 107
88 108
89 109
88 110
89 111
89 112
90 113
91 114
91 115
91 116
92 117
93 118
94 118
95 118
96 118
97 118
98 118
99 118
100 118
101 117
102 116
102 115
103 116
104 116
105 115
106 114
107 113
107 112
108 111
109 110
110 109
111 108
112 107
112 106
113 105
114 104
115 104
116 103
117 102
118 102
119 102
120 102
121 102
122 103
122 104
123 105
123 106
123 107
122 108
122 109
121 109
120 110
119 110
118 111
118 112
118 113
118 114
117 115
118 116
117 117
117 118
116 119
116 120
115 121
114 122
113 123
112 124
111 125
110 125
109 126
108 127
107 128
106 128
105 129
104 130
104 131
103 132
102 133
101 134
100 135
99 136
99 137
98 138
98 139
98 140
97 141
96 142
95 143
94 144
93 145
92 145
91 146
90 147
89 147
88 148
87 149
86 150
86 151
85 151
84 151
83 152
82 153
81 153
80 154
79 155
78 155
77 155
76 154
75 154
74 154
73 153
72 153
71 152
70 151
69 151
68 150
67 150
66 149
65 148
64 148
63 147
62 146
61 145
60 144
59 143
59 142
59 141
60 140
60 139
60 138
61 137
61 136
61 135
62 134
62 133
62 132
62 131
62 130
62 129
63 128
63 127
63 126
64 125
64 124
65 123
65 122
66 121
66 120
66 119
67 118
68 117
68 116
69 115
69 114
70 113
69 112
69 111
70 110
69 109
70 108
70 107
71 106
72 106
73 105
73 104
74 103
74 102
75 101
75 100
76 99
76 98
76 97
76 96
75 95
75 94
75 93
76 92
76 91
76 90
77 89
77 88
78 87
78 86
78 85
78 84
78 83
78 82
78 81
79 80
79 79
79 78
80 77
80 78
80 79
81 80
82 80
83 80
84 79
84 78
84 77
84 76
84 75
85 75
86 75
87 74
88 74
89 74
90 74
