270
104 72
105 71
106 71
107 71
108 72
109 71
110 72
111 73
112 73
113 73
114 74
115 74
116 74
117 75
118 75
119 76
120 77
121 78
122 78
123 78
124 79
124 80
123 81
122 82
121 82
120 82
119 82
118 82
117 82
116 82
115 81
114 81
113 81
112 81
111 81
110 82
109 82
108 82
107 82
106 83
106 84
105 85
104 85
103 86
102 86
101 87
101 88
100 89
100 90
99 91
99 92
98 93
97 94
97 95
96 96
96 97
96 98
96 99
95 100
95 101
95 102
95 103
95 104
95 105
94 106
95 107
94 108
94 109
94 110
95 111
94 112
95 113
96 114
96 115
97 116
98 117
99 117
99 118
100 119
101 120
102 120
103 121
104 121
105 121
106 120
107 120
108 120
109 119
110 118
111 118
112 117
113 117
114 116
115 115
116 114
117 114
118 113
119 113
120 112
121 111
122 111
123 110
124 110
125 110
126 110
127 109
128 110
129 111
129 112
129 113
128 114
128 115
128 116
127 116
126 117
125 118
125 119
124 120
124 121
123 122
123 123
122 124
121 125
120 126
119 127
118 128
117 128
116 129
115 130
114 130
113 131
112 131
111 132
110 132
109 133
108 133
107 133
106 134
105 134
104 135
103 135
102 136
101 136
100 137
99 138
98 138
97 139
96 140
95 140
94 141
93 142
92 142
91 143
90 144
89 144
88 145
87 145
86 145
85 145
84 146
83 146
82 146
81 146
80 147
79 147
78 147
77 148
76 148
75 149
74 150
74 151
73 152
72 153
71 152
70 151
69 151
68 150
67 150
66 149
65 148
64 148
63 147
62 146
61 145
60 144
59 143
58 142
57 141
56 140
57 139
57 138
57 137
57 136
57 135
58 134
59 133
60 132
60 131
60 130
61 130
62 129
62 128
63 127
63 126
64 125
64 124
65 123
65 122
66 121
66 120
67 119
68 118
69 117
69 116
70 115
70 114
71 113
71 112
72 112
73 111
73 110
74 109
74 108
75 108
76 107
76 106
77 106
78 105
78 104
79 104
80 103
80 102
80 101
81 100
81 99
82 98
83 98
84 97
85 96
85 95
85 94
86 93
86 92
87 91
86 90
86 89
86 88
87 87
87 86
87 85
87 84
88 83
89 82
90 81
90 80
91 79
92 78
93 77
93 76
93 75
94 75
95 74
96 73
97 73
98 73
99 73
100 73
101 73
102 73
103 73
