314
119 69
120 68
121 69
122 70
123 70
124 70
125 70
126 71
127 71
128 72
129 72
130 73
131 73
130 74
131 75
132 76
133 77
134 77
134 78
134 79
134 80
134 81
133 82
132 82
131 81
130 80
129 79
128 78
127 78
126 78
125 78
124 78
123 78
122 77
121 77
120 77
119 76
118 76
117 76
116 76
115 76
114 77
113 78
112 77
111 78
111 79
110 80
109 81
108 82
108 83
108 84
107 85
106 86
105 87
104 88
104 89
103 90
104 91
104 92
103 93
103 94
103 95
104 96
105 97
104 98
104 99
103 100
103 101
104 102
104 103
104 104
104 105
104 106
104 107
105 108
106 109
107 110
107 111
108 112
108 113
108 114
108 115
109 116
110 116
111 117
112 117
113 117
114 117
115 117
116 116
117 115
118 115
119 114
120 114
121 113
122 113
123 112
124 112
125 111
126 111
127 110
128 109
129 109
130 108
131 107
132 107
133 107
134 106
135 106
136 106
137 106
138 105
139 104
139 105
140 106
141 106
142 106
143 107
144 108
144 109
143 110
143 111
142 112
141 113
140 113
139 114
139 115
138 116
137 117
136 118
135 119
134 120
133 120
132 120
131 121
131 122
130 122
129 123
128 123
127 124
126 124
125 124
124 125
123 125
122 126
121 126
120 127
119 127
118 128
117 128
116 129
115 129
114 130
113 130
112 131
111 132
110 133
109 134
109 135
108 135
107 136
107 137
106 138
105 138
104 139
103 140
102 140
101 141
101 142
100 142
99 143
98 143
97 144
96 144
95 145
94 145
93 146
92 146
91 146
90 147
89 147
88 147
87 148
86 149
86 150
86 151
85 151
84 152
84 153
84 154
85 155
86 155
86 156
86 157
86 158
85 158
84 157
83 157
82 157
81 156
80 156
79 156
78 155
77 155
76 154
75 154
74 154
73 153
72 153
71 152
70 151
69 151
68 150
67 150
66 149
65 148
64 148
65 147
65 146
66 145
66 144
67 143
68 142
69 141
69 140
69 139
70 138
70 137
71 136
72 135
72 134
72 133
72 132
72 131
72 130
71 129
71 128
72 127
73 126
74 126
75 125
75 124
76 123
76 122
76 121
77 120
78 119
79 118
79 117
79 116
80 115
80 114
80 113
81 112
81 111
81 110
81 109
81 108
81 107
82 106
82 105
83 104
83 103
84 103
85 102
85 101
86 100
87 99
88 98
88 97
88 96
89 96
90 95
90 94
91 93
91 92
92 91
92 90
93 89
93 88
94 88
95 87
95 86
96 85
96 84
96 83
96 82
97 81
97 80
98 79
98 78
99 77
99 76
100 75
100 74
100 73
101 72
102 71
103 70
104 70
105 70
106 69
107 69
108 69
109 69
110 70
111 70
112 70
113 70
114 70
115 70
116 70
117 70
118 70
