270
107 78
108 77
109 77
110 77
111 77
112 77
113 77
114 77
115 77
116 78
117 78
118 78
119 78
120 79
121 79
122 79
123 80
124 81
125 82
125 83
125 84
124 84
123 85
122 85
121 85
120 86
119 86
118 86
117 86
116 85
115 86
114 86
113 86
112 86
111 86
110 87
109 87
108 87
107 88
106 89
105 90
105 91
105 92
105 93
105 94
105 95
106 96
106 97
106 98
105 99
105 100
105 101
104 102
104 103
104 104
104 105
105 106
106 107
106 108
107 109
108 110
108 111
108 112
108 113
109 114
109 115
109 116
109 117
110 118
110 119
110 120
111 121
112 122
113 122
114 123
115 124
116 123
117 123
118 123
119 123
120 123
121 122
122 122
123 121
124 120
124 119
125 118
125 117
125 116
126 115
126 114
127 113
128 113
129 112
130 111
130 110
131 109
132 108
133 107
134 106
135 105
136 105
137 104
138 105
139 106
139 107
139 108
139 109
139 110
139 111
139 112
139 113
139 114
139 115
139 116
140 117
140 118
139 119
139 120
138 121
138 122
138 123
137 124
136 125
135 126
135 127
134 127
133 128
132 129
131 130
130 131
129 131
128 132
127 133
127 134
126 135
125 136
124 137
123 138
122 139
122 140
121 141
120 142
119 143
119 144
118 145
118 146
117 147
116 148
116 149
115 150
115 151
114 152
113 153
112 154
111 154
110 155
109 155
108 156
107 156
106 157
105 158
104 159
103 159
102 159
101 159
100 160
99 159
98 159
97 159
96 159
95 159
94 159
93 159
92 159
91 159
90 159
89 158
88 158
87 158
86 158
85 158
84 157
83 157
82 157
81 156
81 155
81 154
81 153
82 152
82 151
82 150
82 149
81 148
82 147
82 146
82 145
83 144
83 143
83 142
83 141
84 140
85 139
85 138
85 137
86 136
87 135
88 134
88 133
88 132
88 131
88 130
87 129
87 128
87 127
87 126
88 126
89 125
89 124
89 123
89 122
89 121
89 120
89 119
89 118
90 117
90 116
90 115
91 114
91 113
91 112
91 111
91 110
91 109
92 108
92 107
93 106
93 105
93 104
93 103
94 102
94 101
94 100
94 99
95 98
94 97
94 96
94 95
95 94
94 93
94 92
94 91
94 90
94 89
94 88
95 87
95 86
95 85
96 84
96 83
97 83
98 82
99 81
100 81
101 80
102 80
103 80
104 79
105 79
106 78
