250
89 78
90 77
91 77
92 77
93 77
94 77
95 78
96 78
97 77
98 78
99 78
100 78
101 78
102 78
103 78
104 78
105 77
106 77
107 77
108 77
109 78
110 78
111 78
112 79
113 80
114 80
115 80
115 81
116 82
116 83
115 84
115 85
114 85
113 85
112 85
111 85
110 85
109 84
108 84
107 83
106 84
105 83
104 83
103 82
102 82
101 83
100 84
99 85
98 86
97 86
96 87
96 88
95 89
95 90
95 91
95 92
94 93
93 94
93 95
93 96
93 97
93 98
93 99
93 100
93 101
93 102
93 103
92 104
93 105
94 106
94 107
93 108
93 109
93 110
93 111
94 112
95 113
96 113
96 114
97 115
98 115
99 115
100 116
101 116
102 116
103 116
104 115
105 115
106 114
107 113
108 112
109 111
110 111
111 110
111 109
112 108
113 108
114 107
115 106
116 106
117 105
118 105
119 104
120 103
121 102
122 103
123 104
124 105
124 106
124 107
124 108
124 109
123 110
122 111
123 112
122 111
121 112
120 112
119 113
118 114
117 114
116 115
116 116
116 117
115 118
114 118
113 119
113 120
112 120
111 121
110 122
109 123
108 124
107 125
106 126
106 127
105 128
104 129
103 130
102 131
101 132
100 133
99 134
98 135
97 136
96 137
95 138
94 139
93 140
92 141
91 141
90 142
89 142
88 143
87 143
86 144
85 145
84 145
83 146
82 147
81 148
80 148
79 149
78 150
77 151
76 152
75 153
74 154
73 153
72 153
71 152
70 151
69 151
68 150
67 150
66 149
65 148
64 148
63 147
62 146
61 145
60 144
59 143
58 142
57 141
56 140
57 139
57 138
58 137
58 136
59 136
60 135
60 134
60 133
60 132
61 132
62 131
62 130
63 129
63 128
64 127
64 126
65 125
65 124
66 123
66 122
67 121
68 120
68 119
68 118
68 117
68 116
68 115
69 114
69 113
69 112
70 111
70 110
70 109
71 108
72 107
72 106
73 105
74 104
74 103
75 102
75 101
75 100
75 99
76 98
77 97
78 96
78 95
79 94
79 93
80 92
80 91
80 90
81 89
81 88
82 87
82 86
83 85
84 85
85 84
85 83
86 82
87 81
87 80
88 79
