283
99 80
100 79
101 79
102 80
103 79
104 79
105 79
106 79
107 79
108 79
109 79
110 79
111 79
112 79
113 80
114 80
115 80
116 81
117 81
118 81
119 81
120 81
121 81
122 82
123 83
124 83
125 84
126 84
127 84
127 85
128 86
129 87
129 88
130 89
130 90
130 91
130 92
129 92
128 93
127 92
126 92
125 92
124 92
124 91
123 90
122 89
121 88
120 88
119 88
118 88
117 89
117 90
117 91
116 90
115 89
114 89
113 89
112 89
111 89
110 90
109 91
108 92
109 91
108 90
107 90
106 90
105 90
104 89
103 90
103 91
102 91
101 92
100 93
99 94
98 94
97 95
96 96
95 97
94 98
95 99
94 100
94 101
94 102
93 103
93 104
92 105
92 106
92 107
92 108
92 109
91 110
90 111
90 112
89 113
90 114
90 115
90 116
90 117
91 118
91 119
92 120
93 121
94 121
94 122
94 123
95 124
96 125
97 125
98 126
99 126
100 126
101 126
102 126
103 126
104 126
105 125
106 124
107 123
108 123
109 123
110 122
111 122
112 121
113 121
114 120
115 120
116 119
117 119
118 119
119 119
120 118
121 118
122 117
123 118
124 117
125 117
126 117
126 118
127 119
128 120
127 121
127 122
127 123
126 124
125 124
124 125
123 125
122 126
121 127
120 127
119 128
118 128
117 129
116 130
115 130
114 131
113 132
112 132
111 133
110 133
109 133
108 133
107 133
106 133
105 133
104 134
103 134
102 135
101 136
100 136
99 137
98 137
97 138
96 138
95 139
94 140
93 140
92 141
92 142
91 142
90 143
89 143
88 144
87 145
86 145
85 145
84 146
83 146
82 147
81 148
80 149
79 149
78 149
77 150
76 150
75 150
74 150
73 150
72 151
73 152
72 153
71 152
70 151
69 151
68 150
67 150
66 149
65 148
64 148
63 147
62 146
61 145
60 144
59 143
58 142
57 141
56 140
55 139
54 138
53 137
52 136
52 135
52 134
53 133
53 132
54 131
55 130
55 129
55 128
56 127
56 126
57 125
58 124
59 123
60 122
61 121
62 120
63 119
64 118
65 117
66 116
66 115
66 114
67 113
67 112
68 111
69 111
70 110
70 109
71 108
72 107
72 106
73 106
74 105
74 104
75 103
76 102
77 101
78 101
79 100
80 99
81 99
82 98
83 97
84 96
85 95
86 94
87 93
87 92
88 91
88 90
89 90
90 89
91 88
91 87
92 86
93 86
94 85
95 84
96 84
97 83
98 82
99 81
