310
83 71
84 70
85 70
86 71
87 71
88 71
89 71
90 71
91 71
92 71
93 71
94 72
95 72
95 73
95 74
95 75
94 76
94 77
93 78
92 78
91 79
90 79
89 79
88 79
87 79
86 80
85 80
84 80
83 81
83 82
82 83
82 84
82 85
82 86
81 87
81 88
81 89
81 90
82 91
82 92
83 93
82 94
81 95
81 96
81 97
81 98
82 99
83 100
83 101
84 102
85 102
86 102
87 103
88 104
88 105
89 106
90 107
90 108
90 109
91 110
91 111
92 112
92 113
93 114
94 114
95 115
96 116
97 116
98 116
99 115
100 115
101 115
102 116
103 116
104 116
105 117
106 117
107 117
108 116
109 116
110 115
110 114
111 113
112 112
112 111
112 110
111 109
111 108
111 107
111 106
110 105
110 104
111 103
111 102
111 101
110 100
110 99
109 98
109 97
110 96
109 95
110 94
109 93
110 92
111 91
111 90
110 89
111 89
112 89
113 88
114 87
115 86
116 86
117 86
118 87
119 87
120 87
121 87
122 88
122 89
122 90
122 91
122 92
121 93
121 94
122 95
122 96
123 97
122 98
122 99
122 100
122 101
122 102
123 103
123 104
124 105
124 106
125 107
125 108
125 109
125 110
125 111
125 112
125 113
124 114
124 115
124 116
124 117
123 118
123 119
123 120
122 121
122 122
122 123
121 124
121 125
121 126
121 127
121 128
121 129
121 130
121 131
121 132
121 133
121 134
121 135
121 136
121 137
121 138
121 139
121 140
120 141
120 142
119 143
118 144
118 145
118 146
118 147
117 148
117 149
117 150
117 151
116 151
115 152
114 153
114 154
113 155
112 156
111 157
111 158
110 159
109 159
108 159
107 159
106 159
105 159
104 159
103 159
102 159
101 159
100 160
99 159
98 159
97 159
96 159
95 159
94 159
93 159
92 159
91 159
90 159
89 158
88 158
87 158
86 158
85 158
84 157
84 156
84 155
84 154
84 153
83 152
83 151
83 150
83 149
83 148
82 147
82 146
82 145
81 144
81 143
81 142
81 141
81 140
81 139
81 138
81 137
80 136
80 135
80 134
79 133
78 132
78 131
79 130
78 129
78 128
78 127
78 126
78 125
78 124
78 123
77 122
77 121
77 120
77 119
77 118
78 117
78 116
77 115
76 114
75 113
75 112
74 111
74 110
73 109
73 108
72 107
72 106
71 105
71 104
72 103
71 102
71 101
71 100
70 99
70 98
70 97
70 96
69 95
69 94
69 93
68 92
67 91
67 90
67 89
67 88
67 87
67 86
66 85
66 84
67 84
68 83
69 83
70 82
71 81
71 80
72 80
73 79
73 78
74 78
75 77
76 77
77 76
77 75
78 74
78 73
79 72
80 72
81 72
82 71
