22142 22761
199.242 -6468.75
285.679 357.46
254.833 -557.599
189.455 -149.752
-165.925 -261.177
-130.447 -172.612
-135.879 -36.5874
-88.35 -54.2053
19.9986 6.41389
-16.86 24.6711
21.7355 -2.27876
-56.7089 -12.2533
-34.7963 0.847022
1.89478 27.4603
5.52151 -2.42024
-6.93641 -9.79421
-0.580281 -2.36271
15.2128 -45.4299
-5.0015 -6.3502
-6.00624 -1.29267
-2.22373 8.41569
-0.50244 0.816301
-19.832 -9.78688
-17.322 7.95797
-0.292893 19.0208
4.93044 15.9248
-0.679254 -0.351567
-5.8309 -3.685
-4.48118 5.97512
-3.43678 2.42054
1.225 8.73688
-1.44354 -7.16938
13.5751 -5.16417
5.51262 -7.16911
10.2806 -9.3761
0.320442 2.66026
-4.74252 0.149717
-7.67772 -8.94596
-10.1532 -1.01249
2.27018 -4.13766
1.28364 1.34521
0.104424 -2.37468
4.89134 -8.22644
3.11728 -0.161929
0.827925 28.4532
-0.913949 -9.10047
-4.81472 3.48678
-3.46172 6.0089
10.0103 0.797074
9 4
-2.9054 1.73761
-3.54548 8.89725
-8.86987 -3.58181
2.30254 3.53642
-6.35413 2.37366
0.214405 6.27314
3.8508 -7.02247
-1.36999 -3.29148
5.53773 1.06001
-1.59164 -1.87483
-1.5882 -2.14613
1.10817 2.41635
0.899142 2.62442
0.846979 -0.345569
-5.65544 -1.22169
-6.40319 3.07204
-1.35368 4.72815
1.64739 -2.35084
-1.54889 -11.3487
-0.979633 -1.08115
-4.28889 -4.93764
2.00319 -0.0354471
-2.25918 2.34819
-7.00041 -7.75547
-2.29289 5.12132
-3.68342 -0.486914
-2.44717 1.77233
-0.710782 -0.746089
0.495128 -0.323838
3.05425 2.6563
2.81353 2.66048
-0.271896 -0.664127
7.76238 -3.08525
1.47829 -6.04307
-2.09005 -1.30796
-1.75158 -2.6043
-2.32004 1.49143
-3.93885 3.30145
1.67098 -14.145
3.67969 3.12729
3.75051 -1.62627
0.774648 -3.41677
-3.62761 0.024108
-0.796628 1.4606
0.322762 -5.4284
4.64192 -2.58297
4.14969 -1.44146
-2.00033 2.30568
2.82883 2.05041
-6 3
1.05737 -7.1146
4.3038 1.88637
-3.40032 -1.20685
5.24076 0.652905
-4.04397 0.459695
-0.630717 -4.66095
0.137831 -4.17641
1.48962 2.62905
5.49497 3.10183
2.56294 -3.34345
2.50597 -5.21423
-4.18566 -0.747956
1.47392 16.6635
1.37154 2.75268
0.928382 6.74009
7.29242 7.20667
2.86224 7.8866
1.25586 5.12742
-4.88158 3.31991
2.32771 -3.9481
0.991565 3.32286
-0.474533 -0.934515
-0.409895 1.00351
-0.999634 -2.38787
-1.70711 -5.02082
-0.207028 0.506161
-1.02381 1.18055
3.0561 -1.23681
-1.21524 9.37239
-3.52031 4.14371
5.45274 5.5017
0.428341 1.83369
0.188641 5.86797
-7.33098 -6.21134
-3.35663 -4.90117
7.2424 2.30778
9.04959 6.77976
5.70259 1.56687
-2.33873 4.72734
-2.31819 -1.59731
0.629006 -7.6549
-0.96514 0.611273
1.71996 4.35971
-4.82898 -1.76218
-2.59367 -3.24798
-0.354967 7.51891
1.95191 1.49236
-1.45043 3.4987
-1.44084 -5.36372
7 4
4.76981 0.943971
-4.85289 3.44337
-5.24285 0.183664
-1.86808 10.7058
-0.163475 3.29339
2.27348 -5.32923
2.84489 -31.0338
2.05945 -0.81791
5.13293 -14.2263
5.34786 -10.5705
0.403491 -5.89769
-8.15759 -1.57479
-2.96228 5.24435
-7.52568 -3.40801
-5.95878 8.84394
-4.38733 -2.50054
-8.39944 4.27239
-3.11069 7.28382
-3.98534 4.74394
12.7007 -0.942086
2.34241 -3.14304
-0.0989285 -6.5446
-17.2359 6.52302
-9.60909 -9.93492
-3.70711 0.87868
0.958367 6.47116
14.969 -2.12628
22.1002 5.64225
4.13324 -11.074
-9.08393 6.76481
-3.62035 -3.66928
30.7357 30.6619
19.1712 -16.9425
-17.2459 -28.7272
7.43879 -4.80268
-16.5402 -35.7801
5.06748 17.7841
-11.9434 12.4658
52.6882 -24.7217
19.8535 -86.9959
-31.7451 -61.1012
-23.5275 -32.0934
-143.086 -1.52552
24.4582 -7.3137
-101.179 83.7188
258.51 -98.372
423.743 29.8716
221.639 -201.01
1436.04 -2206.5
