16561 20418
-474.906 -7021.46
449.46 147.123
-115.506 -587.013
246.665 -205.743
-206.182 -189.036
-47.7303 -134.796
-185.124 -41.3697
-118.772 -6.35498
-50.7275 -55.5118
-0.109762 40.3757
-16.9858 -27.4609
10.0881 11.9221
-1.45227 -4.86267
15.249 7.63021
-19.3678 -7.17332
28.759 -31.9439
20.0906 -19.4027
10.6538 18.6992
-12.3077 -29.1427
-26.6453 0.382807
-19.0502 -17.6132
2.00946 1.7506
-9.29977 14.8284
-6.56848 18.6154
-2.41421 5.65685
-10.8575 -4.07506
-4.00003 -4.7411
14.8475 8.82403
12.5262 -7.46204
-9.52221 5.71983
-11.9821 -1.57562
1.25108 -10.663
2.85599 -6.55179
-6.65385 8.32341
-2.31699 -6.24696
-6.61409 2.46759
1.32133 -6.66164
2.49878 5.54405
5.82351 -0.786992
-0.0441526 -1.8968
-6.77435 0.782831
-8.10892 -4.40565
12.541 0.215927
9.16747 -1.17122
2.52346 -8.21296
-3.73847 6.31508
-1.07152 -1.23288
-3.93075 -4.01992
-0.0133314 -5.42004
3 2
-3.58502 -4.46691
-3.06534 -2.64747
2.72695 -8.60115
-2.43882 2.21459
-6.0038 7.27598
-2.51595 4.32548
-2.74038 -8.6952
-6.61128 -0.575195
1.31023 4.52123
-1.84663 7.1666
-0.88199 -4.41102
0.787306 2.66495
-2.50339 -1.44551
10.625 -5.74782
9.31944 -16.7318
-3.15145 6.25703
3.98896 18.9889
-1.0112 -1.40915
7.37561 19.1729
-13.2204 4.67529
-0.384907 -2.07094
2.68589 6.79408
9.82725 3.46334
0.0192956 2.27977
2.41421 2
-3.53672 -4.31812
0.891217 5.26868
-1.22271 -3.6704
-3.10934 -4.34877
-0.0723728 0.760074
-0.0303469 0.51856
-6.66787 2.54257
0.0762228 4.20538
-2.45498 -5.02203
-0.75698 1.10862
4.24152 0.653535
0.748469 5.52246
-4.02384 -0.796411
1.34926 -3.98579
1.96386 -3.16091
1.73392 3.76278
1.40039 -0.908535
4.35787 -1.81072
-10.4957 -2.07522
-0.0141049 3.2496
7.92413 -4.83465
8.94474 -4.4589
2.65358 0.382434
1.45982 -8.19519
1 2
0.944689 2.21374
5.96898 4.12553
-1.40678 -0.164948
6.77337 6.31243
-4.65873 -2.87915
-5.92518 0.565409
-0.652517 6.33979
5.41117 2.15683
2.15063 -2.62258
0.499515 1.48342
-2.74084 10.6176
-1.97172 2.48069
1.14874 -2.26865
1.86319 -0.525779
-4.6345 2.99327
-2.50936 4.33975
5.38383 -3.15269
-4.33737 -0.0023839
0.449757 6.04524
3.45434 -1.14204
-1.25527 -0.418393
-1.57881 5.30184
0.954974 5.39453
-3.20479 3.25001
0.414214 -5.65685
-1.44737 -2.15679
11.2115 0.90512
1.28628 -6.16843
-2.40427 0.730114
-8.3579 0.468305
-2.30349 8.91851
1.2562 1.93622
-4.00901 1.45083
0.000610061 -4.59552
-6.41834 -33.2812
8.29865 3.91799
-5.43571 2.24555
2.02707 -5.14304
-5.62866 -6.83129
-4.6468 1.63177
2.76104 1.23977
-0.566506 3.11187
-5.22843 1.88205
6.29675 4.07931
-1.30617 -2.07846
-1.25284 -3.43073
1.51654 3.64652
7.42831 -3.54739
6.23012 -7.24328
3 -2
-3.4559 -2.66111
-2.45114 2.92483
-4.93245 -8.11378
5.34043 -3.87112
-3.97085 4.27322
9.3121 2.53868
2.08683 -0.195841
-8.17264 -2.50491
-9.06779 -6.82207
5.66219 -0.721232
4.12802 -0.945828
-4.42519 0.266061
-6.6017 4.63826
-0.590075 1.84813
2.07704 9.01554
6.16241 3.66865
-4.33381 4.87994
1.03598 8.10671
-13.2668 -9.93897
3.5038 -14.6831
10.1821 2.93457
18.8289 -6.87992
-17.1916 -0.899708
-16.9507 6.23133
-0.414214 2
10.9268 -6.60106
-2.08488 -3.48402
11.2043 12.4397
-14.6811 -4.6721
-17.8613 -16.1812
4.20053 8.97337
40.8977 -19.0634
11.5089 -4.26007
21.7351 28.0572
-19.0164 -21.1857
33.5767 -8.48198
13.2626 0.0760936
28.119 25.2746
-6.30721 -24.5153
19.2431 -64.8785
-45.5413 -62.875
-62.3644 1.51609
-147.284 -60.9412
-11.5656 101.328
-179.274 -45.0906
295.463 147.088
329.446 -314.406
419.285 -120.046
1060.73 -2836.19
