17052 20741
745.768 -6507.56
294.339 286.187
108.89 -534.524
224.348 -118.179
-178.518 -307.012
-24.498 -157.39
-139.259 -112.464
-45.0025 -21.1916
-32.1509 -1.7623
-43.0453 36.206
10.749 -3.22189
3.00611 -18.5462
-13.483 -46.6672
-13.9484 36.1789
1.05807 -10.738
36.4907 12.7772
4.29786 -7.66353
-14.7399 -1.99752
-5.35171 2.03591
-28.9418 -0.93622
-8.71445 -9.24189
-11.9353 1.47643
8.82905 -4.91606
7.55448 -11.5166
7.41421 -4.41421
-5.82174 6.40087
-12.1564 1.94335
-1.676 5.05372
2.01319 -3.57948
-1.00734 1.41152
-0.37943 -2.33136
-8.06022 -0.564557
2.53756 -4.40834
-3.20969 -2.04573
1.78308 -10.2012
5.35254 4.68123
9.56814 7.99307
4.9035 -4.52125
5.64003 4.55806
0.764808 -12.1166
2.53735 -2.17152
-0.513281 26.1782
-9.73126 -5.29659
-3.6892 12.3227
-3.75075 6.53191
-3.04348 8.23528
4.31859 3.37702
4.97182 2.74584
7.38222 0.79382
2 1
1.71467 -1.47584
-9.50201 -4.99911
-1.43472 -4.65496
-1.2379 4.2165
2.07659 -3.63946
-3.15208 6.82408
-5.2974 4.61092
2.72847 5.24475
-1.63573 -0.304048
-1.11169 -2.38821
4.16493 -2.43784
-6.09404 -4.35132
2.31305 -0.732359
-3.51902 0.143704
-2.4998 7.54296
-1.55674 0.0143335
1.63277 2.43464
3.41602 -3.73859
6.87118 -0.366889
2.62537 1.47703
7.90137 -3.21918
-3.15804 1.54189
-2.24556 0.119703
0.022352 -7.53052
-2 1.82843
-0.584676 4.9476
-1.50048 -2.96116
-3.08635 -10.5099
1.01863 1.69054
-7.87483 -1.77899
0.970517 5.81353
4.17784 0.650321
0.945379 -9.85229
-4.3931 -0.294261
1.5709 -5.50212
1.83245 -2.79329
-7.60566 0.450943
0.179222 5.35397
-4.68719 0.485759
-3.93344 -4.08139
-6.74841 2.36694
-0.192501 -0.843342
-1.83207 -0.683812
1.16222 3.8655
-3.75714 0.811179
-6.17701 -6.24563
2.95076 -1.84494
-1.40134 0.163763
2.42173 4.62523
6 -1
2.14492 6.77814
0.289759 -0.448602
9.38381 1.98119
-0.428645 -1.46295
4.11564 1.23551
2.91942 -5.85182
2.98488 4.56905
-4.07985 -1.0424
-6.07313 5.31868
-8.00323 0.621745
2.67237 3.15598
1.70263 -1.54584
1.34038 -6.66132
1.61681 -2.59944
9.07505 -1.2271
-1.79579 -3.85385
4.91487 -8.77297
5.87103 -0.509717
1.19623 21.4735
-7.59731 -1.9505
-0.684321 7.58078
-6.39294 -1.80408
1.12972 5.52496
3.28933 8.6169
4.58579 -1.58579
5.64157 6.28915
-2.07171 4.00482
1.36988 -0.799541
1.86279 -2.02612
0.246627 -3.36852
-1.90213 0.0840947
1.96985 0.00848207
-0.572989 -5.72033
1.06532 0.551012
-3.48664 0.930255
2.22012 0.0640386
1.09131 7.39452
-6.7695 -3.11643
0.0914237 -4.86295
-5.70797 -5.46589
3.63727 0.119803
1.89149 -0.134189
0.189423 0.0736677
-0.0778018 6.51183
3.36331 5.84399
5.99373 -6.32241
-6.21322 -1.5902
-2.7311 7.40416
0.346902 -1.35188
4 -5
2.03649 1.21976
-1.0943 -0.237443
0.574161 2.09423
-0.650048 3.81405
-3.57515 10.1969
0.967096 -0.179938
-6.28416 8.84651
0.433796 6.3953
4.96692 -1.11687
-7.29267 -25.1539
7.32055 9.34358
2.99853 -0.289072
5.72614 -1.15719
4.54554 -13.3256
-7.27583 -11.5315
4.44856 -6.31377
1.39735 -6.40302
-3.80928 -8.20985
-2.17568 -5.27865
-0.267913 -4.75609
-4.29913 -6.43173
-1.1903 -6.58122
-25.0186 0.101117
7.0529 10.5299
-2 -3.82843
14.1429 8.25269
-5.75593 -3.10833
-5.26271 -6.32345
2.43229 9.04482
-0.238565 -0.209678
18.4356 -7.19864
20.6046 2.49749
14.9348 -17.9253
48.1186 -4.16805
-19.005 -11.1092
-8.01591 -11.1296
-3.5409 34.9282
48.1025 14.4648
34.0801 -41.3906
7.38519 -33.5103
-17.1498 -55.0896
2.72861 11.7268
-131.892 -64.6965
9.53773 95.3567
-89.1739 -24.1325
289.838 74.0842
324.993 -205.182
278.646 -8.26304
1452.53 -2396.63
