21829 22129
-1302.91 -6503.74
650.571 353.404
4.9453 -614.436
3.95689 -163.656
-203.261 -160.373
-89.5599 -140.466
-130.36 -14.9789
-78.7842 42.9335
42.5818 -3.37951
-26.6263 -8.71441
-24.2027 -60.2034
-21.5162 55.3427
6.57242 24.0353
7.01104 -1.29863
22.3493 -14.7073
8.98017 -36.3578
11.5869 -2.14627
-18.2815 -22.0496
-14.2535 -6.71831
-28.9816 8.76533
-9.99275 -6.62398
-2.2089 -15.1578
-24.3989 -4.54638
-2.90691 -13.022
-9.41421 11.6569
-2.67459 4.63363
-4.89437 5.29954
-10.9465 -0.451258
-3.27238 0.508997
0.736068 13.4058
-10.9114 2.61739
-4.11509 8.90414
0.126962 4.92961
5.8442 -3.79772
-7.26169 -13.4596
-5.93085 -9.63174
-11.3546 -4.17556
-2.05962 12.7592
3.23556 0.127915
1.16605 -11.6568
0.354711 -9.56004
0.905851 3.36759
3.10357 5.70019
0.946182 1.57099
-4.38867 -5.40856
0.683173 -1.57911
-0.0867691 -4.25632
1.68619 -3.55441
5.48626 1.51363
-5 -1
-2.72967 -5.13212
-2.74153 -3.21062
-3.28479 2.67945
7.37218 4.31099
-5.27017 -0.732177
4.67331 -6.55887
2.85939 3.53217
5.71682 -5.0372
6.37725 -10.6843
-8.62685 -6.95704
-0.168952 22.448
-2.69686 -5.02353
-0.0285825 5.17406
5.28037 3.16791
6.37529 2.68318
0.398178 -0.391783
5.20281 -0.511691
0.56133 -5.1743
-3.66119 -0.164564
0.736068 8.66306
2.00648 6.11451
-0.118366 4.24617
-3.72155 5.70444
-2.77288 1.24207
-9.07107 3.65685
-7.20987 -3.26515
2.28666 5.55825
-4.1981 1.1949
-0.861694 -3.01698
4.91164 -0.0252592
6.1158 8.93192
-3.97488 7.71599
6.07635 4.81397
-0.559574 6.88484
1.91788 4.28901
-0.40994 -1.98785
-0.330228 2.39876
-2.22419 -1.24629
-3.85405 7.50497
6.50168 -3.28559
0.0487219 1.5619
7.04029 -3.43167
0.200411 0.0343162
-3.88846 -2.32412
-4.1014 -1.02952
-1.39002 5.99661
4.25229 6.79806
2.26837 -3.77435
2.27549 -5.70411
5 1
-4.85034 5.49664
2.25512 -3.31901
-3.00178 -6.51956
-3.43093 -5.05516
-5.17237 2.91859
-7.33647 -0.306123
-1.69263 3.80441
3.32568 -0.478065
-4.74601 2.27297
-3.73607 5.77473
-1.27008 3.97661
-5.06812 -1.20075
1.12135 -2.92691
-9.60926 0.91854
3.93149 -0.726067
-0.99983 -3.30773
6.3002 -0.418866
-1.54248 -3.25906
-10.8182 7.19514
2.5605 2.4974
-0.385925 -9.6034
-3.35499 0.658233
1.47047 -4.54843
-2.06109 -0.249434
-6.58579 0.343146
0.688814 -2.1318
0.74406 1.21997
1.86605 -2.95853
6.35905 -2.70842
4.52748 -8.26538
2.86174 -3.69471
4.01379 1.73608
4.94128 -1.06831
3.5518 6.03647
5.59082 1.69942
8.89918 0.394083
-4.32382 1.79615
1.66998 -0.455827
-0.756743 8.98631
-5.72068 1.72098
-10.0276 -22.2078
14.1528 -2.99159
-2.57568 -8.9496
-1.60767 1.14341
-8.86948 2.94825
-7.81408 -4.90474
-2.16516 1.58284
-4.18384 7.48535
6.56286 -5.80299
-9 -1
4.13517 -2.28488
7.48662 6.65421
2.74405 1.93771
3.15745 -5.70599
0.403927 1.02132
-4.55388 -16.6604
-3.3099 -7.90483
-6.60396 5.03002
3.01054 5.32698
-2.63818 5.18468
6.57175 -4.1223
-10.9934 -3.75682
-4.55661 4.73243
-4.85146 6.48317
-0.819083 9.22565
5.96804 -1.99706
0.584403 -15.378
-17.8479 1.04614
-3.71553 6.7191
15.5971 -3.73462
-2.53618 -13.387
-18.0667 8.30753
-10.6439 15.4275
12.9602 4.14263
5.07107 -7.65685
1.50778 -1.082
-1.09485 -0.000907911
6.16184 -1.187
23.0818 -14.6499
-16.6709 -9.52926
-6.14815 9.63898
1.14326 3.86211
-5.86536 -3.26789
14.4374 17.8328
30.2179 11.717
3.38516 -56.3338
-7.92507 -29.6435
-18.1094 -38.601
27.9797 29.1195
-3.73607 -41.8436
-46.2381 -74.3663
-47.3238 -21.2832
-150.753 -14.7297
66.7335 35.7605
-91.6423 71.9339
161.887 -109.693
347.216 -95.3041
147.382 -465.8
863.3 -2453.75
