16010 23280
-1414.62 -5728.77
694.379 255.488
-129.623 -437.882
-35.343 -202.317
-137.289 -181.529
-190.928 -52.8208
-66.5518 -8.25033
-1.74469 58.257
-31.8878 4.26713
43.9862 -3.90154
6.44418 -35.6495
2.83154 8.95283
36.7811 -24.2789
3.2764 -30.4676
-6.88347 -22.5289
22.0697 21.0469
-18.4656 -10.6212
-15.0429 11.2184
-10.2094 -21.4626
-21.6151 1.94043
15.673 6.5372
8.292 11.8372
-8.87385 -3.03683
14.182 4.36466
14.8995 -0.414214
-13.2671 7.79588
-7.29751 4.74455
6.66169 5.01613
3.92781 -1.45688
-5.40324 2.68416
-5.50712 -20.3149
-11.2776 6.64628
4.71113 3.88301
11.3488 -3.08597
0.570083 4.38126
-5.52754 -3.42266
-5.77343 -0.543102
-6.33379 0.0398031
-2.89803 -2.24956
-0.542124 -7.68858
7.94915 -3.18736
7.0655 -3.91975
1.93091 3.0091
0.0457537 -1.24541
1.75754 2.12905
3.96485 12.905
-3.00974 2.18557
-5.96573 -0.519034
2.02714 0.873099
-2 2
4.50649 4.40301
2.67067 0.910654
5.41102 -2.78475
-0.479907 2.70611
1.88568 0.810975
-8.89882 -1.81781
-2.29539 0.0756733
3.47849 1.86464
-2.9013 3.70259
0.584283 5.04743
-1.19379 -8.08044
2.29793 -0.336441
-3.03703 -1.76962
-5.17401 0.992021
4.107 -0.229668
-3.92939 -3.39842
2.64589 -1.70861
-4.32673 1.9111
-0.484773 3.01138
-3.39513 -3.92023
0.835051 -6.06159
1.72633 0.490587
-2.32716 1.39568
-2.93274 -3.57394
-3.72792 0.414214
-3.45045 8.88088
0.358055 -6.90972
3.91142 5.62532
3.39737 1.43189
4.49521 1.16994
2.57774 -4.29321
4.51601 4.3923
1.75679 6.86904
3.5981 2.0602
4.59844 4.28234
-5.18153 0.136056
2.59276 0.0148854
-1.86855 -0.269378
0.479953 1.49758
-2.00751 3.4294
1.58419 1.04175
4.04716 1.76302
1.44908 0.400398
-0.681174 6.65181
7.51968 1.70426
-4.8487 -8.03325
-1.83553 0.978402
3.68578 -5.96156
-4.43936 -0.234849
-2 0
3.01324 4.15834
-0.0942712 0.673324
-0.349729 -2.36779
-4.08925 1.14769
1.28928 -1.85454
-3.9402 3.80201
-0.738609 4.01628
-0.502819 1.45405
-0.402997 -0.333814
-3.23598 -1.59841
4.22421 5.04612
1.78095 2.9508
-0.53107 2.55826
-3.66834 1.35738
1.91922 6.75263
-3.33772 -5.82946
3.12231 0.153327
-2.57191 -4.57948
2.29197 6.798
-3.11324 7.77433
4.84393 -3.53075
4.92581 4.69979
-2.61397 6.13189
-0.44283 0.441847
-4.89949 2.41421
-3.1003 -1.72516
0.0900578 -0.672657
2.38781 -0.283427
-1.7832 3.02559
-3.55893 2.55847
-0.815916 -6.63685
-0.758603 -3.61831
0.141082 0.355975
4.87714 -1.27097
-1.46806 1.21471
-7.32459 2.97126
-1.27927 3.70593
0.911978 -7.87536
-4.90316 -0.844585
-0.313773 -2.2835
4.10192 4.90735
4.93623 5.74661
2.47131 1.59516
-0.722209 0.122082
-1.78414 -5.89666
-0.970845 -7.31634
-1.98957 1.85536
6.45266 4.45846
-0.404391 -1.63179
-2 -2
-0.858723 3.69234
3.72357 -3.02572
-6.5524 -5.75567
5.28614 -2.81653
4.13393 1.30346
-6.86901 -11.5559
0.0409343 4.03447
10.9933 1.82704
6.86693 -0.539943
4.16016 -1.2557
-3.03638 -0.959264
-8.60456 2.15326
-1.23604 8.96416
-0.602432 -1.83543
-4.0203 -2.14964
10.5588 9.16217
12.2096 -11.318
-13.651 -5.45342
-2.50494 4.85003
-1.41979 5.91367
5.62076 18.9668
4.48347 3.42265
-7.57377 7.38551
0.652511 -2.57157
21.7279 -2.41421
7.63981 5.11251
-4.78453 10.7496
17.6276 5.92432
9.73036 -14.6629
-11.6555 5.29563
-10.6699 13.4692
0.862708 -6.26457
-15.4983 2.94508
25.7071 27.1841
11.3412 3.24789
-2.72121 -36.6328
-4.12402 -20.3406
-5.3787 -13.8197
-7.86555 -4.71597
19.0344 4.83447
-44.8847 -20.3891
-3.65208 -16.8839
-81.0304 -65.6331
-133.148 65.885
-135.677 8.36165
45.7488 169.372
170.697 -128.786
549.748 -407.274
213.162 -1971.02
