15662 21669
-2133.71 -6503.75
614.727 219.73
-177.538 -456.508
59.3494 -167.5
-140.106 -157.994
-99.3802 -120.848
-135.738 -76.1441
-13.704 -6.01209
-32.714 -36.1109
-21.4466 77.9481
11.0418 -6.88363
47.4866 -19.4069
-4.09533 -71.5147
-21.4658 -14.1149
13.0233 11.4302
10.5038 -19.4183
14.5464 -29.4743
5.49379 18.3269
-0.575366 -26.0194
-24.897 -21.83
-21.8206 -7.40128
-10.3229 -20.5656
11.8346 -18.7436
-11.9193 -4.62733
-24.3137 -7.65685
-15.6482 7.82404
-4.39356 0.762342
6.30667 11.6777
12.6303 -7.67075
-6.53783 -5.84868
7.38091 0.236253
0.153437 4.43902
2.65479 -2.42015
1.91584 1.95276
7.41357 6.89661
-3.3677 0.552708
1.34089 -10.4901
-4.49759 -2.57853
8.55838 -4.59297
-0.396802 -9.34577
5.6159 -4.74357
-7.888 -2.8494
-1.08099 -0.913486
2.02597 -2.51261
6.81103 1.65953
-3.1919 -4.23845
-0.869665 -7.27116
-8.35933 -10.1134
1.39062 1.67675
-6 -1
-1.36806 4.15145
-4.90675 -6.5139
-3.91556 2.3254
3.14244 -6.06162
1.45835 -6.45332
-1.71205 -5.89109
3.50736 -8.09585
9.28941 23.3588
0.156167 1.89454
2.81687 8.17863
6.33844 11.455
5.04083 4.04815
4.18851 8.52052
2.07891 7.82758
0.436004 1.43196
3.16626 6.05166
-0.142543 2.22446
0.224977 2.06967
1.51959 2.9508
0.752615 -1.4644
-1.68042 5.98188
0.908112 3.99469
1.85932 7.40354
-0.805233 1.86394
0.656854 1.17157
-8.81132 4.93677
-2.4253 6.67011
1.25234 1.21707
-1.84928 -0.569754
2.26007 6.23331
4.28422 -2.03957
-0.477058 3.25846
-1.22484 -6.45327
0.51012 -2.1155
-5.96056 -6.13188
-5.8723 10.3402
5.72992 10.7666
-2.74066 -0.514504
5.1376 8.55027
-0.351809 -0.553026
3.50308 6.58111
0.219657 -2.16937
7.44947 -5.31555
-3.96763 5.59531
2.07687 1.28258
-3.98208 -2.20627
-2.74041 3.56263
0.712923 1.17351
-1.51924 7.51716
-2 -3
1.52725 2.72983
-6.79289 -2.26506
3.37197 4.79295
-3.1047 7.50004
4.84831 -3.49981
-2.08116 -2.03063
4.77512 8.65923
5.48753 -0.963833
-3.80102 0.12014
0.683603 1.6029
7.22201 2.32978
-1.36737 -5.12769
-1.37267 4.61674
-9.51128 4.96846
-9.83918 -12.5636
0.746851 -2.55519
-3.40217 5.13016
-5.15194 -6.23114
1.69273 4.86058
0.35796 -2.3792
-2.7652 0.861593
1.22648 1.4496
-8.3155 -1.99324
-2.83258 -1.98467
-1.68629 3.65685
1.39596 -5.78284
-2.01394 1.19308
1.86902 -3.688
2.10556 1.46034
1.34619 -2.74084
-0.197525 -0.486069
-4.71215 1.85168
2.87605 4.46809
5.10054 -3.57672
-1.40422 -1.87466
1.19486 -1.3366
0.456511 -4.70561
6.75367 3.41943
2.57595 -2.29505
7.45364 2.85581
0.283204 5.12525
6.65296 19.9238
7.22535 1.32888
-2.21298 -30.7859
1.72507 8.16826
4.38104 -0.645269
2.25078 -0.679207
0.634752 -4.74339
-3.38967 -4.41958
-2 -5
1.56986 -1.20628
-5.07557 5.72573
3.63537 9.40319
5.80054 -7.26751
3.01632 -8.7644
0.95383 -2.79071
0.275646 0.587225
-4.67162 -7.61569
-1.02701 -0.857289
0.778768 6.49167
5.00489 -1.08869
-4.2388 -6.96338
-11.2198 7.54592
-6.29597 -4.70795
-3.55588 -4.83051
0.252402 0.575479
-1.81163 3.81314
3.28326 -4.70273
-4.10481 -0.748911
1.45219 6.34572
5.42485 -1.114
18.3586 13.5659
-1.93759 17.6478
6.5601 -1.54438
-10.6569 6.82843
6.79038 -0.894646
16.6276 8.1878
9.81079 16.1778
-14.7851 -5.22824
1.62654 3.79554
5.30382 -0.807878
24.2722 -50.1436
6.93975 -21.8581
-6.45654 -16.0692
-28.1982 -34.8039
-13.1985 13.2364
-12.8697 27.532
31.1788 -23.2855
-38.3339 -38.1013
-57.8984 -69.2898
-73.1371 -7.61653
-6.14728 61.9007
-139.937 3.61299
-9.42956 116.964
-95.745 -17.9534
147.443 16.595
84.0895 -319.645
301.645 -366.134
-152.085 -2793.26
