16767 21690
-1785.27 -6812.78
275.155 360.228
3.41962 -443.076
163.412 -50.5018
34.7752 -309.14
80.6773 -102.55
1.10205 -124.931
-67.7398 -94.2498
10.3091 -24.7051
-48.3548 -15.2125
19.1424 27.2895
-35.5753 13.7698
-5.96553 15.4325
-27.7298 24.318
-31.5502 48.6043
-22.023 8.38546
-18.4427 2.53365
-12.9688 5.29013
-18.2943 12.642
6.11366 -12.1109
-28.6601 -14.0689
-18.8429 -22.7223
-8.69784 12.4296
6.32223 22.5425
8.94975 -10.1213
17.0615 -8.10452
5.74049 -9.50914
-2.44026 18.8652
-1.7422 -1.99655
-4.06694 -4.43552
-0.753768 -7.62854
-1.11247 1.39915
2.46886 0.0554659
-1.30207 0.531509
-5.31124 0.859408
-4.46593 -3.08736
4.02332 -1.15455
5.16068 -3.93672
-4.52582 -0.656111
-1.94575 -2.18416
-5.43162 4.43332
8.25981 0.580214
2.427 0.934707
-2.20748 0.368687
-4.72483 0.422841
-1.22539 -1.77562
0.209899 -4.95584
2.2574 3.111
-4.54962 4.76602
0 1
9.11047 4.76014
1.2278 7.06014
-4.21387 -2.06746
0.0562687 1.99675
0.0159544 -3.81976
7.33336 1.69066
3.39028 1.24749
0.0178267 -3.53342
4.70061 3.6097
4.10883 1.00088
-7.43481 6.0375
5.54994 -4.33001
-4.98199 2.46332
3.82368 -4.97898
4.59134 8.68349
-2.18381 1.59788
-1.43129 -6.55505
-1.34379 3.40855
-2.08526 28.4793
-5.58554 -2.59892
4.73558 12.6039
7.02257 10.5408
-3.59351 -0.780907
-7.55834 -6.35874
-2.70711 -3.05025
-0.777356 2.73437
-3.75966 2.71853
4.05834 -1.47795
-1.98933 3.5182
0.347859 2.09841
0.975621 -1.32025
-0.367113 -2.45872
-0.212113 5.64397
4.15972 2.32489
-3.98769 3.65093
0.441392 -0.131446
0.448518 -0.0713594
4.28821 -0.850046
6.55556 -4.53963
0.994129 6.88629
2.44087 5.29131
4.60001 -4.23726
-5.36619 3.38262
-5.95569 -0.231898
-0.419656 5.41927
-6.10558 -4.51296
4.99542 -0.0353689
0.491858 0.300003
0.739701 -1.40968
-1 0
-6.7013 0.507872
3.80311 0.925621
2.53362 2.79709
0.654075 1.75347
-2.29251 -2.97395
-2.30091 -4.09884
-2.14051 5.67874
5.73087 -0.1972
0.0736207 -2.65502
-3.1621 -6.63658
7.8498 9.49177
5.14061 4.58871
5.8826 0.532042
-1.77821 -1.37515
-1.51531 0.929335
0.166877 0.440896
-4.67281 -10.4157
-2.0648 1.90297
-5.92953 3.97996
-2.72982 -4.33447
5.52052 3.99109
-1.80487 -2.82157
1.80036 3.68126
-5.67824 -1.18921
-0.949747 -5.87868
-9.59501 3.18142
-7.87948 -6.77443
0.522096 -4.36208
11.6454 7.6532
3.41538 9.1777
-2.30294 12.4776
3.20425 -5.50208
-4.46609 -21.7447
1.81886 -2.48628
2.8915 1.17737
1.41497 2.81101
-2.6675 -20.9104
6.01077 4.76275
1.20611 -11.5843
-3.67114 -7.0566
9.56303 6.65483
-8.40351 7.14576
2.75256 4.9088
1.0856 -4.18811
4.42252 3.81894
-7.108 -0.280103
1.721 -5.40032
-4.28179 -9.69048
-1.34012 -4.68617
-2 5
-7.54027 -0.184985
10.0752 -11.3071
2.80231 -5.09968
-7.22606 -2.62853
-5.77263 -4.17703
3.49942 -4.03407
2.79546 -1.86388
1.3717 -7.97964
-5.32972 -3.94502
-2.67229 4.42023
8.66805 -2.43865
2.00753 -0.167928
11.0157 -7.01459
-6.71887 1.17811
-7.18396 -5.47634
-10.7148 -4.9371
-4.46977 -2.97
-2.95283 2.57766
4.02702 6.90524
-6.0547 -1.85146
0.558442 -7.65313
1.71932 -18.453
6.41808 -3.97494
17.2268 -9.67916
-1.29289 -12.9497
-1.18206 -10.1554
-0.437027 -6.20137
15.28 22.6082
4.98103 -3.9952
14.4487 -11.8334
-7.03945 -19.2967
-8.97585 -1.98642
25.2303 2.62597
3.67675 0.193402
16.4 -32.9858
8.40503 -33.6519
55.7074 -4.23205
-14.3659 -14.4006
15.5742 -17.9582
24.8146 28.671
16.1027 85.4316
37.499 35.0107
18.2655 150.072
161.909 -30.4187
55.6616 157.007
120.135 -158.858
-120.112 -364.705
63.3433 -395.246
-969.198 -2909.71
