20420 19983
-1733.2 -7095.98
825.054 497.585
211.755 -493.917
470.711 -136.881
-152.719 -345.439
84.4787 -229.459
-113.185 -171.616
-114.978 -19.4444
38.0857 -3.57842
27.1298 3.09367
55.9552 -78.6067
3.14248 -4.24213
-10.0235 -33.6468
-38.3962 25.4511
-36.3496 23.2437
18.6631 61.2074
18.3047 4.87414
-10.3466 -11.5133
-9.38501 7.69131
-28.3769 10.5844
12.2319 10.3439
-6.44198 -7.33003
-17.5832 8.96393
-39.4788 21.7512
2 3.58579
5.19975 1.58387
-6.75772 -2.13443
-7.71382 -1.79335
-1.8441 -0.34938
-10.2542 -13.6241
-9.87062 8.49065
-3.6487 -10.3242
5.77768 -3.9459
-0.652894 -4.22315
-2.39774 -5.4987
1.02963 4.62384
-1.31898 -10.6662
9.10446 -3.16248
-0.268161 0.391799
3.75856 -3.22123
0.170108 0.786308
-2.03997 -2.55871
1.2989 11.8978
1.95577 8.52369
4.25809 -7.99135
-2.76174 -2.77788
-4.72307 -4.44301
7.70104 1.39579
0.208065 -2.82461
10 -3
-4.7659 -0.776159
-0.784497 1.48708
-3.63253 -1.23786
-2.35407 0.904793
1.7988 4.83446
-3.52218 5.61934
-5.93619 0.741086
0.871483 5.67986
-4.19642 -2.59693
-5.97673 -3.54155
-8.31596 -10.5811
-4.92475 1.13899
0.853022 7.49447
2.885 -2.25245
0.955396 -2.24347
0.460286 1.95758
2.0238 -0.138774
1.2913 -2.58754
-1.51728 -5.01365
1.05253 -5.35462
0.929743 -3.46269
-3.822 -0.477472
-2.05454 -1.76037
-5.6946 -1.25719
5.07107 4.65685
-0.620151 -1.6198
-4.219 -4.89341
0.22873 5.72005
-2.16831 -0.405173
-1.19301 -3.64204
8.74715 -2.68144
0.946914 -0.517534
-1.36785 -0.333652
-6.91499 -3.66139
2.9711 -2.10648
-4.47105 -2.29723
2.92617 -2.33008
-0.880383 -3.69023
0.43968 4.58295
-6.27569 2.81616
3.27388 13.7317
2.15047 -2.49795
-2.36173 -18.7145
4.61721 4.07465
-0.569696 -0.447257
7.59838 -3.46578
3.80019 -5.34161
6.07502 -6.08788
-8.25015 1.74158
-6 1
-5.50109 0.884597
5.98715 1.02086
-0.205804 -2.38057
3.85255 -1.66051
-0.729851 -5.90933
-5.33596 -3.88414
3.51515 -9.13564
8.28178 6.636
7.27031 24.2678
-9.87852 -6.96664
-4.23562 14.4494
0.311897 7.78865
3.17926 3.27591
-6.61288 3.99112
-0.423536 11.3001
1.48221 2.41434
-5.25591 -5.23482
1.13667 -8.75634
-3.59143 -0.924321
-0.188954 -1.73993
-3.06151 7.31345
1.12067 -5.58914
4.46626 -2.01794
5.53385 -2.78091
2 6.41421
-6.292 -2.66482
-5.04936 4.65816
-3.40472 -1.90053
-0.772354 0.826199
8.57903 4.51634
3.48671 3.89619
6.40941 -5.50522
-0.452235 -1.58707
6.47143 -3.13433
2.47583 -3.04508
1.28124 -3.09669
3.85853 1.47322
-5.93168 8.63785
5.8095 6.75209
1.01118 4.68745
-2.15183 6.5884
2.51742 -6.54845
-5.50878 -0.60564
-2.31366 -1.84861
6.69209 -1.90603
3.56804 1.8908
5.45533 4.26483
-5.34105 -0.0472607
-5.28532 1.70791
8 11
1.92852 -4.23894
2.22246 -2.10537
-2.05956 6.38238
-8.92212 8.70996
8.13476 3.07975
5.05737 -6.01438
5.69353 -5.0495
2.09954 -4.15862
2.17326 -10.5622
-7.3766 -4.3968
-7.69493 -0.937334
1.3924 7.45328
5.85156 12.4943
1.58565 -5.99405
-1.36323 -10.9379
3.6628 -9.51749
-5.7698 -15.3453
-8.33401 5.1595
0.639854 11.5831
5.56686 12.5738
15.5082 0.735722
4.33851 -5.15078
9.05482 8.31313
6.39751 -12.94
-9.07107 -6.65685
-38.3524 1.83605
-5.04753 12.1931
28.9976 6.69732
19.0193 -4.90676
-5.65754 -2.73034
1.08725 10.1652
14.3626 1.51392
11.0344 15.9117
12.9277 -17.3606
15.9352 56.534
8.93998 18.9448
38.2659 16.534
32.5366 -5.50358
2.21995 10.256
-23.9199 34.9454
-68.6217 61.8578
21.2911 117.869
-18.7298 154.723
217.911 2.49918
-108.669 18.5331
145.868 -224.405
79.6697 -357.255
-140.422 -167.077
469.974 -3341.08
