20789 21570
802.692 -7074.74
996.703 751.717
225.894 -674.654
207.863 -367.652
-283.021 -286.878
-190.054 -107.764
-32.6098 6.66613
-28.6379 -61.3942
-23.1479 -54.1303
-58.665 41.1571
-66.603 -26.2386
22.9284 43.3364
20.9244 13.1285
-6.52616 -67.3781
-20.6938 5.83401
19.2414 28.0317
11.8261 -37.9324
-6.87576 -2.05724
3.41209 -6.48131
13.7589 -21.768
-16.125 -15.7252
-11.8019 -17.6809
-9.30412 7.13787
-3.60524 17.3685
7.94975 -11.1213
-5.14879 0.0765593
-15.4476 0.929678
4.57393 4.56892
-15.623 2.24838
7.00075 -4.81741
11.7941 2.04986
-4.54614 4.51569
0.572598 -5.68075
-0.254801 2.13848
-2.28191 17.7121
10.8477 -5.70017
2.32227 -0.931641
-4.63587 1.80692
2.05171 -2.90588
-2.07237 1.46943
0.459589 2.87825
0.739304 -2.76611
-4.45605 -5.50757
-4.39824 -4.44494
6.33093 6.46407
0.463153 12.0808
6.03746 0.787377
0.524684 0.377113
0.0714942 -0.375501
-2 5
-1.5139 -0.710208
0.685456 6.44559
-3.6253 1.81139
2.73282 -5.10154
4.24733 4.14005
-1.34056 3.80454
0.608653 0.848041
-1.55822 6.49475
-1.87186 6.7665
4.3374 4.3326
-5.90439 -4.77973
1.03141 -2.97501
-3.48428 8.45403
-0.110813 2.85172
-2.84806 -7.94849
1.66176 -2.58311
7.8004 -5.76777
9.11627 -0.882209
-0.850489 8.54369
1.35993 -4.47438
-2.23666 0.385628
-4.31221 4.88413
3.99737 1.63452
3.88253 -1.57446
-4.77817 2.3934
-4.99467 9.38237
-2.02538 3.57912
1.10301 -1.00788
8.94104 2.74314
3.66219 4.74904
0.441992 0.362748
2.99154 -3.33979
-5.28152 1.75206
-0.701459 23.7746
-10.9734 -3.68456
-6.27989 9.46882
-9.7587 5.21386
6.89529 9.71503
7.11544 5.97801
5.06828 -1.03245
3.1734 -5.30684
2.24468 -8.00643
5.73633 -3.09916
-2.00208 -4.24631
-1.80661 -8.86676
-2.02925 6.45943
4.62255 1.09348
2.87347 2.21659
-1.16349 -8.21064
3 2
-0.40255 -4.55555
-7.68177 4.77711
-6.21007 7.16367
4.3905 7.67239
-2.12625 0.229739
11.7975 2.78182
1.1506 -6.06911
-7.69409 0.93776
-2.57895 7.24236
0.649033 1.68317
6.69864 -4.53295
4.16293 0.283706
-7.18319 1.35175
-9.37668 8.9405
-3.0339 2.73171
-4.51224 9.92832
-0.892767 -6.59519
-6.2744 -23.2821
5.53001 8.90512
-2.04415 -7.83921
3.76543 -5.59491
-5.88572 -2.24855
-0.692627 0.942085
3.57465 -3.67727
-1.94975 -6.87868
7.50397 0.629508
-1.47158 -0.0560688
-4.82432 -2.49303
2.60642 -6.43855
-4.85053 0.0436952
1.68136 -3.98409
-0.202211 1.66834
-3.53895 -6.64849
-3.67427 5.83817
2.3277 1.4993
2.72091 -5.06202
11.122 -1.74755
-2.80057 0.36759
-1.38199 -0.257164
-5.89971 4.99363
2.23588 0.178719
0.651502 9.88049
7.28204 6.30254
-2.87084 -3.08275
-6.11144 -1.03528
2.24817 7.30073
3.04219 -0.307752
4.05045 4.9368
9.60468 -2.46579
-2 7
10.7028 -3.43498
0.660358 -7.92982
1.72365 14.5915
-3.16487 0.216613
1.87881 -0.403072
-1.78074 -10.0921
-3.9369 2.46552
6.58464 -6.33415
-8.99736 3.60505
1.45434 6.62074
0.0123432 9.66114
-6.73851 -3.23803
-3.11846 -2.48977
7.18893 3.46777
-8.87897 -1.30171
16.9106 3.532
-4.23279 -17.2853
2.90445 9.28279
20.6494 -1.69501
0.447274 -0.168307
-11.3345 -10.7887
-12.2252 3.83685
-3.16242 -9.37762
-15.4927 21.6542
10.7782 23.6066
3.56646 -0.57801
9.69864 1.17741
2.6588 10.1743
-16.2274 -6.15711
4.80338 15.4417
12.3339 -16.7408
3.66481 -11.7091
8.70739 0.743869
-6.42152 -26.5638
1.62842 -17.8454
-3.39756 41.3026
33.7425 -49.6606
17.9155 -48.8583
-82.2904 1.88282
-37.0097 -24.3914
49.2668 -27.6374
-26.3682 -38.1431
-68.5606 -156.377
-145.354 39.0802
-166.638 -38.6473
275.52 107.03
354.705 14.9741
368.777 -297.189
2240.49 -1662.11
