23449 21198
-1212.87 -6880.33
300.165 291.122
-118.433 -565.026
97.0005 -86.1244
-232.848 -163.862
-99.5543 -117.275
-156.973 -29.7057
-84.9016 33.4828
26.5691 51.2984
15.8377 45.1301
45.3572 -17.7635
-22.4622 34.8147
19.004 -32.2281
-20.4251 -3.54012
-17.4985 2.45297
3.07513 -10.9037
9.48172 -4.70998
-18.0479 -55.1575
-33.349 -1.87797
-21.0391 10.4127
7.55396 8.09644
-6.66515 -7.55346
-16.2931 -8.31751
-14.5756 20.3373
-6.53553 10.5355
-5.67589 -7.55527
-15.7988 3.55512
2.4495 0.0579188
3.76487 6.31642
3.79125 -8.27709
-2.9192 1.60631
-1.31603 -5.18709
-5.05084 -10.6832
-11.2248 -3.10806
-6.85082 -8.64376
2.51042 -0.27679
1.52964 3.15516
-5.40956 2.62042
5.33434 6.20095
-0.125695 1.70936
0.466299 -0.934131
-2.22168 7.0002
-0.132667 4.81087
-1.75953 8.5151
-2.40962 -0.664095
2.73942 4.03818
10.183 -0.708064
-0.402271 -8.45133
2.92069 2.7442
2 3
-8.15213 3.20506
-0.537795 1.75987
3.32197 -2.93938
-9.72387 0.912097
-8.34657 -1.25451
3.85382 -0.921214
3.59049 0.756607
6.32432 -10.0419
-3.01853 -7.01002
-3.64699 -8.05342
-2.46506 -1.12929
-9.98289 -4.35906
2.42004 15.8233
-3.73328 5.88526
6.87098 -1.74637
3.61773 6.2421
5.40586 5.90999
0.0797167 -10.3901
0.270531 -2.58851
8.77105 22.9083
-3.64684 -6.1566
-3.93614 3.18984
-1.20495 0.486703
7.71297 3.41576
8.29289 6.77817
0.133892 -0.192517
1.35419 -4.39016
0.31004 2.78904
-1.35029 -7.36943
-2.30313 6.47027
2.74331 -5.14809
-1.9561 -7.33537
0.605292 -1.00108
-1.48149 6.53459
-2.82124 8.79285
0.289054 2.87387
1.2586 2.46907
2.14424 2.58117
1.7256 4.75758
-5.9836 0.140414
2.32843 -5.38185
2.24665 5.67824
5.00789 -6.4343
1.78586 2.99575
2.32669 1.36456
3.73557 3.42152
1.01685 3.65151
1.04276 -1.05705
-4.51047 -3.63256
-7 4
-0.0674743 -3.0815
2.3124 4.70526
0.000959737 -5.66503
2.68913 1.40894
3.44078 -7.04386
-2.36393 2.08968
-1.56125 1.82233
-1.52547 3.7587
-0.0353869 0.859292
-4.00567 1.92041
1.52498 0.230883
7.33295 1.41293
1.98199 0.134035
1.00618 1.3162
-0.276271 -1.31931
-0.669343 0.773758
5.61608 6.10753
-3.78681 2.52452
7.253 1.65202
-1.40507 -4.94241
0.0911613 0.71297
5.70649 0.761542
1.72982 -8.22518
4.77982 -6.13192
0.535534 3.46447
4.99894 -0.409485
-2.0683 10.8033
-3.56394 5.53496
3.29193 7.27786
0.0871078 10.3628
-1.82367 3.50318
-11.7943 -21.8592
4.27949 -6.67115
2.37604 -10.4508
-0.833359 -1.21125
-0.799162 -6.09154
-4.70476 2.98035
-2.94163 -2.57332
-7.10944 -12.2499
3.0634 6.05342
2.29055 4.28256
2.24521 -0.645
0.628392 -3.79068
-3.85625 -4.33359
-0.278226 -0.928587
-8.56037 2.0035
5.72721 -10.2041
0.437063 -1.39645
-9.20785 -9.13107
0 -1
-0.920304 6.03609
-4.51849 6.60363
4.43194 -3.886
-10.2073 -0.687454
-4.24093 2.95239
-0.130957 -4.40606
2.84213 -14.2139
-1.06206 -7.55496
0.588793 6.69932
9.8339 8.76278
4.29971 -1.60807
1.16741 6.65905
7.146 4.93924
13.8958 -3.93381
-5.59362 3.62907
-13.6111 -7.59716
-2.80479 7.78898
5.84133 0.750585
1.49426 -9.42248
3.05879 1.36673
1.2387 -6.54996
-1.60282 -2.05624
-9.07572 10.0167
-3.59633 10.9856
9.70711 -8.77817
-9.80033 -19.2698
-1.01003 0.579459
-2.71344 6.69594
7.55483 -8.90915
-6.37727 -12.4127
-11.1402 0.537675
18.6766 14.3778
23.4884 -29.2693
-0.867666 -46.1644
-20.3609 -22.1771
-39.7723 -19.5224
26.11 34.3854
-18.8152 -41.6542
23.6689 -39.9752
-3.55664 -65.5516
-64.3934 -71.4652
-26.4014 -18.2863
-154.503 35.0091
38.943 -5.26799
-82.2802 77.6589
147.246 -158.471
276.731 -90.2585
-41.9164 -314.437
1239.37 -2731.16
