22074 18892
-2344.56 -7209.44
-63.5816 572.465
101.53 -462.215
-74.0175 -20.6758
251.219 -331.328
-48.5193 -26.7334
84.9587 -39.0967
52.5609 -48.2039
11.741 -33.0311
21.1791 5.32089
-20.6333 -33.0789
-41.4985 53.9758
-37.8546 -1.47207
-31.7832 -28.7229
-27.0316 -40.7728
-36.4441 -24.6683
-38.5336 -24.3805
-1.847 -5.06568
14.545 -5.13294
2.55317 -10.0935
18.2722 -20.0773
15.1829 -0.234451
1.21911 3.46695
-4.92043 18.9321
8.24264 -7.65685
-0.497412 11.5373
-0.102151 3.85306
-1.266 -2.03788
-5.23414 2.97702
-8.45642 13.3811
5.26918 -17.2873
0.48206 10.1965
-3.89715 -3.90986
-5.46538 -0.885017
6.60543 5.83838
6.94603 14.0905
-1.8487 -4.50752
-3.83215 2.38795
-16.2697 0.23491
0.882898 9.20962
4.61469 5.48934
-0.615371 -0.710938
-0.223145 1.84256
-5.25938 15.9129
-6.59664 0.408514
6.63873 5.15903
-1.16315 -5.34357
6.76149 -6.02502
-4.45534 -0.320983
-2 -4
-2.73846 1.30823
4.73745 0.908543
8.05772 -0.526363
4.4937 6.7698
-5.3473 3.31025
2.70622 -4.29559
2.95238 3.61004
-1.37222 1.83322
3.25056 -1.60413
-0.242399 -2.6598
-2.54878 0.887444
2.12928 -3.48104
3.8467 18.1901
8.52873 -5.34823
-1.69272 1.97457
-4.6103 -8.31731
-5.08336 3.81521
-5.97992 -10.2188
2.04726 -3.16552
2.82523 24.6878
0.901894 -0.824597
0.573015 9.31695
-0.89916 1.89896
-1.02437 10.6457
2.82843 3.75736
1.67403 -4.05718
-4.03411 -4.23443
-1.19579 0.0341045
-2.1923 2.31842
-2.49942 3.89477
1.17344 -4.23396
-4.02082 1.90778
-0.125694 2.50851
-5.20083 5.76361
4.3173 4.3464
-3.12826 1.26387
-0.352403 1.92865
-2.23095 2.27297
0.456361 4.12575
-8.14465 -0.55696
1.50295 -5.99818
1.21397 3.55101
6.48778 -0.0490832
-4.81378 -0.966515
0.467485 0.180211
-1.3692 -0.998322
6.97386 7.04933
-5.92698 -1.3063
0.170419 0.350459
0 2
-4.12612 -2.82461
-4.26121 5.82825
0.195378 2.06092
-0.0710249 -0.627991
0.811233 3.87872
-3.62579 3.416
4.92839 -6.66955
4.37676 -1.65253
-6.80897 -0.894432
-1.34315 -3.01377
0.988851 -0.0816582
5.41864 -2.57733
2.03682 -9.12204
3.60415 1.6108
2.03986 -6.47582
0.795952 1.91196
3.16316 0.9384
-1.9526 -3.65784
1.43267 -0.800246
1.02729 3.72326
-2.06754 -2.74982
4.68913 2.88339
1.22445 -6.30104
-2.11956 2.23903
-0.242641 3.65685
-5.92801 1.26114
-1.98035 3.97017
2.00491 2.61168
3.60801 -2.07236
-1.30682 9.37332
-1.92436 5.57606
-6.07238 -28.5661
-0.947278 2.62002
3.11921 -6.38703
3.5698 0.64626
8.78478 -3.45757
2.71338 5.54026
4.70861 4.07555
1.73715 -15.6589
7.60308 4.22211
-0.6023 -4.48702
-1.42118 -2.69947
-3.73438 2.82823
-1.62443 -0.118883
-5.92244 0.808291
-2.63891 4.71608
-2.76883 -2.51475
3.41712 8.71829
-4.13525 5.74268
8 2
5.81174 0.400737
6.44567 -8.5372
-1.95584 -2.92365
-0.186377 -1.50005
-2.43037 4.78304
-3.04083 -8.43061
3.32618 -1.88225
2.4111 -0.926916
8.46581 9.64863
6.58924 -3.82766
5.57762 5.302
-1.62855 -0.31315
2.42798 -2.05001
0.33805 -0.291264
0.0462135 12.9598
-8.47986 12.0306
3.80276 8.04733
-8.66739 -4.12936
0.21478 8.52968
-14.7276 -0.137249
0.110993 0.094275
3.13352 7.6917
13.6359 -6.55502
-15.2466 7.22709
-2.82843 12.2426
-16.894 19.5225
0.731524 5.13279
5.32431 4.01847
6.03921 -8.1659
-39.9139 -8.46885
-2.83068 -13.8353
-7.42274 13.6496
3.88775 -3.28314
-6.22938 -0.120143
-0.1824 -19.0478
-36.1567 17.9353
-20.6339 8.27422
-11.8898 -18.2718
47.8101 5.2555
73.9743 -17.0551
56.2772 -45.6954
79.1845 66.2551
188.625 -65.1747
19.8716 71.0541
292.127 -53.5096
-115.288 119.439
-216.88 -363.229
-270.99 -151.802
-2104.6 -2498.92
