17440 20886
-868.971 -7131.74
379.737 423.761
98.4545 -454.993
221.088 66.4699
22.6738 -291.531
119.517 -88.2801
72.9022 -121.932
1.9865 -131.272
43.7599 -41.0707
-21.6456 -13.9068
34.9403 22.32
-52.0789 3.25267
-24.0203 5.47518
-30.3399 12.527
-16.0041 26.8061
-18.6549 -16.828
-31.7525 -17.1327
-18.8235 -6.85036
-12.2972 11.6663
17.6688 14.4427
-5.13608 -0.602414
-13.8809 -18.5608
-14.3068 -10.1311
-15.1827 -2.95503
1.58579 -3
-5.33105 -9.96805
-7.8679 -13.8123
-6.06693 -11.3154
-9.31326 1.0417
-3.60067 6.16156
5.48677 -3.48682
11.893 8.22287
4.5482 -0.427164
-5.23626 -4.23894
-1.80227 2.2047
-12.5521 -4.04358
-3.94534 4.24589
-11.7111 17.1678
5.27558 3.75636
-2.54743 -8.0116
-2.29352 -3.59912
-2.22213 0.678094
6.89515 11.9245
5.09754 -6.54303
-5.42092 2.33356
-10.547 5.66572
-0.253857 4.80533
1.75154 0.150458
-5.13733 1.52345
-6 4
2.55739 9.89592
4.10574 0.482545
-4.43156 -3.43863
0.633861 1.17684
2.29985 8.40815
1.62607 0.602366
3.59305 -3.40215
0.250141 -10.4873
-3.45037 -1.69671
2.04563 1.90289
-5.68885 4.53035
4.88905 -4.45553
7.56022 -2.26674
2.95245 -3.29041
2.95468 -2.73518
-1.2927 0.108732
-2.96145 -1.4026
-2.75081 4.45163
0.240611 4.1353
-0.760011 3.67939
7.71832 -2.17097
1.79094 -0.117352
5.56442 6.18637
7.32222 1.07473
-1.58579 -5.34315
-3.16236 -4.77859
1.27398 -3.94516
5.76626 -6.94977
-3.57259 -9.00279
0.559565 27.6176
-5.03749 0.719934
-1.15464 4.91518
-0.823077 -3.78242
-2.25651 0.752848
-4.99036 11.843
-3.4789 6.36562
2.66896 2.94883
-0.948281 -2.90344
-1.32042 0.567946
-6.53472 -3.94725
-0.631057 -6.33001
3.89952 5.35659
-2.86948 -3.88187
-0.397883 4.20997
-2.15592 7.88158
2.2988 5.80592
4.68731 1.42456
4.04696 -2.6332
-6.62901 0.127056
-4 -2
-3.78069 2.91253
-1.27096 1.14745
6.69372 -2.11392
-5.93007 -1.3119
5.65159 -4.21432
-2.20691 0.756615
2.67878 -4.02885
1.46354 1.39756
1.14727 3.5148
-3.04104 3.54538
-2.1161 -5.15585
-0.342464 6.14597
-0.966752 1.01282
0.514772 -1.59624
-0.556606 4.26002
0.842906 2.94225
4.23506 1.25686
-0.571835 7.96302
4.20241 -2.19264
-2.79563 6.41684
-2.18523 2.7225
-2.76693 -30.73
5.71485 3.41601
-1.46758 0.00662995
4.41421 -3
7.83409 -1.87577
7.19999 -0.425568
2.33873 -1.62722
3.70744 -4.14072
-8.75493 -5.12392
-7.08318 -2.20566
-2.3154 -5.77176
2.17044 1.58344
1.61237 -5.50156
1.48757 -0.936414
-0.323577 0.899581
6.12455 6.50452
0.386326 -1.72576
-10.843 -5.55378
-2.93417 -2.28485
1.8643 5.59823
3.86497 0.111127
6.84234 -1.17343
-6.83119 -2.86019
1.85944 -2.7523
-1.30017 2.07
0.753667 5.82935
-0.704423 -4.63556
2.95451 -13.8262
-6 -4
-1.03392 -5.54187
-1.72534 -8.35508
-5.20798 2.06493
-8.48847 10.3622
3.54739 7.54496
14.6449 1.4584
3.29471 0.587748
-4.81142 -2.23264
-6.27494 -8.86055
4.7835 12.9772
1.58829 -1.64948
-6.22674 1.08438
-0.745766 9.34175
6.04199 -15.2898
-0.818896 -11.9248
-10.0262 -15.1024
-9.5151 3.39978
15.1909 -2.08195
12.6667 16.2336
2.93527 -6.02198
-10.0972 0.947693
1.72475 22.0852
2.71787 3.30045
2.27501 -7.10324
-4.41421 -16.6569
-10.4318 7.69848
8.1422 7.18308
14.7573 6.77532
13.962 -12.135
17.2198 -17.0607
16.3393 7.70769
11.3075 11.7003
24.5163 10.86
4.85387 -4.21983
32.0906 -25.019
16.9519 -18.9124
10.4624 -15.1672
-38.5232 -10.8607
0.643921 50.4213
43.4017 75.6137
85.9801 109.125
123.688 48.2963
41.1495 56.697
121.083 -64.4437
-60.8159 115.831
82.9691 -215.418
-100.356 -340.291
-50.6637 -227.973
-482.963 -3064.8
