15984 20877
-2243.04 -6477.4
1012.55 229.265
79.6943 -541.64
184.749 -397.091
-317.251 -145.451
-113.303 -119.464
-77.6321 15.541
35.5526 -25.2471
-76.0516 -94.3736
-23.2739 2.59606
-84.2562 -26.307
22.7772 40.7237
27.6937 36.3067
-0.65114 -5.17266
0.979124 -35.2282
-22.0218 -12.1937
-19.3408 7.88989
12.5513 -10.1089
-20.7302 -22.5106
4.49327 -4.56227
4.76777 -15.3922
-25.3523 -10.9131
2.67014 -8.60357
-6.94101 5.67109
-4.65685 7.65685
-1.57169 -2.95942
3.44965 9.24654
9.40726 -10.6043
-7.97142 -2.99329
0.796332 2.62869
-3.96071 9.28009
2.95546 9.73773
-1.12854 -8.2656
4.51794 -7.36733
8.89095 3.81634
1.8616 -3.78196
-4.15193 -2.95739
4.59762 9.69964
3.49733 -5.14594
0.842192 1.13164
-1.56731 0.315565
-1.29576 -6.06655
4.36362 17.9942
-12.1118 0.023951
-1.53115 8.83549
-0.997731 7.52928
4.84574 -1.60809
6.17556 -7.82899
-3.69394 1.86468
-2 -1
5.80616 -0.402685
-1.03166 4.76652
-0.0394195 7.34779
-0.0446904 -6.16633
-0.592875 0.684421
7.11247 -0.248856
-1.20775 -1.62351
-1.97937 2.5825
-0.0326826 -0.410315
-1.11385 -1.81964
2.21148 4.07137
-5.03501 -3.42391
0.37595 8.30107
-2.46614 8.70272
-2.47558 1.52652
1.69799 -0.0054121
5.91703 -5.01318
1.4685 -1.90945
8.97349 -2.21829
-1.44881 5.87789
-10.664 -0.984606
-3.93487 0.309584
-7.95602 7.27425
-4.32427 -0.676676
5.58579 -10.5858
0.0552637 -6.35574
-3.97875 -2.25313
0.982246 -10.5174
0.404927 -1.3438
10.5988 21.8214
-5.64775 0.885028
1.34645 13.5001
-4.2316 -4.67384
10.5561 8.41523
1.69675 3.20838
-3.10722 3.8226
9.09248 -1.20093
2.45337 4.28248
-1.01035 4.43715
-0.726079 3.49411
1.10915 -9.56402
-1.84695 6.17247
-6.32771 -3.32086
-1.21281 0.498432
2.93023 2.2605
-8.16308 1.91657
-4.02334 -0.462112
3.59093 2.2833
8.35027 0.564663
2 -1
1.4766 -3.53223
5.59424 7.5534
-3.2934 5.5901
-0.86208 -0.786918
4.97689 -2.14315
-8.36381 2.9478
-5.3834 2.60168
0.0703162 5.39727
5.61452 3.02698
2.87675 -7.87138
-9.5018 -6.45154
5.16604 5.93127
8.29952 6.88698
2.74934 -0.115123
-2.1187 2.97112
5.90182 1.37555
-8.04408 -0.394597
3.39745 3.69649
-3.47781 -3.43958
6.34551 14.213
0.475748 5.58695
0.351645 -25.9052
6.84782 1.02152
3.7286 -8.48125
6.65685 -3.65685
-7.74405 -3.62863
-6.42764 -1.11923
-3.42045 -2.79908
-7.89141 -5.11079
-8.97532 -7.52488
5.3457 0.473132
-0.783143 0.86476
3.00478 4.66186
6.18428 1.271
-8.44642 -1.01827
3.04701 -9.0076
-3.12228 -1.59598
-5.66221 0.169473
-1.30588 0.75631
-5.53862 3.43767
2.71749 8.33998
-4.52944 -7.43711
-0.0170353 8.29904
5.28521 5.58309
3.39236 7.96878
6.04913 10.5126
4.03615 -1.16815
0.908773 -2.93538
10.367 1.52582
0 1
3.21772 -5.45948
-0.365161 -1.40956
1.44207 4.33599
-1.67404 6.49351
-0.00525089 0.671521
-1.68358 1.22534
-0.923431 1.15155
-3.70279 5.39774
-3.97243 -10.7847
-1.78646 5.83392
15.3967 -0.0780446
-1.74493 -2.60397
-0.751592 -6.82388
-11.4742 -12.6302
5.72332 -2.78846
-1.91017 8.93681
3.67719 8.24198
-0.492964 -10.3582
-1.16708 -9.93014
-15.0247 2.43471
-8.98385 3.57059
-3.39053 29.2208
15.5345 -4.01502
-3.00824 7.54619
8.41421 -13.4142
-11.1487 -3.01824
1.87584 3.16334
-23.501 26.1546
16.1313 17.8281
20.1592 3.94424
-10.6102 -8.48643
-11.6539 2.56766
-23.5186 -15.8843
-29.2928 33.8327
33.4688 14.8438
3.05245 -16.452
6.84263 -69.8215
1.62495 -18.8191
-40.8218 33.6906
27.7757 -21.6352
-44.2576 -69.8149
-53.6387 1.93103
-127.069 -74.5644
-23.3385 203.352
-65.6371 -100.157
194.212 -10.5777
196.939 -363.792
256.497 -246.796
336.723 -3089.13
