18249 20878
-251.594 -7298.2
268.824 408.322
76.8221 -399.995
194.49 73.5688
108.108 -336.909
152.957 -65.8668
84.0184 -75.499
11.2459 -113.288
37.2156 -31.7795
-25.2455 -87.6466
18.268 9.08144
0.0370533 32.5837
3.83013 37.3145
-14.7182 -3.88291
-25.8336 -10.221
-24.8184 -4.77
-16.8546 -8.42781
-27.8803 -10.0111
-25.0697 -6.27813
1.893 -1.19572
-33.263 0.898836
4.61454 -14.3803
-4.9075 -28.3319
-13.9148 -16.652
1.41421 -6.17157
0.423111 6.58514
10.6102 -0.181114
-3.9289 2.97149
3.82008 4.74692
-0.32077 2.12049
-5.71991 -0.902777
3.13858 4.11466
-5.2273 12.8395
-6.72333 -6.26368
-2.42411 0.933418
-3.12763 5.05384
1.03422 4.44331
-4.92258 -5.29708
-3.16189 17.6595
-1.15688 -3.24082
4.69723 -7.32493
-2.67053 -10.5778
-10.0181 -1.09164
-8.4643 7.98356
-5.36685 -2.38871
-7.87444 9.82102
-4.72793 3.52144
-0.418741 6.07357
2.13548 -1.13012
-3 6
5.11568 -0.0122776
3.56392 1.52523
7.85993 7.11748
4.57381 2.20092
0.831011 -1.63171
-3.63742 5.00876
5.80472 6.41574
-1.81956 -0.997198
-4.14392 -5.93508
4.7518 3.39149
3.99481 1.33738
9.3463 1.23954
1.61814 4.32096
-6.02586 -2.9033
-5.27331 -2.83242
0.947257 -0.899713
3.52187 3.51499
5.20916 0.477849
-1.11877 2.71103
3.14043 7.63029
4.32722 4.53838
-0.223877 2.38462
8.87905 1.05867
-2.21725 -2.97788
-1.41421 -1.82843
0.537426 -3.10877
1.76119 -1.35959
-0.806876 -6.04292
1.15685 -6.50542
2.98131 -11.2284
2.36438 5.26121
-0.192646 32.1288
-0.62201 -1.09093
0.96018 6.75947
-2.62094 0.897672
-6.19183 8.91684
-3.26552 3.27425
1.07256 -1.24392
-1.19609 -1.70926
0.829073 2.16128
5.71952 7.79218
-2.93031 1.54793
-2.78877 -3.48202
-8.5852 -3.67987
2.85283 4.1061
-1.89685 -1.35308
7.41232 -3.36468
1.56242 3.90846
-0.702124 -1.61504
5 -2
-4.2265 -7.82432
-0.239213 0.858165
1.30574 3.06191
0.782999 10.2476
1.65875 4.76789
-2.05505 3.99754
-5.22414 1.81439
-3.65817 -6.7641
-0.942712 -5.37706
-1.62268 -7.83679
-2.17533 9.67902
1.30228 4.63873
-1.80872 0.519826
-5.86865 -0.860841
1.90255 12.0484
3.61185 3.24899
1.51912 -1.73021
-3.60397 4.98517
-0.630602 -3.45001
2.25476 -21.188
3.78458 11.5315
2.34505 -0.0610739
2.04712 8.96642
1.11613 0.0120845
-1.41421 -11.8284
-0.064655 -1.21092
7.5394 -10.2389
-1.72693 -9.61425
0.887955 -5.62196
1.37972 -2.73474
-4.29177 -1.57307
0.379365 1.25506
1.08277 5.25222
-0.281626 3.4527
-0.477671 2.85212
-8.44217 0.578735
0.0373346 -4.51643
-0.195379 0.397492
3.00781 5.26761
0.776062 4.84458
-4.14664 4.69022
-7.34866 4.948
2.082 -1.55638
-4.42264 2.72024
0.321117 3.06111
6.29801 2.95113
3.7021 -6.91553
3.61189 -4.99778
1.10043 -2.67918
-3 -10
-2.03475 -6.92156
-0.541386 -6.50701
-4.90201 1.43129
-4.63977 -3.86586
-4.42762 2.33122
-4.69517 9.37143
-6.96943 0.7306
5.527 -3.32675
6.8037 3.24215
1.92081 -2.34277
-4.87737 4.9301
-0.206532 11.4819
7.0311 -10.8214
2.42735 -1.12146
3.72007 5.52316
-6.21351 0.211785
1.87303 -6.41324
1.8307 -2.60753
0.0971857 7.26084
1.03669 2.22003
11.6624 5.61807
0.739098 -2.57612
6.59095 -4.73787
0.841853 -3.88884
1.41421 3.82843
6.65785 6.11034
7.89177 3.42487
16.1353 -5.53364
-26.6228 -17.0264
12.5791 4.95965
9.71571 2.8889
-11.7152 3.00793
18.4838 -15.1683
-19.4549 0.734154
19.4528 -4.11937
6.10594 -12.377
31.7172 -43.6943
5.90299 -27.7608
26.8304 54.7624
26.803 98.086
56.5174 91.5183
54.4931 26.3278
34.646 81.9711
151.828 -60.3465
27.5766 197.581
79.2183 -260.03
-165.077 -374.274
-55.2941 -297.066
-261.633 -3091.65
