17452 22086
-1793.99 -6548.51
311.702 330.802
-193.018 -321.949
51.6429 -148.267
-215.253 -249.856
-46.4558 -130.875
-82.6987 -65.2779
-92.8617 37.7953
-30.0184 -25.9142
-44.2347 58.0969
5.15879 1.35333
-9.31232 19.5203
-22.6584 -39.6591
-6.71169 -12.772
42.8987 -2.5372
1.49325 -19.8946
27.4636 -23.3112
-6.69985 -27.2348
-0.882814 -12.9366
-6.48401 -14.9279
-0.561269 -10.0939
7.91065 -7.53425
21.4054 -14.0461
-7.35353 -7.8182
-4.17157 1.82843
-18.9607 2.57781
-6.89251 9.8757
1.69172 -2.89161
0.513856 -2.54205
7.40072 -9.06921
9.52451 0.390354
10.5732 -6.6616
0.558814 -11.2818
4.92774 -0.65036
-7.17605 3.81083
0.505864 0.618563
7.45512 -4.14455
5.4543 -1.27886
-2.18567 1.52968
-3.65156 -6.31906
-1.33171 9.46948
-2.61107 -1.04353
-6.53701 4.41527
-2.14723 -0.895985
-4.69306 0.0403705
-1.52429 3.70408
-5.73784 -4.05
-1.85821 2.33845
-7.57253 -6.12823
10 8
-2.53956 2.68864
2.33875 1.82913
1.03082 -10.0162
-0.297909 -5.89421
-0.156497 -11.7007
-9.00349 -0.611628
5.01147 20.0803
-4.93815 -5.17176
-0.955647 8.92639
-2.7102 1.26043
3.29413 8.82382
-4.50974 7.2783
8.80778 -2.02054
3.95825 -1.41775
3.14738 1.87668
1.52753 -4.06373
-0.921394 0.471466
-2.03003 -0.813208
-0.128288 2.13612
1.37637 -4.75045
0.602564 5.46862
-1.46158 -0.25156
-2.6448 -1.11603
1.52242 4.35714
-5.24264 5.72792
3.53064 1.47528
-0.189966 -3.66842
-6.36714 -0.804453
-5.57341 3.23986
2.41695 0.0269665
-1.01139 7.15391
2.91053 -3.27596
0.942656 -2.9471
4.89798 4.39864
-0.460653 3.78582
-1.4644 -1.80185
3.31384 -2.99878
-1.41469 3.74085
5.15803 11.4257
4.11013 1.97202
2.03135 2.56549
-1.4196 5.62372
-4.85607 4.16425
-2.37134 1.17372
-1.35724 2.20478
4.30312 0.903394
-2.49805 -10.4071
1.67556 2.29027
5.55177 3.13691
-2 4
8.34563 0.753785
2.36603 -0.642669
0.843726 6.41775
-0.52794 -0.19182
0.974745 7.62793
-6.02638 3.24295
1.66304 3.10537
-0.0170578 2.06208
1.42577 1.74973
2.01695 0.290175
-2.99574 4.33307
2.99529 1.69526
0.156699 -11.6241
2.15372 5.77814
-5.78174 -5.817
2.80387 -5.17261
1.56399 7.58223
-0.587025 5.05166
-2.00871 4.48163
-2.56285 2.82714
-0.254373 -6.31303
-0.815536 4.00909
2.95542 2.59689
-0.0667009 -2.05545
-9.82843 -3.82843
3.64825 -0.161906
4.00637 -0.589158
3.86009 -1.07655
4.67252 -1.02399
-0.770238 5.9656
1.35656 2.1218
-7.86358 3.33284
1.78129 2.84018
3.71994 7.17609
9.97397 4.58594
4.65885 -0.566609
-0.113645 -6.07509
-6.2205 -3.29485
0.609772 1.13224
6.80037 1.53794
-6.96764 -3.2618
-6.50783 -1.38834
-3.02431 16.8861
-3.72558 5.49025
-1.88732 -24.2678
-2.05038 5.76791
-4.32457 -3.07804
-0.503602 -7.58044
1.93567 -8.22256
4 -10
-4.40069 -0.0549189
-6.6722 1.56434
0.407935 6.58128
-0.260627 1.71439
-7.99401 -4.3273
2.70851 3.85881
-8.27403 -7.18247
5.38005 -2.54659
-1.21786 -4.73278
-3.20254 2.46496
6.61135 -4.73373
1.8238 -4.26006
12.0657 -5.72801
-10.6891 -12.065
-4.36592 -13.8851
5.67696 -2.62217
4.5574 5.85178
6.95122 0.661197
7.32133 11.0431
0.89485 -4.03448
1.98368 6.20755
-2.78196 10.0188
-3.61825 -10.4265
-10.7445 -4.94319
3.24264 -19.7279
1.43219 3.66009
18.0734 29.4024
4.97625 -10.7389
-1.83545 5.9709
-0.606159 -6.87045
7.06523 13.5169
9.95742 6.37453
5.01052 4.59081
-6.24326 -11.1843
-13.4617 -3.32154
-2.72207 4.55282
-38.9423 32.6881
5.00411 -45.0277
-21.2975 -31.2851
-64.794 -36.4705
-78.9117 -4.78014
-54.1033 6.82545
-94.1317 53.3989
98.0853 124.641
-138.407 107.781
166.707 -112.969
92.2697 -373.183
243.428 -397.493
113.213 -2625.26
