16892 20866
-129.929 -7120.93
109.6 339.202
93.9435 -485.06
156.082 115.097
73.5099 -336.007
121.512 -94.3663
95.9089 -66.9866
28.8759 -129.016
10.6138 -57.189
-52.335 -78.9245
19.7743 -45.6115
-26.5669 -22.9936
-9.85818 33.2584
-13.3709 18.3646
-6.15824 2.0385
2.35321 -14.3969
-15.3499 -11.1829
-34.9943 4.71617
-34.2587 8.18859
17.4787 16.6699
19.6369 9.0934
0.83338 2.13261
-16.0436 -5.70882
-7.67268 -7.8634
-7.70711 5.87868
-16.3573 3.65077
5.53143 -7.827
-11.5105 -0.592044
-1.58049 -6.67016
-9.27253 -0.200263
-1.43055 -0.366147
-3.32218 -5.77724
3.20242 -6.85971
9.40556 5.15781
-8.69756 11.5751
-4.26392 -4.38619
2.34943 8.48818
-4.23402 -2.91585
1.7272 -8.79527
3.28115 4.21644
-1.96247 -1.92997
-1.57157 6.54867
-1.26452 9.06026
-4.27392 2.12914
-0.142336 -4.54886
-3.24046 -3.42326
-3.0025 2.46697
1.30086 2.16437
2.05812 8.81076
-5 -5
0.276563 -2.97792
0.690988 -6.12775
6.03884 -2.87351
1.09479 -3.44943
-2.25487 12.9279
5.02663 0.134999
-3.34522 2.7286
-4.76368 7.75776
-0.674368 2.31021
-1.35414 -2.93121
5.54365 2.62012
2.3726 5.0835
-0.29693 4.25156
-0.715143 0.0750408
-0.149816 7.37002
4.83782 1.92626
6.3787 -2.05662
-0.959175 -0.101404
4.65072 -3.16636
-5.01927 -6.48665
-0.105258 4.9592
0.371823 -6.10294
2.8595 2.4693
1.82225 26.3333
-1.22183 0.949747
-3.22284 5.60115
7.25952 -0.646834
1.41328 4.51658
1.49524 2.49592
-6.78115 4.3022
2.50827 4.18842
2.00914 -2.15346
3.53501 -2.69056
1.02437 0.901471
-1.8913 0.640608
1.0217 0.822512
0.565877 2.58967
2.51738 2.26595
-3.98322 -1.58237
-8.96993 4.00148
5.39892 5.85084
2.99604 -2.68561
-3.35826 -4.62052
-4.28108 -6.05279
2.70771 -1.89438
2.09264 1.60403
0.924008 2.94206
1.73453 0.39721
2.4551 -8.31035
-4 0
-0.433466 5.67835
3.66345 -3.80333
-0.428444 -1.83197
1.22753 -1.65638
0.6298 -0.568516
-1.62499 2.74381
-4.3242 -0.61719
1.58418 0.448723
4.80153 6.56358
-12.5398 -8.01512
-1.84729 6.07971
4.13779 8.58496
5.03773 3.6393
-0.0872465 5.64901
-4.55137 -4.46162
-1.87425 -2.01393
2.51348 1.14709
3.94941 10.3429
-3.76159 2.89653
-6.78115 -2.3022
-3.01101 0.990802
1.32393 -2.75924
2.1293 3.8679
-0.303073 4.20872
-6.29289 10.1213
2.21953 8.03054
1.54907 4.00592
1.13852 -29.7267
-6.6492 3.23182
-0.404582 -8.32819
7.2802 -1.84105
3.65994 -5.77381
2.39679 1.04267
3.34371 0.0705348
-4.23216 -7.76187
1.19451 -2.03804
2.17607 -5.94075
-1.3828 -5.0697
1.67116 -0.337833
-9.86064 6.75087
0.203926 5.68383
-5.52553 -1.18974
-1.32918 8.22454
-0.0474005 -7.30782
-0.69242 6.59956
3.27728 3.37872
2.35176 -10.9109
0.900342 -2.16543
-2.09999 -1.56011
-3 3
2.04903 -8.54206
11.0744 -1.46836
-3.90921 1.05559
-4.74831 -6.08486
0.304449 -4.12318
-4.69405 -2.4942
-2.45035 -3.91343
-2.54923 1.42642
4.20188 6.7492
3.28115 -2.21644
7.67474 3.51581
-4.94541 3.78051
7.8912 2.23862
-0.800842 1.48194
-1.89911 -2.84069
12.4288 3.17388
5.6442 12.433
-3.42446 8.41166
-5.97878 -2.83996
1.70953 -1.74882
-3.18982 11.2691
-4.50695 2.10505
2.34096 4.9175
-1.1789 2.45283
-16.7782 -8.94975
7.3308 -5.09116
-5.54745 -5.26355
9.89968 5.0069
21.5609 -3.40424
22.736 9.51046
-9.37338 2.82986
-12.3568 -18.9074
48.2896 -0.667292
28.3082 3.17087
14.6353 -26.6452
-27.5201 -42.8014
-10.5044 -39.6655
-14.2717 21.8778
24.9487 86.195
-15.1684 61.702
10.4736 63.4589
108.232 39.0334
57.8621 31.7835
119.085 -67.3798
-69.118 119.7
60.31 -259.517
-88.7816 -355.708
187.884 -272.309
-109.621 -2979.19
