14209 21749
-338.589 -6175.95
632.593 412.603
80.528 -390.789
268.666 -76.7035
20.6209 -197.358
63.7001 -83.6383
85.4106 -109.885
-27.7889 -64.0087
-38.8605 -93.711
-64.934 41.6873
-18.7722 13.0991
-25.2143 -3.62858
8.79613 -8.21936
-36.7574 -12.8466
-33.7089 -16.7484
-31.7404 -21.5894
-3.74688 -9.32932
1.40802 0.459061
-7.75343 -15.1659
-11.5157 -15.1578
21.1192 3.83418
-3.97871 8.98109
-5.36783 5.52778
-15.0031 -3.74156
13.6569 -4.82843
-6.21067 -14.3414
-2.84026 7.7037
-5.30081 25.4474
-9.48128 -2.14935
5.13043 1.04528
-10.1526 6.60187
-6.95096 2.54218
-4.86561 1.10284
1.34997 -4.0966
-3.69751 5.94108
3.43037 -1.35804
-3.98355 -4.45398
6.80607 -5.34959
0.885785 1.24323
-3.22982 -0.312876
-2.29721 4.22526
-3.73799 -1.88722
3.73231 1.51079
-1.62795 5.74896
-7.40282 0.164007
-4.27873 -8.96202
0.215493 2.94585
-4.49606 5.65445
-3.22432 -1.59553
-5 5
-0.299014 8.23378
0.164628 2.91762
5.0258 3.62993
0.787826 2.20691
-4.28828 -13.3218
-1.22636 1.4917
1.24937 -1.3282
4.54182 0.705036
-2.49764 -3.26281
4.30937 1.08814
1.09133 3.90768
-4.06631 6.97002
0.439836 0.943957
-2.69055 -0.821509
-1.93962 -5.06713
2.23054 -3.44507
4.93506 4.49022
-3.579 -1.48978
1.25785 -2.10526
-10.9845 -2.86494
3.17566 -2.66181
1.14135 -5.34672
1.54147 1.35984
3.43809 -4.69799
6.34315 -5.65685
-0.400634 -3.95102
3.54064 1.22745
-5.32538 -5.26736
-2.27363 1.32253
-2.44575 -5.14828
-0.134169 1.20044
6.76922 8.06476
0.820073 1.11709
-3.36058 0.388677
3.86931 -2.54237
-5.41756 2.29653
4.60064 3.28009
-0.267108 -4.39523
3.62703 2.42438
2.77499 0.673368
6.763 -3.20746
6.20784 3.87429
3.44638 3.58577
-2.49222 0.20281
4.61799 3.96057
-0.0968757 0.0711675
-1.96022 2.22132
1.65139 2.28703
-4.22557 4.61581
-7 1
-4.00551 3.09326
-1.41066 3.47817
-2.69054 1.9165
-4.21499 1.13022
2.34818 2.86762
-5.7708 6.145
1.67749 9.80601
9.06883 2.16086
0.582714 -10.1938
0.149536 -0.367221
-6.771 -0.820988
3.08092 4.69245
-1.40146 -5.95767
-5.097 -3.38626
-1.49626 7.0956
-1.14116 -4.90127
-3.30635 -3.94757
-0.992095 -3.82906
-8.19156 1.59201
-3.17229 -6.32385
1.43198 2.04279
-0.995934 -5.24059
2.56422 -2.7607
0.0937312 -1.50333
2.34315 0.828427
5.87178 -0.663642
-0.0780425 -1.55958
5.67975 -1.05909
3.08328 -1.12374
-4.41244 -2.0254
2.48098 1.40067
-3.57506 -11.0405
-2.42276 -2.77961
1.93885 -1.2152
0.722303 9.23958
4.18495 8.40865
1.75632 1.00828
-0.519296 -4.0011
3.86818 -0.678419
6.489 2.0922
-2.80061 0.604045
3.63569 1.48428
3.68131 -0.858469
-1.68902 0.820915
-1.85804 -6.53247
1.08604 1.55565
4.77671 10.2707
-5.91432 -3.12363
-6.76572 -0.774903
-5 1
-2.37804 4.30439
-1.03624 1.6455
1.36572 3.85379
2.85133 12.0163
-3.06652 2.36929
-0.852243 -4.66799
2.63832 2.27276
-4.32753 0.367945
3.08724 5.73673
-0.152141 -2.21499
8.43405 5.94178
4.92131 -1.4643
-4.66098 -2.70611
-3.59954 -0.970173
2.64055 -0.0867312
1.87768 0.833297
5.8446 0.0883812
-4.01992 2.83487
10.7282 -1.48141
11.5715 -0.335284
3.35977 0.692912
-3.37821 13.3031
12.9436 -6.5236
2.5154 -31.1317
17.6569 5.65685
-7.0174 -9.77932
-0.127717 -0.429676
8.60598 -28.8206
12.4515 -9.15585
-2.28266 -4.02259
-7.14364 14.8402
18.1762 -31.0822
-5.12912 -0.682657
-3.31779 7.82883
-4.27844 12.5554
25.338 -23.8214
29.8686 -36.8336
22.4627 -36.0601
-29.3002 -40.8161
0.704566 -23.8131
-28.8314 88.0114
72.4687 63.6206
72.9943 48.4619
110.547 81.3668
-13.0829 21.4641
232.849 35.557
-82.2374 -387.965
298.737 -242.835
-272.254 -2275.43
