15674 21876
-1315.51 -6212.36
523.498 340.323
-147.705 -393.516
86.0165 -181.074
-154.156 -123.157
-19.2555 -27.6516
-93.0445 19.1248
-57.2467 66.0229
-5.35986 -44.4501
61.1982 12.162
-6.58584 -23.1865
15.732 17.6426
5.77055 -18.9846
-7.77481 -43.2748
-20.9792 -52.9454
-10.2536 -19.8442
-28.1564 -3.45783
-6.14736 27.3434
-9.46364 -28.7498
-22.4806 -13.0435
-27.2866 -5.59512
-0.0644098 5.99545
4.66722 -2.16965
-13.8118 1.19233
-9.24264 -14.0711
14.526 -8.20756
-0.341022 -17.0259
-6.8318 -0.669492
-5.58129 -3.05318
-0.0574138 1.34165
-13.7144 -11.8993
-1.17615 -7.83823
3.72365 -12.8721
-2.80321 0.30815
-6.47427 -12.7158
-2.15223 0.764734
3.26725 16.7168
-6.15922 -4.63044
-2.99815 2.16815
-9.92168 11.5637
6.95318 -3.36167
-0.0340234 9.71811
10.0953 0.195329
7.97469 -10.5725
-3.76194 5.88602
2.40881 3.91326
1.04212 -3.22531
1.322 4.32693
-3.34644 -1.28158
-2 14
3.41373 5.35975
-0.803733 7.50373
-7.71824 -0.30663
4.5665 -1.14469
1.85239 -3.71081
-1.45594 1.47372
7.83184 11.2999
0.423992 0.720079
6.22882 2.81876
6.52504 4.57987
-2.93959 -3.11199
-3.62983 -2.37733
-3.59373 3.22005
11.282 2.2151
6.76312 6.91916
-0.175828 2.53363
8.67183 -0.674879
2.83235 3.3913
-0.176111 8.35025
-0.122926 3.69279
3.52586 5.2949
2.88716 -3.86129
2.994 -11.896
2.30295 7.30556
-5.58579 -0.414214
-3.44391 2.79481
-2.98485 -0.251946
2.16455 -2.82899
1.57326 -1.42599
2.85613 -0.459328
3.43108 -0.0769755
-1.12135 2.64863
-0.201796 -2.38223
0.114931 5.00885
-2.2634 0.045078
2.30815 -3.55747
-3.69641 3.45555
0.886924 2.47388
-0.0238377 -3.01968
3.34279 5.10854
-3.68346 6.92257
0.17683 -1.24783
5.67918 -4.6755
6.21319 -5.20057
0.902444 -5.20701
-2.83037 -3.91589
2.65598 -3.18683
-0.107706 -2.38818
-3.92337 -0.85575
-6 0
-9.96659 -4.32582
-0.917923 2.92024
-3.37767 1.29201
-0.208781 0.0919775
-2.32302 -6.19039
1.14326 -3.79268
2.84911 -3.16777
-2.77881 2.74673
-2.34892 12.7366
-5.97585 -10.1151
-0.79773 1.14204
-6.11868 0.251954
7.06818 2.21349
-0.438246 5.95012
0.802708 -4.87952
-0.73145 -3.93448
-1.03895 1.003
0.709476 2.18573
-0.615594 0.874547
1.85207 -0.630842
4.44712 -4.41151
2.48174 3.09433
2.525 -1.44051
0.010616 -0.124134
-0.757359 0.0710678
3.14899 -8.45568
4.94299 -4.75818
1.15854 6.67621
8.93173 13.146
-3.37689 -2.42892
-1.46884 1.04134
3.15234 0.468511
6.31875 5.39974
2.37769 -2.70441
6.13602 3.23579
7.33217 -0.720892
1.25176 -1.482
-12.1501 -0.374234
0.136596 1.93641
2.6553 3.5103
1.82787 3.06966
0.173104 0.451867
5.4895 -0.15432
1.81473 0.156679
6.979 0.739856
-2.63376 2.24561
-4.06337 -0.195442
-3.1035 -6.52234
4.70862 -17.9099
-2 -6
-6.83624 -1.22299
8.11626 0.775024
6.62145 3.64345
2.31846 0.0838776
-0.266304 2.19583
8.80302 20.2234
16.6134 1.49927
3.70523 -2.26238
8.06506 5.40764
1.21348 -1.47355
1.13733 -0.737389
3.0401 13.6748
-4.1513 23.4569
4.77438 3.44008
-10.9848 -31.4849
8.4996 -1.91964
4.71494 -1.99681
6.01432 2.34873
-7.13854 -7.83256
0.835873 -13.8416
-2.7941 -8.66299
-15.7813 6.64391
-15.2089 5.9496
6.99076 11.3481
-8.41421 2.41421
3.19569 4.44777
14.2792 -9.94803
10.3543 -1.32533
-4.4833 -9.18693
9.30028 9.95335
16.9145 8.20222
5.61667 -37.1422
-12.9748 -34.5399
23.1983 -1.2769
9.74742 -8.75794
3.05115 -7.75496
-1.07863 -41.6278
0.602211 -33.7768
-18.0325 -25.5873
28.1562 -13.9193
-45.701 -48.106
-94.106 -64.9957
-138.142 -101.095
-22.5287 92.8937
-107.974 2.02694
115.437 137.293
168.535 -267.959
443.919 -208.664
499.352 -2323.54
