14953 21045
-2194.1 -6189.59
665.511 220.815
-223.856 -314.514
101.304 -300.493
-333.116 -146.854
-75.2826 -66.6901
-125.778 37.5349
-42.3839 73.3693
-28.9731 11.0264
-9.19717 -21.1264
-39.1216 4.43135
43.7133 -27.7889
-25.0947 42.0064
33.7066 2.8845
12.1145 -34.195
-7.37719 -34.1572
-30.7195 -34.5493
-4.38037 -26.7834
-4.78047 -2.53394
-21.0513 -24.6274
-13.8934 14.5192
-9.54968 -10.7749
-13.8149 6.61326
-1.37777 -1.54158
-10.6569 3
-11.6144 1.33458
-11.4855 1.50771
-4.44212 -5.70794
-5.45103 -11.0184
-4.14399 -11.8683
7.9817 4.08361
-4.12074 4.09791
-0.972317 -2.10702
-4.28984 3.13806
-4.39609 1.21917
-3.39342 -2.11385
0.543391 -9.54716
2.59442 -4.89785
-0.987762 -2.32105
-8.46001 7.99994
3.76834 -2.30959
-6.3772 -0.0511389
2.89356 0.356799
-2.32896 -6.0064
-0.873135 5.37477
3.2456 13.2499
-0.928635 -5.50218
0.0616083 -0.123119
-0.548002 -18.2163
-3 -5
-6.77949 -5.78985
-9.7928 3.43882
0.56228 3.72134
-3.83337 3.93863
1.10717 -2.83887
2.68395 -0.288924
3.69357 -10.2246
2.57494 2.58265
0.841194 26.0957
-0.303926 -0.238317
6.28272 6.54342
-4.91383 6.60707
1.42174 4.06046
-2.85578 4.26135
0.692641 -3.13915
1.05145 -5.44095
-6.29189 8.89585
-4.74862 -0.0523558
5.94882 -5.76882
-2.7314 1.34046
-1.33929 4.38976
-7.442 -0.73242
-2.29497 2.52937
-1.8548 1.94151
3.58579 5.10051
1.50889 1.80793
2.06264 -1.59892
0.507727 4.40299
-4.20511 -4.15992
7.8152 0.506564
4.5137 -7.76118
1.94292 -5.44864
2.79441 -1.42101
2.5258 2.16862
4.36367 11.5419
-5.62125 -3.22638
2.22999 3.03332
-1.23321 0.64588
-3.27199 2.85118
1.48897 -1.76219
2.04358 2.72791
-3.11421 -0.924269
1.56382 -3.19872
0.537188 2.03169
2.50624 -3.61805
1.03501 0.658851
-0.307972 -0.903406
-0.900243 -5.85836
-5.66774 1.67707
11 -1
4.07656 4.21042
-1.85596 2.24465
7.02481 -2.72368
-2.20019 3.73043
4.59621 7.76475
3.84725 9.32591
-3.34129 3.6819
-1.49701 -0.809022
-0.576365 0.23458
0.973406 -3.30319
-5.94762 -7.3202
3.82374 -0.199922
2.73421 0.142311
-0.466826 0.573224
-8.40594 1.86054
-2.41419 -2.73544
-1.44454 -15.8402
-2.52973 2.9667
-1.73155 -1.48207
-2.87093 -2.74263
-7.49812 -0.220491
2.1614 1.86849
-1.28151 3.93763
2.17799 7.34733
0.656854 3
0.106051 5.75243
-8.16573 1.00585
-4.33309 1.59195
-2.31458 -1.87263
4.84197 -0.715152
1.76752 7.49286
-2.01063 0.268156
-0.570918 -1.9253
5.99691 -0.934189
0.284238 2.82352
-5.91423 -4.60082
1.79798 9.93433
-2.44499 -3.55049
2.24428 -2.41705
-4.27967 -0.581343
-0.213168 13.8055
4.21807 0.0851015
-2.04206 -24.4027
6.02469 2.8509
-1.20046 -4.13158
5.02261 -6.87961
-5.02824 -8.88165
-10.3825 -2.09008
-2.40138 0.1224
-1 5
-0.757678 5.44282
-4.06106 -4.91597
-4.18321 -2.62988
9.03741 -8.30269
-2.45965 -5.59849
4.596 5.79397
2.80543 -1.15506
-5.23875 -5.05674
-1.75777 3.58535
-4.48427 -5.76388
1.03102 1.38365
3.14025 3.13062
-8.47955 -0.0291083
-6.11491 0.684117
2.19218 0.368726
7.88399 -7.86287
-0.186833 -2.08945
2.77101 -3.97614
3.36305 11.0989
0.866232 13.6037
-1.12343 10.1483
-2.7474 -4.70272
3.27536 -8.57453
-13.5426 -7.06157
6.41421 24.8995
18.1004 -5.60745
7.4218 -4.65258
11.5427 3.01662
3.72909 -11.2064
-10.3651 1.44711
8.65382 -22.3972
-26.6657 -14.0569
-12.7819 9.60592
-3.67622 -8.84655
33.3452 -16.9255
-6.77542 -32.3069
-44.4931 -34.6524
8.21868 38.9914
-4.97636 -12.6298
-48.098 -16.1689
-33.7327 -77.6828
-117.525 -46.2164
-100.937 -74.6375
-36.7283 136.896
-50.7505 -29.6528
138.942 92.9238
216.639 -390.803
220.237 -173.602
330.915 -2751.18
