20215 21868
-1857.46 -6605.06
381.458 398.244
-122.469 -417.403
-14.1243 -112.896
-290.43 -199.011
-78.9364 -93.8021
-89.0472 -23.8894
-118.857 40.572
-9.94824 12.0866
-22.2221 44.5385
38.5425 -24.379
-12.0007 -1.33518
-25.9237 -33.6632
-13.8164 -10.1162
8.61599 -29.1699
8.95909 -49.83
5.43504 -14.4001
-3.94815 -10.5803
-0.438974 -6.59811
-15.946 -6.50895
-0.249146 -13.4038
-10.9043 -10.1242
-15.2572 3.27258
1.03737 5.77343
6.65685 7.89949
3.70625 -5.30023
-14.3521 11.2828
0.373337 4.91596
2.9783 11.3214
1.80983 -4.43817
1.14376 -4.08347
0.348686 -10.3655
-1.87537 -4.90536
6.50505 -0.345928
3.88013 -1.37623
-0.48012 1.82748
-0.680485 2.33581
-10.6774 -7.35888
-6.56945 -0.97393
1.54508 6.69479
7.4434 1.58949
2.97436 3.70444
-11.1476 3.91266
2.38463 1.35238
0.415536 -6.60709
-3.03324 9.81421
-4.16694 4.8786
-5.75035 -6.34098
0.925786 -6.42217
3 -2
3.64984 -7.81524
-11.2286 -1.68249
-10.7859 0.884438
-8.76793 1.52512
-4.87705 5.50837
-1.08713 -2.11035
-0.404314 3.4524
1.01206 3.89854
9.95686 -4.32537
-0.513548 -2.45872
-3.27022 -11.1869
-7.06009 4.73561
9.7268 24.6688
-2.58323 -3.4396
1.00832 10.7282
1.44434 -0.204955
3.06732 6.0958
-3.74173 0.258637
3.57259 2.1573
9.93282 -4.20115
1.98204 -0.525415
3.42752 -1.25641
3.08038 -6.24163
0.327183 -4.89037
-0.656854 1.07107
-1.72852 -0.314932
3.4189 10.2684
-1.01814 -1.16356
1.74779 0.172391
-4.04508 6.27288
6.32402 -1.65295
4.39379 -1.95886
7.64156 1.78031
11.5978 -0.77564
2.25379 0.500012
2.6378 -1.10886
-0.860874 3.56145
5.62202 0.518972
3.51062 -2.93658
-1.57632 -1.17777
3.54008 -5.05526
-1.15084 1.71801
1.25138 -0.322277
-4.13888 5.32058
-5.98484 7.28646
-2.81817 -2.33499
3.35898 -1.8976
1.40572 3.25318
0.267908 -0.550039
3 4
1.22192 -1.15633
1.77387 -2.84367
-0.387593 -5.0028
-0.213118 2.63617
-2.45564 0.128593
0.0618802 -3.92677
-0.111427 2.33759
2.15377 0.670606
9.25698 -0.0732588
1.83345 -3.09568
-0.355879 5.58491
3.30607 -4.39774
4.75077 2.98688
5.97857 0.647848
1.85009 2.14723
5.03471 0.213396
5.74049 -3.84686
-0.58219 3.80837
-1.8665 -2.57315
-4.04508 4.19925
0.209552 3.23319
4.23044 1.66423
-8.55626 7.7049
-0.265687 4.50228
-4.65685 -11.8995
5.20416 4.46015
0.0110198 0.8153
5.00489 -4.70242
1.33818 -4.8605
2.83608 2.27883
-2.4335 2.0857
-3.84207 0.675883
5.47331 -0.51224
-4.521 2.20949
-11.4871 6.66442
-5.7752 10.9886
6.04248 12.0877
-4.96611 -1.86979
-10.4999 -25.2288
8.54799 9.40299
6.21836 -3.06319
5.70782 -2.22979
-6.88165 2.53473
8.00462 -0.892444
-5.58278 -11.5498
-8.29137 -7.92887
-9.37705 -2.23781
-0.26934 1.48208
9.1796 1.86901
-1 2
-6.56366 -0.355558
-0.83776 4.03751
3.64551 1.46215
2.08803 -13.2224
3.66396 11.6871
5.77914 0.279607
-1.29687 -10.0017
2.93917 -3.45484
8.0543 -4.37027
1.54508 -5.16692
-1.56114 -5.03608
-0.366491 5.30669
0.851396 -5.40034
3.38105 -2.89101
-1.07516 5.95176
3.26538 -4.95172
-3.5401 -3.29365
2.83152 4.83834
10.0665 2.48835
-2.03771 -3.63951
-4.40869 -7.24102
-5.34637 -4.15817
-2.59758 -6.11299
9.85226 -0.194714
10.6569 -13.0711
-8.41697 -15.2523
-1.03172 -2.38686
-4.21771 8.8547
16.3368 8.07664
-5.0884 -4.43532
13.0087 -4.64196
16.5346 -11.5255
13.9281 9.28387
23.5158 17.1007
3.86567 -6.14047
-36.2079 -41.1965
-28.3005 24.9352
0.609806 -15.7419
41.9044 -20.4683
-32.5761 -50.265
-95.8387 -40.7131
-75.7186 -15.5432
-144.971 17.4653
37.4124 50.8516
-195.661 119.253
132.864 -128.101
292.699 -261.436
190.541 -447.999
412.983 -2690.97
