340
96 60
97 59
98 59
99 59
100 59
101 59
102 60
102 61
102 62
102 63
102 64
102 65
102 66
102 67
101 68
101 69
100 70
100 71
100 72
100 73
100 74
99 75
99 76
99 77
99 78
100 79
99 80
99 81
98 82
98 83
99 84
99 85
99 86
99 87
100 88
101 88
102 88
103 88
104 87
104 86
105 85
106 84
106 83
107 82
107 81
108 80
109 79
110 78
111 77
111 76
112 75
112 74
113 73
113 72
113 71
113 70
113 69
113 68
114 67
115 66
116 65
116 64
117 63
118 62
119 61
120 60
120 59
121 59
122 59
123 60
124 60
124 61
124 62
124 63
124 64
124 65
123 66
122 67
122 68
121 69
121 70
121 71
121 72
120 73
120 74
120 75
119 76
119 77
118 78
118 79
117 80
117 81
117 82
117 83
117 84
117 85
117 86
116 87
117 88
116 89
115 90
115 91
115 92
114 93
113 94
112 94
111 95
111 96
112 97
111 98
111 99
112 100
113 100
114 101
115 100
116 99
117 99
118 98
119 97
120 96
120 95
121 95
122 94
123 93
124 92
125 91
125 90
125 89
126 88
127 87
128 86
128 85
129 84
130 83
131 82
132 82
133 81
134 80
135 80
136 80
137 81
136 82
137 83
138 84
138 85
137 86
137 87
136 88
135 89
135 90
134 91
134 92
133 93
132 94
131 95
130 96
129 97
128 97
127 98
127 99
127 100
126 101
125 102
124 103
123 104
122 105
122 106
122 107
121 108
121 109
121 110
121 111
121 112
121 113
121 114
120 115
120 116
120 117
119 118
119 119
118 120
118 121
117 122
117 123
117 124
116 125
117 126
116 127
116 128
115 129
115 130
114 131
114 132
114 133
113 133
112 134
111 135
111 136
110 137
110 138
110 139
109 140
108 141
107 142
107 143
106 144
105 145
105 146
105 147
104 148
104 149
103 150
103 151
102 151
101 152
101 153
100 154
99 155
99 156
98 157
98 158
97 159
96 159
95 159
94 159
93 159
92 159
91 159
90 159
89 158
88 158
87 158
86 158
85 158
84 157
83 157
82 157
81 156
80 156
79 156
78 155
77 155
76 154
75 154
74 154
73 153
72 153
71 152
71 151
72 150
72 149
72 148
72 147
72 146
73 145
73 144
74 143
74 142
74 141
74 140
75 139
75 138
75 137
75 136
75 135
75 134
76 133
76 132
77 131
77 130
77 129
77 128
78 127
78 126
78 125
79 124
79 123
79 122
79 121
79 120
79 119
79 118
79 117
79 116
80 115
80 114
81 113
81 112
82 111
82 110
83 109
83 108
84 107
84 106
84 105
84 104
85 103
85 102
86 101
87 100
87 99
88 98
89 98
90 97
90 96
89 95
89 94
88 93
88 92
88 91
87 90
87 89
87 88
87 87
87 86
88 85
88 84
89 83
89 82
89 81
89 80
90 79
90 78
91 77
92 76
92 75
92 74
93 73
93 72
93 71
93 70
93 69
93 68
93 67
93 66
93 65
94 64
95 63
95 62
96 61
