371
112 58
113 57
114 57
115 57
116 57
117 58
118 58
119 59
119 60
119 61
119 62
119 63
118 64
118 65
118 66
118 67
118 68
117 68
116 69
115 70
115 71
115 72
116 73
115 74
115 75
114 76
114 77
114 78
114 79
113 80
113 81
113 82
113 83
112 84
112 85
111 86
111 87
110 88
109 89
108 90
108 91
108 92
107 93
107 94
106 95
105 96
105 97
106 98
107 98
107 99
108 100
109 101
110 101
111 100
111 99
112 98
113 97
114 96
115 95
116 94
117 93
118 92
119 91
120 90
120 89
121 88
121 87
122 86
123 85
124 84
124 83
125 83
126 82
127 81
128 80
129 79
129 78
130 77
131 77
132 76
133 77
134 77
135 77
136 77
136 78
137 79
137 80
137 81
136 82
137 83
136 84
136 85
135 86
134 86
133 87
134 88
133 88
132 89
131 90
130 91
129 92
128 93
128 94
127 95
126 96
126 97
125 98
124 99
124 100
123 101
122 101
121 102
121 103
120 104
120 105
120 106
121 107
121 108
121 109
120 110
120 111
119 112
120 113
119 114
119 115
119 116
119 117
119 118
119 119
119 120
118 121
117 121
116 122
115 123
114 123
113 124
112 125
111 125
110 126
111 127
112 128
112 129
112 130
112 131
112 132
112 133
112 134
112 135
111 136
111 137
111 138
110 139
110 140
109 141
108 142
108 143
107 144
106 145
105 146
104 147
103 148
103 149
102 150
101 151
101 152
100 153
100 154
100 155
99 156
99 157
99 158
99 159
98 159
97 159
96 159
95 159
94 159
93 159
92 159
91 159
90 159
89 158
88 158
87 158
86 158
85 158
84 157
83 157
82 157
81 156
80 156
79 156
78 155
77 155
76 154
75 154
74 154
73 153
72 153
71 152
71 151
71 150
71 149
71 148
71 147
71 146
72 145
72 144
72 143
72 142
72 141
73 140
74 139
74 138
75 137
75 136
75 135
75 134
76 133
76 132
75 131
75 130
76 130
77 129
77 128
77 127
78 126
78 125
78 124
78 123
78 122
78 121
78 120
79 119
79 118
79 117
78 116
79 115
79 114
80 113
80 112
80 111
80 110
81 109
82 108
82 107
82 106
82 105
82 104
82 103
82 102
81 101
81 100
81 99
81 98
81 97
81 96
81 95
81 94
82 93
82 92
82 91
82 90
82 89
82 88
82 87
82 86
82 85
82 84
81 83
81 82
81 81
82 80
82 79
81 78
82 77
82 76
82 75
82 74
82 73
82 72
82 71
83 70
83 69
83 68
84 67
84 66
84 65
85 64
85 63
85 62
85 61
85 60
86 60
87 59
88 59
89 59
90 60
91 60
92 60
93 61
93 62
93 63
93 64
92 65
92 66
91 67
91 68
92 69
92 70
92 71
92 72
93 73
92 74
92 75
92 76
92 77
91 78
91 79
91 80
91 81
92 82
92 83
92 84
92 85
92 86
93 87
92 88
92 89
92 90
92 91
93 92
94 93
95 93
96 94
97 93
98 93
99 92
99 91
99 90
99 89
99 88
99 87
100 86
100 85
100 84
100 83
100 82
101 81
101 80
102 79
102 78
103 77
103 76
104 75
105 74
105 73
105 72
106 71
106 70
106 69
107 68
107 67
107 66
107 65
108 64
109 63
109 62
109 61
110 60
111 59
