376
89 52
90 51
91 52
92 52
93 53
93 54
92 55
92 56
92 57
92 58
92 59
92 60
92 61
92 62
92 63
91 64
91 65
90 66
90 67
89 68
89 69
89 70
88 71
88 72
87 73
87 74
88 75
87 76
87 77
87 78
87 79
86 80
85 81
85 82
84 83
83 84
84 85
84 86
84 87
83 88
83 89
83 90
83 91
83 92
83 93
84 94
85 94
86 95
87 94
87 93
88 92
89 91
90 90
91 89
91 88
92 87
93 86
94 86
95 85
96 84
96 83
96 82
97 81
97 80
97 79
96 78
97 78
98 78
99 77
100 76
100 75
100 74
101 73
102 72
103 71
104 70
105 69
106 69
107 69
108 69
109 68
110 69
111 69
111 70
111 71
111 72
110 72
109 73
109 74
109 75
109 76
108 77
108 78
107 79
107 80
106 81
106 82
105 83
105 84
104 84
103 85
103 86
102 87
101 88
101 89
101 90
101 91
100 92
100 93
100 94
99 95
99 96
98 97
97 98
97 99
96 100
96 101
96 102
96 103
96 104
95 105
95 106
95 107
95 108
94 109
93 110
93 111
92 112
93 113
92 113
91 114
91 115
91 116
91 117
90 117
89 118
89 119
89 120
90 121
91 121
92 121
92 122
92 123
92 124
93 125
93 126
93 127
92 128
92 129
92 130
92 131
91 132
91 133
91 134
90 135
90 136
89 137
89 138
89 139
89 140
88 141
88 142
88 143
88 144
87 145
86 146
86 147
85 148
85 149
84 150
84 151
84 152
83 153
82 154
82 155
82 156
82 157
81 156
80 156
79 156
78 155
77 155
76 154
75 154
74 154
73 153
72 153
71 152
70 151
69 151
68 150
67 150
66 149
65 148
64 148
63 147
62 146
61 145
60 144
59 143
58 142
57 141
56 140
55 139
54 138
53 137
52 136
52 135
51 134
51 133
51 132
52 131
52 130
52 129
52 128
52 127
52 126
52 125
53 124
52 123
52 122
51 121
51 120
51 119
51 118
52 117
52 116
52 115
52 114
53 113
53 112
54 111
54 110
54 109
54 108
55 107
55 106
55 105
55 104
54 103
55 102
55 101
55 100
55 99
55 98
55 97
55 96
55 95
54 94
54 93
54 92
53 91
54 90
54 89
54 88
54 87
54 86
54 85
54 84
54 83
53 82
53 81
54 80
54 79
54 78
54 77
54 76
54 75
55 74
55 73
55 72
55 71
55 70
55 69
55 68
54 67
55 66
55 65
55 64
55 63
55 62
55 61
56 60
57 59
58 58
59 57
60 56
61 55
62 54
63 54
64 55
65 55
65 56
65 57
65 58
65 59
65 60
65 61
65 62
65 63
65 64
64 65
64 66
64 67
64 68
64 69
63 70
63 71
63 72
63 73
63 74
63 75
64 76
64 77
65 78
65 79
65 80
65 81
65 82
65 83
64 84
63 85
64 86
64 87
64 88
64 89
64 90
65 91
66 92
67 93
68 93
69 93
70 92
71 92
72 91
73 90
73 89
73 88
73 87
73 86
74 85
73 84
73 83
73 82
73 81
73 80
74 80
75 79
75 78
76 77
76 76
76 75
76 74
77 73
77 72
78 71
79 70
80 69
81 68
81 67
81 66
81 65
82 64
81 63
81 62
82 61
82 60
83 59
83 58
83 57
84 56
84 55
85 55
86 54
87 53
88 53
