369
85 56
86 55
87 55
88 56
89 57
90 58
91 59
91 60
91 61
91 62
91 63
91 64
91 65
91 66
90 67
90 68
90 69
89 70
89 71
89 72
89 73
89 74
89 75
90 76
89 77
90 78
89 79
89 80
89 81
89 82
89 83
89 84
89 85
89 86
90 87
90 88
90 89
90 90
90 91
91 92
92 93
93 92
94 93
95 92
96 91
97 90
97 89
97 88
98 87
98 86
99 85
99 84
99 83
99 82
99 81
99 80
100 79
100 78
100 77
101 76
101 75
102 74
102 73
102 72
102 71
102 70
103 69
104 68
105 68
106 67
107 66
107 65
107 64
108 63
108 62
108 61
108 60
108 59
109 58
110 58
111 57
112 57
113 57
114 57
115 58
116 59
117 59
117 60
117 61
116 62
115 63
114 64
113 65
112 66
111 67
111 68
111 69
111 70
111 71
111 72
111 73
111 74
111 75
111 76
111 77
111 78
110 79
110 80
110 81
109 82
109 83
109 84
108 84
107 85
107 86
106 87
105 88
105 89
105 90
105 91
106 92
105 93
105 94
106 95
107 95
108 96
109 96
110 96
111 95
112 94
113 94
114 93
115 92
116 91
117 90
118 90
119 89
120 88
121 88
122 87
122 86
123 86
124 85
124 84
125 83
124 82
124 81
125 80
126 79
126 78
127 77
127 76
128 75
129 74
130 73
131 73
132 74
133 75
134 75
135 76
135 77
135 78
135 79
134 80
134 81
134 82
134 83
133 84
132 85
131 86
131 87
130 88
129 88
128 89
128 90
127 91
127 92
126 93
125 94
125 95
124 96
123 97
122 98
121 99
120 100
120 101
119 102
119 103
120 104
120 105
120 106
119 107
119 108
119 109
118 110
118 111
118 112
118 113
118 114
117 115
117 116
116 117
116 118
115 118
114 119
114 120
113 120
112 121
111 122
110 122
109 123
110 124
111 125
111 126
111 127
111 128
111 129
110 130
110 131
110 132
109 133
109 134
108 135
108 136
107 137
107 138
106 139
106 140
105 141
105 142
104 143
103 144
103 145
102 146
101 147
100 148
100 149
99 150
99 151
99 152
99 153
98 154
98 155
98 156
98 157
98 158
97 159
96 159
95 159
94 159
93 159
92 159
91 159
90 159
89 158
88 158
87 158
86 158
85 158
84 157
83 157
82 157
81 156
80 156
79 156
78 155
77 155
76 154
75 154
74 154
73 153
72 153
71 152
70 151
70 150
70 149
70 148
70 147
70 146
70 145
69 144
69 143
69 142
70 142
71 141
71 140
72 139
72 138
73 137
73 136
73 135
73 134
73 133
73 132
73 131
73 130
73 129
73 128
73 127
73 126
72 125
73 124
73 123
74 122
74 121
74 120
75 119
75 118
75 117
75 116
76 115
76 114
75 113
75 112
76 111
76 110
77 109
77 108
78 107
78 106
78 105
78 104
79 103
79 102
79 101
79 100
80 99
80 98
80 97
80 96
81 95
81 94
82 93
81 92
81 91
81 90
80 89
80 88
80 87
80 86
80 85
80 84
80 83
80 82
79 81
79 80
79 79
79 78
80 77
80 76
80 75
80 74
81 73
81 72
80 71
81 70
81 69
82 68
83 67
83 66
83 65
83 64
83 63
83 62
83 61
83 60
83 59
83 58
84 57
