362
106 48
107 47
108 48
109 48
109 49
109 50
110 51
110 52
110 53
111 54
111 55
112 56
112 57
112 58
111 59
110 60
110 61
109 62
109 63
108 64
108 65
108 66
108 67
108 68
108 69
108 70
107 71
106 72
106 73
106 74
106 75
105 76
104 77
104 78
104 79
104 80
103 81
103 82
103 83
104 84
105 85
106 84
107 84
108 84
109 83
110 83
111 82
112 81
113 80
113 79
114 78
115 77
116 76
117 75
117 74
117 73
118 72
118 71
119 70
119 69
120 68
120 67
121 66
121 65
121 64
122 64
123 63
124 62
125 61
126 62
127 62
128 63
128 64
129 65
129 66
128 67
128 68
127 69
127 70
126 71
126 72
125 73
125 74
125 75
124 76
124 77
124 78
123 79
123 80
123 81
122 82
122 83
121 84
121 85
120 86
120 87
120 88
120 89
120 90
120 91
120 92
120 93
120 94
120 95
119 96
119 97
119 98
119 99
119 100
119 101
119 102
119 103
120 104
120 105
119 106
118 107
118 108
117 109
116 110
115 111
114 111
113 112
113 113
114 114
115 115
116 115
117 116
117 117
117 118
117 119
117 120
116 121
116 122
116 123
115 124
114 125
114 126
114 127
114 128
113 129
113 130
112 131
112 132
112 133
112 134
112 135
112 136
112 137
111 138
110 139
110 140
109 141
109 142
108 142
107 143
106 144
106 145
106 146
106 147
106 148
105 149
105 150
104 151
103 152
103 153
103 154
103 155
103 156
103 157
103 158
103 159
102 159
101 159
100 160
99 159
98 159
97 159
96 159
95 159
94 159
93 159
92 159
91 159
90 159
89 158
88 158
87 158
86 158
85 158
84 157
83 157
82 157
81 156
80 156
79 156
78 155
77 155
76 154
75 154
74 154
74 153
73 152
74 151
74 150
75 149
75 148
75 147
74 146
75 145
75 144
76 143
76 142
76 141
76 140
76 139
76 138
77 137
77 136
77 135
77 134
77 133
76 132
76 131
76 130
76 129
76 128
75 127
75 126
75 125
76 124
76 123
76 122
76 121
76 120
76 119
76 118
77 117
77 116
77 115
77 114
78 113
78 112
79 111
79 110
78 109
78 108
78 107
78 106
79 105
79 104
79 103
79 102
80 101
80 100
79 99
79 98
79 97
79 96
79 95
79 94
79 93
79 92
80 91
80 90
80 89
80 88
80 87
80 86
80 85
80 84
79 83
79 82
79 81
79 80
79 79
80 79
81 78
81 77
81 76
82 75
82 74
82 73
82 72
82 71
81 70
81 69
81 68
81 67
81 66
81 65
81 64
81 63
81 62
81 61
81 60
81 59
81 58
82 57
82 56
83 55
84 54
85 54
86 54
87 53
88 54
89 54
90 55
90 56
90 57
91 58
91 59
91 60
90 61
90 62
90 63
90 64
90 65
90 66
90 67
89 68
89 69
89 70
89 71
89 72
88 73
89 74
89 75
89 76
89 77
89 78
90 79
91 79
92 78
93 77
93 76
94 75
95 74
96 73
96 72
97 71
97 70
97 69
98 68
99 67
99 66
100 65
100 64
100 63
100 62
100 61
100 60
100 59
101 58
101 57
101 56
102 55
103 54
103 53
103 52
103 51
104 50
105 49
