370
113 58
114 57
115 57
116 58
117 59
117 60
118 61
119 62
119 63
119 64
120 65
120 66
120 67
120 68
120 69
119 70
118 70
117 71
116 72
115 73
115 74
115 75
115 76
115 77
115 78
114 79
114 80
114 81
113 82
113 83
113 84
113 85
113 86
113 87
113 88
113 89
113 90
112 91
111 92
111 93
110 94
110 95
110 96
110 97
109 98
110 99
111 100
112 99
113 98
114 99
115 99
116 98
116 97
116 96
117 95
117 94
117 93
118 92
119 91
120 90
121 89
122 88
122 87
122 86
122 85
123 84
124 83
124 82
124 81
125 80
125 79
126 78
127 77
128 76
129 75
130 74
131 74
132 74
133 73
134 73
135 74
135 75
135 76
136 77
136 78
136 79
136 80
135 81
134 82
134 83
133 84
133 85
132 86
132 87
131 88
131 89
131 90
131 91
130 92
130 93
129 94
128 95
127 96
127 97
127 98
127 99
126 100
125 101
125 102
125 103
125 104
125 105
125 106
126 107
127 108
127 109
128 110
129 111
128 112
127 113
127 114
127 115
126 116
125 117
124 118
123 119
122 120
121 121
120 122
119 123
120 124
121 125
122 125
122 126
123 127
123 128
123 129
123 130
123 131
123 132
123 133
122 134
122 135
121 136
121 137
120 138
120 139
119 140
118 141
118 142
117 143
117 144
117 145
117 146
116 147
115 148
115 149
114 150
113 151
113 152
113 153
112 154
111 155
111 156
110 156
109 157
109 158
109 159
108 159
107 159
106 159
105 159
104 159
103 159
102 159
101 159
100 160
99 159
98 159
97 159
96 159
95 159
94 159
93 159
92 159
91 159
90 159
89 158
88 158
87 158
86 158
85 158
84 157
83 157
82 157
81 156
81 155
81 154
81 153
81 152
81 151
81 150
81 149
81 148
81 147
81 146
81 145
81 144
81 143
81 142
82 141
82 140
82 139
82 138
83 137
83 136
83 135
83 134
83 133
83 132
83 131
83 130
83 129
83 128
83 127
83 126
83 125
82 124
83 123
83 122
83 121
83 120
83 119
83 118
83 117
83 116
83 115
83 114
83 113
83 112
84 111
84 110
84 109
84 108
84 107
84 106
85 105
85 104
85 103
84 102
84 101
85 100
85 99
85 98
84 97
84 96
84 95
84 94
83 93
82 92
82 91
82 90
82 89
82 88
82 87
82 86
82 85
82 84
82 83
82 82
82 81
82 80
83 79
83 78
84 77
84 76
84 75
84 74
84 73
83 72
82 71
82 70
81 69
82 68
82 67
82 66
83 65
84 64
85 63
86 63
87 63
88 62
89 63
90 64
90 65
90 66
90 67
91 68
91 69
91 70
91 71
91 72
91 73
91 74
91 75
91 76
91 77
91 78
92 79
92 80
92 81
92 82
93 83
92 84
92 85
92 86
93 87
93 88
93 89
93 90
93 91
93 92
92 93
92 94
93 95
93 96
94 97
95 97
96 98
97 98
98 97
98 96
99 95
100 94
99 93
99 92
100 91
100 90
101 89
101 88
101 87
102 86
102 85
102 84
102 83
103 82
103 81
103 80
103 79
104 78
105 77
105 76
106 75
106 74
106 73
106 72
106 71
107 70
107 69
108 68
108 67
108 66
108 65
108 64
109 63
109 62
109 61
110 60
111 59
112 58
