401
86 43
87 42
88 42
89 42
90 42
91 42
92 43
93 44
94 45
95 45
95 46
95 47
95 48
95 49
95 50
95 51
95 52
95 53
96 54
96 55
95 56
94 57
94 58
94 59
94 60
93 61
93 62
93 63
93 64
93 65
92 66
92 67
92 68
92 69
92 70
92 71
91 72
91 73
91 74
91 75
91 76
91 77
91 78
91 79
91 80
91 81
91 82
90 83
90 84
90 85
90 86
90 87
90 88
89 89
89 90
89 91
90 92
91 93
92 93
93 93
94 93
95 92
96 91
97 90
97 89
97 88
98 87
97 86
97 85
98 84
98 83
99 82
99 81
99 80
99 79
100 79
101 78
102 78
103 78
104 77
104 76
104 75
105 74
106 73
106 72
107 71
107 70
108 69
109 68
109 67
109 66
110 65
110 64
110 63
110 62
111 62
112 62
113 62
114 61
115 62
114 63
114 64
115 65
115 66
115 67
115 68
115 69
115 70
115 71
115 72
115 73
114 74
114 75
114 76
114 77
113 78
113 79
112 80
112 81
112 82
112 83
112 84
111 85
111 86
111 87
110 88
110 89
109 90
108 91
107 92
106 93
105 94
104 95
103 96
103 97
103 98
103 99
103 100
103 101
103 102
103 103
103 104
103 105
103 106
104 107
105 107
104 108
105 109
104 109
103 110
102 111
103 112
104 113
105 113
106 113
106 114
106 115
106 116
106 117
106 118
106 119
107 120
107 121
107 122
107 123
107 124
106 125
106 126
106 127
106 128
106 129
105 130
105 131
105 132
105 133
104 134
104 135
104 136
104 137
104 138
103 139
103 140
103 141
102 142
102 143
102 144
102 145
101 146
100 146
99 147
99 148
99 149
98 150
97 151
97 152
97 153
97 154
97 155
97 156
97 157
98 158
98 159
97 159
96 159
95 159
94 159
93 159
92 159
91 159
90 159
89 158
88 158
87 158
86 158
85 158
84 157
83 157
82 157
81 156
80 156
79 156
78 155
77 155
76 154
75 154
74 154
73 153
72 153
71 152
70 151
69 151
68 150
67 150
67 149
67 148
67 147
67 146
67 145
67 144
67 143
67 142
67 141
67 140
67 139
67 138
67 137
67 136
67 135
67 134
67 133
67 132
67 131
67 130
67 129
66 128
66 127
66 126
65 125
64 124
64 123
64 122
64 121
64 120
64 119
64 118
64 117
64 116
63 115
63 114
63 113
63 112
63 111
63 110
63 109
63 108
63 107
63 106
63 105
63 104
64 103
64 102
64 101
64 100
64 99
64 98
64 97
64 96
65 95
65 94
65 93
66 92
66 91
66 90
65 89
65 88
65 87
64 86
64 85
63 84
63 83
63 82
62 81
62 80
63 79
63 78
63 77
64 76
64 75
64 74
65 73
65 72
65 71
65 70
65 69
65 68
65 67
65 66
65 65
64 64
64 63
65 62
65 61
65 60
64 59
64 58
64 57
65 56
65 55
65 54
65 53
65 52
66 51
67 51
68 51
69 50
70 50
71 50
72 51
72 52
73 53
73 54
73 55
73 56
73 57
73 58
73 59
73 60
74 61
74 62
74 63
73 64
73 65
72 66
72 67
72 68
72 69
73 70
73 71
73 72
73 73
74 74
74 75
75 76
75 77
76 78
77 78
78 77
79 77
80 76
81 75
81 74
81 73
81 72
81 71
82 70
82 69
83 68
83 67
83 66
83 65
84 64
84 63
84 62
84 61
84 60
84 59
84 58
84 57
84 56
84 55
85 54
85 53
85 52
85 51
85 50
85 49
85 48
85 47
86 46
86 45
86 44
