401
96 47
97 46
98 47
99 47
100 48
101 49
101 50
102 51
101 52
102 53
102 54
101 55
101 56
101 57
101 58
101 59
102 60
101 61
101 62
100 63
99 64
99 65
99 66
98 67
98 68
97 69
96 70
96 71
97 72
97 73
97 74
96 75
96 76
96 77
96 78
96 79
96 80
96 81
95 82
95 83
95 84
95 85
94 86
94 87
94 88
93 89
94 90
95 90
95 91
96 92
97 91
97 90
98 90
99 89
99 88
100 88
101 87
102 86
102 85
103 84
103 83
103 82
103 81
104 80
104 79
105 78
106 77
107 76
107 75
107 74
107 73
108 72
109 71
109 70
110 69
110 68
111 67
112 67
113 66
114 65
115 65
116 64
117 63
117 62
118 62
118 63
118 64
118 65
119 66
119 67
118 68
118 69
117 70
117 71
117 72
116 73
116 74
116 75
115 76
115 77
115 78
115 79
114 80
114 81
113 82
113 83
113 84
112 85
111 86
111 87
111 88
110 89
109 90
109 91
108 92
109 93
109 94
110 95
111 95
111 96
112 97
112 98
112 99
112 100
112 101
112 102
111 103
111 104
111 105
111 106
110 107
109 108
108 109
107 110
106 110
105 111
104 112
105 113
104 113
103 114
104 115
105 116
106 116
107 115
107 114
107 113
108 113
109 114
109 115
109 116
109 117
109 118
109 119
109 120
109 121
109 122
109 123
108 124
107 125
107 126
107 127
106 128
106 129
106 130
105 131
105 132
105 133
104 134
104 135
104 136
103 137
102 138
102 139
102 140
101 141
101 142
101 143
100 144
99 145
98 146
97 147
97 148
96 149
97 150
97 151
97 152
97 153
96 154
97 155
97 156
97 157
97 158
96 159
95 159
94 159
93 159
92 159
91 159
90 159
89 158
88 158
87 158
86 158
85 158
84 157
83 157
82 157
81 156
80 156
79 156
78 155
77 155
76 154
75 154
74 154
73 153
72 153
71 152
70 151
69 151
68 150
69 149
69 148
68 147
68 146
68 145
68 144
68 143
68 142
68 141
68 140
68 139
68 138
68 137
68 136
68 135
68 134
69 133
69 132
69 131
69 130
69 129
70 128
70 127
69 126
69 125
68 124
68 123
68 122
68 121
68 120
68 119
68 118
68 117
68 116
68 115
68 114
68 113
68 112
69 111
69 110
69 109
69 108
69 107
69 106
69 105
69 104
68 103
68 102
68 101
68 100
68 99
68 98
68 97
68 96
68 95
68 94
68 93
68 92
69 91
68 90
68 89
68 88
67 87
66 86
65 85
65 84
64 83
64 82
64 81
64 80
65 79
65 78
65 77
65 76
66 75
66 74
66 73
66 72
66 71
66 70
66 69
66 68
66 67
66 66
66 65
66 64
65 63
66 62
66 61
67 60
67 59
67 58
67 57
68 56
69 56
70 55
71 55
72 56
73 56
73 57
73 58
74 59
75 60
75 61
75 62
75 63
75 64
75 65
75 66
75 67
75 68
75 69
75 70
75 71
75 72
75 73
75 74
76 75
76 76
76 77
76 78
76 79
77 80
77 81
78 82
78 83
78 84
78 85
78 86
78 87
78 88
79 89
80 90
81 90
82 90
83 89
84 88
84 87
85 86
85 85
85 84
85 83
85 82
85 81
85 80
84 79
85 78
85 77
85 76
85 75
85 74
85 73
86 72
87 71
87 70
87 69
87 68
88 67
88 66
88 65
88 64
88 63
88 62
89 61
89 60
89 59
89 58
90 57
90 56
90 55
90 54
90 53
90 52
91 51
91 50
92 49
92 48
93 48
94 47
95 47
