403
78 51
79 50
80 50
81 50
82 50
83 51
84 52
85 53
85 54
86 55
86 56
86 57
87 58
87 59
86 60
86 61
85 62
85 63
85 64
85 65
85 66
85 67
86 68
86 69
87 70
87 71
88 72
89 73
90 74
90 75
91 76
91 77
92 78
92 79
93 80
94 79
95 79
94 79
93 80
92 81
93 82
92 81
91 82
91 83
91 84
92 85
91 86
91 87
91 88
91 89
92 90
92 91
93 92
94 91
94 90
94 89
95 88
96 88
97 87
97 86
97 85
97 84
97 83
97 82
98 81
97 80
97 79
97 78
98 77
99 76
99 75
99 74
99 73
99 72
99 71
99 70
99 69
98 68
98 67
98 66
98 65
98 64
98 63
98 62
99 62
100 61
101 60
102 60
103 60
104 60
105 60
106 61
107 62
107 63
107 64
107 65
108 66
108 67
108 68
109 69
109 70
109 71
109 72
108 73
108 74
108 75
109 76
108 77
108 78
107 79
108 80
108 81
108 82
108 83
108 84
108 85
108 86
109 87
108 88
108 89
107 90
107 91
107 92
107 93
107 94
107 95
107 96
108 97
109 98
110 99
110 100
110 101
110 102
110 103
109 104
110 105
111 105
112 106
113 107
113 108
114 109
114 110
115 111
115 112
115 113
115 114
115 115
116 116
116 117
117 118
117 119
118 120
118 121
118 122
118 123
118 124
119 125
119 126
119 127
119 128
119 129
119 130
119 131
119 132
119 133
118 134
119 135
119 136
119 137
118 138
118 139
118 140
118 141
117 142
118 143
118 144
118 145
118 146
119 147
119 148
119 149
119 150
119 151
119 152
120 153
119 154
120 155
120 156
119 156
118 157
117 157
116 157
115 158
114 158
113 158
112 158
111 158
110 159
109 159
108 159
107 159
106 159
105 159
104 159
103 159
102 159
101 159
100 160
99 159
98 159
97 159
96 159
95 159
94 159
93 159
92 159
91 159
90 159
89 158
89 157
90 156
89 155
89 154
90 153
90 152
89 151
89 150
88 149
87 149
87 148
86 147
85 146
85 145
84 144
84 143
83 142
82 141
83 140
82 139
81 139
80 138
80 137
79 136
78 135
78 134
77 133
76 132
76 131
76 130
76 129
75 128
75 127
75 126
75 125
75 124
75 123
75 122
75 121
75 120
75 119
75 118
75 117
74 116
74 115
73 114
72 113
72 112
71 111
71 110
70 109
69 109
69 108
68 107
68 106
67 105
68 104
67 103
67 102
66 101
65 101
65 100
64 99
64 98
63 97
62 96
61 95
61 94
61 93
61 92
61 91
60 90
60 89
59 88
58 87
58 86
57 85
57 84
56 83
55 83
55 82
55 81
55 80
55 79
55 78
54 77
53 76
53 75
52 74
52 73
51 72
51 71
51 70
51 69
51 68
52 67
53 66
54 66
55 66
56 66
57 67
58 68
59 68
60 69
60 70
61 71
61 72
61 73
62 74
62 75
63 76
63 77
64 78
65 79
65 80
66 81
66 82
66 83
67 84
67 85
68 86
68 87
69 88
69 89
70 90
71 91
72 92
73 93
73 94
74 95
75 96
76 96
76 97
77 98
78 98
79 98
80 98
81 97
82 96
82 95
82 94
82 93
82 92
81 91
81 90
81 89
81 88
80 87
80 86
80 85
80 84
79 83
78 82
78 81
78 80
78 79
78 78
78 77
78 76
78 75
78 74
78 73
78 72
78 71
77 70
77 69
77 68
77 67
77 66
77 65
77 64
77 63
77 62
77 61
77 60
76 59
76 58
76 57
77 56
76 55
77 54
76 53
77 53
78 52
