348
94 49
95 48
96 48
97 48
98 49
99 49
100 50
101 51
102 52
102 53
102 54
102 55
102 56
102 57
101 58
101 59
101 60
100 61
100 62
100 63
100 64
100 65
100 66
100 67
100 68
100 69
100 70
100 71
101 72
102 72
102 73
103 74
104 73
104 72
105 73
106 72
106 71
106 70
106 69
106 68
107 67
107 66
108 65
108 64
109 63
110 63
111 63
112 63
113 63
113 64
114 65
115 65
116 66
116 67
116 68
115 69
115 70
115 71
115 72
115 73
114 74
114 75
113 76
112 77
112 78
111 79
112 80
112 81
113 82
113 83
112 84
112 85
111 86
111 87
111 88
110 89
109 90
109 91
108 92
108 93
108 94
108 95
108 96
108 97
108 98
108 99
109 100
109 101
110 102
110 103
111 104
110 105
110 106
110 107
109 108
110 109
111 110
112 111
113 111
114 112
114 113
114 114
114 115
114 116
114 117
114 118
114 119
114 120
114 121
114 122
114 123
114 124
113 125
113 126
113 127
112 128
112 129
112 130
112 131
111 132
111 133
111 134
111 135
111 136
111 137
111 138
110 139
109 140
109 141
108 142
109 143
109 144
108 145
108 146
107 147
107 148
106 149
106 150
106 151
106 152
106 153
106 154
106 155
107 156
107 157
107 158
107 159
106 159
105 159
104 159
103 159
102 159
101 159
100 160
99 159
98 159
97 159
96 159
95 159
94 159
93 159
92 159
91 159
90 159
89 158
88 158
87 158
86 158
85 158
84 157
83 157
82 157
81 156
80 156
79 156
78 155
77 155
76 154
76 153
76 152
76 151
76 150
76 149
76 148
77 147
77 146
77 145
77 144
77 143
77 142
77 141
77 140
77 139
77 138
77 137
77 136
77 135
77 134
77 133
77 132
76 131
76 130
75 129
75 128
74 127
74 126
74 125
75 124
75 123
75 122
74 121
74 120
74 119
74 118
74 117
74 116
74 115
74 114
75 113
75 112
75 111
75 110
75 109
75 108
74 107
74 106
74 105
74 104
74 103
74 102
74 101
74 100
74 99
74 98
74 97
74 96
74 95
74 94
74 93
74 92
74 91
74 90
74 89
74 88
73 87
73 86
72 85
71 84
70 83
70 82
70 81
70 80
70 79
70 78
70 77
71 76
71 75
71 74
71 73
71 72
71 71
71 70
71 69
71 68
71 67
70 66
70 65
70 64
70 63
70 62
70 61
71 60
72 59
72 58
72 57
72 56
73 55
74 54
75 54
76 54
77 54
78 55
78 56
78 57
78 58
78 59
78 60
79 61
79 62
79 63
79 64
79 65
79 66
80 67
81 68
80 69
81 70
81 71
81 72
81 73
81 74
81 75
81 76
82 77
82 78
82 79
82 80
82 81
83 82
83 83
84 84
85 85
86 85
87 84
88 83
89 82
89 81
89 80
89 79
89 78
89 77
90 76
90 75
91 74
91 73
91 72
91 71
91 70
91 69
92 68
91 67
91 66
91 65
91 64
91 63
91 62
91 61
92 60
92 59
91 58
91 57
91 56
92 55
92 54
92 53
92 52
93 51
93 50
