388
97 53
98 52
99 52
100 52
101 52
102 52
103 52
104 53
105 54
106 55
107 56
107 57
107 58
107 59
107 60
108 61
108 62
108 63
108 64
108 65
108 66
108 67
109 68
109 69
109 70
109 71
109 72
110 73
110 74
111 75
110 76
110 77
110 78
111 79
111 80
112 81
112 82
111 83
111 84
111 85
111 86
111 87
111 88
111 89
111 90
111 91
111 92
111 93
111 94
111 95
111 96
111 97
112 98
112 99
113 100
114 101
115 100
116 100
117 101
118 100
118 99
119 98
119 97
118 96
118 95
117 94
118 93
117 92
117 91
117 90
117 89
118 88
118 87
119 86
119 85
119 84
120 83
121 82
121 81
122 80
121 79
121 78
122 77
121 76
121 75
121 74
122 73
122 72
122 71
122 70
122 69
122 68
123 67
123 66
124 67
125 66
126 66
127 66
128 66
129 66
130 65
130 66
131 67
131 68
132 69
132 70
132 71
132 72
132 73
132 74
132 75
133 76
132 77
133 78
132 79
132 80
131 81
131 82
131 83
131 84
131 85
131 86
131 87
130 88
131 89
131 90
130 91
129 92
129 93
129 94
129 95
130 96
130 97
129 98
129 99
130 100
130 101
130 102
131 103
130 104
131 105
131 106
131 107
132 108
133 109
133 110
133 111
133 112
134 113
133 114
133 115
134 116
135 117
136 118
136 119
135 120
136 121
137 122
137 123
138 124
138 125
137 126
137 127
138 128
138 129
138 130
138 131
138 132
139 133
139 134
139 135
138 136
138 137
137 138
136 139
135 140
135 141
134 142
135 143
134 144
134 145
135 146
135 147
134 148
134 149
133 150
132 150
131 151
130 151
129 152
128 153
127 153
126 154
125 154
124 154
123 155
122 155
121 156
120 156
119 156
118 157
117 157
116 157
115 158
114 158
113 158
112 158
111 158
110 159
109 159
108 159
107 159
106 159
105 159
104 159
103 159
102 159
102 158
102 157
102 156
101 155
100 154
101 153
101 152
101 151
100 150
100 149
99 148
99 147
98 146
98 145
98 144
97 143
97 142
96 141
96 140
96 139
96 138
96 137
96 136
95 135
94 134
93 133
93 132
92 131
92 130
91 129
91 128
92 127
92 126
92 125
92 124
92 123
92 122
93 121
93 120
92 119
92 118
92 117
92 116
92 115
92 114
91 113
91 112
91 111
90 110
90 109
90 108
89 107
89 106
89 105
88 104
87 104
88 103
87 102
87 101
87 100
86 99
85 98
85 97
85 96
85 95
84 94
83 94
83 93
82 92
82 91
82 90
81 89
81 88
80 87
80 86
79 85
80 84
80 83
79 82
79 81
79 80
79 79
79 78
79 77
78 76
78 75
78 74
78 73
78 72
78 71
78 70
78 69
78 68
78 67
79 66
79 65
79 64
80 63
81 62
82 62
83 62
84 62
85 63
86 64
86 65
87 66
87 67
87 68
87 69
87 70
88 71
88 72
88 73
89 74
89 75
89 76
89 77
90 78
90 79
91 80
90 81
90 82
91 83
91 84
91 85
92 86
93 87
93 88
94 89
95 90
96 91
97 91
98 91
99 91
100 90
99 89
99 88
99 87
100 86
100 85
100 84
100 83
100 82
101 81
101 80
101 79
100 78
99 77
99 76
99 75
99 74
99 73
99 72
98 71
99 70
98 69
98 68
99 67
99 66
99 65
99 64
98 63
98 62
98 61
98 60
97 59
96 58
96 57
96 56
96 55
97 54
