288
73 70
74 69
75 69
76 70
77 70
77 71
78 72
78 73
78 74
79 75
79 76
79 77
79 78
80 79
80 80
80 81
80 82
80 83
80 84
80 85
81 86
81 87
81 88
82 89
82 90
81 91
82 92
82 93
82 94
83 95
84 96
84 97
85 98
86 99
87 100
88 101
89 101
90 100
90 99
91 98
91 97
91 96
92 95
92 94
92 93
92 92
92 91
92 90
93 89
94 88
95 87
96 87
97 86
98 85
99 84
100 83
101 83
102 83
103 83
104 83
105 82
106 82
107 82
108 82
109 81
110 81
111 81
112 82
113 83
114 84
115 85
116 84
117 83
117 84
118 85
119 84
120 85
121 86
122 86
123 87
124 87
125 88
126 89
127 89
128 89
127 89
126 90
127 91
127 92
127 93
127 94
126 95
126 96
125 96
124 97
124 98
123 99
123 100
123 101
123 102
123 103
123 104
123 105
123 106
122 107
121 108
121 109
121 110
121 111
121 112
121 113
122 114
122 115
123 116
123 117
123 118
123 119
122 120
123 121
123 122
122 123
122 124
122 125
123 126
123 127
124 128
124 129
124 130
125 131
125 132
126 133
126 134
127 135
127 136
128 137
128 138
128 139
128 140
129 141
130 141
131 140
131 139
131 138
131 137
131 136
132 135
131 134
131 133
131 132
131 131
131 132
132 133
133 134
133 135
133 136
134 137
134 138
135 139
136 140
136 141
136 142
137 143
137 144
138 145
138 146
137 147
136 148
135 148
134 149
133 150
132 150
131 151
130 151
129 152
128 153
127 153
126 154
125 154
124 154
123 155
122 155
121 156
120 156
119 156
118 157
117 157
116 157
115 158
114 158
113 158
112 158
111 158
110 159
109 159
108 159
107 159
106 159
105 159
104 159
103 158
102 157
102 156
101 155
100 154
99 153
98 152
97 151
97 150
97 149
97 148
96 147
95 146
95 145
94 144
93 143
92 142
91 141
90 140
90 139
89 138
88 137
88 136
87 135
87 134
86 133
86 132
86 131
86 130
85 129
84 128
84 127
84 126
83 125
83 124
83 123
82 122
82 121
81 120
81 119
81 118
81 117
81 116
80 115
79 114
78 113
78 112
77 111
77 110
77 109
77 108
77 107
77 106
77 105
77 104
76 103
76 102
76 101
75 100
74 99
73 98
73 97
73 96
73 95
74 94
74 93
73 92
74 91
74 90
74 89
73 88
73 87
72 86
72 85
72 84
72 83
72 82
72 81
72 80
71 79
71 78
71 77
71 76
71 75
71 74
71 73
71 72
72 71
72 70
