269
127 62
128 61
129 61
130 61
130 62
130 63
130 64
131 65
130 66
129 67
128 67
127 68
126 68
125 69
124 70
123 71
122 72
121 72
120 73
120 74
119 74
118 75
117 76
116 77
115 77
114 78
113 79
112 80
111 81
110 81
109 82
109 83
108 84
107 84
106 85
105 85
104 86
104 87
103 88
104 89
105 89
106 89
107 89
108 90
109 90
110 90
111 90
112 90
113 90
114 90
115 90
116 90
117 91
118 92
119 93
119 94
120 95
120 96
120 97
121 98
122 99
123 99
124 100
125 101
126 102
127 103
128 104
129 105
130 106
131 107
132 108
132 109
133 110
134 111
134 112
135 113
136 114
135 115
135 116
135 117
134 118
134 119
133 120
133 121
132 122
132 123
131 123
130 124
129 125
128 126
127 126
126 126
125 127
124 127
123 127
122 127
121 127
120 127
119 127
118 128
117 128
116 128
115 129
114 129
113 129
112 129
111 129
110 130
109 130
108 130
107 130
106 131
105 131
104 131
103 131
102 131
101 131
100 131
99 132
98 132
97 133
96 133
95 133
94 134
93 134
92 134
91 134
90 134
89 135
88 136
87 136
86 136
85 137
84 138
83 139
82 139
81 139
80 140
79 140
78 140
77 141
76 141
75 141
74 141
73 142
72 142
71 142
70 142
69 142
68 142
67 142
66 142
65 141
64 141
63 141
62 141
61 142
60 141
59 142
58 142
57 141
56 140
55 139
54 138
53 137
52 136
52 135
51 134
50 133
50 132
49 131
49 130
48 129
47 128
47 127
46 126
46 125
46 124
47 123
48 122
48 121
49 120
49 119
50 119
51 118
51 117
52 116
52 115
53 114
54 114
55 113
55 112
56 111
57 111
58 110
59 110
60 109
60 108
61 107
62 106
63 106
64 105
65 104
66 103
66 102
67 102
68 101
68 100
69 99
69 98
70 97
71 96
72 95
73 94
74 93
75 93
76 92
77 92
78 91
79 90
80 90
81 90
82 89
83 89
84 88
85 87
86 87
87 86
88 86
89 85
90 85
91 84
92 84
93 84
94 83
95 82
95 81
96 80
97 80
98 79
99 78
100 77
101 76
102 75
103 74
104 74
105 73
106 73
107 73
108 72
109 72
110 71
111 70
112 70
113 70
114 70
115 69
116 69
117 69
118 68
118 67
119 66
120 66
121 65
122 64
123 64
124 63
125 63
126 62
