244
119 75
120 74
121 74
122 74
123 74
124 74
125 74
126 74
127 75
127 76
128 77
127 78
126 79
125 80
124 80
123 81
122 81
121 81
120 81
119 82
118 82
117 83
116 84
115 84
114 85
113 85
112 86
111 86
110 86
109 87
108 87
107 87
106 87
105 88
105 89
104 90
105 91
105 92
106 93
107 94
108 94
109 95
110 95
110 96
111 97
111 98
112 99
112 100
113 101
114 102
115 103
116 104
116 105
117 106
117 107
117 108
118 109
118 110
118 111
118 112
118 113
118 114
117 115
117 116
117 117
116 118
116 119
116 120
116 121
116 122
116 123
115 124
114 125
114 126
115 127
116 127
115 127
114 127
113 128
112 129
111 129
110 129
109 129
108 129
107 129
106 129
105 129
104 129
103 129
102 130
101 130
100 130
99 131
98 131
97 131
96 131
95 130
94 130
93 130
92 130
91 130
90 130
89 129
88 128
87 128
86 128
85 128
84 128
83 127
82 128
81 128
80 128
79 128
78 128
77 129
76 129
75 128
74 129
73 129
72 129
71 129
70 129
69 129
68 129
67 129
66 129
65 130
64 130
63 130
62 130
61 131
60 131
59 131
58 131
57 131
56 131
55 131
54 130
53 129
52 129
51 129
50 130
50 131
49 131
49 130
48 129
47 128
47 127
46 126
46 125
46 124
45 123
45 122
44 121
44 120
44 119
43 118
43 117
43 116
42 115
42 114
42 113
42 112
42 111
41 110
42 109
43 108
44 108
45 107
45 106
46 106
47 106
48 105
49 104
49 103
50 103
51 102
52 101
53 100
54 100
55 99
56 99
57 99
58 98
59 98
60 98
61 98
62 98
63 98
64 97
65 96
66 95
67 94
68 94
69 93
70 93
71 92
72 91
73 91
74 91
75 90
76 90
77 89
78 89
79 88
80 88
81 88
82 88
83 87
84 87
85 86
86 86
87 85
88 85
89 85
90 85
91 85
92 84
93 84
94 84
95 83
96 83
97 82
98 81
99 80
100 80
101 81
102 80
103 80
104 79
105 79
106 79
107 79
108 79
109 78
110 77
111 77
112 77
113 77
114 76
115 76
116 76
117 76
118 75
