259
90 59
91 58
92 58
93 58
94 58
94 59
95 60
95 61
95 62
95 63
95 64
95 65
94 66
94 67
93 68
92 69
91 70
91 71
90 72
89 73
89 74
89 75
88 76
88 77
87 78
87 79
86 80
87 81
86 82
86 83
86 84
87 85
88 86
88 87
89 88
90 89
91 88
92 88
93 87
93 86
94 86
95 85
96 85
97 85
98 84
98 83
99 82
100 82
101 83
102 82
103 82
104 82
105 83
106 84
107 84
108 84
109 83
110 82
109 83
110 84
111 84
112 85
113 85
114 86
115 87
116 88
117 89
118 90
119 91
120 92
121 93
122 94
123 95
123 96
124 97
124 98
125 99
126 100
126 101
126 102
126 103
126 104
125 105
124 106
123 106
122 107
121 108
120 108
119 109
118 110
117 110
116 111
115 112
114 113
113 113
112 114
111 115
110 116
109 117
108 118
107 119
106 120
105 121
104 122
104 123
103 124
103 125
102 126
102 127
102 128
102 129
101 130
101 131
101 132
101 133
101 134
100 135
99 135
98 136
98 137
97 138
97 139
97 140
96 141
96 142
97 143
97 144
96 145
95 146
96 147
97 148
97 149
97 150
97 151
97 152
97 153
97 154
97 155
97 156
96 157
95 158
95 159
94 159
93 159
92 159
91 159
90 159
89 158
88 158
87 158
86 158
85 158
84 157
83 157
82 157
81 156
80 156
79 156
78 155
77 155
76 154
75 154
74 154
73 153
72 153
71 152
70 151
69 151
68 150
68 149
68 148
69 147
69 146
68 145
68 144
68 143
68 142
68 141
67 140
68 139
68 138
68 137
68 136
68 135
68 134
69 133
69 132
69 131
68 130
68 129
68 128
69 127
69 126
69 125
69 124
69 123
69 122
69 121
69 120
69 119
69 118
69 117
69 116
68 115
69 114
69 113
69 112
69 111
69 110
69 109
70 108
70 107
70 106
71 105
71 104
71 103
71 102
71 101
71 100
71 99
72 98
72 97
73 96
74 95
74 94
74 93
74 92
75 91
75 90
75 89
75 88
75 87
76 86
76 85
77 84
77 83
78 82
78 81
78 80
79 79
79 78
79 77
79 76
80 75
80 74
81 73
82 72
83 71
84 70
84 69
85 68
86 67
87 66
87 65
87 64
88 63
88 62
89 61
90 60
