244
112 66
113 65
114 65
115 65
116 65
117 65
118 65
119 66
119 67
119 68
119 69
118 70
117 70
116 71
115 72
114 72
113 72
112 72
111 73
110 73
109 73
108 73
107 73
106 73
105 74
104 74
103 74
102 74
101 75
100 75
99 75
98 75
97 76
98 77
97 78
98 79
99 80
100 81
101 82
101 83
102 84
103 85
104 86
105 87
106 88
106 89
107 90
108 91
108 92
109 93
110 94
110 95
111 96
111 97
112 98
112 99
112 100
112 101
112 102
112 103
111 104
111 105
111 106
112 107
112 108
111 109
110 110
110 111
109 112
109 113
109 114
109 115
109 116
109 117
108 117
107 118
106 119
107 120
106 120
105 121
104 121
103 121
102 121
101 121
100 121
99 120
98 120
97 120
96 120
95 120
94 120
93 120
92 120
91 120
90 120
89 120
88 120
87 120
86 119
85 119
84 119
83 119
82 119
81 119
80 119
79 119
78 120
77 120
76 120
75 120
74 120
73 121
72 121
71 121
70 121
69 122
68 122
67 122
66 123
65 123
64 124
63 124
62 124
61 125
60 125
59 125
58 126
57 127
56 127
55 128
54 129
53 129
52 129
51 130
50 130
49 130
48 129
47 128
47 127
46 126
46 125
46 124
45 123
45 122
44 121
44 120
44 119
43 118
43 117
43 116
42 115
42 114
42 113
42 112
42 111
41 110
41 109
41 108
41 107
41 106
41 105
41 104
41 103
41 102
41 101
40 100
41 99
41 98
41 97
42 96
42 95
43 94
44 93
44 92
45 92
46 91
46 90
47 89
48 88
49 88
50 87
51 86
52 85
53 84
54 83
55 82
55 81
56 81
57 80
58 79
59 78
60 78
61 78
62 77
63 77
64 76
65 77
66 76
67 76
68 75
68 74
69 74
70 74
71 73
72 73
73 72
74 73
75 72
76 72
77 72
78 72
79 71
80 70
81 70
82 69
83 69
84 68
85 68
86 68
87 67
88 67
89 66
90 66
91 66
92 66
93 66
94 66
95 66
96 66
97 66
98 66
99 66
100 66
101 66
102 66
103 66
104 66
105 66
106 66
107 66
108 66
109 66
110 66
111 66
