244
99 83
100 82
101 82
102 82
103 82
104 83
105 83
106 83
107 83
108 83
109 83
110 83
111 84
112 84
113 85
114 85
115 85
116 86
117 86
118 86
119 85
120 85
121 85
122 85
123 85
124 85
125 85
126 85
127 86
128 85
129 86
129 87
130 88
131 89
131 90
131 91
130 91
129 92
128 92
127 92
126 93
126 94
125 94
124 94
123 94
122 94
121 93
120 94
119 94
118 94
117 94
116 94
115 94
114 94
113 94
112 94
111 94
110 94
109 95
108 96
108 97
108 98
108 99
109 100
110 101
110 102
111 103
112 104
112 105
113 106
113 107
113 108
113 109
113 110
113 111
112 112
112 113
111 114
111 115
110 116
110 117
109 117
108 118
107 119
107 120
106 121
106 122
106 123
107 124
107 125
107 126
108 127
109 127
110 128
109 128
108 129
107 130
107 131
106 132
105 132
104 132
103 133
102 133
101 132
100 132
99 132
98 132
97 132
96 132
95 132
94 131
93 131
92 131
91 130
90 129
89 129
88 128
87 128
86 128
85 128
84 127
83 127
82 127
81 127
80 127
79 127
78 127
77 127
76 127
75 127
74 127
73 127
72 127
71 126
70 126
69 126
68 126
67 126
66 126
65 126
64 126
63 127
62 127
61 128
60 129
59 129
58 129
57 129
56 129
55 129
54 129
53 129
52 129
51 128
50 128
49 128
48 127
47 127
46 126
46 125
46 124
45 123
45 122
44 121
44 120
44 119
43 118
43 117
43 116
42 115
42 114
42 113
42 112
42 111
41 110
41 109
41 108
41 107
41 106
41 105
41 104
41 103
41 102
41 101
40 100
41 99
41 98
42 97
43 96
44 95
45 94
46 94
47 94
48 94
49 93
50 92
51 91
52 91
53 90
54 90
55 90
56 89
57 89
58 88
59 88
60 89
61 89
62 89
63 89
64 88
65 87
66 87
67 87
68 86
69 86
70 85
71 84
72 84
73 84
74 84
75 84
76 84
77 84
78 84
79 85
80 85
81 85
82 85
83 85
84 85
85 85
86 85
87 85
88 85
89 85
90 85
91 85
92 85
93 84
94 84
95 83
96 83
97 83
98 83
