242
99 64
99 63
100 63
100 64
101 65
101 66
100 67
100 68
99 69
99 70
98 71
97 72
96 73
95 74
95 75
94 76
93 77
92 78
91 79
91 80
90 80
89 81
88 82
88 83
88 84
87 85
87 86
86 87
86 88
86 89
87 90
88 91
89 91
90 91
91 90
92 90
93 90
94 89
95 89
96 89
97 89
98 89
99 90
100 90
101 90
102 90
103 90
104 90
105 90
106 91
107 90
108 89
107 90
106 91
107 92
108 93
109 93
110 93
111 94
112 94
113 94
114 94
115 95
116 96
117 97
118 98
119 99
120 100
121 101
121 102
122 103
123 103
123 104
123 105
123 106
123 107
122 108
122 109
122 110
122 111
121 111
120 112
120 113
119 113
118 114
117 113
116 114
115 114
114 115
114 116
113 117
112 117
111 118
110 118
109 119
108 120
107 121
106 122
105 122
104 123
103 124
102 124
101 125
100 125
99 126
98 127
97 128
96 128
95 129
95 130
94 130
93 131
92 132
91 133
91 134
90 135
89 136
88 137
88 138
88 139
88 140
87 141
87 142
86 143
86 144
85 145
84 146
83 146
82 147
81 148
80 149
80 150
79 151
79 152
79 153
78 154
77 155
76 154
75 154
74 154
73 153
72 153
71 152
70 151
69 151
68 150
67 150
66 149
65 148
64 148
63 147
62 146
61 145
60 144
59 143
58 142
57 141
56 140
56 139
56 138
56 137
56 136
56 135
56 134
57 133
57 132
57 131
57 130
57 129
58 128
58 127
58 126
58 125
59 124
59 123
59 122
60 121
60 120
60 119
60 118
60 117
60 116
60 115
60 114
60 113
61 112
61 111
62 110
62 109
62 108
63 107
63 106
63 105
64 104
64 103
64 102
65 102
66 101
67 100
68 99
68 98
69 98
70 97
70 96
71 95
71 94
72 93
72 92
73 91
73 90
74 89
74 88
75 88
76 87
76 86
77 85
77 84
77 83
78 82
78 81
79 80
80 79
81 78
82 78
83 77
84 76
85 75
86 75
87 74
88 73
89 73
90 72
90 71
91 70
91 69
92 69
93 68
94 67
95 67
96 67
97 66
98 65
