263
116 63
117 62
118 62
119 62
120 62
121 62
122 62
123 62
124 63
125 64
126 65
125 65
124 66
125 67
125 68
124 68
123 69
122 69
121 70
120 70
119 70
118 71
117 71
116 71
115 72
114 72
113 72
112 73
111 73
110 74
109 73
108 74
107 74
106 75
105 75
104 75
103 76
103 77
102 78
102 79
101 80
101 81
102 82
103 82
104 83
105 83
106 83
107 83
108 84
109 84
110 84
109 85
110 86
111 87
112 88
113 89
114 90
115 91
116 92
117 93
118 94
119 95
119 96
120 97
121 98
121 99
122 100
122 101
123 102
123 103
123 104
123 105
124 106
124 107
123 108
123 109
123 110
123 111
124 112
124 113
124 114
125 115
125 116
125 117
125 118
124 119
123 120
122 120
121 121
120 121
119 122
118 122
117 122
116 123
115 123
114 123
113 123
112 123
111 123
110 123
109 123
108 123
107 123
106 124
105 124
104 124
103 125
102 125
101 125
100 125
99 126
98 126
97 126
96 126
95 126
94 127
93 127
92 126
91 126
90 126
89 127
88 127
87 127
86 127
85 128
84 128
83 129
82 129
81 130
80 131
79 131
78 131
77 131
76 132
75 133
74 133
73 133
72 132
71 133
70 134
69 135
68 136
67 137
66 137
65 138
64 139
63 139
62 140
61 140
60 140
59 140
58 140
57 140
56 140
55 139
54 138
53 137
52 136
52 135
51 134
50 133
50 132
49 131
49 130
48 129
47 128
47 127
46 126
46 125
46 124
45 123
45 122
44 121
44 120
44 119
43 118
43 117
43 116
42 115
43 114
44 114
45 114
46 113
46 112
47 112
48 111
49 111
50 110
51 109
51 108
51 107
51 106
52 105
52 104
53 104
54 104
55 103
55 102
55 101
55 100
56 99
57 98
58 97
59 96
60 95
61 94
62 94
63 93
63 92
64 91
65 90
65 89
66 88
66 87
67 86
68 85
69 85
70 84
71 84
72 83
73 83
74 82
75 81
76 81
77 81
78 80
79 79
80 78
81 78
82 77
83 77
84 76
85 75
86 75
87 74
88 73
89 73
90 73
91 73
92 72
93 72
94 71
95 71
96 70
97 70
98 70
99 70
100 69
101 69
102 68
103 67
104 67
105 67
106 67
107 67
108 67
109 67
110 66
111 66
112 65
113 64
114 63
115 63
