245
107 62
108 61
109 61
110 61
111 61
112 61
113 62
113 63
113 64
113 65
113 66
112 67
111 68
110 69
109 70
108 71
107 71
106 72
105 73
104 73
103 73
102 74
101 75
100 75
99 76
99 77
98 78
97 79
97 80
98 81
99 81
100 82
101 82
102 83
103 83
104 84
105 84
106 85
107 86
108 87
109 87
110 87
111 87
112 86
111 87
112 88
113 89
114 89
115 90
116 90
117 91
118 92
118 93
119 94
119 95
119 96
119 97
119 98
119 99
120 100
120 101
121 102
121 103
122 104
122 105
122 106
122 107
122 108
122 109
122 110
122 111
123 112
122 113
122 114
122 115
122 116
122 117
121 118
120 118
119 119
118 118
117 119
116 118
115 119
114 119
113 119
112 120
111 120
110 121
109 121
108 121
107 122
106 122
105 123
104 123
103 124
102 124
101 125
100 126
99 126
98 127
97 127
96 128
95 129
95 130
94 131
93 132
92 133
91 133
90 134
89 134
88 135
87 135
86 136
85 136
84 137
84 138
83 139
83 140
84 141
83 142
83 143
82 144
81 145
80 145
79 146
78 146
77 147
77 148
76 149
76 150
75 151
75 152
75 153
75 154
74 154
73 153
72 153
71 152
70 151
69 151
68 150
67 150
66 149
65 148
64 148
63 147
62 146
61 145
60 144
59 143
58 142
57 141
56 140
55 139
54 138
53 137
52 136
52 135
51 134
52 133
52 132
52 131
52 130
53 129
53 128
53 127
54 126
54 125
54 124
55 123
55 122
56 121
56 120
56 119
56 118
57 117
57 116
58 115
58 114
58 113
58 112
59 112
60 111
60 110
61 109
61 108
61 107
62 106
63 105
63 104
63 103
63 102
64 102
65 101
65 100
66 99
66 98
67 97
67 96
68 95
68 94
69 94
70 93
71 92
71 91
72 90
73 89
73 88
74 87
75 86
76 85
77 84
77 83
78 82
78 81
79 80
80 80
81 79
81 78
82 78
83 77
84 76
85 75
86 75
87 74
88 73
89 72
90 72
91 71
92 70
93 70
94 70
95 69
96 69
97 69
98 68
99 67
100 66
101 65
102 65
103 64
104 63
105 62
106 62
