247
107 60
108 59
109 59
110 59
111 60
111 61
111 62
110 63
109 64
109 65
108 66
108 67
107 68
106 68
105 68
104 69
103 70
103 71
102 72
101 72
100 73
99 74
98 75
97 76
96 77
95 77
94 78
94 79
94 80
95 81
96 82
97 82
98 82
99 82
100 83
101 83
102 84
103 84
104 85
105 85
106 85
107 86
108 87
109 87
110 88
111 88
112 88
113 88
114 88
115 87
114 88
114 89
115 90
116 90
117 90
117 91
118 92
119 93
119 94
120 95
120 96
120 97
121 98
122 99
123 100
124 101
124 102
125 103
125 104
125 105
125 106
125 107
125 108
125 109
125 110
125 111
124 112
124 113
124 114
123 115
123 116
122 117
121 118
120 118
119 118
118 119
117 119
116 120
115 120
114 120
113 120
112 121
111 122
110 123
109 123
108 124
107 124
106 125
105 125
104 126
103 126
102 126
101 127
100 127
99 128
98 129
97 130
96 131
95 132
95 133
94 133
93 134
92 135
91 135
90 135
89 136
88 137
88 138
87 138
86 139
86 140
85 141
85 142
84 143
83 144
83 145
82 145
81 146
80 147
79 148
78 149
77 150
76 150
75 151
74 151
73 152
72 152
71 152
70 151
69 151
68 150
67 150
66 149
65 148
64 148
63 147
62 146
61 145
60 144
59 143
58 142
57 141
56 140
55 139
54 138
53 137
52 136
52 135
51 134
51 133
52 132
52 131
53 131
54 130
54 129
54 128
54 127
54 126
55 125
55 124
56 123
56 122
57 121
57 120
58 119
59 118
59 117
59 116
60 115
60 114
61 113
62 112
62 111
62 110
63 109
63 108
64 107
64 106
65 105
65 104
65 103
65 102
65 101
65 100
66 99
66 98
67 98
68 97
68 96
69 95
70 94
71 93
71 92
72 92
73 91
73 90
74 89
74 88
75 88
76 87
76 86
77 85
78 84
79 83
80 82
80 81
81 80
82 79
82 78
83 77
84 76
85 75
86 75
87 74
88 73
89 73
90 72
91 72
92 72
93 71
93 70
94 70
95 69
96 69
97 69
98 68
98 67
99 66
100 65
101 65
102 64
102 63
103 62
104 62
105 61
105 60
106 60
