225
105 70
106 69
107 70
108 70
109 70
109 71
108 72
108 73
107 74
107 75
107 76
106 77
105 78
104 78
103 79
102 79
101 80
100 81
99 81
98 82
98 83
97 84
96 85
95 86
95 87
94 87
93 88
93 89
93 90
94 91
95 91
96 92
97 92
98 92
99 92
100 93
101 94
102 94
103 95
104 95
105 95
106 95
107 95
108 95
109 96
110 96
111 96
112 97
113 98
114 98
115 98
116 99
117 100
118 101
119 101
120 102
121 102
121 103
122 104
123 105
124 106
124 107
125 108
125 109
125 110
125 111
124 111
123 112
123 113
122 114
122 115
122 116
122 117
121 117
120 117
119 117
118 118
117 118
116 118
115 119
114 120
113 119
112 119
111 120
110 121
109 121
108 122
107 123
106 123
105 124
104 125
103 125
102 126
101 127
100 128
99 129
98 129
97 130
96 131
95 132
95 133
94 134
93 135
92 136
91 137
91 138
90 139
89 140
89 141
88 142
87 143
86 144
85 145
84 146
83 147
82 148
81 149
80 150
79 150
78 151
77 151
76 152
75 153
76 154
75 154
74 154
73 153
72 153
71 152
70 151
69 151
68 150
67 150
66 149
65 148
64 148
63 147
62 146
61 145
60 144
59 143
58 142
57 141
56 140
56 139
56 138
57 137
56 136
56 135
56 134
56 133
57 132
56 131
56 130
57 129
57 128
58 127
58 126
58 125
59 125
60 124
61 123
61 122
62 121
62 120
62 119
62 118
63 117
63 116
64 115
64 114
65 113
65 112
66 111
66 110
67 109
67 108
68 107
68 106
69 105
69 104
69 103
69 102
70 102
71 101
71 100
72 99
73 98
74 98
75 97
76 96
77 95
77 94
78 94
79 93
79 92
80 91
80 90
81 90
82 89
82 88
83 87
83 86
84 85
85 85
86 84
87 83
88 82
88 81
89 80
90 80
91 79
92 79
93 78
94 77
95 76
96 75
97 74
98 74
99 73
100 72
101 72
102 71
103 71
104 70
