265
118 70
119 69
120 69
121 69
122 70
123 71
123 72
123 73
122 72
121 73
120 73
119 73
118 74
117 74
116 74
115 74
114 74
113 74
112 75
112 76
111 77
110 78
111 79
110 78
109 78
108 79
108 80
108 81
107 82
106 82
105 81
104 81
103 81
102 81
101 81
100 82
101 83
100 84
100 85
99 86
100 87
101 87
102 88
103 89
104 89
105 90
106 90
106 91
107 92
108 93
109 94
110 95
111 96
112 96
113 97
113 98
114 99
115 99
116 99
116 100
117 101
118 102
119 103
120 104
121 105
122 106
122 107
123 108
124 109
124 110
124 111
125 112
125 113
125 114
125 115
124 116
123 116
122 117
122 118
121 119
122 118
121 117
120 117
119 117
118 118
118 119
117 120
116 120
115 121
115 120
114 119
113 119
112 118
111 118
110 118
109 117
108 117
107 117
106 117
105 118
104 118
103 118
102 118
101 118
100 119
99 119
98 119
97 119
96 119
95 119
94 119
93 119
92 119
91 119
90 119
89 120
88 119
87 120
86 120
85 121
84 122
83 122
82 122
81 123
81 124
80 125
80 126
79 127
78 127
77 128
76 128
75 128
74 129
73 129
72 129
71 130
70 130
69 130
68 131
67 131
66 131
65 131
64 131
63 132
62 132
61 133
61 134
60 135
59 136
59 137
59 138
58 139
58 140
58 141
58 142
57 141
56 140
55 139
54 138
53 137
52 136
52 135
51 134
50 133
50 132
49 131
49 130
48 129
47 128
47 127
46 126
46 125
46 124
45 123
45 122
44 121
44 120
44 119
44 118
45 117
46 116
47 115
48 114
49 113
49 112
50 111
51 110
52 109
53 108
54 107
54 106
55 105
55 104
56 103
56 102
57 102
58 101
58 100
59 99
59 98
60 98
61 97
62 96
63 95
63 94
64 94
65 93
66 93
67 93
68 92
68 91
69 90
69 89
70 88
70 87
71 86
72 86
73 86
74 85
75 85
76 85
77 85
78 84
79 84
80 84
81 83
82 82
83 82
84 81
85 80
86 80
87 79
88 78
89 78
90 77
91 77
92 77
93 76
94 76
95 76
96 75
97 75
98 75
99 74
100 74
101 74
102 73
103 73
104 73
105 73
106 73
107 73
108 72
108 71
109 71
108 72
109 73
110 73
111 73
112 73
113 73
114 72
115 72
116 72
117 71
