280
90 57
90 56
91 56
92 56
93 56
93 57
94 58
95 59
95 60
94 61
94 62
94 63
94 64
94 65
94 66
93 67
93 68
92 68
91 69
91 70
91 71
90 72
90 73
89 74
88 75
88 76
87 77
87 78
86 79
86 80
86 81
86 82
86 83
86 84
87 85
87 86
88 87
89 88
90 87
91 87
92 87
93 86
94 86
95 87
96 87
97 87
98 86
99 86
100 87
101 86
102 86
103 86
104 86
105 86
106 86
107 86
108 85
109 85
110 85
111 85
112 86
113 87
114 87
115 87
116 87
117 88
118 89
119 89
120 90
121 90
122 90
123 91
124 91
125 91
125 92
125 93
125 94
126 95
126 96
126 97
127 98
126 99
126 100
127 101
127 102
127 103
127 104
126 105
126 106
126 107
125 108
124 108
123 109
122 109
121 110
120 111
119 112
118 113
118 114
117 115
116 116
115 117
115 118
114 119
113 120
112 120
111 121
110 122
110 123
109 124
109 125
108 126
107 127
107 128
106 129
106 130
106 131
106 132
105 133
104 134
104 135
103 136
103 137
103 138
103 139
103 140
103 141
102 142
101 143
101 144
102 145
101 146
101 147
101 148
101 149
101 150
101 151
101 152
101 153
100 154
100 155
99 156
99 157
99 158
100 159
101 159
102 159
103 159
102 159
101 159
100 160
99 159
98 159
97 159
96 159
95 159
94 159
93 159
92 159
91 159
90 159
89 158
88 158
87 158
86 158
85 158
84 157
83 157
82 157
81 156
80 156
79 156
78 155
77 155
76 154
75 154
74 154
73 153
72 153
71 152
70 151
69 151
68 150
68 149
68 148
68 147
68 146
68 145
69 144
68 143
69 142
69 141
69 140
68 139
68 138
68 137
68 136
68 135
69 135
70 134
69 133
68 132
68 131
68 130
68 129
68 128
67 127
67 126
67 125
66 124
66 123
66 122
66 121
66 120
66 119
66 118
66 117
66 116
66 115
66 114
66 113
66 112
66 111
67 110
66 109
66 108
67 107
67 106
68 105
68 104
69 103
69 102
69 101
70 100
70 99
70 98
70 97
71 96
71 95
71 94
71 93
71 92
72 91
72 90
72 89
73 88
73 87
73 86
74 85
74 84
74 83
74 82
73 81
73 80
74 80
75 79
75 78
75 77
76 76
77 75
77 74
78 73
79 73
80 72
81 71
81 70
82 69
83 68
83 67
84 67
85 66
85 65
86 64
86 63
86 62
87 61
87 60
88 59
88 58
89 58
