267
92 67
93 66
94 67
95 67
95 68
96 69
96 70
95 71
95 72
95 73
95 74
94 75
94 76
93 76
92 77
92 78
91 79
91 80
91 81
90 82
90 83
90 84
90 85
89 86
89 87
88 88
88 89
87 90
87 91
88 92
89 92
90 92
91 91
92 90
93 90
94 90
95 89
96 89
97 88
98 88
99 89
100 89
101 88
102 88
103 88
104 87
105 87
106 87
107 87
108 86
109 86
110 86
111 86
112 85
112 86
113 87
114 87
115 88
116 89
117 89
118 90
119 90
120 90
121 90
122 91
123 92
124 93
124 94
125 95
125 96
126 97
126 98
125 99
126 100
125 101
125 102
126 103
125 104
125 105
126 106
126 107
125 107
124 107
123 108
122 108
121 108
120 108
119 108
118 109
117 109
116 110
115 111
114 112
113 113
113 114
112 115
112 116
112 117
111 118
111 119
111 120
110 121
110 122
109 123
109 124
108 125
108 126
108 127
108 128
107 129
107 130
107 131
107 132
107 133
106 134
106 135
106 136
106 137
106 138
107 139
107 140
107 141
106 142
106 143
106 144
106 145
105 146
104 147
105 148
106 149
107 149
108 149
109 149
110 149
111 150
111 151
110 152
110 153
110 154
110 155
109 156
109 157
109 158
109 159
108 159
107 159
106 159
105 159
104 159
103 159
102 159
101 159
100 160
99 159
98 159
97 159
96 159
95 159
94 159
93 159
92 159
91 159
90 159
89 158
88 158
87 158
86 158
85 158
84 157
83 157
82 157
81 156
80 156
79 156
78 155
77 155
76 154
75 154
75 153
74 152
73 151
73 150
73 149
73 148
73 147
73 146
74 145
74 144
74 143
74 142
75 141
75 140
75 139
74 138
73 137
74 136
73 135
74 134
73 133
72 132
72 131
72 130
72 129
72 128
72 127
71 126
72 125
72 124
72 123
72 122
72 121
71 120
71 119
72 118
72 117
72 116
73 115
73 114
73 113
73 112
73 111
73 110
73 109
74 108
74 107
74 106
75 105
76 104
76 103
76 102
76 101
76 100
76 99
76 98
76 97
76 96
76 95
76 94
76 93
76 92
77 91
77 90
77 89
77 88
77 87
78 86
79 85
79 84
80 83
80 82
80 81
81 80
82 80
83 79
83 78
84 77
85 76
85 75
86 74
86 73
87 72
88 71
89 70
89 69
90 69
91 68
91 67
