284
111 60
112 59
113 59
114 59
115 59
116 60
116 61
115 62
116 63
116 64
116 65
115 66
114 67
113 67
112 68
112 69
112 70
111 71
110 72
110 73
109 74
108 74
107 74
106 75
106 76
105 77
105 78
105 79
104 79
103 80
102 80
101 81
101 82
100 83
99 83
98 84
98 85
98 86
98 87
97 88
96 89
96 90
95 91
95 92
95 93
94 94
95 95
96 96
97 95
98 96
99 95
100 95
101 95
102 94
102 93
103 92
103 91
104 92
105 92
106 91
107 91
108 91
109 92
110 92
111 93
112 94
113 94
114 94
115 94
116 95
117 95
118 95
119 96
120 97
121 97
122 98
123 98
124 98
124 99
125 100
126 100
127 100
128 101
129 102
130 103
130 104
131 105
132 105
132 106
131 107
132 108
132 109
132 110
133 111
133 112
133 113
133 114
133 115
134 116
135 116
136 117
136 118
137 119
137 120
137 121
137 122
137 123
137 124
136 125
135 126
134 126
133 126
132 126
131 126
130 127
129 127
128 128
127 129
126 129
125 130
124 130
123 131
122 132
121 132
120 133
119 133
118 134
117 134
116 135
115 136
114 137
113 137
112 138
111 138
110 139
109 139
108 139
107 140
106 140
105 141
104 142
103 142
102 143
101 143
100 143
99 144
99 145
99 146
98 146
97 147
96 147
95 148
94 149
94 150
93 151
93 152
92 153
92 154
92 155
91 156
90 157
89 158
88 158
87 158
86 158
85 158
84 157
83 157
82 157
81 156
80 156
79 156
78 155
77 155
76 154
75 154
74 154
73 153
72 153
71 152
70 151
69 151
68 150
67 150
66 149
65 148
64 148
63 147
62 146
61 145
60 144
59 143
58 142
57 141
57 140
57 139
57 138
57 137
58 136
58 135
59 134
59 133
60 133
61 132
61 131
61 130
62 130
63 129
63 128
63 127
63 126
64 125
64 124
65 123
65 122
65 121
65 120
65 119
66 118
67 117
67 116
67 115
67 114
67 113
68 112
68 111
69 110
69 109
69 108
70 107
71 106
72 105
72 104
73 103
73 102
74 101
74 100
75 100
76 99
76 98
77 97
77 96
78 95
79 94
79 93
80 92
80 91
81 90
82 89
83 88
84 87
84 86
85 86
86 85
86 84
87 84
88 83
88 82
89 81
89 80
90 80
91 79
92 78
93 77
94 76
95 75
96 74
96 73
97 73
98 72
99 71
100 70
100 69
101 69
102 68
102 67
103 66
104 65
105 64
106 64
107 63
108 62
109 61
110 60
