258
103 71
104 70
105 70
106 71
107 71
108 71
109 71
110 71
111 71
112 71
113 71
114 71
115 72
116 72
117 72
118 72
119 71
120 70
121 70
122 70
123 70
124 70
125 70
126 70
127 70
128 70
129 71
129 72
128 73
128 74
127 74
126 75
125 76
124 76
123 77
122 77
121 77
120 78
119 77
118 78
117 78
116 78
115 78
114 79
113 79
112 79
111 80
110 80
109 80
108 81
107 81
106 82
105 83
105 84
106 85
107 86
108 87
109 88
109 89
109 90
110 91
110 92
111 93
111 94
111 95
112 96
112 97
113 98
114 99
115 100
115 101
116 102
117 103
117 104
117 105
117 106
117 107
117 108
117 109
117 110
116 111
115 112
114 113
114 114
114 115
115 116
114 117
114 118
115 119
114 120
114 121
114 122
115 123
114 123
113 124
112 125
111 126
110 126
109 127
108 127
107 126
106 126
105 126
104 126
103 125
102 125
101 125
100 125
99 125
98 126
97 126
96 126
95 126
94 125
93 124
92 124
91 123
90 122
89 122
88 123
89 124
88 123
87 124
86 124
87 123
86 122
85 122
84 122
83 122
82 122
81 122
80 122
79 122
78 122
77 122
76 122
75 122
74 122
73 122
72 122
71 123
70 123
69 124
68 124
67 124
66 125
65 125
64 125
63 126
62 126
61 127
60 127
59 127
58 127
57 128
56 128
55 128
54 128
53 128
52 128
51 127
50 127
49 126
48 126
47 126
46 126
46 125
46 124
45 123
45 122
44 121
44 120
44 119
43 118
43 117
43 116
42 115
42 114
42 113
42 112
42 111
41 110
41 109
41 108
41 107
41 106
41 105
41 104
41 103
41 102
41 101
40 100
41 99
41 98
42 98
43 98
44 97
44 96
45 96
46 95
46 94
47 94
48 94
49 93
50 93
51 92
52 91
53 91
54 90
55 89
56 89
57 89
58 88
59 88
60 87
61 86
62 85
62 84
63 84
64 84
65 83
66 83
67 83
68 82
69 82
70 81
71 80
72 79
73 78
74 78
75 77
76 77
77 76
78 76
79 76
80 76
81 76
82 76
83 76
84 76
85 76
86 75
87 75
88 75
89 75
90 75
91 75
92 74
93 74
94 74
95 73
96 73
97 73
98 73
99 72
100 72
101 71
102 71
