268
74 75
75 74
76 74
77 74
78 74
78 75
79 76
79 77
80 78
81 79
81 80
81 81
81 82
82 83
82 84
83 85
83 86
83 87
82 88
82 89
83 90
83 91
83 92
83 93
83 94
83 95
84 96
84 97
85 98
85 99
86 100
87 101
88 102
89 102
90 102
91 102
92 101
92 100
92 99
93 98
94 97
94 96
94 95
94 94
94 93
95 92
95 91
96 90
97 89
97 88
98 87
99 86
100 85
101 85
102 84
103 84
104 84
105 83
105 82
106 82
107 81
108 81
109 80
110 79
111 78
112 78
113 77
114 78
115 79
116 80
117 80
118 80
119 80
120 81
121 81
122 80
123 80
124 80
125 81
126 82
127 83
128 84
129 85
130 86
131 87
132 87
133 87
134 87
134 88
133 89
132 90
131 90
130 91
129 91
128 92
127 93
127 94
127 95
127 96
127 97
127 98
126 99
126 100
127 101
126 102
127 103
126 104
126 105
126 106
127 107
127 108
127 109
127 110
128 111
129 112
130 113
130 114
130 115
130 116
131 117
131 118
132 119
132 120
132 121
133 122
134 123
135 124
136 125
136 126
137 127
138 128
139 129
140 129
141 130
141 131
141 132
141 133
141 134
141 135
142 136
142 137
143 138
144 138
145 137
145 136
146 135
147 135
148 136
147 137
146 138
145 139
144 140
143 141
142 142
141 143
140 144
139 145
138 146
137 147
136 148
135 148
134 149
133 150
132 150
131 151
130 151
129 152
128 153
127 153
126 154
125 154
124 154
123 155
122 155
121 156
120 156
119 156
118 157
117 157
116 156
115 156
115 155
114 154
113 153
112 153
111 152
110 151
109 150
108 150
107 149
107 148
107 147
106 146
105 146
104 146
104 145
103 144
102 143
101 142
101 141
101 140
100 139
100 138
99 137
98 136
97 136
96 135
95 134
94 134
93 133
92 132
92 131
92 130
91 129
91 128
90 127
90 126
90 125
90 124
90 123
89 122
88 121
88 120
87 119
86 119
85 118
84 117
83 116
83 115
82 114
82 113
81 112
80 111
79 110
78 109
78 108
78 107
78 106
78 105
78 104
77 103
77 102
77 101
77 100
77 99
77 98
76 97
76 96
76 95
76 94
75 93
75 92
75 91
75 90
75 89
75 88
74 87
74 86
74 85
75 84
75 83
75 82
74 81
74 80
74 79
74 78
74 77
74 76
