19758 22038
-967.804 -6553.72
158.848 635.74
-9.00476 -477.602
245.48 -171.724
0.933986 -240.706
-59.5714 -155.991
-87.9976 -76.7065
-19.0354 -64.8372
34.3805 -39.1418
-39.1135 8.03827
29.1947 -59.0893
-36.2186 -57.0916
13.075 -34.1314
7.11892 -2.31156
-33.2266 -5.81455
-16.084 -14.2444
6.26307 -11.1788
-1.00204 -13.4951
-0.514038 0.340819
-34.0776 -9.17754
-4.34082 10.2274
11.9473 5.26625
-0.0595317 4.55706
-0.157136 -12.1482
-12.364 -7.12132
8.93842 2.45184
0.730288 3.83526
-1.00019 -2.23278
-10.5747 2.15141
-2.95933 -1.4301
1.94556 6.07844
6.05415 -4.49238
-3.32435 -3.48924
-4.42006 6.79527
9.10507 -2.71994
4.47343 -3.7655
-1.04398 3.87858
2.5516 -1.58418
-4.34877 -11.9611
3.10558 12.558
6.72266 8.47579
-2.54674 -3.05222
4.4734 -5.64381
-1.1222 -2.76554
-1.16645 5.78797
3.83394 2.0897
-3.60868 -2.80962
1.92452 0.524273
3.91244 -0.931395
-3 -5
5.64838 -1.59793
-3.55427 -3.68651
3.71614 -10.5647
-0.701947 1.07305
6.6774 26.2226
-4.77245 -4.54853
2.36723 7.77498
-1.63969 0.00465071
1.0688 3.8884
7.14067 6.9081
-0.436531 4.39881
-4.12725 3.22739
-2.83259 3.76438
6.58827 -2.48456
0.187846 0.0786335
7.30708 0.754528
-1.56432 -4.97194
-0.175485 4.1686
4.45033 0.0800261
-3.13084 4.79078
1.24224 0.71754
-2.11105 7.32448
-2.75679 0.653909
-1.21227 -1.9428
-1.29289 1.70711
3.62812 -4.10687
0.122301 11.5172
0.0851138 4.51764
-2.23425 -0.24145
-3.87904 5.81829
-0.657819 -3.08276
2.64053 -3.04271
-9.90064 1.44916
3.87591 3.67234
-3.1757 -4.47964
-1.99781 -0.553842
2.45107 5.09725
-0.028052 -4.59875
0.99944 1.20835
-6.15702 1.43387
0.593703 -0.828139
-0.843294 0.939578
2.37128 16.3542
2.21855 -0.853774
-2.98103 6.16484
5.43507 -0.114753
0.435169 4.69846
7.67995 4.18381
5.3187 -1.51851
4 -2
7.442 4.20572
2.91881 -4.28488
1.64413 4.22458
1.30014 3.63434
1.16931 1.55004
0.300974 5.37807
0.270292 5.5927
0.587732 3.90214
-0.438929 -16.4823
-3.97355 -2.88778
-2.97379 -2.45566
-0.743362 2.23818
1.87359 0.507144
-8.32244 -2.51726
-2.63916 3.30618
0.305068 -0.697969
-2.32567 -1.65241
-2.23011 3.17532
-0.618916 -0.50895
-7.68327 -2.58222
-0.412548 6.92876
-2.9439 0.420671
-2.28702 -5.38896
1.96356 5.02145
0.363961 -2.87868
-5.01104 9.84597
-3.99465 -0.35145
-1.74429 -5.45393
4.6862 2.36121
-4.88093 3.48037
-0.4657 -8.92535
2.34138 -2.83621
0.922515 -3.27189
4.7712 0.83158
-8.72464 5.8119
2.10845 8.8741
7.9398 4.31441
-0.253278 -1.96489
1.09709 -1.50614
-3.16195 -3.67203
-0.0877151 -5.23572
1.56318 10.6155
1.14035 -0.893572
-0.311164 8.15352
-3.22865 4.73186
4.56765 -1.67813
-5.85715 -25.2781
4.03176 2.90118
2.82355 -7.95482
1 -7
1.84505 -4.95787
-0.404009 -7.78024
-5.91717 5.76723
-1.8221 -6.3915
-3.65005 -3.73036
0.355271 2.9448
4.10793 1.90514
-3.50382 -0.28845
0.179924 -15.1967
5.45672 -13.7941
-2.4282 -1.48362
2.4826 -4.25488
-7.49886 3.34501
-2.8947 1.88681
5.72187 9.39062
-5.90877 -0.335957
-2.68451 5.44739
8.89539 3.85283
3.60415 0.0391149
-6.84856 -2.95251
-12.8149 6.53702
-6.70186 3.81695
8.75063 4.44561
5.24838 -4.73625
-2.70711 0.292893
-7.41548 9.14661
-1.26061 -7.53097
2.91449 4.23964
4.27677 6.03539
-8.90111 7.94147
20.5585 -0.0896311
1.43401 -16.7787
-4.6323 -1.1498
-21.4131 -0.817216
-18.4422 43.6466
23.9166 7.79421
32.885 27.6972
11.7457 24.7336
40.3884 13.7284
9.06372 -38.4729
-29.142 -0.654144
61.9134 12.7719
-64.3078 32.7704
114.566 15.5768
49.439 -1.24066
183.723 -180.08
66.2053 -358.453
-60.6388 -657.924
439.03 -2708.37
