18807 20297
1887.31 -6513.7
319.389 910.991
323.408 -539.224
410.019 -162.414
-206.234 -370.732
-25.3299 -100.377
-58.1238 5.04256
17.063 -55.6614
-31.9098 -14.1778
-9.69186 -76.2791
-77.4731 -74.5026
-25.1414 33.7126
-16.9377 -28.0129
-5.5665 -4.40922
-1.11308 26.6142
-9.10761 -25.891
-21.7421 22.7649
6.47947 2.57675
7.61727 -17.5179
-6.94325 18.7947
-11.195 23.2854
12.8008 -6.55083
2.8901 9.17719
-1.06715 -5.54506
-12.9497 11.1213
4.56985 -3.85693
0.303543 -1.3364
-0.202037 11.6482
0.164005 -4.10168
6.23366 3.11714
-5.70772 2.13608
-5.73432 -0.156792
5.76953 -0.843656
-11.5734 -9.09473
2.61788 -8.36226
-12.0794 -4.02417
0.2828 4.08394
-2.23986 -3.24652
-4.52771 4.70339
5.58596 0.601689
0.231733 -5.48528
-1.16062 -0.72047
4.65416 -0.744028
1.01067 4.8479
1.92181 -2.34721
-7.21732 1.15569
-4.78953 7.56826
4.78607 -0.981656
-1.35359 -0.343822
-8 2
-2.1131 11.5426
2.65963 2.09824
4.6731 -12.8918
0.171857 -4.75013
-5.93293 1.77406
5.13717 -9.26847
-7.69878 4.03188
-0.980763 -1.71713
2.35823 3.5007
2.21421 5.61637
-0.339305 -7.13759
8.10929 -5.38255
-3.2415 -6.87421
-6.69099 21.4129
-2.51137 -11.5805
-5.75094 6.78196
-7.54337 5.23197
5.52148 9.34057
1.74003 0.682444
-0.19922 5.91731
1.08446 -4.18957
1.75758 1.17514
5.63149 -1.18154
4.63641 1.51157
-2.36396 13.2635
-0.38498 -1.54103
1.68674 -4.43375
-4.2078 -4.46105
6.63168 5.83496
3.15923 -0.211706
-2.39351 -1.4017
-6.38685 8.97037
-1.33322 -5.73956
-3.83587 -3.09439
-2.35848 -0.198582
2.05259 -3.94416
5.16942 1.92787
4.28129 1.4016
-4.52356 3.66801
-1.63438 3.12009
3.18216 2.76953
2.27283 8.38657
-2.25944 -4.17985
5.09917 6.736
2.67941 -2.37179
-2.35554 -4.61387
-2.85257 3.69257
-3.36233 -0.0471334
0.953276 6.74792
-7 -3
5.74737 -5.16402
7.54756 -4.081
-3.88145 3.96842
-1.45382 2.65642
2.34015 -0.881813
0.676387 7.58283
6.1501 -0.621269
3.66761 -2.42429
0.303844 -2.5058
-8.21502 -5.62521
-0.656792 0.694675
1.06792 6.62972
7.62738 -4.8422
0.831304 -4.99206
-8.66259 -5.68912
-5.04211 10.3661
-1.54873 -4.87125
3.22483 -0.891873
0.294274 6.58882
-7.2494 0.0658083
-1.81595 -4.28675
-9.5536 2.25547
-1.85138 5.10848
5.94241 6.87532
-3.05025 6.87868
1.69799 2.66776
8.22476 -9.68077
1.8366 5.67204
7.07516 -8.17273
2.02436 -2.35699
-0.348442 -6.57345
-6.35859 -0.0445038
-7.10168 -6.19232
-3.0297 -0.896657
-3.67504 -1.14644
-9.68663 7.11482
4.29128 -7.45136
2.52443 -18.1231
2.12685 4.4893
0.695616 -9.70654
9.85365 5.82838
-7.48577 -7.26468
8.90732 -9.18146
4.71636 -6.53875
8.16887 -8.92477
-3.62469 0.209131
4.79846 9.73431
4.98259 -8.94305
2.28883 12.686
-8 -4
-2.11518 5.65977
16.3099 4.01707
2.23713 -3.45925
0.0801491 0.976929
8.88323 -0.0777018
-3.87501 3.36398
-10.6956 -1.44276
-1.95797 9.43764
2.94793 4.11759
1.50421 -7.45579
4.22011 -7.43832
-8.75907 -0.199225
-4.65849 1.00934
0.96179 -10.9777
-11.0936 5.22866
1.38639 -2.98161
2.15248 2.51888
0.578233 5.2192
6.22895 -11.1727
2.30188 -1.48396
-7.54697 3.22692
5.23643 1.34955
5.87563 13.4193
7.75173 -10.1512
10.364 -19.2635
-27.4597 -7.10564
12.0291 17.1205
11.8763 12.3252
8.49388 -18.0287
21.0334 -11.7046
-2.33932 21.3814
-11.3211 11.667
20.3229 20.5249
-11.3026 12.0491
45.7669 -18.5641
1.79092 -13.2459
-44.8716 21.5084
-12.3193 10.3269
8.61328 26.1608
-14.8194 -14.4092
113.058 -63.0822
-67.6758 -16.5855
-10.6441 -14.4043
-61.7018 147.815
37.2031 -14.741
291.964 166.147
433.474 -89.5093
218.514 -732.276
2355.05 -1588.04
