19561 21124
-3812.54 -6098.33
418.232 512.546
-118.419 -494.557
249.266 -305.813
-98.6883 -298.851
-30.7506 -163.006
-110.658 -57.5753
-32.463 -18.555
1.00225 -45.3423
1.64297 -11.5679
-8.78855 -84.333
-17.1613 -38.1348
-30.2528 -79.9926
-20.3802 -5.37411
-26.1509 -8.2657
-9.93191 14.9173
14.2352 9.60185
6.42649 0.28098
20.9867 -20.2773
-36.3736 -14.1524
-9.33514 -20.4686
-8.59471 19.6049
-5.54915 2.59553
-8.83247 -19.6238
-2.63604 1.84924
-14.4548 -6.59784
-4.77477 -15.8258
-12.1602 -3.35937
0.547186 19.6173
-15.8357 -6.85353
2.64376 1.98185
-2.119 11.6619
-4.26454 -1.53215
-1.44095 -2.87325
-4.89362 -0.87548
1.29283 0.25857
9.25197 12.0027
-0.774898 -1.23
-7.07044 6.2298
-7.18712 5.3262
4.36286 -0.14785
-2.53932 -5.96672
-2.60262 6.50097
-6.49192 -5.04449
-0.400683 2.40994
-3.57866 0.903297
-6.89964 -2.74523
-2.20058 -0.279091
1.91108 16.2888
-8 -9
5.46061 1.40326
4.70429 9.93757
6.95497 -1.64465
0.174091 6.6082
-4.17804 5.41342
2.49382 -4.85587
6.10412 -9.8164
0.0435796 -3.09576
-4.78925 -3.34311
0.51587 -0.229469
2.7167 7.0029
-0.739243 -4.66495
-3.66131 -0.960345
-3.58676 1.5067
0.886487 -2.32933
0.614911 0.397694
-0.864894 -2.59598
-0.122349 -3.74997
2.22502 -8.80193
4.98157 -3.32681
-2.53499 -5.24798
-5.75978 -1.27851
-5.68109 -2.68521
-2.05982 -6.43512
2.77817 -9.12132
1.45159 2.88641
9.29912 20.0035
-0.902634 -1.67704
4.27929 4.66722
-2.35172 1.7984
-1.44763 4.25291
4.91011 4.11292
6.35661 -3.3814
-0.348457 1.60621
-1.34222 8.45536
-2.68178 -5.27587
0.605104 2.95869
4.91819 4.0573
0.0276394 -0.681733
5.4472 -2.6124
2.39119 0.85515
5.11147 3.16344
-6.98206 -2.6477
1.33613 1.64521
-5.06448 -0.056227
3.41528 2.93843
6.54457 8.9373
-2.21639 -0.890472
11.5609 -1.63992
-5 0
4.35862 5.49874
-0.475323 2.52284
-0.0373454 6.25031
3.3542 -4.84412
-0.792531 1.19725
2.31538 -5.19184
2.01268 1.60655
-4.24877 -5.07848
1.57593 -1.89349
2.00879 8.94334
-2.83103 -0.535434
4.59017 1.91423
1.15488 -3.14971
2.07644 6.51836
1.23045 -4.2778
-2.46418 -5.89802
1.1029 1.87301
-2.92582 0.296795
-2.53613 1.80369
-1.17615 7.05571
7.89575 -2.08434
5.17435 5.68304
3.54136 8.89136
3.34235 -4.14338
-15.364 -27.8492
4.03639 9.92371
-6.82735 -5.26205
-1.88707 -7.95574
-0.227541 -4.39944
-0.869514 -1.02838
2.164 -2.70634
-5.70113 8.79528
-3.74827 6.79625
6.5086 1.53412
-4.25485 -3.92854
-2.519 -4.47412
-4.02407 3.46773
-3.54671 -0.966673
0.52945 -3.19245
-2.62733 5.02784
1.69487 8.38924
0.20965 -1.73551
1.50697 -0.122858
-4.52443 9.83155
-1.49233 5.01067
2.43123 -1.34313
8.26126 4.13668
6.35876 -5.93398
-1.67312 7.56903
0 13
-3.87567 2.10778
1.04037 -3.8015
-16.3726 -10.8955
2.17381 3.7818
3.45272 2.04123
2.92893 -1.18128
-6.71545 -7.70999
-1.87914 -0.630356
-3.40687 7.30118
-5.28501 -3.18031
-0.377594 -3.69731
4.80215 -4.25659
9.6218 -6.77984
6.07466 2.06895
2.15555 -0.941925
1.94356 -6.94578
-12.468 -0.994415
-0.836019 -3.08724
8.95888 -1.44534
-3.22066 9.20872
-0.279141 -9.10242
10.974 1.62584
-8.118 -4.80864
-2.82855 -12.0293
-12.7782 -4.87868
-6.90009 9.72115
-0.373646 1.89536
2.42693 -10.5779
24.537 7.24738
-1.51498 -5.64593
15.5964 -21.4031
0.753625 -23.446
-25.4427 -3.85983
12.7608 3.70241
17.674 31.0489
40.2218 -39.3745
11.7091 12.4592
-27.3697 -17.7571
-16.1243 9.37212
-6.15469 3.237
-41.038 -17.8762
53.9873 48.5041
-38.2929 5.62915
189.409 -55.7514
29.8587 -56.0509
29.563 -294.248
-140.968 -284.616
-623.451 -407.024
-922.813 -3006.08
