20619 20531
-3578.14 -6234.5
1147.65 620.524
121.957 -759.418
189.288 -570.884
-304.157 -215.462
-86.0428 -46.8513
36.2921 -0.928267
70.4054 -61.9121
-7.93593 -108.677
-58.5283 -56.3607
-85.5469 -47.4734
37.7041 3.63901
-13.3509 -38.0285
-5.76654 -14.4451
-10.0316 -12.2792
-47.6402 -0.221217
-24.9523 4.69477
5.67233 25.769
-9.88575 -29.658
-15.1214 -9.15833
-18.4842 -17.8437
-9.63637 -13.0782
-9.30381 12.9231
-7.99681 -18.0379
1.94975 -14.364
6.91028 16.4396
-8.11681 3.93401
-1.77145 5.65938
-16.7482 -9.28498
-5.36723 2.39449
11.641 1.76362
2.10498 1.92893
-16.9491 -4.79109
-9.64157 11.8534
-0.218791 -6.96602
6.44619 8.37012
-2.86298 -6.17911
-14.3099 -0.629637
6.36765 0.45824
-0.31526 -3.92226
3.28659 3.22702
2.44702 -1.7964
-1.63722 -7.46191
2.45826 -0.710551
11.6603 0.980694
1.11658 -1.62078
-4.13086 0.0317101
7.92619 2.85013
1.72104 -1.23143
-4 2
-7.34527 -1.68476
1.66908 1.84753
-1.23612 4.95984
2.23034 5.23006
3.17669 0.333013
2.28368 -2.74115
-5.18614 0.740891
-1.93466 -3.23021
1.47716 0.454277
0.750007 3.70524
0.788423 -1.3142
-1.33317 1.34958
2.66317 -2.1969
-3.80848 5.89832
2.41291 1.399
-7.79648 -1.12214
-7.00549 4.74227
-1.7802 2.65984
-2.93605 0.761121
1.13116 -1.45022
-3.91136 -2.80843
-0.156206 -2.32513
2.30013 -6.13299
-6.35892 -1.74629
1.80761 3.87868
-6.69219 -7.10841
0.708225 -2.13861
-2.80155 -4.5751
-1.01413 8.38829
4.49083 -0.233107
5.32931 -8.23852
-1.73161 9.58639
3.12663 -6.38378
5.09353 -3.9783
-4.13423 -3.95297
-7.88099 0.0345753
-6.75492 1.39674
-0.757035 10.3972
0.790184 4.59901
5.93155 13.5279
-3.92983 -8.90963
-9.89329 -18.6395
11.6039 0.69712
-1.16637 -16.5011
2.29136 0.808194
-7.1192 -0.715337
0.556016 -3.24744
5.54076 3.58719
1.74739 -1.66755
-1 -7
-0.83746 -0.664846
-2.44137 -4.45895
2.6996 6.53509
0.20354 -0.475257
8.45303 -13.3245
-3.41432 0.27863
-5.14977 -1.59618
-1.66507 -6.61051
1.78829 4.20328
13.8819 20.3168
-5.53122 -7.64662
-6.1875 2.28192
-5.73841 7.47
-3.83133 12.3174
1.6148 -4.06558
3.83067 8.57211
-1.74968 7.74181
4.70608 -1.84711
3.75271 1.59044
5.21737 4.46917
-4.74197 -3.39323
6.70446 6.401
0.0459046 -3.84273
-3.44133 3.1505
-7.94975 -1.63604
-2.01571 -5.48264
4.48437 3.43727
6.37938 15.3588
-4.99219 4.76591
-2.81168 2.04097
-1.79892 4.00192
-2.83028 5.70303
-2.49911 -4.91905
-4.87477 0.129419
-0.377559 -3.09241
-4.34003 -0.0104645
3.53872 1.51643
0.628214 -2.42672
-1.09314 2.68622
2.37461 -0.997039
-0.255267 -2.70912
3.07655 2.14559
-6.12904 -0.645124
-0.320349 -7.22046
-0.412572 -4.28908
4.96734 9.93485
7.43567 -0.780301
-6.25048 -4.2648
-6.06238 2.22043
-6 6
2.401 1.43261
7.42652 2.20468
1.46133 -2.78094
0.214745 2.20337
6.88399 -3.27281
-0.961752 8.49656
3.87887 7.52068
9.79464 6.0064
-2.20937 -13.5651
-3.39294 3.68619
5.20155 7.40714
-6.70238 0.324136
0.181785 -12.3116
-0.74225 1.00018
6.69449 17.8954
-9.1852 -3.27646
-14.9063 -2.88322
3.91201 2.39265
8.12449 2.12422
-0.591568 8.79185
-0.974408 4.35081
1.92833 -18.358
-20.3834 -10.3625
3.37264 7.7426
20.1924 8.12132
12.9832 11.5391
-19.0538 -21.5999
-0.157894 6.49928
-7.31337 5.534
-22.0033 -1.54988
-1.58077 9.79577
12.2282 -1.37303
16.9748 -17.4662
-18.2372 -15.3763
-34.5173 -37.2463
-13.7112 2.01996
-10.9229 60.3902
74.4547 -1.78309
3.90838 7.14785
-13.6458 -37.2611
-4.84614 -94.5651
-42.0619 44.1835
-54.2101 1.73867
184.546 87.5832
54.6611 -73.4651
198.156 -326.762
-24.1028 -375.29
-579.07 -673.499
6.20955 -2960.16
