19900 21447
-2292.45 -6365.89
695.374 593.776
21.9744 -485.137
249.758 -358.603
-96.3042 -254.689
-13.5178 -153.765
-75.3734 -70.2711
4.11569 -14.1017
-7.53405 -73.5819
-7.27272 -1.35172
11.0908 -89.7169
-25.1815 -34.8519
-42.335 -64.8134
-3.21226 16.5934
20.3528 4.55371
-5.54944 -31.1409
16.4746 -48.5925
-31.8258 -53.5269
-4.9392 3.72403
5.98375 2.21113
-10.9457 -13.2837
-15.6561 -3.26305
-13.1102 -2.25088
-0.248968 16.3136
10.364 -6.6066
-23.1431 -5.30489
14.0464 5.1859
-2.02919 -7.40604
-10.4918 13.0539
-7.08608 8.16036
0.00711826 -2.07576
-1.57685 1.34035
7.27553 1.41845
1.4897 6.63725
-2.09427 1.69568
0.827293 -1.44963
2.96737 3.66925
-2.86125 -2.40474
3.18252 12.0286
3.88435 -2.04508
2.01074 -5.94995
3.08001 0.684696
-3.51021 5.19254
-1.90033 -0.487971
-7.33776 -7.41697
2.09541 2.07385
5.38386 7.72344
7.0012 -15.7176
-6.11879 -2.95712
-5 -8
-5.78909 -12.2082
6.40399 0.674976
6.00566 8.674
-0.164535 -2.65209
-9.57488 0.15772
-4.27669 7.18296
7.03291 9.40205
-4.97719 4.09871
-1.32319 0.782882
1.04453 -1.98459
4.57856 2.7128
-3.59642 -2.00002
-5.82338 -2.58386
-1.10976 -2.35906
0.270282 -0.245293
-4.10459 -1.88271
-1.22503 -2.21977
8.85088 3.3139
4.77453 -1.07132
-0.587684 -0.452153
4.34851 -3.28003
-2.68093 -0.331683
6.93827 -10.2822
-0.0584551 0.5699
3.53553 16.9497
-6.97837 -5.4988
2.24105 7.98512
-12.7135 7.22578
4.43319 6.6759
-3.52108 3.54508
0.145585 1.74511
0.263157 3.71686
-3.83217 3.94015
-4.14941 -4.38521
-0.433329 0.775874
3.66771 4.03778
0.323063 7.64631
-3.23273 -1.21722
-3.00128 -2.91193
0.890758 -0.176147
0.798628 6.94176
0.56269 10.1693
-1.0926 1.4458
1.43583 1.07072
0.643116 9.11529
6.00147 0.470594
-1.17647 -1.00568
0.268887 2.46877
-4.84913 1.08124
0 1
-1.57365 -4.18963
0.866725 -1.9502
0.0132845 -6.44074
3.53259 -3.48324
2.83938 5.02966
-1.33685 0.465883
-0.0715847 3.89727
0.955716 -8.17295
3.53022 -9.19333
2.1007 5.06462
-3.53133 2.47506
-1.44686 2.57627
0.149831 -2.93657
0.97517 -0.727703
-0.340158 7.88434
-1.62602 6.74849
4.03956 -6.9115
-0.306643 -4.1613
-2.76748 3.09633
-5.42319 3.54508
2.5525 2.44135
-6.50454 5.83124
1.01611 3.37729
4.31596 7.46056
-2.36396 14.6066
0.812788 0.201035
-4.15855 -23.1263
7.2477 3.36687
6.81386 -4.81448
6.0996 -6.18712
-3.2017 -1.93232
11.7803 -3.60302
-1.71224 0.574968
-1.82055 1.96279
-4.09869 -7.5927
1.74697 4.3596
-2.0664 -0.212688
-1.37849 -1.83765
-0.435501 0.334983
2.77513 0.366554
-0.896359 -2.05006
-2.69231 -7.92674
-0.542576 -11.1543
-1.70273 -3.84634
-4.09915 2.73156
5.62915 -2.70187
0.153548 2.04337
-0.570184 -2.38141
-7.32202 -1.02125
1 8
-3.4621 -5.89798
8.09301 3.46034
4.02519 -13.2844
-0.268967 -7.03585
-6.29547 1.52418
-6.71425 -2.93799
1.28605 -0.0893199
-0.674754 3.87551
9.63721 3.12164
5.05992 -2.04508
5.36133 -22.3775
-8.00257 -2.21624
-2.56173 3.5298
3.54113 0.412742
4.87068 7.37287
5.83228 -10.7419
12.2661 -5.15122
-1.16804 -5.58617
1.33958 -15.7885
-14.7176 -4.28501
-15.3629 2.74891
12.6363 16.3244
31.3018 1.73403
-8.77628 -19.4444
-3.53553 7.05025
-5.59176 -19.8538
-10.1106 28.0001
5.39973 4.60341
-8.85859 -15.7902
20.1966 -1.5931
0.374989 -11.6399
6.22132 34.7189
9.8348 21.5927
-16.7936 -8.09425
2.19407 28.441
29.5602 -5.91887
31.3777 44.9451
21.976 -35.0096
2.28005 -30.4657
-25.4269 -10.7728
-62.2966 8.61423
82.6397 41.6613
-45.243 -0.90994
184.561 3.30019
51.4076 -71.3382
122.541 -205.317
10.5737 -356.633
-149.94 -598.45
47.1385 -2991.46
