19393 20690
-2649.51 -6969.38
235.881 724.033
-34.614 -515.429
288.132 -192.104
11.8869 -298.837
2.51045 -156.891
-88.9611 -91.9069
-45.4687 -66.7556
12.2862 -88.8646
5.83447 -12.8303
29.1075 -6.02092
-40.4898 -8.18074
37.2364 -96.3007
5.23842 -32.2236
6.68237 15.4328
-26.1092 16.783
-43.73 16.7052
-6.19038 -18.4752
25.6755 22.0315
11.796 -12.3123
-6.76426 -15.3278
-24.458 2.98774
17.2762 7.06181
9.32381 -6.453
-11.0711 -12.6569
-8.88578 -2.18098
0.52654 6.38893
10.3552 -12.7652
2.07538 4.71078
7.72812 6.45376
-0.331041 4.19645
-14.5504 6.6918
-6.79471 8.53292
6.82118 5.09816
-1.91081 -2.20991
-8.59822 4.82631
-2.67705 -2.645
2.24387 7.08296
2.24284 -4.05976
-1.63911 -0.455271
-6.62642 -3.43167
-7.12901 -0.424732
-6.89062 6.25411
-5.29381 7.32794
-0.862484 -1.34977
-3.59987 -1.49514
-0.247046 -6.34291
-1.8922 0.559139
6.58932 -1.93413
-1 2
-1.46021 1.02594
3.34125 -2.95114
-3.84863 0.799356
-3.52641 0.174557
-8.05443 -1.46698
-3.44818 7.83065
-1.567 5.83354
-1.04082 -1.47261
5.6532 2.79821
-1.25715 2.44099
-1.85799 2.67517
4.19819 3.34022
4.41183 1.08458
1.79857 -4.54238
0.443396 -3.74141
3.78138 5.98761
-6.13615 4.1638
0.859484 -0.422884
4.74527 -0.564162
-0.672389 -0.599661
-1.88386 3.784
-3.40441 2.1681
6.49085 2.07265
2.40998 2.63507
0 -0.414214
-0.332665 2.33657
0.559971 7.39156
4.20505 -5.61383
-0.758031 -5.83632
9.17796 8.66161
4.03001 1.71753
-1.5667 1.26216
-1.35039 -4.05915
-4.55866 4.84671
3.79818 2.83941
-2.81858 1.49657
0.389859 3.72795
1.06324 5.71378
-2.84458 -6.32987
-0.598407 -2.31564
-0.0301729 -4.64212
-6.96405 -10.4094
-2.20062 -8.03328
6.18773 21.74
4.38753 -1.20895
-3.36365 10.264
-0.249898 -0.0488484
0.38028 9.65925
-3.22023 6.38787
7 0
-4.2174 -1.24003
-4.87133 1.95046
2.54 4.94422
1.44313 5.02869
12.3333 0.826272
2.5752 18.2159
-0.495411 5.09269
-7.32867 -22.0017
1.60002 3.64022
-0.703898 -6.13339
-0.477209 -0.425571
2.93574 -5.36871
-0.996593 -6.579
0.968414 -1.39589
3.44177 -3.46505
-4.04846 -3.23652
-1.31081 -0.505164
4.84041 4.16208
8.51694 -2.63157
8.00238 -0.57144
0.0543369 3.26651
0.35696 -5.09833
3.09464 -4.68111
-2.51838 -4.9248
3.07107 -1.34315
-2.85741 -4.30657
4.37067 -1.61221
-5.03385 0.693653
-2.32853 3.68361
-2.92023 -2.42054
0.863041 -2.27581
-1.79127 2.4462
-4.9335 4.37038
4.0363 1.15321
2.84239 7.25529
-4.34461 -6.51575
2.28028 -0.287593
-3.06272 0.894939
-4.10343 5.43372
-3.15926 4.06559
3.93656 -2.98421
-2.81697 4.42729
-6.53977 1.6595
-4.32466 -2.88851
-11.7184 1.01643
-5.33486 2.51684
1.41719 -1.44584
3.03858 11.4418
-0.161617 2.41703
-7 0
12.6631 0.12184
-1.22558 5.99216
3.9683 4.69788
-1.76298 8.30716
-6.17664 0.386096
-11.3148 -3.40133
-6.00626 2.74028
2.21117 6.12983
-2.33864 -0.372312
-3.54123 -2.6349
9.88206 -3.53953
5.88114 -2.49452
4.15395 -0.516331
-4.35807 -3.59794
-2.03583 -2.7305
4.44089 -1.24266
-5.57374 -5.47273
7.68732 5.36595
4.82372 -1.31589
3.68416 -19.4336
-6.49174 -3.02487
7.86274 15.7839
5.04319 -7.35432
-4.09489 8.84906
2.66454e-15 2.41421
6.91677 4.62098
20.1023 -14.9255
1.94064 6.51819
9.19763 16.4149
10.6204 -19.1942
1.32774 -31.2694
-19.589 24.9326
-36.6302 39.6039
-8.34285 -4.85717
54.1549 -4.02308
11.4713 -23.9143
25.2251 1.32259
-54.6787 -3.6046
-9.23726 -12.3881
25.6482 5.27929
-33.0323 41.589
85.3397 30.6692
-22.7933 57.4397
157.505 -94.6716
38.7878 -56.7233
13.6858 -256.409
-106.375 -337.441
-396.48 -491.654
-655.76 -3084.33
