19617 21307
-649.431 -6886.22
434.765 686.924
90.0479 -620.703
283.707 -247.803
-60.3129 -267.419
-95.1495 -180.045
-96.6854 -40.5819
-15.6439 8.14306
40.5363 -65.245
-43.1272 -55.0276
-8.90019 -78.9434
-29.9393 -19.0126
-59.7753 -37.9405
-12.0516 0.630241
-2.41142 -13.2658
8.4753 -10.7989
7.06324 -20.331
-36.8646 -3.58452
15.8051 16.195
3.85738 18.5579
-6.86993 -33.5312
-25.1076 -2.16511
0.340638 6.66811
-6.84154 -13.4579
0.414214 13.4853
-10.1932 -7.47898
-0.449064 -13.3527
-11.2242 16.5023
6.75604 2.39361
8.94189 -11.317
-11.927 -1.33211
3.9067 0.243907
0.847708 0.368092
1.95877 -3.7528
8.50206 0.629053
-10.3448 2.82582
-1.52925 -2.87632
6.36115 7.89797
-1.1858 3.10212
-7.79985 3.54894
-4.12289 2.18359
1.32968 -6.46158
-1.40342 -5.32529
-4.30209 -1.87891
-0.307597 4.69042
-1.25117 -6.73019
-2.88643 -2.09382
2.58735 1.53149
4.54336 -7.09523
-3 7
-2.17918 -2.04399
-1.23675 -6.48004
3.18138 4.93647
3.88211 5.89587
4.36742 -9.8181
1.63283 -3.59004
1.77662 -9.08075
-6.85849 2.41802
4.58539 10.1713
0.89587 -7.32485
-0.0720702 1.99913
-1.22846 -0.906587
-3.1091 3.23033
-2.41087 3.12613
-1.18974 3.7406
1.12988 -3.13326
4.98778 -1.46113
1.18364 2.13604
0.284997 3.34897
7.76632 -3.53707
5.83303 1.45113
1.17715 31.7595
-1.96592 -7.20984
-2.88703 12.4464
-5.82843 6.89949
1.01994 10.2659
1.64364 2.56101
3.27542 -3.00807
-2.38431 0.404226
1.20196 3.91221
0.754163 -1.04229
-0.691148 4.70162
7.96962 -2.33905
0.443144 2.99585
-0.224291 -2.1654
5.66567 4.26174
-1.87315 -1.76052
-1.93472 2.4932
6.84667 -4.49839
-1.94171 -4.71507
-3.86778 4.77835
-0.134075 6.42396
1.55024 -4.63741
-5.03232 2.1775
2.88271 -2.94248
-0.476529 -0.583333
2.37994 2.66219
0.69483 4.51709
0.726892 -4.77224
-1 1
-1.20031 1.42722
-5.85678 3.99484
2.89803 2.33718
0.380165 -4.33496
-0.132193 -2.65229
-4.83278 -1.5728
-3.36214 0.970087
2.30182 -4.81013
-6.71058 -3.43551
0.694842 0.0945483
4.35177 -4.10078
-4.83115 -1.84107
-3.89213 -2.43287
3.12203 1.16617
-0.144718 -4.82684
4.81995 -1.83939
3.69127 6.47123
-5.23225 1.90186
-4.34666 3.11761
-1.87572 5.08779
-0.491413 -0.815035
-0.299817 1.56313
-3.43743 -0.849914
-5.8016 6.59045
-2.41421 -3.48528
-0.768862 6.64266
2.70804 1.36675
-2.518 10.4169
3.50329 -1.9163
0.860859 -25.9395
4.65466 0.322088
0.603054 -7.64457
7.87548 2.28081
-0.691271 -0.947226
-6.48694 -0.467562
-6.93232 -1.7635
2.07307 -1.95897
-0.543732 -1.04595
2.79648 -6.16037
-5.98604 4.32485
-0.700697 9.51737
-4.10326 3.18001
8.2016 -11.026
11.2143 -0.53862
1.62813 -2.60318
5.77907 -7.12122
1.00779 -10.2677
-1.27869 6.22871
1.70671 4.05522
-5 -7
3.19125 6.23313
6.54963 -2.64934
-9.71867 -3.16965
4.29924 1.11958
-1.42471 -4.94196
1.34897 4.56206
-1.05274 1.66841
-0.0150871 5.02992
-2.59378 -2.02972
-8.52639 5.45106
5.75836 -0.991338
10.3529 -8.42016
-1.48331 -0.158838
0.0774808 1.90182
5.58138 -9.50688
-0.0573889 5.20744
-1.67522 4.47773
-2.29628 -2.18145
-6.0531 -0.0936124
12.208 8.6821
8.32425 -16.9198
-7.41748 -11.5658
3.24238 -5.53243
-0.725997 4.77626
-0.171573 -12.8995
5.45154 15.3536
9.08888 -6.55606
-15.3594 -4.92299
-3.39152 29.6379
2.23279 -21.5579
14.4844 3.17
3.4681 18.3663
21.7511 -7.25276
25.6874 -16.9536
-23.0427 -14.0846
-25.5783 0.620326
-45.4827 60.8775
28.8138 -10.2532
39.7888 7.40716
2.59695 -8.24045
11.5087 -48.85
26.8228 -14.3752
-93.7606 -19.4579
100.678 102.018
60.7156 -58.3663
247.36 -119.145
157.97 -250.384
-55.3809 -796.16
940.934 -2873.02
