20843 21619
-1871.52 -6463.63
152.208 622.458
-37.8549 -494.818
139.015 -128.628
77.5794 -266.228
20.0045 -102.394
-37.88 -95.9846
-51.3391 -109.593
-9.1111 -27.821
-17.7067 -29.0497
-7.06824 10.9836
-23.6415 -56.7963
1.87988 -32.8916
9.5262 -46.4441
-11.98 -8.04932
-9.22093 -1.4303
2.2687 -6.76356
-15.4551 -3.80539
-8.76152 -21.4129
8.84838 9.47256
-6.30659 -12.6796
2.25009 -7.25799
-12.9236 -7.23055
-11.1884 -2.72751
-0.12132 13.364
-7.28474 -1.84063
-3.25141 7.0417
-10.5597 1.35104
6.81774 -10.9765
-6.7518 2.21226
-7.06542 4.59218
9.11044 3.75892
-3.03504 3.67823
3.65858 0.738253
0.463261 -1.65391
-8.96515 0.0558206
-6.64986 6.48583
-2.65013 -3.56209
-3.03152 -3.23978
2.05519 -4.82057
9.31088 -3.73769
-2.18144 8.60347
2.00593 6.87253
5.06882 -7.2287
-9.90713 -0.309006
-2.79306 -2.57037
-1.64625 -2.0846
-11.311 -8.8207
-3.52128 -2.41985
10 22
-6.85873 2.61953
1.86928 12.9814
-1.42586 4.12903
-7.6985 8.49011
6.20648 8.36903
3.1979 1.90764
2.24021 6.61334
-1.42126 5.49586
2.3645 -0.967818
-0.80548 -0.192558
3.63677 4.11244
-2.18514 1.91862
-1.0392 4.79858
1.39277 3.9392
3.34008 -5.46038
0.23453 -6.39033
-2.04531 -4.65523
-1.18545 7.12154
-4.10198 0.85705
-2.77606 0.204147
2.37425 2.34094
-2.02968 2.94506
1.21644 -0.0814535
-0.951797 6.42506
3.53553 -2.87868
-0.987794 -3.72401
-2.20822 1.75187
-3.38542 0.406091
-0.207081 0.528918
-1.2696 -1.94481
-1.73051 -0.58038
2.45327 -1.48645
2.12137 -1.47103
-2.65513 -4.8915
2.37313 -3.02226
2.9521 -0.326906
3.84956 -8.30894
2.17483 -1.23445
0.784873 -6.70295
-8.47364 4.6333
-4.20514 -1.41212
-1.07831 1.07567
1.85015 -2.30264
-5.10485 0.671441
-5.4216 -3.4618
-5.57608 0.716917
7.35592 -0.160396
5.37015 -8.23559
0.957246 -16.4946
-1 -3
-2.60731 -13.7671
2.30789 2.54965
4.94412 14.9394
-1.3906 1.27138
-3.15967 -1.63752
-1.71641 -4.20214
-2.44838 1.27131
-1.27169 1.04439
-5.51056 -3.46898
-3.893 -1.07304
0.0935034 4.92758
1.539 2.99259
1.43584 2.45052
4.8056 2.77031
5.24972 5.16555
-1.27883 6.47504
2.02051 -2.46185
1.81968 -1.92234
-0.777205 1.94877
-0.820571 3.03498
-1.13545 0.66202
-2.92061 -0.380762
-1.35141 0.268454
3.26109 3.89434
4.12132 0.636039
0.916271 -5.93365
-0.168247 0.692494
-1.05263 -0.972468
1.07661 -6.80069
-2.99964 3.73086
-2.4485 3.63265
2.81046 2.10459
3.25779 -2.11134
1.46108 3.06776
1.94894 1.12128
-1.30519 6.35554
-2.73014 -2.83884
0.7318 3.41705
6.22084 -3.24121
7.42351 6.75486
4.04116 -0.732035
1.22125 -8.95068
-4.14412 -4.12574
2.55278 7.69604
7.55628 -0.100797
-1.38835 -8.6347
4.34044 3.70568
1.21786 12.3278
-3.00933 0.407407
8 22
2.78248 10.1968
-16.2793 -24.2316
2.81747 10.9204
-3.15561 1.05777
0.296957 5.24129
7.36517 -9.41959
3.76772 -2.56915
-4.50323 -8.7857
11.4339 11.6055
7.03498 -5.2696
1.37647 5.52664
-0.440825 4.64824
-3.95943 0.768819
-5.93886 -4.87721
6.18862 -3.35578
4.83754 -1.03345
0.156655 -0.974908
9.49367 1.25253
-1.90545 -6.50896
-0.820016 -1.31445
15.115 6.87753
-2.86108 -5.69658
-3.84513 -11.5794
-10.8389 -0.649124
-3.53553 -7.12132
0.294409 4.3464
7.66715 9.02438
16.3771 -4.85304
-4.02838 -4.57957
-4.46641 -23.0349
-7.15335 12.159
-10.7327 15.6107
20.7544 -0.304496
0.513852 1.18708
2.02929 -23.886
31.3036 22.0252
10.6714 -4.72718
-16.6524 11.0113
-35.6582 -24.3954
-14.5791 -23.3434
3.72173 41.4649
5.42331 0.640691
35.5813 50.4294
39.7732 -112.81
133.236 13.2679
-18.5319 -178.181
32.7658 -331.228
-127.405 -617.884
-820.743 -2826.04
