20260 21405
262.846 -6699.08
526.108 958.124
337.861 -512.597
465.087 -342.006
-131.011 -315.17
5.14927 -143.459
40.0405 -11.5287
12.406 -21.5273
61.3924 -30.5531
-8.14713 -85.4556
-49.0894 -70.0239
25.3912 9.04104
-31.6194 2.03015
29.0491 -15.1834
6.33574 -14.4787
-11.7102 -45.9044
2.23412 -16.7312
-3.52811 -0.75
-20.8553 -16.7165
-20.2115 -15.4605
-26.4221 10.5049
17.4165 -7.13584
-6.06281 -9.90882
-13.9064 1.3246
0.414214 0.585786
0.0183219 -7.95382
-9.36312 -10.2182
-4.49173 -2.73381
-8.01827 1.35099
-5.0317 7.51617
-12.7593 0.58409
-0.308632 4.01841
2.17113 1.01278
-8.02181 -5.13359
-5.23965 4.27903
1.35765 -1.14826
1.46392 1.7319
5.61173 6.39482
0.982919 -3.19482
-3.34786 3.79412
6.69017 3.85201
-2.53311 -0.827055
3.93808 1.33371
4.58596 -5.81973
-1.85042 5.72064
4.40364 -3.85056
3.41157 -4.42563
-7.09469 0.3964
4.31623 4.80356
4 5
2.54836 6.06003
4.95657 6.57668
2.65851 2.12383
-5.71205 3.19636
-4.23275 -3.10016
-0.281829 8.77786
4.80614 7.28881
0.729445 1.49633
3.79746 -0.459363
-10.5418 -2.5112
-0.905816 -11.1975
4.45778 4.00739
10.156 -6.8803
4.43747 -2.56916
-3.06292 11.0301
-7.32423 -11.7376
9.38677 -3.0197
-10.0444 4.46961
-1.70942 30.2775
-1.6765 4.22648
-4.92407 2.49734
-4.44663 -2.44535
-2.91895 2.00269
-5.80827 6.30314
0.514719 -5.65685
-5.82488 -5.224
-5.51634 5.15861
-4.66764 3.4471
0.379707 5.14219
-0.327712 0.075655
5.3541 10.2493
-2.37977 -4.41237
-1.98674 6.00996
6.34731 8.27898
-5.16643 1.68978
-0.951428 -1.4179
4.64836 -0.729915
1.95173 -2.68526
4.35821 -0.397764
-2.26928 4.35226
2.79966 4.82298
6.00442 -0.910005
-2.53061 -4.09318
0.446208 -3.2518
0.714685 -3.30995
1.71404 1.04513
-4.28113 2.40805
5.53554 -4.59698
5.18968 4.20101
-2 -5
3.5514 4.36531
0.789764 1.02502
-2.5799 4.73532
-3.52452 4.56125
5.27579 1.76017
-4.04345 -0.299171
-0.403163 -0.918286
-1.91306 4.31605
1.63259 -2.5699
-0.311367 5.36016
3.53889 4.77452
0.590793 1.32222
1.60122 2.71863
-3.38063 3.62285
-0.880364 5.63321
6.40265 -5.77987
1.64148 -6.85923
-4.00346 -2.62344
-2.41006 -7.36026
-1.05425 -5.07565
1.72158 5.7468
3.68134 2.83866
1.55046 0.470599
0.31908 3.69041
-2.41421 3.41421
-9.89641 -5.89798
-11.1113 -3.02582
0.30282 7.32021
0.338638 7.84383
3.45292 0.574276
-7.86472 6.07798
-5.20974 4.92482
-2.13929 -19.5095
7.8726 12.8037
-7.4781 -7.94822
12.9571 -0.00373207
6.68344 -16.29
1.37182 2.49638
3.46271 4.60731
-3.65986 -0.780598
-4.93314 1.87665
5.97009 -1.88143
-6.87793 0.1454
8.52273 3.21462
2.68384 1.92801
2.47526 -8.71406
12.3249 -6.99592
3.03625 -3.30695
-7.19641 1.70964
10 -1
-4.15574 0.825637
-0.54765 -10.7038
-1.53994 6.22471
3.40702 -0.461575
0.362763 5.33105
2.24904 0.517985
6.92347 2.6176
2.41408 -12.5532
-1.72012 9.1853
-0.270175 -8.79412
-8.37406 5.37862
10.0725 -4.43966
-6.4136 0.216225
2.87335 2.73943
-3.80423 7.31706
-9.57788 -3.74384
-3.41484 -3.2868
1.68777 -10.8702
2.60776 2.83858
12.9635 5.52905
6.43583 -4.75375
-12.1061 -10.2542
-16.0528 4.69999
-9.70915 10.4856
17.4853 5.65685
11.866 0.0206186
4.91732 11.8639
8.81943 -16.7075
-25.0641 -21.0633
-18.5869 -1.24768
3.77625 7.07005
2.47804 -1.62414
18.9728 2.53535
-5.35311 30.7135
-1.06472 -8.27615
-13.7317 0.627134
-22.5369 6.89294
4.24505 31.2049
41.3344 21.6162
7.01957 -36.1028
38.8493 -102.965
-89.2629 13.9943
-3.10483 26.5885
103.532 185.525
152.418 -96.4062
286.734 -148.577
332.242 -400.672
-276.541 -843.737
1729.32 -1961.05
