21357 21039
-3605.08 -5541.23
574.664 583.999
-170.885 -482.792
162.917 -314.329
-156.041 -316.568
0.0627032 -117.296
-80.3076 -11.7154
-29.2801 10.6788
-24.9747 -56.9016
-28.5385 -36.5035
38.505 -57.2191
-14.825 3.15782
-34.6134 -56.9331
-48.8316 7.52765
-33.216 14.5119
-5.60338 38.5224
19.0329 -8.05315
-20.2003 -54.9649
3.6395 -16.0502
-35.759 0.17535
-9.99154 12.9161
-5.19624 -11.7763
12.9202 -8.31424
2.09096 -7.75426
0.585786 2
-6.67972 -8.39401
6.02717 1.97727
10.1322 5.75145
-9.58995 7.76826
-9.63249 -8.01762
-14.5312 2.55094
-6.23975 -1.3329
6.35665 -4.10052
-3.24907 -6.24614
-0.534771 -1.68835
-0.948073 2.37152
-6.81406 4.4545
3.78469 3.22372
3.51481 -0.687822
4.77819 3.65485
-6.60385 -1.23049
4.91711 -3.56645
-2.09785 -0.394661
-2.55843 8.32612
-2.74744 -9.03724
0.956335 6.73092
7.1354 -3.83263
0.522336 0.0103893
-3.40277 -7.74454
5 1
1.27568 9.01177
-1.8567 1.34454
9.45299 -2.19735
2.47816 0.0134531
1.94378 -6.68646
-5.02992 0.180255
2.2302 -4.58441
3.07609 -2.98695
0.395042 -1.40795
-2.96605 -7.95443
-2.91683 2.75899
13.5468 22.8441
-2.5952 0.0785172
3.34448 3.1674
-1.95214 10.1027
3.06508 5.58163
7.87647 -0.960096
2.37498 6.98545
-2.09775 0.0252775
-1.01998 -0.197164
-0.848976 3.00402
1.8854 13.4417
-2.58619 -0.498269
0.5758 0.45684
2.34315 -2.58579
-1.27211 -7.24858
-0.00769126 -3.33643
-1.9279 -0.308066
1.68845 9.56043
-4.73128 -5.54889
0.655421 -1.40614
-6.7688 4.43996
8.05456 0.203494
1.3395 2.16674
2.57647 -7.2701
-0.639364 -2.38623
10.0145 0.469348
-5.28934 -1.73894
-5.78588 5.9775
3.4139 4.23296
5.25832 6.89447
4.9566 -1.45785
0.654377 4.46157
0.77822 -2.73401
-1.04147 3.25082
-0.197416 -3.32073
-0.368433 8.68145
4.59431 0.610331
0.148733 -0.787149
3 -7
-6.23818 1.32755
-3.50403 -6.11642
0.66568 1.81722
-0.151839 -1.66182
7.14656 1.71032
6.15842 5.2566
1.09891 -7.24272
-3.32595 2.58332
-1.29491 -3.44101
2.40752 -1.83851
2.06035 -3.62733
-0.206124 2.80846
13.0071 1.23631
-7.53603 -0.728109
-0.246895 10.4069
2.07958 9.06085
5.90439 1.34321
-0.844364 2.72512
-2.53109 7.90184
2.87718 6.31282
-7.19947 12.2051
2.54521 -3.9661
-3.52549 -12.4166
-1.11962 3.13988
3.41421 2
0.271376 0.545795
-0.599017 0.0154285
-3.60784 -3.56819
1.21281 -7.41081
2.97854 -2.54843
-4.58003 -4.11292
1.81456 -0.868563
0.0311846 0.385913
4.54597 -1.69697
0.623844 -5.41078
5.04817 1.07989
2.55248 -1.72953
2.03682 8.64044
3.25081 -0.266387
-17.4159 -26.698
6.5583 -0.0149208
-0.727661 -2.01736
12.7966 -10.4367
-6.30825 -7.45136
-2.5651 -8.69823
-0.225253 -2.39565
0.477608 4.35953
-6.44202 -0.715943
6.32463 -4.85362
15 -5
4.26382 -1.89224
-12.7739 -3.90013
-1.32678 -0.883238
-9.2386 2.81938
5.08845 5.12684
5.05112 -5.50098
2.39541 -2.41694
1.67434 -0.737845
-7.54494 7.64736
0.07591 1.58122
-1.12176 1.79168
-1.88897 5.6088
2.53247 3.54845
7.64953 2.23266
6.48015 -1.50747
-0.995238 2.85844
-7.7861 -5.60086
-11.0608 10.1366
-12.9555 4.94296
12.1461 3.81894
-3.74262 -4.95372
6.25885 -4.0678
11.2243 5.38359
-3.10995 -2.03816
13.6569 -5.41421
2.80326 0.317522
8.83488 -9.27634
-1.00028 26.4154
-1.07384 8.65141
13.1409 -3.52287
19.3008 -18.73
-13.9797 -17.8723
-13.8851 9.23775
-25.9961 -3.80884
13.1022 37.2685
25.1482 -6.85773
28.9512 -29.0658
-32.3499 -66.2941
2.52569 -16.7697
18.245 45.0533
-40.3448 26.5261
36.0501 -40.8062
-45.8521 13.6675
185.006 -73.7227
81.3831 38.4891
-49.8757 -301.637
-97.4341 -345.586
-473.343 -411.489
-775.672 -2889.68
