20111 21565
328.348 -6646.23
30.6408 681.622
148.455 -536.468
277.768 -192.362
39.6524 -286.51
144.335 -133.16
-75.8838 -111.692
-41.5611 -68.6519
35.4697 -15.9932
10.5791 2.87425
64.6973 -33.0126
-25.3617 -9.80514
5.7295 -47.7142
-16.8441 -37.6774
9.1165 -42.235
-5.03553 -5.66311
-1.48195 15.7099
17.8612 -11.6921
18.3129 -13.4719
-5.78106 -35.7802
-11.8265 7.6258
-4.15335 3.53469
7.39517 11.6551
5.66933 -2.11532
4 -17.4142
2.47788 -6.10499
-12.3625 -2.84632
-1.62977 -7.69351
-2.74173 13.2801
6.85625 5.04325
-14.69 4.09466
2.91963 -5.83662
-3.41757 -3.11924
-6.18824 -0.448896
1.50597 -1.76926
-0.615654 -2.35729
-1.62693 1.53124
-6.91236 2.84017
-0.762026 -4.07141
4.16791 0.363271
-7.55633 8.1034
-4.51983 -0.830828
-0.491792 -8.30008
-6.1232 -1.98617
-4.0858 2.51462
-6.04619 2.19368
-4.23871 4.96323
-7.2711 11.2616
-4.11114 -5.82537
-7 -1
0.420581 -1.69051
8.96384 0.570118
-1.15372 -1.75461
-1.06982 6.89139
-0.957206 -4.88879
4.52596 -3.98191
3.99601 4.77471
-4.98262 2.18344
-3.24158 -7.03422
-2.35816 -9.37609
5.55776 -13.0987
0.238059 0.249965
2.16927 28.1071
-3.34643 1.66486
-4.24956 4.72046
-8.71771 -2.17393
-0.971818 10.6313
0.844512 1.21068
4.22808 1.68062
3.43554 2.13708
-8.39241 5.62168
2.21111 -4.30378
-0.696304 -5.24673
-5.3498 -0.799834
4 -3.41421
0.546493 -5.25761
-3.73615 17.8244
0.538454 0.967296
-5.66147 5.30753
-3.32328 1.53884
-2.72158 3.04491
-1.31413 -1.41813
4.23165 0.808685
-4.20576 0.0178209
-4.23609 -2.27461
5.83312 -0.226725
-10.6998 -0.46502
-1.46265 4.34225
-2.67041 5.06334
-0.107 -0.929977
-1.37717 -10.7023
-6.6334 2.05365
0.402264 1.61961
-3.64575 -4.67688
4.30668 -0.505562
-1.07639 -0.9552
-1.34612 -9.66483
-2.2191 -3.18552
0.328749 -5.20263
7 5
1.25134 -5.56886
-1.56777 5.75162
-2.90183 0.128413
1.95048 1.78488
3.00393 7.93145
-1.55766 3.16111
-2.76372 0.526704
-1.95475 -3.73423
3.03428 3.33481
-1.54645 -1.4348
-2.4776 2.17358
-5.3042 0.20007
-2.59682 9.11514
6.31115 2.01636
0.33317 2.62412
-3.66206 1.27586
6.69738 4.05331
-2.17814 7.32204
-3.34331 -5.51031
1.37901 -1.53884
0.399199 2.97686
6.11016 1.25585
-5.20335 4.617
3.14119 -1.6653
4 -14.5858
-3.4391 5.41386
3.88587 7.15762
7.36322 4.1364
2.51699 -14.1856
-1.22394 -9.14771
5.64875 4.47213
0.941579 1.58207
8.11227 4.57289
-3.66261 1.58862
-5.60811 6.14404
4.1086 -0.315005
7.4539 7.79183
6.39284 2.42359
0.286662 -29.4249
-0.350045 10.0286
3.41985 0.427949
6.72825 -4.61968
5.81976 -5.24608
7.17958 -3.7885
0.193387 -0.640808
3.35371 -5.98432
1.11006 -3.20472
12.8427 1.8416
7.7312 -9.66342
1 3
-4.00061 -6.71525
-4.21923 -7.86365
-4.66924 -0.484935
4.08678 -0.137974
-0.186714 -0.427577
-3.9767 7.62031
0.525028 5.57909
-1.51475 -3.05206
4.70568 -3.92132
11.7764 -0.363271
-2.99473 10.5544
-13.1986 -1.06136
-1.62278 0.435711
14.1308 11.7679
16.7405 6.15052
-9.10289 1.43333
-3.35037 -9.03462
-3.46192 -3.27382
-0.826782 4.34056
2.7518 -6.79657
2.35096 6.79131
-0.342937 2.65451
4.9848 -8.26302
6.34791 -5.81187
4 -0.585786
-9.34527 1.64022
5.13484 -8.41885
-0.393898 -0.0675276
6.73726 -3.50092
16.4893 5.12773
22.0441 2.60614
-0.38853 -30.4798
-27.6643 -8.75314
-11.5402 7.17993
34.9812 50.1087
16.7815 5.44366
10.7926 3.55356
-13.1867 -50.2452
7.97371 3.21268
25.2546 -13.7455
-32.053 -32.202
32.6961 9.53861
-58.1254 26.1739
224.425 25.799
33.4897 -24.942
133.514 -180.488
109.289 -419.765
-213.495 -638.482
1036.81 -2788.58
