17771 20400
1042.23 -6615.3
-148.5 523.466
66.8189 -531.103
271.489 -99.5153
9.95777 -279.853
133.504 -91.4426
-66.8792 -114.967
-56.7789 -46.1046
-49.3265 -23.6693
-17.9057 -10.6764
32.4975 -28.5891
-26.4029 7.31943
-7.83084 -36.5593
-29.4833 1.48606
-33.7655 -22.9998
-27.4772 11.8989
-10.766 3.75689
-6.13994 22.4687
-12.4453 16.7096
-10.0009 -2.3449
1.2672 -14.5063
-3.99364 -6.50537
1.10735 -5.56738
-4.94225 9.31812
3.58579 -1.41421
-10.6153 3.34317
2.961 0.903829
-5.54508 1.14435
-2.92968 3.59515
-0.785909 2.90925
3.88228 9.76226
-9.61415 -7.15273
-0.00353711 4.64346
-4.88275 -1.11544
8.67742 -1.25101
-5.15864 1.27071
1.49808 6.10307
-0.303684 -8.4423
-6.49634 5.97263
0.803706 -9.36993
3.49507 6.21934
-4.10684 24.0433
4.96515 -1.52721
-1.66936 5.35305
-7.8879 3.69693
-5.73851 7.5596
-7.55969 -3.96347
-3.60091 5.69437
0.782389 -6.13193
3 4
5.25245 2.61252
-0.278426 4.09871
-0.309276 0.959246
-7.07916 -0.331964
2.55483 -8.26634
-1.14996 2.48405
10.5259 -2.45889
0.234808 3.67636
0.77122 -3.81218
2.83338 -8.21258
4.55223 1.83206
2.79592 -0.694067
-0.591376 4.23228
-2.81951 -1.74739
3.54102 -3.75263
-7.83212 5.71508
0.046556 -7.07576
2.31385 0.407447
0.564431 -1.6933
0.112147 -0.617458
0.411883 0.0905044
-5.33272 3.92596
0.145989 6.72308
-3.59299 0.600969
6.07107 3.41421
-1.86645 -0.2383
0.580349 2.35671
-1.96348 -6.56297
-7.71544 -1.1998
-2.24466 0.356232
-1.59679 8.32788
-7.70947 -4.02255
4.28148 -11.7288
-5.37277 4.43335
-1.81439 -8.46415
0.028946 -1.43868
5.91368 -2.58102
-1.84456 6.02532
-4.37226 -0.906103
-0.892679 -0.267825
-2.55513 3.65648
-0.612183 3.49773
-2.88692 1.20332
1.98236 -0.186581
-4.28866 0.279508
-2.49112 0.685918
-1.24498 2.14608
-5.83614 2.47012
6.17718 -1.61356
11 0
2.37249 10.5299
-4.83269 -2.63074
0.225602 1.49005
-0.824555 -2.2977
1.27007 3.83311
-3.32181 -2.59137
3.73665 -7.30224
-4.97156 0.819163
-0.741041 -1.35588
-3.18332 5.00093
-2.72816 -0.351479
-0.418111 2.12346
6.71227 -1.37671
-2.85496 -4.50353
-3.55106 3.60404
-2.00858 -7.10547
3.68588 -2.46795
-2.54766 5.8229
-3.1882 11.0524
2.00859 -8.32179
-4.68216 5.30654
-1.72899 -4.79565
-0.591186 1.93367
-2.03824 12.0241
6.41421 1.41421
1.95444 -2.94646
0.686849 0.507517
-6.7645 -1.83127
-3.68322 -5.51964
-2.35812 1.43127
-0.0131319 -1.23112
11.5674 0.757702
-2.41364 6.42408
-1.99511 -2.72616
-3.24942 1.00743
0.558022 -3.49153
3.43793 -3.02051
3.33352 7.43568
3.87885 -4.32824
3.11089 0.122412
0.00153095 -3.496
8.70201 -10.319
2.1651 2.13217
-2.81397 0.149742
-4.39567 7.10321
-2.56668 1.91005
1.67503 0.307637
2.36398 4.40031
0.192886 -7.43143
7 -8
-1.62239 4.23115
0.695191 -1.58217
-10.2651 -3.15409
-0.448362 -2.2
-8.56203 4.34018
3.93494 0.463277
-3.22857 9.07371
-0.16469 6.00175
-1.1007 -3.0786
3.43236 -27.6645
-11.7536 -1.02992
-0.56176 1.28154
1.05619 0.373845
4.32508 -4.02247
6.00797 -1.75082
0.86445 -9.33988
-4.17086 -0.715456
-2.95186 -1.72243
6.12569 -8.26363
8.1565 5.51301
-1.64924 -5.35747
9.63578 -3.0281
-5.94534 0.501125
-1.22657 -7.0265
-8.07107 0.585786
3.34638 -4.35491
6.72267 10.5916
1.39993 19.9435
13.8137 2.90561
-1.9434 5.43507
-6.19506 -21.9983
6.0359 -14.6648
-15.4405 -1.06109
4.06506 8.5351
-26.6789 -0.812596
18.2934 -0.772114
-1.57143 -17.5007
7.87149 -23.5151
20.0116 -15.0012
-13.1429 10.7073
-45.4379 -40.7808
-3.8403 39.4438
11.4282 -34.0088
172.436 103.646
14.1844 -60.714
237.423 -28.5647
213.845 -400.941
-11.5395 -515.612
1649.43 -2493.44
