21510 20901
-4108.16 -5636.01
892.914 436.356
-275.271 -640.159
199.462 -342.094
-204.551 -302.599
-156.656 -23.4862
-18.3496 -26.2157
-47.9659 -12.7879
50.9737 -58.9628
-21.6396 -31.1355
-61.4659 -33.9769
-57.6185 14.1936
-39.3351 -33.1248
-22.9194 23.8494
14.9053 -7.31812
-39.096 -64.6841
-27.184 21.2458
-13.4892 -4.16446
-1.1938 -20.0425
-24.1587 -20.0529
-14.8745 -19.8276
15.4428 -4.90294
-15.593 7.46893
-6.10612 -7.37489
-5.65685 4.17157
4.43551 5.28791
6.65748 -8.25667
7.55205 9.84837
-5.9681 3.23024
-7.22503 9.63893
-5.44413 -10.8536
13.4858 -7.24988
0.671055 -0.879976
-2.78671 3.33671
6.46406 -4.89716
-0.644794 -3.88376
1.36853 -2.78159
6.43042 -0.691623
11.319 4.46881
2.52932 -7.62605
3.04908 -6.42813
12.7053 3.2651
-2.73477 1.54375
-6.21717 2.14824
1.79963 4.93542
-4.19341 -6.76503
-1.56654 2.63001
1.11359 0.0783578
-2.0478 -3.88455
0 5
-7.32405 -8.01338
2.08403 0.499788
3.08674 13.7442
-9.13848 2.71366
2.04726 0.878938
-7.15933 -2.6745
4.15967 0.80898
-1.30614 -3.31947
-6.31432 -7.66539
-5.82111 2.34157
-2.6987 -2.34749
-2.31456 -9.27255
0.505123 1.02787
2.14761 -5.20282
3.66505 -1.71797
-1.8188 3.67872
0.787048 1.63226
1.82766 1.12145
3.36123 6.42251
3.4611 0.193881
-5.6471 -0.678816
-2.30947 0.257223
0.940869 -7.18043
1.65749 1.30615
12.2426 19.5858
-6.90124 -4.41277
2.83212 5.1189
-4.9708 2.29152
4.72907 9.48428
7.45048 4.90357
-1.16717 5.88691
6.13615 -0.279459
-3.78748 1.3663
4.23869 7.75345
5.17508 -2.19207
-0.0158415 0.663415
-2.55041 1.84656
6.18244 -6.8205
-2.85277 -2.79783
0.459237 2.71906
4.00839 -1.36764
2.38836 -0.879887
-1.33378 5.73985
3.21806 2.01363
5.53096 3.82982
-11.8005 -2.42432
-5.87734 -2.03541
4.68863 1.83775
2.29781 -6.30492
0 -1
-2.49367 -7.34045
-2.90496 4.73969
-7.10479 4.93962
0.706346 -2.71182
2.47742 2.62164
-2.31447 -5.45266
-4.75855 3.21945
-0.0691961 -1.52821
7.06378 1.64319
-6.1059 -1.91146
-0.279247 6.24654
2.52671 4.13067
-1.3398 4.00053
-3.34992 -2.01128
-1.31416 3.89018
-1.364 -0.644805
6.14009 -2.87557
2.69306 -1.81127
-1.69158 -1.07479
2.02166 -3.43143
0.458055 -1.70876
-4.57445 11.1347
3.10386 8.01329
3.64335 4.85794
5.65685 9.82843
-1.81803 0.0241918
-7.70513 -22.2768
9.8643 -0.183897
-3.95911 -10.2806
6.10475 -4.78778
-1.52269 -9.11428
0.933328 -0.0436619
3.28416 0.717223
2.23597 -2.66192
3.40381 -5.16019
4.57385 3.60231
2.94142 -1.89835
-2.16661 7.58584
-8.16718 8.51043
-1.29034 6.18629
2.51931 -0.264328
-4.25815 1.298
-3.04409 0.0510656
-0.100471 5.65316
-0.877047 0.585739
-4.69562 -0.600003
0.0552961 4.87261
2.58594 -4.83261
-12.2564 -10.9711
2 -1
-2.30321 -8.01637
-0.0817779 -5.69635
-5.54929 -7.02077
0.782492 -0.0539734
-10.828 -13.0321
-7.96373 0.391244
6.74899 4.34047
4.15078 -13.0212
3.78067 8.30748
-2.00145 0.153915
5.52711 -11.5012
5.64706 9.52684
5.23163 -0.937603
2.06098 -5.05657
2.06654 2.74768
-12.3941 -2.82151
12.0609 8.69121
8.66013 -7.67153
-5.61335 5.5554
-4.92441 3.20419
7.73127 -10.2942
6.40404 -7.55202
8.45165 -0.727422
-5.89229 5.42154
3.75736 22.4142
22.7793 0.329553
-10.7691 -9.92997
17.8395 9.02446
-10.3068 -4.73476
-18.7299 37.525
12.7844 6.10717
-4.7982 19.8411
3.53185 3.88531
28.3258 11.2169
-19.7558 -38.3818
-58.2987 -1.01078
9.20453 64.6911
-15.7027 3.85393
47.154 -41.6063
-2.13016 -41.9214
-3.09056 -46.6518
-30.7464 5.21431
-71.6329 42.4791
67.9948 -25.4483
93.7908 79.8087
88.3011 -348.74
-38.4052 -224.656
-641.897 -737.422
-1047.79 -2686.26
