20944 20446
-5093.69 -5002.09
1151.13 96.1241
-290.036 -405.987
267.164 -508.892
-285.351 -273.852
-80.6564 -69.636
-56.5802 -32.4444
-63.64 5.83112
27.0117 -19.6465
12.4946 -106.484
-34.0126 -80.4865
8.9821 -39.4417
-96.8569 -41.5465
-25.8594 0.37518
73.0979 25.7912
-0.839612 -76.6379
-10.4318 0.14084
-11.7235 8.63039
-34.537 -17.6713
21.2835 -6.01821
-32.5158 -9.97269
-3.78779 2.02616
14.0973 1.18201
-16.1785 -8.12829
1.12132 -10.1213
-4.17075 -10.6573
5.84092 -3.18905
3.19712 -8.52629
-12.2207 -3.17976
-12.393 -0.562847
4.4214 1.49181
-2.981 0.64932
-2.55189 -0.150118
-5.49731 -3.49041
0.820099 -4.94769
-2.21576 -4.59743
-8.90589 -2.045
12.2498 10.3339
-2.09925 4.54461
-3.34728 3.00531
-0.039435 9.86955
0.355617 6.86669
8.41653 -2.39168
-2.45245 5.18982
7.98227 3.89691
1.65558 1.16862
-6.45262 -5.56489
-0.611603 -4.58077
4.05441 -1.42631
-1 3
1.95937 8.65294
10.0111 7.41612
-2.87557 6.9401
3.71914 0.428949
4.53147 -2.55442
2.48413 7.12339
3.12818 1.02157
2.40624 -4.11649
5.74768 -3.09967
-0.322379 -0.134665
6.26999 -12.1173
3.56803 -2.51655
9.3771 0.147737
-0.200983 -0.779919
-7.50806 7.82984
8.3328 3.95009
0.404286 -0.708945
0.959035 5.71766
0.317105 -0.191342
1.60781 4.41695
4.02507 5.14815
-2.65276 10.0045
-0.617413 2.77542
-1.22444 2.47931
-6.53553 -0.707107
-5.42544 1.84126
-0.322493 -5.70054
0.166264 -3.93834
-1.87185 3.54333
8.76153 4.93564
-1.88385 -2.07608
0.830234 2.53604
-6.9041 -0.307744
1.39245 11.6651
6.54337 7.18052
2.62025 2.00228
-3.45718 1.80964
-4.55688 2.72266
-2.25691 4.77092
1.35947 -3.74441
-3.47771 -5.52298
-1.41283 -8.69382
-6.72991 -3.02727
9.69751 22.9401
-4.86632 6.24187
4.85388 7.45286
-5.13618 1.11012
11.344 9.21134
3.64923 0.531986
0 0
0.517884 3.15355
0.540814 2.45528
-0.237439 10.3653
5.42038 7.04519
5.9369 -0.117703
9.77468 12.4576
-7.48242 -3.19565
-13.2047 -22.3084
4.06554 7.36315
-9.14733 -1.65156
3.60111 -2.78908
-2.4436 -3.98105
-4.24535 -6.14548
-1.77501 -5.46866
-1.45892 -3.44154
-2.33206 -1.73315
-2.15096 -2.74411
-1.28887 -2.27477
4.38297 0.098443
2.32864 0.68239
-5.56769 0.200315
-0.209551 -2.80676
4.42092 -0.666519
-10.5247 -0.988383
-3.12132 -5.87868
-6.02894 3.12283
-4.08924 2.82083
-3.64368 -6.27882
1.71973 -1.62463
4.07498 -4.32504
-11.1516 -5.28263
-0.402745 3.68744
3.5228 2.16329
-0.0804581 -3.52277
-5.26561 -7.15272
-2.96435 -6.27066
11.3353 -2.87188
2.9215 5.20974
0.496082 6.77173
1.57973 6.64124
5.35368 5.09953
2.71733 8.93123
3.65523 9.54132
1.3053 -6.4572
-6.73195 3.90844
6.58243 2.74628
2.09537 -6.82943
0.826694 -4.46953
-1.64782 -5.1604
-7 -1
8.34684 -0.604241
1.47355 -1.89195
-4.15509 -0.54178
-3.70264 5.59667
3.38319 -0.895296
0.0663498 8.44073
12.1464 5.13735
10.5956 -11.935
-8.28878 -2.08561
3.25711 0.376655
2.72801 -6.63742
-5.76892 -4.50207
-2.59406 -0.754602
-3.22567 12.069
5.20329 11.9803
4.51691 1.05761
-9.50362 -15.11
-7.20648 -4.31428
-5.93058 -1.62543
3.07092 21.553
1.34736 5.98305
-4.50676 -0.276272
8.99269 4.79906
19.0884 -4.05136
0.535534 0.707107
6.83635 10.2555
-9.67887 -9.04515
-19.3516 8.74875
11.8128 27.4039
22.4591 -25.4884
-7.38973 -1.49097
-11.8872 -0.503707
-30.3761 -22.8146
29.0048 31.6757
-14.0745 -24.8266
3.69151 55.6159
48.9798 27.4097
12.5673 -89.154
-11.486 -21.0922
-53.0674 -1.20254
-54.2937 -25.3205
26.5411 56.5607
-2.59776 -2.39189
136.054 -49.1311
-34.2418 -73.0414
20.5366 -416.946
-219.277 -310.007
-911.547 -406.464
-1159.63 -2514.62
