20502 21468
-3609.65 -5673.37
735.523 466.26
-28.7295 -492.561
260.399 -394.318
-181.791 -269.087
-77.4944 -103.91
-46.71 4.56548
15.2751 -61.1722
-14.0782 -16.4999
12.8084 10.7589
-8.4892 -115
-14.4334 -46.2654
-39.2576 -52.862
3.48893 -7.96993
-36.6265 -20.2631
-14.5197 7.37663
8.83243 -3.76193
-11.0548 -27.6522
-30.4681 -25.8988
-13.7315 19.5776
-0.376048 -12.9042
-14.1781 15.5788
-3.29112 -8.18082
-10.7129 -23.665
-3.58579 -12.0711
2.18497 20.2551
-7.04692 -4.25296
-13.4994 -5.6363
2.39999 4.36679
-7.89459 4.55449
-0.98723 11.2477
-10.2627 -3.94433
0.611655 -6.17751
8.09124 2.54572
1.25126 11.446
-6.84666 -2.94333
-6.90847 -4.46522
-3.72886 -7.17111
5.51197 5.39651
0.13969 4.32443
5.45774 6.24852
-2.63648 -2.09268
-2.77304 -6.7418
-14.0029 -2.76632
4.63059 11.0332
2.93342 -11.1488
7.24447 -7.13838
1.1196 -9.84311
-3.75831 2.88093
-6 0
2.3408 -0.828717
-2.78714 -2.13388
1.16608 5.88558
0.0459316 -4.18663
1.88726 3.48503
5.6118 -2.72774
-3.35627 2.42007
0.872979 -2.23625
4.77266 -0.965892
5.35516 -4.25872
1.70154 4.98913
0.0740774 1.65822
4.75333 -4.04645
-8.00246 0.959366
-3.2288 -5.75479
-5.12444 -9.82661
1.78167 16.1487
14.56 22.5279
-4.12491 -9.4489
3.62408 8.42423
-4.84372 9.37306
4.3535 7.57086
1.52343 1.49859
1.7726 -1.29976
-5.14214 -1.82843
-0.318241 -0.0348643
-5.76558 -0.735208
1.29496 3.2323
1.53307 0.0857585
-1.58872 7.40211
6.16196 -5.0016
3.95968 1.27239
-1.79061 -2.62718
2.10717 -1.55881
-0.461726 4.03067
0.28059 5.21465
0.640964 -10.4164
4.51604 4.12277
2.18674 -3.12491
-4.48215 1.80338
0.364071 5.48417
-1.61218 4.87093
5.10235 -1.06242
1.94343 1.13469
-2.07844 -3.56968
-0.966598 2.17595
5.89945 0.824169
1.72914 0.302411
0.22899 6.81616
-8 -2
-3.82727 -6.22591
2.09191 1.00645
6.56884 1.30466
-0.638708 -1.04351
2.85837 0.014164
-2.4327 -4.30836
-0.156778 0.651596
-2.42717 1.60883
1.01143 -2.71533
0.561165 -1.09891
5.4468 -2.36522
-0.287233 -6.65817
-5.8539 7.90844
-4.5272 3.35817
2.03422 0.0312054
7.57931 4.80797
0.735171 -2.17923
0.366062 -3.32026
0.735609 -0.2237
-6.11949 3.59789
1.08491 1.60619
2.29634 1.71424
-4.67614 3.67359
3.28013 -2.11273
-6.41421 2.07107
-7.42857 3.1448
2.3419 2.20876
-6.58429 1.15128
7.37073 2.99781
-2.43455 1.3374
9.23613 6.55393
-0.871318 4.66809
4.62477 9.58539
-19.5953 -24.1305
1.85572 -6.15834
-0.0313916 -5.45899
4.13104 -12.8437
-0.160887 -6.16644
-9.1914 -7.74045
8.64484 0.786586
-0.364432 1.90126
5.265 -0.161299
-4.3058 2.67152
3.69815 -5.26106
6.56732 -4.01274
-2.49515 0.5832
-2.84149 -5.02434
-0.915659 3.72865
-6.55232 -2.79905
0 6
1.99833 6.73018
8.84716 -4.12299
-3.01736 1.00553
-2.26995 9.3786
0.0624004 5.87307
0.298321 9.78203
4.14813 -1.44821
-6.36882 -13.8282
-2.59798 3.08966
5.56851 6.67557
9.56299 -3.48125
4.76598 -6.00571
-10.5915 6.51167
-7.61731 4.41925
5.64779 -0.933516
8.51234 -5.60654
16.5871 0.0104174
-8.94222 4.11309
-2.30326 -9.4666
-4.89169 -8.89971
5.34381 -6.56905
-8.06213 8.03992
6.3374 10.1921
-1.89107 -19.1073
23.1421 3.82843
1.20446 0.0883708
-13.4472 -4.58978
-33.877 3.94096
15.624 21.2324
27.7315 -14.1054
5.67257 -3.41916
-5.38703 -13.9428
-25.8726 -6.98041
-13.4542 -24.3538
-4.22275 44.7103
19.0816 6.51508
17.5398 16.798
9.25312 0.911257
12.113 11.083
28.7093 -32.8798
-75.8729 -41.1476
54.7766 5.6926
-35.4786 -4.51361
139.301 -11.5374
53.6141 -2.84415
80.9163 -282.596
-9.71352 -402.301
-415.224 -451.487
-829.358 -2671.84
