19743 20583
330.342 -6842.62
396.547 873.198
158.36 -500.768
500.786 -307.494
-182.686 -315.482
-83.5209 -199.28
-27.9118 -2.65349
23.7777 -38.6479
36.4603 -56.0953
17.5806 -21.3756
-57.5782 -61.8145
-29.8912 -1.82883
-73.2905 15.5654
-0.411246 -27.8649
-19.2 -29.0912
1.51546 -25.354
4.30592 -27.4119
-17.2055 -1.72722
-20.1169 9.10185
10.5613 4.252
-0.386282 -15.898
-7.60446 3.18391
-11.1888 5.58688
-8.14672 -8.00884
7.65685 7.41421
-4.42691 -0.553731
-1.14221 -7.24097
-1.63791 -0.216297
11.4864 0.41917
-0.050972 -2.87814
-0.626158 3.31544
-5.77802 6.77452
2.57307 4.48283
2.90675 -7.84125
2.35636 0.337278
-7.10778 5.32119
-2.88199 -2.40365
0.890716 -4.24182
0.145842 1.70366
7.05519 1.69301
1.86046 1.88955
-8.77895 2.16387
6.63174 -1.25012
-0.627672 0.194788
-1.79706 -4.25171
8.63345 1.68312
0.585151 -6.47474
-4.97793 -3.32088
-1.96976 -0.170913
3 5
-2.92372 1.84951
0.895174 2.72887
3.05941 -1.33207
-8.74543 3.78274
-0.361679 0.332779
-4.12524 -3.21229
-0.767655 -0.843818
7.49678 0.953615
3.89348 -6.25551
-0.832248 -7.1889
3.84992 -1.23378
0.524797 2.37126
-0.895366 16.4769
-0.34553 -4.68759
9.85086 1.70892
5.06736 1.7087
1.25306 -0.647082
12.5645 -4.06387
-2.83548 0.549822
-0.949028 23.711
-5.99908 -6.28368
-5.4681 10.069
-3.38976 4.28996
0.872221 7.28518
-1.89949 9.65685
3.55161 -1.35519
4.29099 1.91806
1.36034 13.4943
-0.708562 5.54725
3.7304 7.8766
1.82683 -1.81423
0.493797 -0.506961
4.65371 6.00496
7.31541 3.08499
1.64593 -0.887907
-2.35819 2.98453
-0.206677 -2.30217
-1.8266 -1.65317
-1.37762 -0.458315
2.36368 0.723169
-4.91671 -0.869346
-0.786212 0.966737
-1.11882 -1.00552
6.12183 2.66563
-1.1641 0.275424
2.96292 -1.16918
-3.7263 1.93926
3.88553 -2.37855
-2.59544 -2.17704
-3 1
-2.24117 8.33613
-2.65062 -0.884082
3.1862 -0.765833
0.756204 -6.62742
3.46876 -1.40854
2.86845 5.45879
-0.180199 -0.98575
-3.17086 5.33781
-6.51095 -8.75202
-5.4798 2.96799
0.522518 2.87382
-3.03745 1.98599
1.47601 -2.60958
-3.66328 -0.219769
-6.52133 3.04349
0.692311 12.1459
0.97388 -0.738762
-0.0193644 -7.24521
-0.342499 -3.31786
4.17943 -3.25856
-1.08364 -6.98439
-3.06291 1.34864
7.31666 -3.16715
0.930961 6.90927
-3.65685 4.58579
-4.98777 -1.7321
-3.02723 3.60021
-8.16664 -0.0359471
-0.408682 11.7624
-3.67442 10.8408
-5.48826 -2.72638
0.422454 -23.8639
8.08097 5.44304
1.57786 -2.40632
8.93545 1.95969
-1.52657 -0.300692
-10.6358 2.9227
3.44736 1.11122
7.49963 -11.8048
0.68635 5.57086
3.31054 0.757736
7.97527 -2.87476
0.647425 -3.75567
-3.84468 -4.07668
-3.19258 -2.4383
-3.68772 -6.23516
-1.48487 -8.93484
5.89236 0.151401
-3.32838 3.7226
-3 7
2.27419 11.2573
-5.76216 -3.07233
0.67607 -6.52779
1.7495 5.81917
-6.29107 4.5
-2.10596 4.80371
6.20905 -0.487347
3.9951 -13.0379
-1.56912 0.45904
12.035 0.688954
-6.04189 -5.15366
-1.94529 7.93466
3.71565 -0.344602
-7.22655 0.512332
10.1765 1.07888
-5.73145 -0.301998
-0.991081 0.242396
0.614814 -3.0617
3.1073 1.07316
5.73015 -0.188343
1.05605 -11.4811
-11.6851 -7.30765
-4.91619 9.04419
-6.13548 0.534758
17.8995 -1.65685
-3.27598 5.02811
4.00417 -1.8799
-4.6315 -9.32653
3.69276 3.35437
-17.4154 -3.63397
2.0538 13.2432
3.98821 19.1836
48.388 25.5535
7.66132 -9.40296
-31.4666 -30.3194
-48.1101 5.23025
-29.7761 -5.20651
14.4537 2.71063
24.2465 -11.0479
4.4798 -35.8008
8.34461 -82.5842
-76.0068 73.7739
37.5173 -22.3679
20.1776 146.577
96.2464 -109.357
351.734 -73.7383
375.2 -379.518
-282.903 -610.015
1977.5 -2193.12
