19971 21083
726.486 -6853.35
254.577 773.636
372.087 -526.857
488.301 -231.971
-117.514 -381.623
1.24559 -194.013
-36.8132 -40.766
16.784 -43.6323
10.6504 -19.1531
-5.23935 1.77288
-5.41423 -88.8241
-23.9264 5.88806
-32.5948 -14.046
0.169956 0.244991
-5.71494 -26.3791
27.8157 -2.36667
-11.0177 -19.9991
-40.5446 -3.06037
17.6047 -10.4946
7.38966 -9.99641
-16.394 -11.9112
-23.9106 3.09728
-4.97018 -6.15666
4.0521 7.75352
5.53553 -5.36396
1.25937 -7.48988
-6.16867 0.352912
-1.21394 -3.22145
11.0675 -1.40349
-6.15505 7.68346
-0.645636 -6.27953
-4.92283 1.71742
-3.41727 -4.45021
5.22674 12.9672
-2.10977 -0.115654
-2.37334 -2.59208
-8.90522 -3.61652
-11.7271 6.71335
6.52241 0.327218
-4.36951 -3.58628
10.0215 4.04601
-4.04452 5.37922
9.22995 6.34245
-1.16322 9.25999
0.19149 4.63853
1.5792 1.27768
0.398763 -1.54686
-5.50977 10.2757
1.43718 1.14076
-4 6
0.574438 -0.168449
-0.422047 0.37627
-4.14926 -3.03681
2.26585 4.73508
0.0740965 -2.0569
-3.9957 2.97214
1.69077 6.3299
-4.72351 -0.704908
4.2398 -2.04849
-4.2408 -4.0328
0.0367044 7.31833
-3.8853 -4.34566
5.21926 5.30401
3.07286 6.73758
2.5874 3.84878
7.57675 -1.10672
1.78906 -11.6926
-1.51024 -8.45022
15.5083 -4.83854
-0.171192 -0.0309887
-4.66748 25.0867
3.43129 -0.888081
-7.25088 5.84845
-9.36648 4.46198
-0.12132 6.53553
-3.15862 5.29737
-0.43901 -0.80952
4.76188 2.40781
-1.12746 7.61663
-1.85703 1.42284
9.8746 -2.26195
-1.44592 1.03268
4.37093 4.12171
0.184737 2.13131
0.0413201 3.79779
3.5838 -5.16116
0.363933 2.32058
6.80414 1.58714
2.14297 4.90862
-3.61475 -0.300745
-7.63161 1.84206
-9.4477 -2.50888
1.99027 -4.59495
0.750838 4.45433
-4.19758 -0.476785
1.14577 -1.86801
1.63042 -4.6881
-3.65834 -4.70853
-2.74142 -2.64871
-1 1
9.83656 0.336329
2.79508 4.01369
-2.55209 1.77494
-3.17841 2.06536
-4.89284 0.439255
7.02475 2.65463
1.09993 1.19743
3.29606 -1.55999
-3.77075 1.38164
-1.12898 1.07228
-7.08068 -6.18964
4.3415 0.537016
-1.69351 2.58763
0.614448 1.03309
0.259596 -6.89016
1.06544 -2.90967
5.89554 2.43783
-4.7072 -0.164939
2.91673 1.7431
1.9472 -2.6589
2.74055 8.08145
3.36521 -0.199772
-3.73603 1.15885
-9.16662 -2.52005
-1.53553 7.36396
-6.11914 8.04944
0.1476 -0.532779
7.93898 7.36604
-7.5403 8.9861
-4.5139 2.19479
2.89183 -21.9597
3.81222 7.94736
-4.93225 -2.76619
10.3334 -5.6266
-4.03163 -9.08719
3.56112 -4.31828
-3.52228 8.10357
2.16475 9.0533
-3.53652 0.936432
1.91456 6.0328
4.07418 -27.4597
-6.15399 -0.094734
-0.337764 -4.6859
2.80266 -1.41677
2.72959 -1.75701
1.61613 -3.56539
-1.00725 -0.426324
2.77871 0.00935096
10.842 -5.2538
2 6
-8.3968 5.23261
-6.34031 0.883334
-4.22512 -5.26905
-0.705186 -0.37123
-7.35028 -3.74338
8.36145 4.36548
6.62282 3.06614
5.10919 -2.23033
-0.818719 7.00495
-6.72066 6.82234
3.72088 3.6027
-7.12838 -7.22792
-11.4736 -3.78672
4.78858 3.22631
-2.14568 7.58118
-1.68213 -0.0718526
0.422598 -1.68415
5.65199 14.1132
2.08161 1.51896
2.36801 -9.66692
-5.64007 -4.23546
1.33548 5.65855
-6.69179 -3.22659
13.9465 0.897886
4.12132 -0.535534
7.57086 -8.47779
-7.48581 12.5211
-13.1107 1.02998
0.241006 -5.4315
5.93658 11.9964
9.33297 7.66971
-7.86884 -2.47966
13.1701 -1.21537
51.1449 -3.44176
-34.9977 -8.92591
-14.1549 4.99956
-10.6015 20.6476
38.5352 34.7464
47.0811 -10.9345
10.4552 -24.7248
-38.7553 -109.254
-57.1708 50.4013
-17.4762 -9.26948
130.457 112.187
49.0705 -27.2508
364.923 -103.173
296.741 -457.545
-185.487 -661.704
1790.83 -2316.13
