19990 22243
-1046.82 -6162.43
151.55 556.095
-16.0902 -411.523
325.942 -263.586
-97.6909 -290.454
-22.3655 -144.137
-70.3743 -19.296
-72.377 18.9454
25.1374 -32.3815
-9.72118 -41.2911
-5.52053 -79.537
-38.2203 -9.83744
-54.5263 -8.71321
-30.2542 23.1847
-23.9379 -25.0441
-1.21436 -13.0296
7.87083 0.858298
-33.7447 20.0558
2.2206 2.58919
-14.9706 7.08872
26.7689 9.60703
4.66165 -2.16358
3.75383 -8.9926
-1.63899 10.3751
-6.94975 17.1924
1.73096 -6.64685
16.6712 12.1972
-0.0686561 -5.27235
-7.51121 6.93012
-3.22268 5.00972
0.829772 -6.00793
-0.00953176 -7.97447
5.09589 -6.57442
-3.5368 5.79907
-2.29047 3.66909
-3.00016 -3.30615
1.52708 4.67898
5.02675 -10.2417
4.7255 -1.71213
-3.17702 1.49849
-4.45933 -0.711019
9.00136 6.6724
4.75075 1.53025
-0.00757545 2.1481
1.26363 6.40582
4.33922 3.83587
-5.8235 -1.30319
-4.5905 -11.7209
-3.91818 1.30224
7 34
1.42855 -7.94012
-5.78535 12.1172
-5.60753 0.118885
1.33115 -5.71213
-1.15038 6.35666
0.513641 2.6417
1.40744 -0.63299
-4.19538 -6.85994
1.67947 2.46014
-4.73571 5.36031
1.51957 -4.28093
0.0855093 -9.29162
1.60964 -6.11199
1.23671 1.74231
1.55761 2.13122
-0.522442 -4.68832
6.27696 -0.0134427
1.28105 2.60218
-2.81578 0.290923
0.132514 2.55258
4.66853 2.8105
-2.77721 -0.206185
-2.6461 1.73509
2.21738 5.8709
-0.12132 0.949747
-3.37293 1.7376
4.14895 6.43061
-6.15412 -4.2665
-1.55956 -8.16733
3.92377 -1.97178
-0.65287 3.61975
-5.88613 -2.72716
-1.4192 -6.78105
-1.32718 -1.17305
4.11702 -1.97573
-3.67606 -3.47809
-3.50157 1.56231
1.24798 -0.480472
1.89778 -4.2607
2.86707 -4.97942
-0.263025 -2.93925
-2.10111 -0.122987
1.36162 0.190493
0.700839 -4.50909
5.6532 -1.97764
6.76884 0.37621
0.193441 6.39149
5.22245 -1.46924
-5.00616 -21.0967
-2 1
-2.40304 -4.87258
6.74994 -1.44621
2.97304 7.82244
2.27724 1.04796
5.4779 -1.15312
1.17257 4.8671
7.95585 8.88071
-1.46982 2.49819
0.717177 -0.615834
0.379616 2.36411
4.51702 10.4555
1.47586 5.26721
1.78748 -2.10737
-1.45923 2.25073
5.53107 2.83125
-3.30952 1.69356
-1.24301 5.62537
-1.61214 4.35257
2.11888 2.41681
5.54837 0.207848
-1.30447 4.2091
-5.53995 -0.225267
4.70575 0.041038
-3.24712 1.16327
2.94975 -1.19239
4.74831 -10.1714
-2.85611 -1.8096
-3.41465 0.0032944
4.54664 -1.20104
2.50271 -1.71546
-2.73861 2.41971
2.6788 -5.22254
7.10971 -2.96713
0.152466 5.30346
-0.899452 2.54376
3.62043 2.01698
2.47448 2.50309
4.59672 5.92105
-3.41469 5.87892
-2.55608 -0.0685142
0.208961 1.98158
0.743425 3.71395
1.9065 0.70251
2.75971 -0.576026
-2.17522 -3.796
-1.51157 7.10449
-5.00087 4.50132
-0.277501 14.0382
7.77872 4.70492
5 10
-7.39308 0.63006
-9.17232 -21.2925
0.885058 4.64124
5.42086 -7.05656
10.2465 -12.6261
-4.80392 -17.3603
2.86658 -5.60136
0.460688 -3.2292
-0.358119 -2.38445
3.70489 -7.73456
7.80871 -3.43434
-0.599265 4.95076
-3.77606 -8.70047
-6.08029 -3.38056
0.218385 -2.48974
-5.13885 -7.32314
6.22723 4.45308
-3.24264 3.05562
-4.4217 3.5155
-2.6486 -11.014
-8.07319 -5.49671
-1.0876 -0.496528
6.26373 -2.58931
-3.20619 1.61312
4.12132 -8.94975
5.79899 -18.1351
5.02109 2.98756
-8.21662 -2.90483
12.5899 -3.29398
-5.73758 11.6195
11.5556 6.69582
10.2129 -32.2284
7.08682 -13.8006
-7.31069 -13.8202
-58.7684 35.3311
-10.7345 -2.63772
-1.38769 36.4788
37.4518 2.12259
8.24739 -15.5618
7.71055 -14.9264
-48.46 -10.9941
5.04848 31.7637
-19.3801 9.8989
220.034 15.6287
12.8475 -7.75296
261.805 -130.363
63.5051 -389.986
-151.806 -533.806
784.321 -2739.93
