21161 21945
-2541.24 -6075.04
378.275 644.697
-158.99 -512.548
104.837 -257.814
-69.1631 -287.032
-20.7518 -162.579
-64.2199 -30.3406
-88.3723 16.0464
12.8583 -38.2914
-8.5643 -50.2793
6.29614 -63.7206
-62.7948 7.86963
-32.0938 -11.7332
-57.2043 -24.6967
-32.9736 -4.70521
23.9779 10.8177
3.45057 11.0648
-19.1654 -33.5647
3.414 0.0707228
-14.354 2.23937
-1.92076 6.62646
1.61984 4.32135
-1.44316 -2.44538
-0.184235 -2.5762
-16.6066 -9.94975
-8.61921 -17.3782
-3.05556 2.06101
1.60848 1.26076
-4.76831 3.24189
-17.341 -7.06726
5.8308 -2.72383
2.7354 1.54955
-1.05258 -11.1856
-1.29807 2.88569
-4.99501 7.16213
0.169174 -5.64843
-9.19092 -9.08925
-1.82644 -2.47353
-4.42178 1.43059
1.57768 3.44095
-6.04734 -1.20081
1.88635 2.27235
-3.78279 0.662197
-1.05578 -0.721195
3.9988 1.13013
3.1653 -13.115
-6.12921 -8.0486
4.5031 -3.43752
-1.64667 -1.03819
-2 2
-5.86272 0.673986
-1.44119 5.62729
2.30247 1.76206
-4.46314 6.68869
4.87798 -2.42938
-3.32545 -5.43855
-3.46181 -7.8389
-4.89199 -13.2959
0.0366031 -3.11367
13.8394 29.6385
1.60593 -2.90087
9.2908 3.92296
-2.47283 -2.37314
-3.49894 5.46461
-0.282954 7.34126
2.53974 -0.415892
2.88331 4.08227
0.0174902 0.314879
0.736978 -3.44022
-2.40163 -2.25898
3.81186 4.26167
-0.630017 0.920175
-4.43055 -2.1103
6.89374 -5.2357
-3.29289 -3.36396
0.874522 0.500048
3.55466 4.22125
-0.500519 -2.25317
-0.168595 -0.91881
-2.22654 0.812299
2.96091 -7.22985
3.28795 0.629584
2.5972 10.2547
-1.93286 -6.58084
4.14782 3.68334
-3.86662 4.96148
1.60859 0.821459
2.92129 -4.87609
2.96762 1.34298
0.946266 1.59234
2.75677 -0.391014
-5.28474 -3.30029
1.24947 -0.768878
-3.10943 -3.79301
5.17483 1.12047
-1.2545 11.3241
-1.52943 -0.747449
1.10158 -1.07523
-3.9477 5.62358
5 3
-0.478427 -3.4678
-0.741257 4.68968
1.86208 2.3249
-1.22345 -1.64283
0.0274823 -1.44901
-1.0129 6.78565
0.396354 1.49902
-2.57221 1.44808
-2.05209 3.31891
10.6978 -3.58003
-0.411688 -2.71984
-1.32769 4.5562
2.02079 6.89201
-4.30613 -1.35997
6.8479 2.72792
-0.653903 8.09136
2.36005 4.80058
5.13617 -1.71382
-2.49883 -16.2418
-0.773457 -0.812299
-0.794206 1.04513
2.27787 -2.93266
1.32893 -2.23309
0.889381 -2.88272
4.6066 -0.0502525
-3.1168 -1.80946
-3.55825 1.72923
-2.75039 -0.552031
5.04118 -1.45624
0.247943 2.15775
3.28739 3.22394
-1.61326 -0.365726
-4.32674 3.01503
2.44249 0.979246
-0.656423 -0.420908
-3.62788 0.0198515
7.45743 2.42529
-1.38473 0.177629
2.99098 5.27727
7.34097 14.2501
3.89294 0.724397
-8.86474 -15.9978
2.58496 1.62219
-7.36815 -7.77702
-0.168098 -5.35421
-2.84171 -6.54045
2.33916 -6.31696
-3.01233 -6.98362
-6.68813 -4.2443
-8 -2
1.51136 6.36012
4.96828 -0.561277
-3.22464 9.6637
-4.72715 8.19576
6.05503 -11.4187
-8.05561 -0.107963
3.6908 2.75086
0.481597 -5.70964
-5.49382 -2.07648
-4.57768 -3.44095
6.75849 -5.6418
-12.0717 -1.69602
-1.92342 5.21946
-3.75115 2.39224
-4.80328 -3.29471
-0.870557 6.90215
14.2333 9.10083
2.03165 -4.02106
-5.23204 8.06666
-5.62991 9.52917
-5.03831 -7.27957
3.88266 -1.74482
6.2289 10.3218
-1.88074 7.60127
-4.70711 9.36396
4.20148 -21.1165
-0.456125 -6.4515
-3.69235 27.1084
5.88885 5.24751
13.1736 5.87208
26.0491 -11.9025
11.0827 -5.23469
-17.6827 -21.8642
8.20492 -5.98497
-1.75663 34.9752
-28.8629 4.11162
17.5884 -8.99315
-29.4132 -38.6095
18.1623 -3.94675
12.0449 9.90627
-34.6631 -36.3716
-19.9811 -37.7145
-28.4022 44.8019
186.612 -28.3685
23.6692 21.9637
9.30195 -207.745
25.6909 -306.365
-396.023 -795.691
-457.482 -2710.83
