20598 20791
-5134.62 -4914.41
398.214 579.606
-351.274 -406.706
85.1091 -109.073
-167.814 -342.235
16.5141 -88.2323
-16.7452 -141.61
-43.8456 -48.2231
-40.1618 -38.9099
-69.8047 -35.9735
23.2385 26.5611
-8.44124 1.69606
-1.79293 -10.2537
-19.7005 -27.9011
-0.0243064 4.5214
10.4363 -15.6728
6.5646 -15.9561
-17.0358 -12.7974
-35.5613 -21.4069
-11.4379 -1.92696
-11.3077 2.27163
9.53924 8.76911
-15.4852 -6.88715
-2.55978 1.33472
10.5355 4.29289
-9.16089 3.7736
4.14609 2.14993
0.627129 -7.81172
3.40649 -3.43938
-1.90141 1.65757
0.814272 10.7022
-10.1136 -9.28597
-4.1847 3.21621
-3.55101 -2.99747
-9.46094 -6.88448
1.27451 1.16818
4.15028 -6.25829
1.86247 -5.95217
-3.98114 -14.4359
8.80458 5.19572
3.88675 -3.26627
3.42735 -5.56719
-10.1012 -1.91169
-8.27712 1.76412
3.30005 -5.91588
-5.61122 -6.99592
5.4418 -4.65316
16.1378 20.1594
-5.86501 -3.84072
3 4
2.56715 2.75101
0.421629 8.54072
-4.00482 4.93187
-4.895 0.922807
1.77524 0.923772
2.8388 3.45854
-1.63877 -0.390526
-1.1642 -1.44669
-0.586149 -4.75734
-4.6034 -5.21226
7.8813 3.13942
-6.47565 -2.53608
0.509176 0.362089
-2.93759 -4.61139
0.522651 -6.80557
0.297304 1.22642
-0.394875 2.21379
5.80619 2.6824
0.841471 -1.93632
3.01287 -0.310051
-1.09264 -0.228209
-3.98583 -2.16094
-3.62373 -1.05019
-5.34561 -0.634509
-4.53553 -3.70711
0.437181 1.05507
-0.440008 2.02587
-0.217542 -0.0854237
2.4241 1.54721
-7.35555 -0.844577
-5.09877 -3.58944
3.77724 1.77336
-0.630327 -1.18644
-4.11715 7.06444
-0.58279 5.42871
0.0802217 6.06075
1.0771 4.21906
-3.11708 0.208159
-1.6458 -7.16033
2.26364 -3.91507
4.35742 5.27392
-0.234282 -0.977034
5.55452 3.99674
0.610218 1.90979
-4.9391 -11.1456
-3.86444 5.13612
0.937833 -1.01829
-0.0657172 0.346609
-2.01031 -3.44813
4 -5
-2.91171 -3.30451
-3.32617 3.54203
2.35164 -9.71674
-1.09806 0.423286
-7.7152 -1.66777
2.98943 4.96239
7.36608 10.3469
-0.62933 -0.884733
4.37519 5.44037
1.15374 -0.151994
6.34874 5.34754
-2.45562 0.477699
-0.715122 0.150202
-5.16212 0.510539
0.677468 -2.84107
1.60842 -4.26222
2.5982 -2.15514
5.02287 2.62652
1.41847 1.55679
-2.82479 0.608509
-0.0767746 4.10461
-5.05156 -1.41998
0.584792 3.19594
0.430819 7.39756
3.46447 5.70711
1.04646 0.356649
-1.08298 -1.42953
3.79069 -0.76682
0.271217 -3.85723
1.01159 3.90788
3.64666 5.81224
-1.19559 -1.53108
3.91572 -4.67686
8.8939 9.27233
7.97496 5.31561
3.43109 1.2781
2.06849 -0.189486
-4.57061 5.95197
1.08839 -7.32155
-1.86874 -3.20415
2.79261 0.260572
13.5753 9.16811
-4.02127 -6.02799
1.82891 -0.0468531
0.78644 13.2935
-1.0277 2.51403
0.0914812 2.19799
-8.493 -5.90771
10.3089 0.772129
7 6
10.1141 -4.31724
7.33322 6.11582
3.60422 -11.7208
-23.6438 -19.2762
1.6443 10.1386
3.58908 -3.74836
0.368935 -1.03637
-1.26923 -16.1832
0.690712 1.21331
3.37576 -0.95965
5.07398 2.66341
-4.02424 -7.53075
-5.86948 0.185885
-2.71533 11.071
-1.75606 -4.15546
-4.53558 7.05641
-16.8814 -3.75398
-4.70979 5.14043
-2.57856 -3.08737
-1.47057 -8.01934
6.52963 -10.0894
1.01423 -12.3079
6.78418 1.51862
-8.06629 6.82115
2.53553 -2.29289
-1.39301 -9.76722
-18.3994 14.1008
-20.35 -13.0553
2.57935 8.62749
13.9101 20.3434
15.3028 -0.157371
-8.21656 -11.5656
-13.4043 -11.6505
-5.05102 18.6398
9.25892 -17.9429
3.14974 11.1573
-11.5954 -22.895
-3.70353 14.9355
26.6305 6.62059
35.7348 32.8045
24.0894 36.7059
-35.6654 -116.837
81.6825 18.6929
3.29874 -182.097
54.3524 35.9717
-237.512 -215.872
-309.936 -282.236
-439.831 -112.054
-1970.76 -2176.54
