20897 21020
-3722.64 -5706.11
253.944 585.161
-341.991 -300.483
163.865 -138.638
-135.603 -339.031
58.1237 -113.109
-16.0361 -104.987
-50.43 -19.5802
-37.3418 -26.2992
-93.1145 -34.338
-4.07893 -44.2477
-18.374 -8.95127
18.1505 -13.1321
-25.8172 11.9487
11.7289 -16.0094
-1.12736 -19.066
-5.26353 -36.4849
-10.6977 -30.8986
-9.36005 6.31742
-0.95965 -11.1271
-1.84775 26.4775
-12.7479 11.5833
-9.95548 5.73355
-5.01724 -9.40649
-4.36396 6.12132
6.69893 10.9784
-5.29249 3.72561
-1.82798 -7.34
-9.175 -4.55179
-6.80954 1.13142
3.9661 -0.932894
7.60327 -0.309693
3.54773 4.89577
-2.31539 -1.7775
-11.7752 -7.93565
-2.08596 -0.0705302
2.03936 4.2915
-3.09766 4.04106
6.84085 0.927696
-4.97214 -2.71441
-6.35956 0.280815
-0.038175 1.79507
10.0257 -2.75685
7.10851 -2.17438
-0.241984 1.81446
6.11713 -5.14729
1.13939 1.50687
-3.46727 -2.07399
1.20289 -9.7092
-2 -3
-3.46998 25.887
1.21741 -3.50238
-1.88281 5.50427
-2.4527 -0.0682894
-9.59787 11.0715
-8.68591 4.45973
1.69027 1.50486
4.93858 -3.97547
-0.76723 0.183578
-0.844577 7.78804
-6.62833 6.57025
0.692938 0.526069
-5.62721 -6.37947
1.63052 -5.67497
4.13675 -0.692605
-10.1305 2.11621
0.0644293 1.50397
0.971822 1.82337
2.75811 4.61402
3.42757 4.48662
-0.0795608 -4.09614
-3.88839 4.69067
0.406673 -2.55193
2.6417 1.82236
3.77817 5.19239
-2.61983 3.41805
4.37049 8.46417
-1.59781 -3.91523
1.38509 3.95214
3.97214 2.26538
4.53947 -1.0464
1.90039 -3.78707
-0.847118 -0.878841
2.44001 -2.25504
1.62994 3.39874
3.27709 -3.10363
-0.0581181 -8.83567
4.98381 4.57906
1.66503 1.20459
0.775099 -0.932509
0.568638 -6.23651
5.67172 -1.13468
-4.05718 -3.02072
-1.69094 -4.77635
0.116658 4.89663
1.49711 -1.39471
0.930822 4.02589
-3.87665 -2.57868
-7.88099 10.7789
1 -2
17.7064 -12.9358
-8.90943 -2.36268
7.05388 -1.3335
3.16095 -0.158318
9.08132 -1.56242
2.94033 -0.540872
2.98477 5.72118
0.735692 -6.10504
-0.000284083 3.0472
-7.28679 -1.97449
5.17669 2.64045
5.54073 -1.95775
5.21629 3.81952
0.520754 4.08742
-3.97387 -2.45138
4.71758 6.6437
0.804069 -2.95226
5.99676 -0.201979
-4.24037 1.85631
3.97214 -2.26538
0.381282 0.364275
-1.5896 0.557265
0.0290856 -4.80531
-4.95826 -1.23914
8.36396 1.87868
3.02871 1.53413
1.88214 -0.458599
-2.83752 -5.44066
0.238332 -0.961186
2.39662 -2.37083
-5.46631 -3.70632
1.70882 8.8747
-3.94288 9.23866
-2.63514 0.827517
8.67259 -0.908539
9.76784 -2.60142
-6.62618 8.43585
-4.41546 2.6414
-4.73495 5.30138
0.608509 -1.78804
2.8716 -4.07848
1.34044 -0.357082
3.19071 0.214518
-1.05485 11.6633
-0.609691 0.365597
10.5577 2.78023
1.39796 -1.93716
2.1605 -5.88468
13.6449 3.79646
4 1
-27.1874 -3.2418
6.71138 2.86141
-5.96778 -6.89349
0.731018 -7.89474
-8.25914 -6.90537
0.985793 -4.41998
14.1456 -0.964975
2.34227 4.20408
-4.04934 4.38576
-4.97214 2.71441
0.993326 -12.5617
-7.11823 -9.02347
-3.05479 -0.497163
10.1349 -0.95454
-2.78804 9.3045
-5.03065 -6.2846
-8.37587 -1.46263
-0.714662 -4.57645
11.8824 5.3862
-3.05723 0.641341
1.6865 6.98069
6.91468 6.84429
-3.70369 -10.0826
1.4163 -18.7305
-11.7782 -13.1924
10.5526 2.25616
-7.13016 -0.138529
-15.5143 -16.3909
-10.882 -6.14956
5.19572 17.1271
21.8048 2.06033
17.5558 -0.778518
35.93 -3.51622
-2.6335 0.373514
-9.60481 -1.59733
-48.9685 7.72436
9.47522 -6.76157
31.5508 7.35129
5.44774 1.1737
1.66875 5.35645
-2.71136 31.4114
33.4085 -53.6432
17.2258 24.6229
64.7911 -177.796
-8.91213 26.2421
-115.317 -237.285
-151.099 -355.3
-380.912 -160.829
-1236.65 -2605.32
