22792 21574
-1585.97 -6390.03
63.271 599.055
-69.6994 -481.868
220.736 -121.224
16.9818 -261.911
24.7746 -140.598
-104.012 -103.458
-72.422 -77.2623
-4.51257 -14.5376
-14.852 -50.2798
23.4352 -10.0839
-46.5853 7.86298
-0.769232 -31.0166
-33.5794 -4.75698
-20.564 -5.99939
-14.7324 -15.9392
-16.641 -9.80857
-23.3003 -19.4838
-19.7037 3.21005
34.3434 -13.9034
-16.7829 -9.0599
-22.4947 -6.20869
-18.02 -7.75588
-5.2793 -2.71964
10.2426 -9.65685
7.64608 -1.32952
-4.20833 -0.0391094
-11.8818 2.27383
-7.70777 -2.15379
3.63174 2.80245
-4.36451 4.28157
-10.9274 2.27068
-8.76113 -2.11266
-2.94839 -1.4531
3.59783 0.102587
2.65402 3.92523
-2.05879 8.56399
-3.146 -1.27209
-1.37501 -14.3414
4.18031 0.940435
-3.91471 -2.9581
-0.876211 -1.88247
-9.65762 -9.78298
-3.88707 3.90144
-3.83769 4.24781
2.8126 5.00641
-3.5073 10.265
6.70445 2.8955
1.89075 -7.78792
-4 -12
-2.82746 -5.21391
0.111407 3.51021
-3.01946 -9.48899
-2.91718 -2.09205
9.30285 27.4869
-6.3106 -2.29684
-0.376612 2.72037
-3.05229 -0.366886
0.0123522 2.49337
-6.58609 -3.26004
7.49718 4.29465
-0.643111 1.46681
-3.04902 2.37527
-1.53922 1.37776
3.79536 -1.07347
8.919 -4.54276
-4.22279 -1.69388
0.397955 3.36708
6.05767 -5.02602
0.660057 6.05165
2.41949 -2.84933
1.23485 -6.87572
0.49838 2.81983
-8.80291 2.23271
-0.242641 -0.828427
2.0898 0.907564
7.12967 1.76562
0.586718 -0.0600745
-1.38866 -0.689323
-6.05571 -3.2835
2.4147 4.35328
-0.602959 5.67966
-0.207786 -1.13659
3.31648 0.688783
0.452171 -2.09917
3.39211 -3.2715
2.77191 0.145093
1.23257 -3.50522
-3.58805 -2.25291
-2.09225 -1.93495
-2.38484 -5.26812
0.786472 0.809639
6.9903 14.8808
7.39696 0.121709
-3.11829 3.15937
1.92249 2.75434
1.02913 -0.366542
4.69783 5.76722
5.02671 -4.6031
0 -2
1.32266 -2.65761
-3.87214 -0.931392
2.13104 9.17867
6.92243 4.04888
7.32892 0.143149
3.88447 0.00916036
3.80501 3.41053
-2.28784 2.72175
0.167498 -11.8348
-2.05655 7.95486
-4.01155 0.100135
0.297733 1.2798
1.05415 -0.668382
1.91136 4.39847
-0.148592 -2.19408
1.17719 -4.07684
-4.78317 -3.99992
-4.77676 -3.80046
1.3964 -2.10998
-0.798395 4.04743
-0.196552 -0.999213
-0.932454 -3.4672
-5.2522 2.08424
2.04154 5.68626
1.75736 1.65685
1.59896 1.54768
-2.29795 -7.50108
2.43613 2.92124
-2.61314 4.53988
-3.47085 -1.22515
-0.242064 4.37065
4.66392 6.44612
1.63064 -5.71715
7.9863 1.27101
-3.96726 -1.79766
-3.47367 5.53
-5.22926 1.917
-2.94923 0.837552
-0.757032 1.98209
-3.33689 7.14858
-1.58358 1.63764
2.51401 3.82805
-5.18468 4.69048
0.15962 -4.28168
3.52696 5.2445
-2.36402 2.31369
-12.8794 -24.4031
4.80391 2.09197
5.13692 -3.08833
8 4
2.65979 -7.08632
-4.51432 -7.75027
-6.54391 -1.80224
-3.39568 1.05194
4.1506 -0.778838
-4.98517 -0.0110481
4.14934 2.14299
-7.66557 -1.219
-8.60216 -13.6207
-4.3262 4.29563
7.97762 -1.0717
1.13272 2.62729
-2.46395 -1.44312
2.00211 -6.50306
11.1108 1.43288
4.08992 -2.98082
-0.634438 2.29474
-9.69015 -6.86242
0.347509 3.46963
4.41512 0.439935
7.18359 8.9237
0.419162 -2.40009
1.27691 -6.41698
5.86345 4.63824
8.24264 4.82843
3.42282 5.17089
-5.93547 8.06025
-4.01927 2.82415
-5.0978 -2.93765
20.5796 -17.9851
-19.5489 -5.0951
-25.5206 24.74
20.5348 2.2204
-6.82163 -0.103458
8.64166 -17.9847
-16.5582 -19.6343
18.0705 -6.63045
-10.0428 -32.798
14.7998 -27.8768
19.7648 -5.80896
-32.2853 6.91491
26.3777 19.3477
-10.3176 83.738
123.339 -84.6369
102.747 -3.97891
39.4699 -247.18
29.4812 -307.076
-461.4 -515.429
88.8903 -2674.42
