21442 21445
-1925.5 -6341.62
582.071 667.213
18.3 -550.898
341.738 -328.506
-105.929 -306.184
-70.3271 -118.419
-59.2616 -13.9614
17.6964 -0.774989
41.1772 -44.2716
-18.0162 -34.3966
23.7512 -117.028
-54.5804 -22.6699
-18.0544 -40.869
-22.3486 -25.0352
-1.30218 -10.7235
22.7946 -2.0922
-2.22153 14.6272
-46.2452 -22.3183
-11.8873 25.7603
3.37811 18.8054
13.4177 3.28052
-24.8435 -5.00733
-13.9153 -7.11605
12.092 -10.3157
-13.0711 2.41421
-16.1697 -6.00587
-6.58267 -2.07042
1.59775 -0.669372
-4.05436 1.00871
1.92763 -3.355
-1.62655 -0.450506
11.6874 1.02722
3.77059 -5.28275
-9.50255 3.21415
2.0603 6.3766
4.25503 -1.35253
5.02287 -0.492257
-2.86199 -0.467632
0.183907 -1.19795
-3.73842 -1.62074
-0.585618 -8.96859
-0.916095 -4.92363
0.363275 -1.84209
1.44497 5.41092
-1.18469 6.27841
-0.803434 -9.77307
-5.3399 -1.91359
1.26264 -0.880464
-2.38357 -10.7683
-2 7
12.5896 -0.647257
-5.21642 -6.80791
-6.46042 4.98108
2.36602 0.55547
4.82619 -2.10742
-0.0756176 2.69144
-0.0774801 -3.1247
1.88716 -2.66866
2.05031 0.690652
-1.51484 0.981148
-2.16033 7.2948
-1.52277 0.940753
3.37287 4.78699
-3.86014 -2.13474
-3.37107 8.76075
-2.04323 -0.915488
3.26789 -4.59185
0.896817 1.5672
3.29094 -3.5344
5.45434 -0.554831
1.37735 5.93968
7.16111 -1.56171
1.85889 -7.87152
1.35678 -9.48465
5.65685 5.48528
-2.02069 27.5777
-2.26541 -6.69653
1.42798 7.69751
-6.59481 -3.1854
-1.74945 12.8392
4.33382 0.346915
-2.36079 -1.41046
0.453274 -0.140294
-0.487853 -0.138739
0.914801 3.17756
-4.92998 4.41379
3.28604 5.25961
-3.37194 1.52131
-1.34318 7.29967
1.45393 8.0704
2.20262 -0.00608283
-2.69991 1.89436
3.53352 6.94176
0.0545063 2.91582
-3.1707 -5.43063
3.00535 0.797957
-1.72118 3.36061
-1.45839 0.792782
-11.0284 -0.91853
-8 3
5.04027 -5.06275
1.28751 8.78085
-0.207832 -6.19052
3.03896 5.39225
4.21329 2.11522
3.20683 2.16169
1.43263 -8.69995
-2.4706 6.30553
3.73923 -0.363546
7.66219 -3.15307
0.322277 -3.7257
-3.74897 0.0597724
1.28645 -2.13164
-2.198 1.67128
2.82372 3.64827
1.29105 5.1857
2.58324 6.4016
-1.64177 1.14889
3.55437 5.92851
-5.10465 0.250961
-1.79099 10.1203
7.28244 6.93819
-0.524813 6.22768
9.6683 10.1924
1.07107 -0.414214
-16.1263 -21.8083
6.10201 8.86726
-0.685967 -8.62199
0.361141 -8.20423
5.16911 -1.41414
-1.64569 -0.610395
-1.89211 -2.36617
-2.11102 4.32882
2.75976 3.20218
-2.12286 -8.53749
0.792642 -4.82738
-7.58186 -9.61179
-1.56794 -2.23642
0.405003 2.79206
-0.339266 -5.83525
5.34679 0.425197
-1.44714 -2.48035
7.43048 1.15315
-4.27822 1.0868
1.41558 -0.914236
-2.74211 3.18531
-3.63656 2.98494
6.15676 10.9167
-1.31979 4.17567
-12 -11
7.50783 -4.67517
7.66326 11.7513
4.09056 2.49993
3.13662 2.49853
-1.61003 -17.5651
-2.7611 -4.6125
2.11764 4.06233
-4.36395 6.98297
-7.82924 5.99726
3.59252 3.53057
1.98825 0.832261
-4.77922 -5.45189
-3.40273 -3.63413
-1.88988 -2.13627
-2.29812 -2.56289
-4.06532 1.11602
-0.884894 2.39781
12.4359 -10.6436
-0.257446 2.35531
-1.6068 -9.25962
-8.56935 0.778743
-4.52351 5.37013
6.15465 1.72364
-0.956519 8.34913
-5.65685 -11.4853
-8.10965 -1.82207
-10.555 2.43575
-26.4869 1.66445
10.1863 -18.4654
1.47599 -16.9513
-5.67586 0.304063
-4.28062 2.68313
12.7783 -36.5851
4.14926 -54.9567
-11.7603 27.3297
-38.2772 59.5189
37.5267 51.0823
18.9526 -11.3927
34.3081 19.0222
1.95585 -11.9371
-49.4165 -0.161255
35.3511 -35.6966
-44.1932 47.5254
145.806 11.5575
68.4956 20.3392
197.541 -243.768
-23.1104 -396.477
-277.377 -610.795
213.91 -2821.93
