20422 21465
-2057.55 -6492.04
450.864 527.471
-27.0494 -466.152
300.375 -288.365
-87.3649 -274.677
-14.343 -177.018
-104.996 -34.9193
-57.8373 -20.8409
22.6871 -60.4423
-8.94752 20.7232
-14.9482 -91.0903
-15.2279 -40.1565
-37.9393 -20.1928
-10.0201 5.47119
-35.6899 3.39594
-1.05708 9.24495
18.4977 -0.0290503
8.43312 -28.486
0.669336 -30.9641
-20.2105 20.5551
-5.46655 1.96921
-5.02022 -7.25205
-13.3754 -12.8107
-3.21444 12.5706
-4.29289 9.12132
-5.75591 -5.54645
14.0263 -6.3282
3.88524 13.8751
-4.67654 5.96939
-8.38998 3.12715
3.3084 -8.84162
-0.0502935 6.62369
-0.373365 3.8574
-5.64302 -2.00034
-3.06091 -0.21218
-5.92254 2.01803
0.765273 -8.29455
-0.398366 5.17655
1.57717 -2.01809
-1.02401 1.00682
7.38447 -3.33131
-1.95642 -2.34752
-0.00971549 -6.96287
-3.79979 4.19261
0.336408 9.79921
-7.10759 -6.33296
0.678772 -7.72087
2.29814 -1.63659
-8.55762 5.81179
-5 4
5.04804 2.74405
5.32928 -0.920716
-1.80346 -6.82803
2.52143 -3.81993
1.41433 0.281495
6.2104 7.78591
5.45169 -9.39971
1.59067 -4.49842
7.64089 16.7329
-1.88988 -3.80584
-1.81255 -0.754126
-4.62323 2.69183
3.21701 1.07057
-2.01475 -0.525959
5.20067 -0.0506423
8.5552 -2.7774
7.79514 -3.04932
-0.171037 -4.58752
4.51747 1.4111
-0.610017 -11.3632
-2.19845 3.7519
2.27576 17.6967
-6.86403 -7.39815
1.7805 4.21235
-9.12132 5.36396
4.09399 9.73969
0.0218051 10.0454
-2.69488 5.74338
10.147 5.25504
-4.01484 6.40742
-3.45261 7.93086
0.409173 3.61117
1.49606 -0.63255
4.09245 0.447788
-2.70761 -2.15973
3.58558 -1.32108
-0.447831 -5.077
1.37947 0.614833
4.15956 -1.69306
1.18359 1.87357
3.84415 1.03334
2.50001 -1.18804
-2.8419 -3.19133
-2.1023 7.0396
-0.395349 -3.05236
-1.73673 -1.71383
0.713101 -1.04552
-3.1214 5.92177
-3.34383 2.73413
-2 3
-5.58913 -2.24008
-4.15913 7.81086
3.7849 4.55939
-2.4031 0.328453
-1.21832 2.42437
-0.549482 1.8041
1.37245 1.46887
5.53817 3.51405
-0.441274 -0.826454
-0.332503 1.28147
3.52662 1.97686
7.33124 4.19163
4.54182 -0.553015
3.30519 -1.35492
-4.67515 -8.92265
-0.232411 3.00673
5.17348 12.9243
1.73899 1.76183
-3.25873 -8.40879
-2.83927 -0.0254578
10.8478 -5.97041
-1.26524 -9.10841
-6.10016 -4.59481
-0.375714 0.75843
-5.70711 4.87868
1.47608 6.09633
-0.976664 7.95683
-7.28398 18.2446
0.0327224 -0.587842
-12.1876 -25.6949
7.29934 1.43892
-2.82909 -0.344187
13.44 -0.636849
3.63169 -3.7318
0.052098 1.73889
-8.59241 -1.97794
1.9534 2.06753
-5.85714 -1.73487
-1.69508 5.33337
-1.78388 2.24353
4.3126 0.22589
-3.30409 -0.624394
-0.967709 -6.78792
3.97281 -4.40233
4.17792 -1.59916
5.80771 0.923997
1.22358 -5.10193
-6.08613 -8.75374
-4.1577 4.68304
-7 12
5.13104 -3.96534
9.19856 -7.9467
-8.15918 -4.84391
-18.5021 4.43753
-0.557669 3.42484
4.31762 8.13725
3.07677 1.81611
-4.81147 5.5818
5.34361 4.16065
0.878107 7.61121
1.51933 2.08428
-0.913729 -9.20212
-4.12363 7.98032
-4.24488 3.70403
0.0878678 1.59539
0.21016 0.306161
-4.66569 -6.57327
-2.93178 -6.40094
-0.58627 4.79209
-0.0484236 -0.901883
-11.521 -14.265
7.02867 -11.7537
12.0473 5.56364
5.30401 -2.07489
-4.87868 -7.36396
-5.91005 -15.6584
-15.2144 10.6128
-7.10927 12.71
-12.601 -1.54142
0.884259 -1.99277
19.2876 23.5499
38.2421 0.453836
-16.438 -27.3376
-23.3448 0.0780107
-28.512 40.6676
35.8614 14.6594
25.7686 -22.4126
-11.3855 -15.3485
-20.147 6.94316
-8.6675 -5.04541
4.74344 -15.0164
18.7104 28.7243
-102.69 -34.8826
159.067 66.3054
76.9125 -4.65398
238.115 -222.976
17.8933 -437.08
-423.126 -520.959
341.074 -2765.63
