107 54
107 53
109 53
110 53
112 54
113 55
113 56
113 58
113 59
113 60
113 62
113 63
113 65
113 66
114 67
115 69
116 69
117 69
119 70
120 70
120 71
121 72
122 72
123 74
124 75
124 77
125 78
125 79
126 81
127 82
128 83
129 85
130 84
132 85
133 86
134 86
135 88
136 89
136 90
136 92
135 93
135 95
135 96
134 96
133 98
132 98
131 99
131 101
130 102
128 104
128 105
128 106
129 108
130 108
130 110
130 111
130 112
130 114
130 115
129 116
129 118
129 119
128 121
128 122
128 123
127 125
126 126
125 127
124 129
123 130
122 132
122 133
121 134
121 136
121 137
120 139
119 140
118 141
119 143
118 144
118 145
118 147
118 148
118 150
118 151
118 152
118 154
118 155
117 156
116 157
115 158
113 158
112 158
111 158
109 159
108 159
107 159
105 159
104 159
102 159
101 159
100 160
98 159
97 159
95 159
94 159
93 159
91 159
90 159
89 158
87 158
86 158
84 157
83 157
82 157
82 155
82 154
82 153
83 152
84 151
85 149
85 148
85 147
85 145
85 144
85 142
85 141
85 140
86 138
86 137
87 136
87 134
87 133
87 131
87 130
87 129
88 127
88 126
88 125
88 123
89 122
88 120
88 119
88 118
88 116
87 115
87 114
86 112
86 111
85 109
84 108
84 107
84 105
84 104
83 102
82 101
81 101
80 100
80 99
80 98
80 96
81 95
82 93
82 92
82 91
83 89
82 88
83 87
84 86
85 85
84 83
84 82
84 81
84 79
84 78
83 76
84 75
83 74
85 73
85 72
85 71
86 69
86 68
88 67
89 66
88 65
89 63
90 63
91 62
93 61
94 60
96 59
97 59
98 58
100 59
101 60
102 60
104 58
105 57
106 55
