118 52
119 51
121 52
122 52
124 53
124 54
124 56
124 57
125 59
125 60
126 62
126 63
126 64
126 66
125 67
126 69
125 70
125 72
125 73
125 75
125 76
126 78
127 78
128 78
130 79
131 79
131 80
132 81
134 83
134 84
135 86
136 86
136 88
137 88
136 89
135 91
135 92
137 93
137 94
139 95
139 96
139 98
140 99
142 100
143 100
144 100
146 101
147 101
149 102
149 103
149 105
149 106
149 108
148 108
146 109
146 110
145 111
144 113
144 114
145 116
144 117
143 119
142 120
140 121
139 122
137 124
136 125
135 126
137 128
138 128
140 129
139 130
139 132
139 133
139 135
139 136
137 137
137 138
137 139
136 141
135 142
134 144
134 145
132 147
131 148
130 150
129 151
128 153
127 153
126 154
124 154
123 155
121 156
120 156
118 157
117 157
115 158
114 158
112 158
111 158
109 159
108 159
107 159
105 159
104 159
102 159
101 159
99 159
98 159
96 159
95 159
93 159
92 159
91 159
89 158
88 158
86 158
85 158
85 156
84 155
85 153
85 152
85 150
85 149
85 148
85 146
85 145
86 143
86 142
86 140
86 139
86 137
86 136
85 134
85 133
86 132
85 130
85 129
84 127
84 126
83 124
83 123
83 121
84 120
83 118
83 117
83 116
83 114
82 113
81 112
82 112
83 110
82 109
82 107
82 106
81 104
81 103
81 102
81 100
81 99
83 98
83 97
85 95
84 94
84 92
84 91
84 89
85 88
85 87
85 85
85 84
86 82
86 81
88 80
89 79
90 77
91 76
92 74
93 73
94 72
95 70
96 69
97 67
98 67
100 65
101 64
102 62
103 62
105 61
106 60
107 60
109 61
110 61
112 60
113 60
115 58
116 58
117 56
117 55
117 53
