74 59
75 58
77 58
78 58
79 59
80 60
80 61
81 63
82 64
81 66
81 67
81 68
83 70
83 71
84 73
85 73
86 73
88 73
89 73
91 75
92 76
93 77
94 79
95 80
96 81
98 81
99 81
101 80
102 81
103 81
105 80
106 80
108 80
109 79
110 79
112 79
113 79
114 81
115 82
116 82
118 84
118 85
120 86
121 87
122 87
123 89
124 90
124 92
125 93
125 94
125 96
124 97
125 99
125 100
126 101
126 103
126 104
127 106
127 107
127 108
128 110
129 111
129 112
128 114
129 115
130 117
130 118
130 119
131 121
132 122
131 124
131 125
131 126
131 128
130 129
131 131
132 132
132 133
132 135
133 136
133 138
133 139
133 140
134 142
134 143
134 145
134 146
135 147
136 148
135 148
133 150
132 150
131 151
129 152
128 153
126 154
125 154
124 154
122 155
121 156
119 156
118 157
117 157
115 158
114 158
113 158
111 158
110 159
108 159
107 159
106 159
104 159
103 159
101 159
100 160
99 159
98 158
98 157
97 155
97 154
96 153
96 151
95 150
94 148
94 147
94 146
92 144
93 143
92 141
92 140
91 139
89 137
89 136
88 134
87 133
86 133
85 131
84 130
83 129
82 128
82 127
80 125
79 124
79 123
77 121
77 120
75 119
74 119
74 118
73 116
72 115
71 113
71 112
71 111
69 110
68 109
67 108
67 107
67 106
67 104
67 103
67 102
68 101
68 100
67 98
67 97
67 95
67 94
67 93
66 91
65 90
63 88
62 87
62 86
60 85
59 84
58 82
58 81
58 80
58 78
59 77
59 76
60 74
59 73
61 72
62 71
63 71
65 71
66 72
68 72
69 72
70 71
72 70
73 69
74 67
75 66
74 65
74 63
74 62
74 60
