93 56
94 55
96 55
97 55
98 55
99 57
99 58
100 60
100 61
101 62
101 64
102 65
102 66
102 68
102 69
102 71
103 72
104 73
106 74
107 75
108 76
110 76
111 76
113 75
114 75
115 75
117 74
118 74
119 73
121 72
121 73
120 74
122 75
123 75
125 75
126 76
127 76
129 78
129 79
129 80
131 82
131 83
132 85
132 86
132 87
131 89
131 90
131 91
131 93
131 94
131 96
131 97
132 98
134 97
135 97
136 97
138 97
139 98
139 99
138 101
139 102
138 104
137 105
138 106
138 108
138 109
138 110
137 112
137 113
137 115
137 116
137 117
139 118
140 119
140 120
140 122
140 123
139 124
140 126
140 127
139 129
140 130
140 131
140 133
140 134
140 135
140 137
141 138
140 140
140 141
140 142
140 144
139 145
138 146
136 148
135 148
133 150
132 150
131 151
129 152
128 153
127 153
125 154
124 154
123 155
121 156
120 156
118 157
117 157
116 157
114 158
113 158
112 158
110 159
109 159
107 159
106 159
106 158
106 156
105 155
105 154
104 152
103 151
103 149
102 148
102 147
101 145
101 144
101 143
101 141
101 140
100 139
101 137
101 136
99 134
98 133
97 132
97 130
96 129
95 128
94 126
94 125
92 123
91 122
90 121
89 119
89 118
88 117
88 115
87 114
85 112
84 111
84 110
83 108
82 107
82 106
81 104
80 103
80 102
79 100
78 99
79 97
79 96
80 95
80 93
81 92
82 91
82 89
81 88
80 86
79 85
78 85
76 84
75 83
74 82
74 80
73 79
73 78
72 76
73 75
74 73
75 73
76 72
78 71
79 71
80 71
82 70
83 70
85 70
86 69
87 69
88 67
89 67
90 66
91 64
92 63
92 61
92 60
92 59
92 57
