90 49
90 48
92 48
93 48
95 49
95 50
97 52
97 53
99 55
99 56
99 57
99 59
98 60
98 62
98 63
97 65
98 66
98 67
100 69
100 70
102 71
102 72
104 74
105 74
107 74
108 74
107 75
108 77
109 78
111 78
111 79
113 80
114 80
116 80
117 80
118 79
120 80
121 80
123 80
124 81
124 83
124 84
125 85
126 87
126 88
126 90
127 91
126 93
126 94
125 96
124 97
124 98
123 100
123 101
123 103
123 104
125 105
126 106
126 108
127 109
127 110
126 112
126 113
126 115
126 116
125 118
125 119
125 120
124 122
124 123
124 125
123 126
123 128
122 129
123 131
123 132
123 133
123 135
122 136
122 138
123 139
122 141
123 142
124 144
123 145
123 146
123 148
123 149
124 151
123 152
124 154
123 155
122 155
120 156
119 156
117 157
116 157
114 158
113 158
111 158
110 159
109 159
107 159
106 159
104 159
103 159
101 159
100 160
98 159
97 159
96 159
94 159
93 159
91 159
90 159
88 158
87 158
86 158
86 156
86 155
86 153
86 152
87 150
87 149
87 147
86 146
86 145
86 143
86 142
86 140
85 139
86 137
86 136
86 134
85 133
85 132
84 130
84 129
83 127
83 126
82 124
82 123
82 122
81 120
80 119
79 117
79 116
79 114
79 113
78 111
77 110
76 109
75 107
74 107
72 105
72 104
71 102
71 101
70 99
69 98
69 97
69 95
69 94
70 92
70 91
70 89
70 88
70 87
70 85
70 84
70 82
69 81
70 79
70 78
71 76
71 75
72 74
71 72
71 71
71 69
72 68
72 66
73 65
73 63
74 64
75 63
77 63
78 63
80 63
81 63
83 62
84 61
85 60
85 58
86 58
87 56
88 55
89 53
89 52
89 50
