100 55
101 54
103 54
104 54
106 54
107 55
107 57
107 58
106 59
106 61
105 62
106 64
106 65
106 67
106 68
106 69
107 71
108 72
110 73
111 74
112 75
111 76
111 77
111 79
111 80
113 81
112 82
113 83
112 85
112 86
113 88
114 88
116 89
117 89
118 90
120 91
121 91
123 92
124 93
126 94
127 95
127 96
127 98
127 99
127 101
126 102
126 104
126 105
125 106
123 108
122 109
121 111
121 112
119 113
118 114
118 115
117 117
117 118
119 119
120 119
119 121
118 122
118 123
117 125
116 126
115 128
114 129
114 130
113 132
112 133
111 135
110 136
108 138
107 138
106 139
104 141
104 142
104 144
103 145
102 147
102 148
101 149
100 151
99 152
98 154
98 155
97 157
98 158
98 159
96 159
95 159
93 159
92 159
90 159
89 158
88 158
86 158
85 158
83 157
82 157
80 156
79 156
78 155
76 154
75 154
73 153
72 153
71 152
69 151
68 150
66 149
65 148
63 147
62 146
62 145
62 143
62 142
63 140
64 139
65 137
66 137
67 136
66 134
66 133
65 131
66 130
67 128
67 127
66 126
66 125
66 124
65 122
65 121
66 119
67 118
67 117
67 115
66 114
65 112
65 111
65 109
65 108
65 107
63 106
64 105
65 103
65 102
64 101
63 99
63 98
63 96
63 95
63 93
62 92
63 91
64 89
64 88
65 86
66 85
67 84
68 83
69 82
69 80
69 79
69 77
69 76
70 74
71 74
72 74
74 75
75 74
75 72
74 71
72 71
71 71
71 70
73 68
73 67
75 66
76 65
76 63
77 62
77 61
79 59
80 58
82 58
83 58
84 59
86 59
87 60
88 62
89 63
91 64
92 64
93 63
95 62
95 61
96 59
97 58
99 56
