87 54
89 53
90 53
92 53
92 54
94 56
94 57
94 59
94 60
94 62
95 64
96 65
98 67
98 68
100 70
101 70
103 70
104 70
104 72
105 72
107 74
109 76
109 77
110 79
111 80
113 79
114 79
116 79
116 78
115 76
114 76
113 75
113 73
113 72
115 70
116 71
118 71
119 71
120 73
121 74
122 76
123 78
124 78
125 79
126 80
126 82
127 83
129 85
129 86
130 88
130 90
130 91
129 93
128 94
128 96
128 97
127 99
127 100
125 102
124 103
126 105
128 104
129 104
129 106
130 107
130 109
130 110
130 112
130 113
130 115
130 117
130 118
130 120
129 121
129 123
128 124
128 126
128 127
126 129
126 130
125 132
124 134
124 135
124 137
124 138
126 139
127 140
127 142
127 143
128 145
127 147
128 148
129 149
130 150
128 152
128 153
126 154
125 154
123 155
122 155
120 156
118 157
117 157
115 158
114 158
112 158
111 158
109 159
108 159
106 159
104 159
103 159
101 159
100 160
98 159
97 159
95 159
94 159
92 159
91 159
89 158
90 156
90 155
91 153
91 152
90 150
90 149
89 147
89 146
88 144
87 143
87 142
88 140
88 139
89 137
89 136
87 134
86 133
84 132
84 131
83 129
82 127
81 126
80 124
79 123
79 121
79 120
78 118
78 117
77 115
75 115
74 115
72 114
71 113
71 111
71 110
71 108
70 107
69 105
69 104
69 102
70 100
71 99
73 99
74 98
73 96
74 95
75 93
76 93
78 92
78 90
77 89
76 87
75 86
73 84
72 84
70 82
69 82
68 80
68 79
69 77
69 75
69 74
71 72
72 71
74 70
75 70
77 70
78 69
80 68
82 67
81 66
83 64
84 64
85 62
85 61
85 59
85 58
86 56
86 55
