83 60
84 59
86 61
87 62
87 63
86 64
86 66
86 67
87 69
87 70
88 72
88 73
90 74
91 74
93 75
94 75
96 76
97 77
99 77
99 78
99 80
100 81
100 83
100 84
101 86
100 87
102 89
103 89
104 91
105 92
105 94
106 95
108 97
109 98
110 98
111 100
112 101
114 100
115 99
114 97
114 96
115 94
116 95
116 97
116 98
116 100
115 101
115 103
115 104
117 105
118 105
119 106
118 106
117 108
117 109
116 111
117 112
119 113
120 113
122 113
121 114
122 116
122 117
120 119
120 120
120 122
119 123
119 124
118 126
118 127
117 129
117 130
117 132
116 133
115 135
115 136
114 138
114 139
112 141
112 142
111 144
111 145
111 147
111 148
112 150
111 150
109 152
108 153
107 155
107 156
107 158
108 159
106 159
105 159
103 159
102 159
100 160
99 159
97 159
96 159
94 159
93 159
92 159
90 159
89 158
87 158
86 158
84 157
83 157
81 156
80 156
78 155
77 155
75 154
74 154
72 153
71 152
69 151
68 150
66 149
65 148
63 147
63 146
63 144
63 143
63 141
62 140
62 138
63 137
62 135
63 134
62 132
61 131
59 130
58 129
58 128
57 126
58 125
57 123
58 122
57 120
57 119
57 117
57 116
56 114
56 113
56 111
55 110
54 108
54 107
54 105
54 104
54 102
54 101
55 99
55 98
57 98
58 97
59 96
60 97
62 97
63 97
65 95
66 94
66 92
66 91
65 89
64 89
63 88
62 87
61 86
61 84
61 83
60 81
60 80
60 78
60 77
59 75
60 74
60 72
60 71
61 69
62 68
63 67
64 67
66 67
67 67
69 67
70 67
72 67
73 68
75 68
76 68
78 68
79 68
80 66
81 65
81 63
81 62
82 60
