90 52
92 51
93 51
95 51
96 51
97 53
97 54
97 56
98 57
98 59
99 60
98 62
99 63
99 65
98 66
98 68
97 69
97 71
97 72
99 73
100 74
102 75
103 75
105 77
106 77
106 79
107 80
109 81
110 82
112 82
113 82
114 83
114 84
116 86
117 86
119 88
120 89
122 90
123 90
125 90
126 90
128 92
129 93
130 95
130 96
131 98
131 99
130 101
130 102
129 104
129 105
127 107
128 108
127 110
127 111
129 112
130 112
132 112
131 113
131 115
132 116
131 118
131 119
133 121
133 122
132 124
132 125
132 127
131 128
131 130
131 131
131 133
131 134
131 136
130 137
129 139
129 140
127 140
126 140
125 142
125 143
126 145
126 146
125 148
125 149
125 151
124 152
124 154
123 155
121 156
120 156
118 157
117 157
115 158
114 158
112 158
111 158
109 159
108 159
106 159
105 159
103 159
102 159
100 160
99 159
97 159
96 159
94 159
93 159
91 159
90 159
88 158
87 158
85 158
84 157
82 157
81 156
80 155
80 154
80 152
80 151
79 149
78 148
79 146
78 145
77 143
77 142
76 140
75 139
75 137
74 136
74 134
73 133
72 131
71 131
71 129
70 128
70 126
70 125
69 123
68 122
66 121
65 120
64 118
64 117
63 115
63 114
63 112
63 111
63 109
63 108
64 106
65 105
65 103
65 102
65 100
65 99
66 97
66 96
67 94
67 93
67 91
66 91
66 90
66 89
65 87
65 86
65 84
66 83
67 81
67 80
67 78
67 77
66 75
66 74
68 73
69 72
68 70
68 69
68 67
68 66
70 64
71 63
73 62
74 61
76 61
77 60
79 61
80 62
82 63
83 63
85 64
86 63
87 61
87 60
87 58
88 57
87 55
88 54
89 53
