88 48
90 47
91 47
93 48
94 48
95 50
96 51
97 53
98 54
98 56
98 57
99 59
99 60
100 62
100 63
101 65
101 66
103 66
104 67
105 68
107 69
108 69
108 70
109 71
110 72
111 73
113 73
114 73
116 72
117 73
119 73
120 74
122 74
123 75
124 73
124 71
124 70
125 69
126 69
128 69
129 69
130 71
131 72
132 73
132 74
134 75
133 76
134 78
134 79
135 81
136 83
136 84
136 86
136 87
138 87
139 87
141 88
141 89
142 91
142 92
142 94
142 95
143 97
143 98
144 100
143 101
143 103
143 105
143 106
143 108
143 109
143 111
143 112
143 114
143 115
142 117
142 118
143 120
143 121
144 123
143 124
142 126
142 127
142 129
142 131
143 132
144 134
144 135
145 137
146 138
144 140
143 141
141 143
140 144
138 146
137 147
135 148
134 149
132 150
131 151
129 152
127 153
126 154
124 154
123 155
121 156
120 156
118 157
117 157
115 158
114 158
112 158
111 158
109 159
108 159
107 158
106 157
106 155
104 153
104 152
103 150
104 149
103 147
103 146
103 144
103 143
103 141
103 140
102 138
101 137
101 135
100 134
99 132
98 131
97 129
97 127
96 126
95 124
94 124
93 122
92 121
90 119
89 118
89 116
89 115
87 113
86 112
87 110
86 109
84 107
82 107
81 106
82 104
82 103
81 101
81 100
81 98
80 97
79 96
79 95
79 93
79 92
81 90
82 90
84 89
83 88
82 87
82 85
81 84
80 83
79 82
77 81
76 81
76 79
75 78
73 76
72 76
72 74
72 73
71 71
71 70
73 68
73 67
74 65
75 63
75 62
77 61
78 61
80 61
81 61
83 61
84 61
85 59
85 58
86 56
86 55
86 53
86 52
86 50
87 49
