127 62
128 61
130 61
130 62
130 63
131 65
130 66
129 67
127 68
126 68
125 69
123 71
122 72
121 72
120 74
119 74
117 76
116 77
115 77
113 79
112 80
111 81
109 82
109 83
108 84
106 85
105 85
104 86
103 88
104 89
105 89
107 89
108 90
109 90
111 90
112 90
113 90
115 90
116 90
117 91
119 93
119 94
120 95
120 97
121 98
123 99
124 100
125 101
127 103
128 104
129 105
131 107
132 108
132 109
134 111
134 112
135 113
135 115
135 116
135 117
134 119
133 120
133 121
132 123
131 123
130 124
128 126
127 126
126 126
124 127
123 127
122 127
120 127
119 127
117 128
116 128
115 129
113 129
112 129
111 129
109 130
108 130
107 130
105 131
104 131
103 131
101 131
100 131
99 132
97 133
96 133
95 133
93 134
92 134
91 134
89 135
88 136
87 136
85 137
84 138
82 139
81 139
80 140
78 140
77 141
76 141
74 141
73 142
72 142
70 142
69 142
68 142
66 142
65 141
64 141
62 141
61 142
60 141
58 142
57 141
56 140
54 138
53 137
52 136
51 134
50 133
50 132
49 130
48 129
47 127
46 126
46 125
47 123
48 122
48 121
49 119
50 119
51 118
52 116
52 115
53 114
55 113
55 112
56 111
58 110
59 110
60 109
61 107
62 106
63 106
65 104
66 103
66 102
68 101
68 100
69 99
70 97
71 96
73 94
74 93
75 93
77 92
78 91
79 90
81 90
82 89
83 89
85 87
86 87
87 86
89 85
90 85
91 84
93 84
94 83
95 82
96 80
97 80
98 79
100 77
101 76
102 75
104 74
105 73
106 73
108 72
109 72
111 70
112 70
113 70
115 69
116 69
117 69
118 67
119 66
120 66
122 64
123 64
124 63
126 62
