126 84
127 83
128 83
128 85
128 86
127 87
127 88
125 90
124 90
123 90
122 90
121 90
119 90
118 90
117 90
116 90
114 91
113 91
112 91
111 91
109 92
108 92
107 91
106 92
105 92
103 93
102 94
102 95
102 96
104 98
105 99
106 100
107 101
108 102
110 104
110 105
111 106
112 107
113 109
114 110
114 111
114 112
115 113
116 115
116 116
116 117
116 118
116 120
116 121
116 122
116 123
116 124
116 126
116 127
116 128
115 129
113 130
112 131
111 131
110 131
108 132
107 132
106 132
105 132
105 131
103 130
102 130
101 129
100 129
98 128
97 128
96 128
95 128
94 128
93 126
92 126
91 126
90 126
88 126
87 126
86 125
85 125
84 126
82 125
81 126
80 126
79 126
77 126
76 125
75 125
74 125
73 126
71 127
70 127
69 128
68 129
66 129
65 130
64 130
63 130
61 131
60 131
59 131
58 132
57 132
55 133
54 133
53 134
52 135
50 133
50 132
49 131
49 130
48 129
47 127
46 126
46 125
46 124
45 122
44 121
44 120
44 119
43 118
43 116
42 115
42 114
42 113
42 111
43 110
44 109
45 108
46 108
47 106
48 106
49 105
49 104
51 103
52 103
53 103
54 102
56 101
56 100
57 100
58 99
58 98
59 96
60 96
61 96
62 96
64 96
65 95
66 95
67 95
68 94
70 93
71 92
72 92
73 91
75 90
76 89
77 89
78 88
79 88
81 87
82 87
83 87
84 87
86 86
87 86
88 86
89 86
90 87
92 86
93 86
94 87
95 87
97 86
98 85
99 85
100 85
102 85
103 85
104 85
105 84
106 84
108 84
109 84
110 84
111 84
113 85
114 86
115 86
116 86
117 86
119 86
120 85
121 85
122 85
124 84
125 84
