98 62
99 61
101 61
102 61
103 62
104 63
104 65
103 66
103 67
102 67
100 68
99 69
99 70
98 71
97 72
96 73
96 74
94 75
93 76
93 77
93 78
91 80
90 81
90 82
89 83
89 85
88 86
88 87
87 89
87 90
86 90
85 91
87 92
86 93
87 94
88 94
90 93
91 92
92 92
94 90
95 90
96 89
97 89
99 89
100 89
101 90
102 91
104 92
105 92
106 92
108 92
109 92
110 92
111 93
113 94
114 95
115 96
116 97
118 98
118 99
118 100
119 101
120 103
121 104
122 105
122 107
122 108
122 109
123 110
125 111
125 112
124 113
124 114
125 116
124 117
123 118
121 120
120 120
119 120
118 120
116 121
115 121
114 121
113 122
111 123
110 123
109 124
108 125
106 127
105 128
104 128
102 129
101 130
100 131
99 132
97 134
96 135
95 136
94 137
93 139
93 140
92 141
91 143
90 144
89 145
89 146
87 147
86 148
86 149
85 150
84 152
83 152
82 153
81 155
81 156
80 156
79 156
77 155
76 154
75 154
74 154
72 153
71 152
70 151
69 151
67 150
66 149
65 148
63 147
62 146
61 145
60 144
58 142
57 141
56 140
55 139
56 137
56 136
57 135
57 133
57 132
57 131
57 130
58 128
58 127
58 126
59 125
60 123
60 122
61 121
61 119
62 118
62 117
62 116
62 114
62 113
63 112
64 111
64 109
65 108
65 107
65 106
66 104
67 103
67 102
69 101
69 100
70 100
71 99
71 97
71 96
72 95
72 94
73 92
74 91
75 90
76 88
76 87
76 86
77 86
78 84
79 83
79 82
80 81
82 79
82 78
83 77
84 77
86 75
87 74
88 73
90 72
91 71
91 70
92 69
93 67
94 66
94 65
95 64
97 63
