90 57
90 56
92 56
93 56
94 58
95 59
95 60
94 62
94 63
94 65
94 66
93 67
92 68
91 69
91 71
90 72
90 73
88 75
88 76
87 78
86 79
86 80
86 82
86 83
87 85
87 86
88 87
90 87
91 87
93 86
94 86
95 87
97 87
98 86
100 87
101 86
102 86
104 86
105 86
107 86
108 85
109 85
111 85
112 86
114 87
115 87
116 87
118 89
119 89
121 90
122 90
123 91
125 91
125 92
125 94
126 95
126 96
127 98
126 99
127 101
127 102
127 103
126 105
126 106
125 108
124 108
123 109
121 110
120 111
118 113
118 114
117 115
115 117
115 118
113 120
112 120
111 121
110 123
109 124
108 126
107 127
107 128
106 130
106 131
105 133
104 134
104 135
103 137
103 138
103 140
103 141
102 142
101 144
102 145
101 147
101 148
101 149
101 151
101 152
100 154
100 155
99 156
99 158
100 159
102 159
103 159
102 159
100 160
99 159
97 159
96 159
95 159
93 159
92 159
90 159
89 158
88 158
86 158
85 158
83 157
82 157
81 156
79 156
78 155
76 154
75 154
74 154
72 153
71 152
69 151
68 150
68 149
68 147
68 146
69 144
68 143
69 142
69 140
68 139
68 137
68 136
68 135
70 134
69 133
68 131
68 130
68 129
67 127
67 126
66 124
66 123
66 122
66 120
66 119
66 117
66 116
66 115
66 113
66 112
67 110
66 109
66 108
67 106
68 105
69 103
69 102
69 101
70 99
70 98
71 96
71 95
71 94
71 92
72 91
72 89
73 88
73 87
74 85
74 84
74 82
73 81
73 80
75 79
75 78
76 76
77 75
77 74
79 73
80 72
81 70
82 69
83 68
84 67
85 66
86 64
86 63
86 62
87 60
88 59
89 58
