92 67
93 66
95 67
95 68
96 69
95 71
95 72
95 73
94 75
94 76
93 76
92 78
91 79
91 80
90 82
90 83
90 84
89 86
89 87
88 88
87 90
87 91
88 92
90 92
91 91
92 90
94 90
95 89
96 89
98 88
99 89
100 89
102 88
103 88
104 87
106 87
107 87
108 86
110 86
111 86
112 85
113 87
114 87
115 88
117 89
118 90
119 90
121 90
122 91
123 92
124 94
125 95
125 96
126 98
125 99
126 100
125 102
126 103
125 104
126 106
126 107
125 107
123 108
122 108
121 108
119 108
118 109
117 109
115 111
114 112
113 113
112 115
112 116
112 117
111 119
111 120
110 121
109 123
109 124
108 125
108 127
108 128
107 129
107 131
107 132
107 133
106 135
106 136
106 137
107 139
107 140
107 141
106 143
106 144
106 145
104 147
105 148
106 149
108 149
109 149
111 150
111 151
110 152
110 154
110 155
109 156
109 158
109 159
108 159
106 159
105 159
104 159
102 159
101 159
100 160
98 159
97 159
96 159
94 159
93 159
92 159
90 159
89 158
88 158
86 158
85 158
84 157
82 157
81 156
80 156
78 155
77 155
76 154
75 153
74 152
73 151
73 149
73 148
73 147
74 145
74 144
74 143
75 141
75 140
75 139
73 137
74 136
73 135
73 133
72 132
72 131
72 129
72 128
72 127
72 125
72 124
72 123
72 121
71 120
71 119
72 117
72 116
73 115
73 113
73 112
73 111
73 109
74 108
74 107
75 105
76 104
76 103
76 101
76 100
76 99
76 97
76 96
76 95
76 93
76 92
77 91
77 89
77 88
77 87
79 85
79 84
80 83
80 81
81 80
82 80
83 78
84 77
85 76
86 74
86 73
87 72
89 70
89 69
90 69
91 67
