112 63
113 62
114 62
116 62
117 62
117 63
118 64
118 66
117 67
116 68
116 69
114 71
113 72
113 73
112 74
110 75
109 76
108 77
107 78
105 80
104 81
103 82
103 83
102 85
101 86
101 87
101 88
101 90
102 91
103 92
104 92
106 92
107 91
108 92
109 92
111 93
112 94
113 94
114 94
116 95
117 95
117 96
117 97
119 98
120 99
121 100
122 101
123 103
124 104
124 105
125 106
125 107
126 109
126 110
126 111
127 112
128 114
127 115
128 116
128 117
129 119
130 120
130 121
131 122
131 124
130 125
130 126
129 127
127 128
126 127
125 128
124 128
122 128
121 128
120 129
119 129
117 131
116 131
115 131
114 131
112 132
111 133
110 132
109 133
107 135
106 136
105 137
104 137
102 139
101 139
100 140
99 140
97 141
96 141
95 142
95 143
94 145
93 145
92 146
91 147
89 149
89 150
88 151
87 152
87 153
85 154
84 155
83 156
83 157
81 156
80 156
79 156
78 155
76 154
75 154
74 154
73 153
71 152
70 151
69 151
68 150
66 149
65 148
64 148
63 147
61 145
60 144
59 143
58 142
56 140
55 139
55 138
55 137
56 135
57 134
57 133
57 132
57 130
57 129
58 128
59 127
60 125
60 124
61 123
61 122
62 120
63 119
63 118
64 117
65 115
65 114
65 113
65 112
66 111
67 109
67 108
68 107
68 106
69 104
70 104
71 103
71 102
73 100
74 99
75 98
76 98
77 96
78 95
79 94
79 93
80 91
80 90
81 90
82 89
83 87
84 86
85 85
86 85
88 84
88 83
89 83
90 82
92 80
92 79
93 78
94 77
96 76
97 75
98 74
98 73
100 72
101 71
102 71
103 70
105 69
106 68
107 67
108 66
110 64
111 64
