117 69
118 68
120 69
121 70
122 70
122 71
121 72
120 73
119 73
118 74
116 75
115 76
114 76
113 77
111 78
111 79
110 79
109 79
107 80
106 81
105 81
104 81
102 83
101 84
101 85
100 85
99 87
100 88
101 89
102 89
104 90
105 90
106 91
107 91
108 93
109 94
110 95
111 96
113 98
114 99
115 100
116 101
118 103
119 104
120 105
120 106
120 108
120 109
120 110
121 111
121 113
122 114
123 114
123 115
123 117
123 118
123 119
122 120
122 122
122 123
121 124
120 125
119 126
118 127
118 128
117 128
115 128
114 128
113 128
112 128
110 128
109 129
108 129
107 129
105 129
104 129
103 129
102 129
100 129
99 129
98 130
97 130
95 131
94 131
93 131
92 131
90 131
89 132
88 132
87 133
85 133
84 133
83 134
82 134
80 135
79 135
78 135
77 135
75 136
74 137
74 138
73 139
72 141
71 141
70 141
69 142
67 143
66 143
65 144
64 145
62 146
61 145
60 144
59 143
57 141
56 140
55 139
54 138
52 136
52 135
51 134
50 133
49 131
49 130
48 129
47 128
46 126
46 125
46 124
45 123
44 121
44 120
44 119
43 118
45 116
46 115
46 114
47 114
48 112
49 112
50 111
51 110
52 108
53 107
53 106
54 106
55 104
56 103
56 102
57 101
59 99
59 98
60 97
60 96
62 94
63 93
64 92
65 92
67 92
68 91
69 91
70 91
72 90
72 89
73 89
74 88
76 86
77 86
78 85
79 84
80 82
81 81
82 81
83 80
85 79
86 79
87 79
88 78
90 77
91 77
92 76
93 76
95 74
96 74
97 74
98 73
100 73
101 73
102 73
103 73
105 73
106 73
107 73
108 72
110 71
111 70
112 70
113 70
115 69
116 69
