110 62
111 61
112 63
111 64
111 65
111 66
111 68
110 69
109 70
109 71
109 73
108 74
107 75
106 76
105 78
104 79
104 80
103 81
101 83
101 84
101 85
100 86
99 88
100 89
101 90
103 90
104 89
105 89
106 90
108 89
109 89
110 89
111 90
113 90
114 90
115 91
116 91
118 91
119 91
120 92
121 92
123 91
122 92
123 93
124 93
125 95
126 96
127 96
128 97
129 99
130 100
130 101
132 103
133 104
133 105
133 106
134 108
135 109
135 110
136 111
136 113
136 114
136 115
136 116
135 118
134 119
133 120
132 120
130 121
129 121
128 122
127 122
125 123
124 124
123 125
121 127
120 127
119 128
118 129
116 130
115 131
114 131
113 131
111 133
110 134
110 135
109 136
107 138
106 139
105 140
104 141
102 143
102 144
102 145
101 146
100 148
99 149
98 150
97 151
95 153
94 154
94 155
93 157
92 157
91 158
91 159
89 158
88 158
87 158
86 158
84 157
83 157
82 157
81 156
79 156
78 155
77 155
76 154
74 154
73 153
72 153
71 152
69 151
68 150
67 150
65 148
65 147
66 146
66 145
66 143
66 142
67 141
68 140
69 138
69 137
70 136
70 135
70 133
70 132
70 131
70 130
70 128
70 127
71 126
71 125
71 123
72 122
73 121
73 120
75 119
75 118
75 117
76 115
76 114
76 113
76 112
77 110
77 109
77 108
77 107
78 105
78 104
79 103
79 102
80 100
81 99
82 98
83 97
83 95
84 94
85 93
85 92
87 91
87 90
88 90
89 88
90 87
90 86
91 85
91 83
92 82
93 81
94 80
95 78
95 77
95 76
96 75
97 73
98 73
99 72
99 71
100 69
101 69
102 68
103 67
105 65
106 64
107 63
107 62
109 62
