119 70
120 69
122 69
123 69
124 69
125 69
125 70
125 71
124 71
123 72
121 73
120 73
119 74
117 75
116 76
115 77
114 77
112 79
111 79
110 80
109 79
107 80
106 81
105 81
104 82
102 83
101 84
102 85
104 86
105 87
106 88
106 89
108 90
109 90
110 90
111 90
113 92
114 93
115 94
116 96
117 97
118 98
119 98
121 100
122 101
123 102
123 103
125 105
125 106
126 107
126 109
126 110
126 111
127 112
128 114
128 115
128 116
128 117
127 119
127 120
126 121
126 122
124 124
123 124
122 125
120 126
119 126
118 126
117 126
115 126
114 125
113 125
112 126
110 126
109 126
108 126
106 127
105 126
104 126
103 127
101 127
100 127
99 127
98 127
96 128
95 128
94 128
93 128
91 128
90 128
89 128
87 128
86 129
85 130
84 130
82 131
81 131
80 131
79 132
77 133
76 133
75 133
73 134
72 135
71 136
71 137
70 139
69 139
68 139
67 140
65 141
64 141
63 142
61 142
60 143
59 143
58 142
56 140
55 139
54 138
53 137
52 135
51 134
50 133
50 132
49 130
48 129
47 128
46 126
46 125
46 124
45 123
45 121
45 120
46 119
47 118
49 117
49 116
50 115
52 113
52 112
52 111
53 110
55 109
56 108
57 107
57 106
59 105
59 104
60 104
61 102
62 102
63 101
64 100
66 99
67 99
68 98
69 97
69 95
69 94
70 94
71 93
72 91
73 90
74 89
76 88
77 88
78 87
79 87
81 86
82 85
83 85
84 85
86 84
87 83
88 82
90 81
91 81
92 80
93 79
94 77
95 76
96 75
97 74
99 74
100 73
101 73
102 73
104 72
105 72
106 71
108 71
109 71
110 71
111 71
113 71
114 71
115 71
116 71
118 71
