114 75
115 74
116 74
118 74
119 74
120 75
120 76
120 77
118 79
117 79
116 80
115 80
114 80
113 81
111 82
110 82
109 83
108 84
107 84
105 84
104 84
103 84
102 84
101 84
99 85
98 86
98 87
98 88
99 89
100 91
101 92
101 93
102 94
103 95
103 96
105 98
105 99
106 100
107 101
108 102
109 104
110 105
110 106
111 107
111 108
111 110
111 111
111 112
111 113
111 114
111 116
111 117
111 118
111 119
110 120
110 121
108 122
107 123
107 124
106 125
105 125
103 125
102 125
101 125
100 125
99 124
97 123
96 122
95 121
94 121
93 121
92 121
90 121
89 121
88 121
87 121
86 122
88 123
87 123
86 122
86 121
85 120
83 120
82 120
81 120
80 120
79 120
77 121
76 121
75 121
74 121
73 121
72 121
70 122
69 121
68 121
67 121
66 122
64 122
63 123
62 123
61 124
60 124
58 125
57 125
56 125
55 124
54 125
52 125
51 125
50 125
49 126
48 127
47 128
46 126
46 125
46 124
45 123
45 122
44 120
44 119
43 118
43 117
43 116
42 114
42 113
42 112
42 111
41 110
41 108
41 107
41 106
41 105
41 104
41 103
41 101
40 100
41 99
41 98
42 98
44 98
45 97
46 97
47 96
48 95
50 94
51 93
52 93
53 92
54 92
56 91
57 91
58 90
59 90
60 89
60 88
62 86
63 85
64 85
65 85
66 84
68 83
69 83
70 83
71 82
72 81
74 80
75 80
76 80
77 81
78 81
79 82
81 81
82 80
83 80
84 80
85 79
87 79
88 79
89 79
90 79
91 79
93 79
94 79
95 79
96 78
97 78
99 77
100 77
101 77
102 77
103 76
104 76
106 77
107 77
108 77
109 76
110 76
112 75
113 75
