114 70
115 69
116 69
118 69
119 69
120 69
121 69
123 69
124 69
124 70
125 71
124 72
122 73
121 74
120 74
119 75
117 76
116 77
115 77
114 78
112 78
111 79
110 79
109 80
108 80
106 82
105 82
104 83
104 84
102 85
102 86
102 87
103 88
104 88
106 90
107 90
108 90
109 90
109 92
110 93
110 94
111 95
111 96
113 98
113 99
114 100
115 101
117 103
118 104
118 105
118 106
119 107
119 109
119 110
119 111
118 112
119 114
119 115
119 116
119 117
119 119
119 120
119 121
119 122
119 123
119 125
118 126
117 127
116 128
114 129
113 129
112 130
111 130
110 130
108 130
107 130
106 131
105 131
103 131
102 131
101 131
100 132
99 132
97 133
96 133
95 133
94 133
92 134
91 134
90 134
89 134
88 134
86 134
85 135
84 135
83 135
81 134
80 134
79 134
78 134
76 134
75 134
74 133
73 134
72 135
70 137
69 137
68 138
67 138
65 140
64 140
63 140
62 141
61 141
59 141
58 141
57 141
56 140
54 138
53 137
52 136
52 135
51 134
50 132
49 131
49 130
48 129
47 127
46 126
46 125
46 124
45 123
44 121
44 120
44 119
43 118
43 116
42 115
43 114
44 113
46 111
47 110
48 110
49 109
50 109
52 107
53 106
54 106
55 105
57 104
58 103
59 102
60 101
60 100
62 98
63 98
64 97
64 96
65 94
66 93
67 92
68 91
69 91
71 90
72 90
73 89
74 89
76 88
77 87
77 86
78 86
79 85
81 85
82 84
83 85
84 84
86 83
87 83
88 82
89 82
91 81
91 80
92 80
93 80
94 79
96 77
97 77
98 76
99 76
101 76
102 76
103 75
104 74
105 74
107 73
108 72
109 72
110 71
112 71
113 70
