102 63
103 62
104 62
106 64
106 65
106 66
106 67
105 68
105 70
104 71
103 72
102 73
101 75
100 76
99 77
98 77
97 78
95 80
94 81
93 82
93 83
93 84
94 86
95 87
96 87
97 87
98 88
100 88
101 88
102 88
103 88
105 89
106 88
107 89
108 88
109 88
111 88
112 88
113 88
114 89
115 89
117 90
118 91
119 92
120 93
121 94
122 96
123 97
123 98
123 99
125 101
126 102
127 103
127 104
127 105
127 107
127 108
127 109
127 110
127 111
126 113
125 114
124 115
123 115
122 115
120 114
119 115
118 115
117 116
116 117
114 118
113 119
113 120
112 121
110 122
109 123
108 124
107 125
106 125
104 127
103 128
102 129
101 130
101 131
100 133
100 134
99 135
98 136
98 137
98 139
98 140
97 141
97 142
96 144
95 145
95 146
94 146
93 147
91 149
90 150
89 151
89 152
89 153
88 155
89 156
90 157
89 158
88 158
86 158
85 158
84 157
83 157
81 156
80 156
79 156
78 155
77 155
75 154
74 154
73 153
72 153
71 152
69 151
68 150
67 150
66 149
65 148
63 147
62 146
62 145
62 144
62 142
62 141
62 140
62 139
62 138
63 136
63 135
63 134
64 133
64 132
64 130
63 129
63 128
64 127
64 126
65 124
65 123
65 122
66 121
66 119
67 118
67 117
67 116
67 115
67 113
67 112
67 111
67 110
67 109
68 107
68 106
69 105
69 104
70 103
71 101
72 100
72 99
72 98
73 97
74 96
75 95
75 94
76 93
77 91
77 90
78 89
78 88
79 87
80 85
81 84
82 83
83 82
84 81
85 79
86 79
87 78
88 77
89 76
91 74
92 73
93 72
94 72
96 70
97 69
98 68
99 67
99 66
100 64
101 63
