71 61
72 60
74 62
75 63
75 65
75 66
75 68
74 69
75 71
74 72
74 74
74 75
73 76
73 78
74 79
74 81
74 82
74 84
74 85
73 87
74 88
74 90
75 91
76 90
78 90
79 91
81 90
81 89
82 87
82 86
83 84
84 83
86 81
87 80
88 80
90 80
91 79
93 78
94 78
96 78
97 77
99 76
99 75
101 76
102 76
103 77
105 78
106 77
108 79
109 79
111 80
112 80
114 81
115 81
117 81
116 82
116 83
117 85
117 86
118 88
117 88
116 90
116 91
115 92
114 93
113 95
112 96
112 97
110 98
110 99
109 101
109 102
108 104
108 105
107 107
107 108
107 110
106 111
106 112
105 114
105 115
106 117
106 118
107 120
107 121
107 123
107 124
107 126
108 127
108 128
108 130
108 131
108 133
107 134
107 136
108 137
108 139
109 140
111 139
112 140
113 142
113 143
113 144
112 146
112 147
113 149
113 150
113 152
114 153
114 155
114 156
115 158
114 158
113 158
111 158
110 159
108 159
107 159
105 159
104 159
102 159
101 159
99 159
98 159
97 159
95 159
94 159
92 159
91 159
89 158
88 158
86 158
85 158
85 156
84 155
84 154
83 152
83 151
81 149
81 148
80 146
79 145
78 143
78 142
78 140
77 139
77 138
77 136
77 135
76 133
75 133
74 131
74 130
73 128
73 127
72 125
72 124
72 123
72 121
71 120
70 118
70 117
69 115
69 114
68 112
68 111
68 109
68 108
68 107
68 105
68 104
67 102
66 101
65 99
65 98
65 96
66 95
66 93
66 92
65 91
65 89
66 88
65 86
65 85
66 83
66 82
66 80
67 79
66 77
66 76
66 75
68 74
68 73
68 71
69 70
69 68
69 67
69 65
69 64
70 62
