81 66
82 65
82 67
83 68
83 69
84 71
84 72
85 74
85 75
85 76
85 78
85 79
85 80
86 82
85 83
86 84
86 86
86 87
86 89
86 90
86 91
87 93
87 94
88 95
89 97
90 98
91 99
93 100
94 99
96 98
96 97
97 96
97 94
97 93
97 92
97 90
98 89
100 87
101 86
102 85
104 84
105 83
106 83
108 82
109 82
110 82
112 81
113 81
115 81
116 82
117 82
119 83
120 83
121 83
122 84
123 85
124 85
126 85
127 86
129 88
130 88
131 89
132 91
132 92
133 93
133 95
132 96
132 97
130 98
129 99
128 101
128 102
127 103
127 105
127 106
127 107
126 109
125 110
124 111
124 113
123 114
124 116
123 117
123 118
122 120
122 121
122 122
122 124
122 125
123 126
123 128
124 129
124 131
125 132
125 133
126 135
126 136
127 137
128 139
128 140
128 142
128 143
127 144
129 146
130 146
131 146
133 146
134 146
134 147
132 149
132 150
130 151
129 152
128 153
126 154
125 154
124 154
122 155
121 156
120 156
118 157
117 157
115 158
114 158
113 158
111 158
110 159
109 159
107 159
106 159
105 159
103 159
103 158
102 156
102 155
101 154
100 152
100 151
99 150
98 148
97 147
97 146
96 144
95 143
94 141
94 140
94 139
93 137
92 136
92 135
90 133
90 132
91 131
90 129
90 128
88 126
87 125
86 125
86 123
86 122
86 121
86 119
86 118
86 117
85 115
85 114
85 112
84 111
84 110
83 108
82 107
81 106
80 104
80 103
80 101
80 100
80 99
79 97
79 96
78 95
78 93
77 92
77 91
77 89
77 88
78 86
78 85
78 84
78 82
78 81
78 80
78 78
78 77
77 76
77 74
77 73
78 71
78 70
78 69
80 67
