85 64
86 63
88 63
88 64
89 65
88 67
88 68
88 69
88 71
88 72
88 74
88 75
88 76
88 78
87 79
87 80
85 82
85 83
85 84
84 86
84 87
84 88
83 90
83 91
84 92
84 94
84 95
85 96
87 98
88 98
90 98
91 97
92 96
93 94
93 93
94 92
96 90
97 90
98 90
100 90
101 90
102 90
104 90
105 89
106 89
108 89
109 89
110 88
112 88
113 87
115 87
116 87
117 87
119 86
120 87
121 87
123 88
124 88
125 88
127 89
128 90
129 90
130 92
130 93
130 94
130 96
130 97
129 98
130 100
129 101
128 103
128 104
127 105
125 107
124 108
123 109
121 111
120 112
119 113
117 115
117 116
116 117
116 119
115 120
115 121
114 123
114 124
114 125
112 127
112 128
111 130
111 131
111 132
110 134
110 135
111 136
111 138
111 139
111 140
111 142
111 143
111 144
111 146
110 147
110 148
109 150
109 151
109 152
107 154
107 155
106 157
105 158
106 159
104 159
103 159
102 159
100 160
99 159
98 159
96 159
95 159
94 159
92 159
91 159
90 159
88 158
87 158
86 158
84 157
83 157
81 156
80 156
79 156
78 154
78 153
78 152
77 150
78 149
78 148
77 146
76 145
76 144
75 142
75 141
74 140
74 138
74 137
74 136
74 134
73 133
73 131
72 130
72 129
72 127
72 126
72 125
72 123
72 122
72 121
72 119
72 118
73 117
74 115
74 114
74 113
74 111
74 110
73 109
73 107
73 106
74 104
74 103
74 102
74 100
74 99
74 98
74 96
74 95
74 94
75 92
75 91
75 90
76 88
76 87
76 86
77 84
77 83
78 82
79 80
79 79
79 77
79 76
79 75
81 73
81 72
81 71
82 69
83 68
83 67
84 65
