18154 20160
3430.55 -5805.1
197.685 654.597
-6.63586 -447.344
141.825 -84.0978
-288.891 -229.4
-44.9778 -45.3529
-135.437 -6.36925
-30.4435 106.268
18.4977 16.8895
50.9622 68.3483
-22.1916 -20.591
42.5856 -0.560684
0.298434 -8.10376
31.279 13.8994
21.9895 1.15204
-9.52114 -34.4606
-37.1422 -27.6986
7.54577 29.5935
-5.42959 10.5412
1.63194 -13.0771
-10.5384 -9.01177
1.52093 -0.190216
9.21162 8.07125
8.8315 8.57638
-4.41421 -12.0711
1.91622 -3.60249
-5.46843 -3.84289
-3.48356 -6.15277
-3.51065 6.42672
7.34104 -0.0096013
-6.40333 -8.58975
-4.39826 -5.38989
-4.13954 11.9292
0.187838 3.76575
-1.95066 -1.70212
2.27036 -5.34722
-1.75755 1.71273
0.771279 -1.73852
-0.341422 7.10446
3.46589 -0.0519044
0.0117544 -1.51836
5.49323 -2.80721
-0.602247 5.78297
-3.17712 0.522226
0.0544405 6.69369
-1.68028 4.38723
7.21801 -1.21717
14.6154 0.0497143
-7.02847 -7.75332
-12 26
-4.28717 -3.93134
-1.81411 2.89244
-3.93525 -2.90856
1.48101 -2.26036
4.75303 9.15989
3.5566 1.30586
3.03369 -1.94197
0.268511 -4.97691
-6.1519 -1.0304
-1.50328 3.39899
-2.16559 5.27091
-5.09648 -3.22022
-2.19859 1.25281
-10.7579 0.879093
-1.8857 0.666936
4.73924 2.52531
-1.0967 0.578728
-1.40424 -1.98603
1.37701 -2.55312
-2.34104 0.0308875
3.69483 -2.00769
-3.44394 -0.329436
2.50721 0.886526
-1.47441 -4.71251
2.17157 5.82843
-2.91063 -1.79258
3.51332 4.18098
5.47046 -4.12136
-7.98909 2.62125
-1.79032 0.137661
-3.16541 -2.75342
-6.22513 -0.108765
1.59619 -0.140793
-5.76728 -1.66771
-4.19003 4.66885
0.823605 4.02337
0.524335 4.38313
-5.91469 -0.159423
1.1127 -2.91168
6.87059 0.810765
0.485948 0.0785476
-0.755257 3.37964
-7.84604 0.228206
4.62986 -6.20881
4.85751 -9.40245
-2.05875 4.27121
-6.93499 2.49962
-2.57028 2.09902
7.70784 -14.6455
0 2
9.99728 -6.79667
-0.0128041 2.99488
-7.78445 8.49159
-1.82776 1.68409
-4.993 0.736348
-3.36346 2.06193
3.93306 3.87417
4.71668 3.19345
-1.30265 8.30565
-1.07971 -4.12404
-1.80586 1.56492
2.87389 3.49503
4.0074 3.08231
1.00343 -1.88732
-0.267358 5.6091
1.50318 8.19286
0.203935 -3.26271
7.15444 1.21114
4.75814 -2.65999
-1.06378 6.57054
7.36632 -1.2016
-3.32397 3.15581
2.10987 1.75573
-1.27823 -2.54265
-1.58579 2.07107
-0.622342 0.779592
-1.89902 1.47676
-2.51126 3.36125
3.31796 -4.56244
1.60181 1.3938
-3.11019 2.96453
-4.23612 2.61395
10.4458 -2.69794
1.15143 2.34335
1.53348 4.02303
-0.307424 -6.46143
6.70312 1.76481
1.83338 6.83373
5.00234 -0.557213
0.121316 7.30922
-4.63436 2.26182
-0.263727 0.383729
6.90578 8.60677
-1.34938 12.7613
0.832895 -3.24967
7.22773 2.855
2.84788 -4.18506
-4.69348 8.43914
0.311934 -15.2971
-10 8
-5.70348 -0.184791
10.2072 -31.9724
7.9372 11.0716
-3.46051 -4.08469
7.72247 -7.24107
-3.64562 -7.07464
-2.46319 -1.91028
-7.53321 1.39439
-0.506429 4.43727
0.388209 -6.6563
2.25381 -5.49955
-13.5743 2.01571
-0.983099 6.97075
7.89448 1.65291
7.58466 -5.70606
-1.83963 -5.08677
2.20427 1.01354
-3.72777 6.83371
10.1735 -6.43375
2.56538 -1.55286
0.635458 -4.94149
-5.6609 -7.0355
5.48201 -5.25581
-1.04013 7.05763
7.82843 0.171573
-5.93254 -5.76191
14.4492 -9.14187
-18.419 -2.80369
-9.40969 -12.6803
-5.24997 10.3688
29.6757 3.02447
7.2324 -12.8828
-19.4185 -22.7261
-31.8135 17.4847
27.488 25.5901
26.7684 19.1025
-17.9144 -44.9736
-4.97599 0.773651
-17.6142 -33.8501
6.07971 51.1028
14.8429 -11.5145
-6.07662 7.56441
7.57891 -167.768
-77.2577 101.378
-58.638 -117.598
-26.9929 276.597
153.368 166.402
326.552 537.587
2959.09 -357.437
