18720 22217
4377.23 -4569.18
-484.144 610.638
129.034 -574.864
91.4745 -209.548
-30.3012 -316.834
3.03278 -41.5445
-84.9882 -31.3235
-60.1087 93.0912
-24.3762 54.1082
-43.6742 22.7349
0.54018 -14.9268
-30.2938 37.3237
33.747 -11.2739
30.2901 27.2898
20.3727 -23.0335
7.45506 -23.0587
-12.7391 5.99615
-18.5708 6.45595
1.75147 0.435675
0.680881 -8.37846
-0.796266 -14.2051
-18.3212 7.37927
-7.03411 5.51785
-5.82777 9.30373
3.77817 3.87868
6.59439 -11.5783
-6.84009 6.22328
-7.65483 1.24128
11.0636 0.453252
-11.6755 -5.91094
-1.4985 -11.4473
-4.4094 -5.14088
-0.238803 -13.909
6.79458 -4.91562
-2.67008 7.44518
6.71963 1.14729
6.9458 -4.53839
-6.01575 4.48727
-15.0506 25.8113
-1.43564 -7.71972
-2.03418 8.55765
0.867454 0.66177
5.22139 5.38234
4.58413 6.03214
5.3979 -1.30016
-1.39442 -6.40441
8.16374 1.9938
1.55399 -2.41069
-6.44596 13.6176
-3 2
-12.1698 -0.191062
-0.739949 1.43039
-3.76428 2.30215
4.92194 4.97778
4.20244 7.72503
3.08183 -0.279536
-0.115902 2.64946
-3.33779 3.01398
2.334 -0.425792
-0.915497 1.98848
1.35503 -0.328588
5.1179 0.625314
-3.65102 1.56235
-4.57316 6.73195
-1.48075 12.0347
-2.95081 -2.94905
-4.30639 -0.67051
-2.17498 0.686974
-3.46155 1.26905
4.43945 -2.44974
-0.434962 6.13654
-1.84075 -3.90997
0.176368 -4.41308
0.999084 2.42212
-1.19239 -1.53553
1.27217 1.15146
7.24094 -9.22769
-6.95247 4.06141
1.86386 -5.2494
3.12334 -4.67026
-1.22744 -5.92309
0.148389 -5.31966
-4.15042 -2.93736
-2.9031 11.5916
-0.490743 -0.106249
-4.45642 3.6825
3.49717 -4.67977
2.57899 3.90379
-0.549324 -4.63177
7.02177 1.91762
1.70741 5.28635
0.610075 -0.768338
3.53405 1.84554
-4.36004 0.106442
1.50592 1.95287
-3.72309 -4.24787
-1.24185 0.414847
-1.14065 -2.32194
-0.399422 0.798143
0 -5
5.34855 0.615722
-0.340673 -5.13217
-4.83049 -5.14108
0.489822 0.406184
5.29729 0.192401
0.913636 -0.267852
-2.79676 -7.40013
0.468154 6.71029
-3.17822 -0.971622
-1.10445 3.96749
-7.48497 -0.400751
5.63235 1.86692
3.6957 7.75167
-0.137766 1.73066
-4.67208 5.40539
2.21362 2.4372
-6.42529 -1.54461
-0.828111 1.10548
5.97567 5.44
0.494689 -4.94777
3.69899 2.53767
0.311734 2.64384
3.1882 -3.00747
3.12937 3.19593
-11.7782 8.12132
-1.3406 -6.44365
2.21777 3.99134
-1.4734 1.77334
6.98799 5.66713
-5.40842 0.755503
-0.363032 -8.39961
0.976998 -2.26933
-2.44188 2.4384
7.29675 1.14327
11.5793 -0.108827
-0.0408642 2.24098
-1.46835 5.07426
0.0633896 0.373942
-2.32331 1.98998
-0.466469 10.046
9.02402 4.93298
-1.90119 -2.35102
-11.5496 -0.36123
1.19911 0.757068
-0.866091 3.70869
-3.3234 1.95128
6.08449 7.87503
6.14437 7.7824
3.91871 1.39663
-5 2
-7.03351 10.4486
-2.33429 -9.85384
5.10652 -0.234417
9.30444 -3.00013
8.05034 -3.63569
-0.274556 4.87006
-1.80584 0.780617
-12.2166 -6.33059
-4.99343 -3.58773
2.81761 0.337757
-12.4377 -1.34287
-0.710103 -1.20409
14.1427 -23.4579
-2.98135 7.29269
10.1012 -4.58665
-0.310202 -10.3004
-5.35933 -8.12633
6.07746 4.68467
1.04417 7.39557
0.0608946 -7.40798
-1.20302 -8.93272
0.714343 -16.8259
2.57428 -7.62464
8.44277 9.2308
17.1924 5.53553
19.17 8.92663
-27.7765 5.0804
-8.72592 4.56709
-28.1777 -5.01322
-4.29892 -8.65598
34.3015 1.22369
31.0979 3.68842
9.28384 -6.67533
2.49048 22.5884
-19.6575 4.89111
31.7856 3.69847
-12.2467 -25.1475
7.50691 -39.8606
-10.48 -5.4241
-1.65948 32.3932
31.2644 -26.1729
-15.3976 17.6266
-61.4277 -63.986
-39.7418 73.3999
-114.369 -29.7504
51.2083 111.379
107.439 322.65
533.237 130.729
2662.61 -230.353
