19760 22973
3260.21 -5496.39
18.3708 680.216
-76.1706 -656.352
11.01 -176.061
-271.397 -133.045
-17.7459 -68.9007
-74.5647 99.2634
9.00969 75.464
0.380999 7.0702
-4.04087 20.924
11.3306 16.7173
62.2802 11.4218
5.33521 -38.5847
5.09817 -14.1406
-25.4233 -21.9828
-10.908 0.693257
25.1112 12.3957
-3.69462 -5.68873
-19.6789 1.01725
-7.65293 17.1289
-2.0718 -4.21936
-3.0483 -15.7553
3.87865 -4.71311
12.609 -3.60907
-3.94975 5.12132
4.06976 2.56299
-8.01141 -6.70493
-9.3323 0.705063
-1.15195 3.58959
4.2374 1.34867
-8.47023 13.0276
8.31595 -6.84237
-3.52985 -1.10471
5.14045 7.45872
12.2852 3.06101
3.53151 -7.67522
2.33562 -5.43553
-8.60118 27.0425
-3.88686 -0.881215
-3.00203 10.5436
-6.25318 4.08982
-1.35223 4.89196
-0.158404 7.01648
9.51546 -3.07834
11.6606 -10.6252
-4.24409 0.16102
-4.04019 2.69859
-5.58893 3.09228
-7.56325 -0.708867
3 -2
3.0107 0.927449
-3.08304 7.58948
-5.0886 13.3235
-4.98259 -6.15903
0.589834 2.56879
7.75295 -1.80853
2.06248 3.71186
0.552204 -2.53976
-0.874336 -5.39913
-3.75168 0.669781
-1.13962 -0.604105
1.40471 3.51342
2.62717 1.15239
-2.95686 -2.32968
0.307522 9.10225
3.26305 2.23819
-2.08789 4.08709
0.38558 -5.88946
4.45922 -5.74008
2.12328 6.39398
0.419702 -4.08462
-4.86201 -2.85539
-4.05303 7.96274
-5.73883 5.7894
6.87868 -11.9497
0.868019 2.89638
1.31889 -2.43269
-0.616359 -1.26488
1.5618 -0.107287
-8.06758 1.48314
-2.47817 2.60237
-5.74448 -0.1797
-1.453 1.60087
-1.38298 -2.06739
1.79443 2.57339
0.413742 1.1941
2.21922 -0.638554
-5.01579 1.20492
2.76655 2.87831
0.0408703 -11.3059
10.3949 2.36256
-0.639431 -0.0331359
-2.65523 -1.76107
-4.15399 -7.78918
-0.504998 -0.75771
-7.55476 5.03798
-2.95533 -4.25065
-9.04495 -1.67472
-1.62136 3.31989
4 3
1.38646 -3.81941
2.19792 -0.956376
11.4035 -0.35727
4.86612 1.79219
-0.598105 -1.04062
0.342899 -4.41751
-1.95594 4.37931
1.02943 1.25678
-2.6131 6.2613
2.5022 -0.52982
1.10104 -4.6405
-5.65141 9.83843
-0.876556 0.924241
1.44031 2.19349
-1.28679 -0.1397
1.85552 -1.35665
1.13212 5.36337
1.87922 -3.34583
7.37761 -2.0671
3.06758 3.66276
-1.07104 -1.35025
0.0850368 -3.61018
-0.699906 0.0894229
2.39454 3.22274
5.94975 0.87868
1.19244 2.6724
-3.88394 18.9239
-4.54778 5.71277
-3.8107 1.40559
3.20431 4.24601
2.16281 -0.469111
-3.49459 -4.79657
12.1723 0.361672
-3.21673 5.45507
-1.03408 0.255011
-2.91452 2.7055
-2.02915 5.41173
-0.69746 -0.517696
-7.95719 -0.856012
-2.19259 1.18432
10.4747 -0.99116
-2.52014 -7.65145
7.43342 0.567861
-1.64268 -2.74805
-1.53788 -4.84336
-1.00036 -1.01237
5.19773 4.73477
-3.54205 1.78694
-4.67303 -1.51306
-3 2
6.70484 -7.149
5.91672 7.26456
9.74799 3.19943
-2.22893 -2.04445
1.61074 1.94722
-5.11936 2.69821
-5.1778 -8.53641
1.37471 9.91352
6.34003 4.37225
-1.99797 1.31053
-2.40379 -5.35684
-13.3296 -0.732821
-2.19669 9.99935
17.6294 -24.7303
15.3195 -1.95703
-2.14806 -3.69915
-5.40043 -9.3657
-19.8699 -4.60815
3.95642 -1.0305
-7.20431 3.13595
-1.29087 -2.6353
-6.5836 -4.44139
9.96803 13.4853
10.5571 14.9599
11.1213 -2.05025
-9.18989 8.96644
6.36663 -6.60404
-8.96435 -10.6557
22.1393 -7.39994
19.5972 -21.983
-34.268 -10.961
-13.4127 20.5781
17.5923 10.5081
-10.7908 8.48843
2.45083 -16.1644
-3.05018 44.3415
-0.255091 -1.95604
9.61095 2.57272
21.112 -15.9197
-40.8629 -34.2128
66.8634 -9.72688
-31.9771 29.5405
12.1619 -90.8129
-48.4185 43.3816
-84.2366 -120.952
-71.9333 70.9792
43.4056 364.091
650.572 294.172
2814.9 -131.262
