18224 20598
3280.31 -5601.7
407.337 767.336
-123.651 -494.965
113.752 -227.051
-234.599 -145.311
-30.8572 -47.7074
-142.34 65.5998
44.887 100.555
-29.778 19.3528
50.4942 62.6084
-24.51 14.1114
54.8196 -28.2836
4.0815 12.8548
32.5792 -3.256
-10.3064 -45.8036
-19.2814 -30.9724
-21.8489 10.6847
18.446 18.5001
-11.6513 13.1047
-14.1562 1.13194
2.24839 -0.826267
-13.4691 7.27091
10.1085 9.55906
19.6091 -15.5431
-1.70711 -19.1924
-2.46246 -3.59252
-2.15772 10.9036
-5.30349 -6.39181
2.31158 3.89015
-10.3372 2.04193
-4.35356 -2.24672
3.85858 -2.29357
6.07457 1.45885
-2.75128 -3.16604
8.47525 1.50111
-1.78365 -1.33215
-6.89614 3.78042
-3.93308 0.758498
4.62915 6.76198
6.91408 2.68942
3.90179 -0.809577
-20.3646 22.9488
-8.18581 -5.6788
-4.35014 10.9331
-7.06951 -0.639437
8.83969 7.0365
0.0462084 -4.31637
2.93134 0.523074
9.77777 -12.4142
-3 -7
-0.0499626 -2.29025
-4.03488 3.72213
-3.93286 -0.224986
0.821652 4.79887
-0.815839 2.81079
-0.990459 5.48878
-0.661426 -0.187876
2.55426 -0.334655
-7.4351 -2.82876
3.38029 -2.00328
1.48048 -2.99028
-4.72578 5.07835
-4.07015 -2.12956
0.0971498 0.880652
-3.63616 0.911804
-3.80096 1.78385
-2.61286 -4.5555
-0.464394 3.30495
-0.569336 3.1852
1.24701 1.24987
5.10872 1.30352
0.716362 6.51233
-4.21968 -4.76285
0.474165 -1.2581
2.19239 2.12132
-7.23013 2.42725
2.05129 0.248258
8.80054 -5.93204
2.80958 0.761357
-2.78386 -7.1562
-8.47477 -6.34622
-7.60744 -3.81589
6.65186 -10.1239
0.989681 8.62665
-2.73339 0.714168
-3.83305 3.47473
-1.58711 3.94541
-5.15822 5.32019
1.24927 -2.62656
-3.27946 6.9326
-3.64046 -3.77651
7.52088 0.650119
-0.680228 0.746498
3.05075 3.71407
7.68775 1.05417
1.7963 1.251
1.72497 -3.45129
-3.44801 0.0153966
0.856563 0.788843
-2 2
0.623289 2.06719
-0.846529 -1.55394
-4.19011 -2.74938
-2.05483 6.10318
3.48741 0.26446
0.051882 4.78676
-4.2361 -3.92876
-4.1024 1.61458
0.395157 4.4075
4.03701 -7.17307
0.379228 0.419366
-8.68812 5.50558
4.49941 3.2085
4.60436 0.581685
4.85675 9.24568
4.9316 6.34245
5.37746 -1.91527
-1.67293 -5.72825
-1.41282 12.8716
2.36745 -8.22577
-1.64218 3.07512
-0.187586 3.34621
0.885802 6.72983
-2.62343 4.00149
-0.292893 -0.807612
-0.742479 2.99244
0.106339 0.215827
-1.60897 -2.63485
-0.724864 2.95633
0.990537 3.73963
5.25525 0.277786
1.34997 -2.00529
1.19598 0.224846
-0.63807 -0.814513
-0.373102 1.48637
5.21696 1.01847
0.733919 1.28503
-6.62184 1.80811
4.71057 2.35742
6.56398 -0.378684
4.23523 -5.94509
2.86911 -1.43664
2.7835 3.67861
-2.21773 -1.1168
0.669405 2.42362
-2.37508 1.25882
-1.67094 2.65734
-0.677972 3.11773
-0.538005 -2.27933
-3 -5
4.81776 -4.60444
2.12534 5.10483
-2.61839 -12.7195
0.0216255 12.1465
5.95976 3.49986
3.26551 -11.9497
8.45732 0.966466
-16.5686 2.6118
-2.57992 -2.84689
19.5023 -20.3075
8.37455 10.4197
-3.453 -10.0828
0.96974 -3.10884
-7.63371 -1.96542
4.48655 -6.73784
0.345733 0.51751
-0.130776 2.77961
-2.40227 -8.79719
3.03661 -3.36456
-5.20532 -1.28065
-0.182491 8.50736
3.49129 8.9358
6.30473 5.77675
-2.54994 -13.3548
-16.1924 -2.12132
10.5201 -6.91329
15.9449 10.2583
0.492602 -18.8604
-1.44066 -5.42878
6.21197 -5.74997
-3.38657 13.0455
-0.586913 29.921
3.18466 -17.2727
-30.7855 -30.8195
1.3946 18.3742
16.4432 25.3814
24.848 -20.8475
-23.3281 16.5157
12.4156 -29.9854
-1.94684 23.8813
44.72 14.7139
-43.5708 20.8281
48.8647 -73.5583
-137.353 16.2166
-41.4841 -143.794
-103.588 188.787
90.2993 252.215
283.117 496.609
2869.22 -68.3501
