18405 21753
2806.39 -5506.46
606.936 700.376
-381.877 -628.688
-63.7098 -217.801
-189.93 6.97657
-59.0438 5.97412
0.685453 159.462
70.7475 11.9528
-25.1415 43.2201
59.025 -16.8843
30.0997 -22.2397
4.48888 -47.6781
10.1494 -36.3989
-63.057 21.493
24.3429 3.80172
-10.9789 -15.9585
-18.497 31.1249
-8.03132 26.5466
24.7111 -17.8903
-14.2431 19.545
3.25488 1.20762
-1.75281 -1.91901
-2.84918 1.4103
-5.60715 -9.66192
-5.12132 -8.94975
12.2191 1.49249
-5.06922 -1.2607
7.95365 8.79338
-5.05674 -0.911101
2.55746 8.11165
0.902376 10.8814
-0.754671 -11.4663
-2.26966 7.96354
1.36825 -0.479408
-2.84954 2.78917
3.57811 -1.43607
-5.79666 3.54802
-4.73439 6.67352
4.04742 -3.09663
-11.2446 -0.987548
2.13532 0.111796
-7.74114 -7.42247
3.71273 3.71536
2.77843 0.780809
8.5249 -11.9676
0.107242 -0.921905
-14.8183 25.1288
-9.93643 -7.01556
-0.703284 10.5433
-4 0
4.18823 1.72351
6.31182 8.50698
5.0598 -10.1685
-8.29719 1.20348
1.48846 -5.13798
0.974771 3.01218
-3.68088 5.37501
-2.53922 3.38471
-1.73215 0.292548
0.838491 3.21228
-6.94679 0.459773
-7.51803 6.51394
2.72118 -8.48989
2.35077 0.286848
0.308448 -1.07078
2.13071 -0.382798
-0.159448 3.33708
3.29529 2.18648
-5.37231 5.21287
1.69989 2.19331
-3.06452 5.44972
-0.189756 7.28023
2.81852 -2.21199
1.84599 -2.74158
3.94975 0.707107
-3.20818 -1.23155
1.47601 -8.25891
2.13551 4.01966
1.78519 -4.86376
1.9258 3.76101
-1.13699 -1.32886
-7.09943 1.17747
2.8274 -2.01172
-1.87488 -0.6041
0.540281 4.65669
5.73176 -1.77131
1.12385 0.787702
2.7817 -5.69934
8.36593 -1.81609
-3.81023 -4.29605
-7.90396 0.225631
1.55842 -1.83548
4.15241 -6.82484
2.63601 4.90582
-0.204087 -3.6324
0.65914 -5.17106
2.70557 -0.635166
-2.79684 -4.13273
-5.9632 4.15798
3 5
1.72323 3.72391
-5.53205 2.01407
-0.317371 -0.365377
3.27962 -2.21947
4.19979 2.13549
1.05677 2.06503
2.55162 4.95439
3.57048 -7.70084
-11.2294 12.8442
-9.22187 -3.29436
3.09126 6.64451
-2.51565 -2.26484
-1.78101 -0.355319
4.5227 1.84737
-1.9633 -0.301705
-0.127329 -3.76286
4.34494 -4.27156
-0.503286 -3.28961
-7.71498 1.24612
2.54634 7.56523
-2.47715 -0.659271
1.77414 3.40541
0.300974 2.6024
-0.205312 1.02955
-0.87868 0.949747
-6.35884 -4.56121
-0.526258 1.97302
4.95284 5.49426
-0.235013 2.77244
-0.438287 3.16582
1.81586 1.01964
-3.17709 5.31964
2.81345 4.29228
-7.51872 -3.08549
-5.89073 3.96004
3.05238 0.964413
11.4696 3.29223
4.15748 3.73175
0.324718 3.96911
2.39758 6.46148
-1.21335 7.30232
-1.43567 -0.805463
1.26991 -1.19375
3.27465 15.3459
0.2346 -2.0887
2.86833 -10.3774
-3.09316 4.07408
0.580431 6.35748
2.64178 -3.99127
4 2
-1.41877 -9.95625
0.72723 1.19256
-4.67227 -1.79912
-0.768356 -3.79047
11.0219 -23.1047
12.4893 -3.72424
-5.93675 -9.40779
1.36664 -6.57679
-3.9811 -1.87023
6.77247 -3.33869
-3.63682 -3.64055
3.01926 12.671
0.493689 4.9107
-2.32679 -2.26134
8.96163 13.5268
4.42895 -5.78042
-0.895289 -2.76528
-3.57995 -1.48161
2.51371 0.218582
4.22351 -1.98549
2.99188 -10.6462
-15.9956 15.5099
7.56104 4.43376
-13.76 -15.7842
-5.94975 -0.707107
6.78831 10.1765
11.6273 -7.45053
5.09241 8.93472
1.10199 -8.10058
13.007 5.78121
-8.99242 17.1742
19.1387 -10.957
-26.5424 -20.6847
13.1162 41.3152
-16.8398 -4.16841
23.7707 -9.7061
17.5738 -0.290137
-27.2337 -18.3855
1.48134 15.6666
55.9645 -49.0106
-47.6021 -25.4192
-34.1426 28.9176
81.7387 29.4149
-171.785 -56.5997
46.0544 -38.3741
-133.746 -57.0627
-119.645 346.685
613.967 542.655
2687.21 531.867
