18125 21417
2180.04 -5791.59
557.929 642.527
-477.75 -637.149
-150.793 -205.588
-178.277 153.14
28.7097 75.3422
48.4139 76.1893
45.7152 -24.8824
-20.3551 45.6542
61.9891 -89.1966
-11.0811 -46.4637
-17.837 2.04065
2.06765 -4.73579
11.0616 39.8426
-23.1494 -7.11293
-14.6311 10.1219
20.0662 -35.129
-10.2644 -5.50399
-5.4165 -4.47078
10.9529 11.5173
-11.8223 7.27794
-11.8084 -4.75849
1.95179 1.69863
2.29775 5.05043
15.5355 3.70711
-1.06671 -2.54696
10.7188 18.5977
-4.96389 -0.574402
-2.64317 4.72089
-12.8926 -7.97707
0.247626 8.25526
-0.970566 -4.11978
0.363048 3.61089
-1.4234 2.37494
5.79479 -0.84403
6.67206 -5.02236
-8.76942 -3.46095
2.16939 -0.606971
-2.71435 -11.6266
-2.84406 -2.21879
-5.2151 -3.26308
-2.93388 2.2779
-2.10019 3.73191
10.7503 6.96261
4.28959 -3.52446
-9.57768 24.1784
2.81683 -8.9717
1.50516 8.35466
3.71531 10.6778
2 -4
0.0125165 -6.94003
-6.18171 1.60688
-5.57199 3.15728
1.14003 2.0127
-6.22681 6.9372
-1.03788 0.831144
-3.63766 -0.851269
3.39583 -3.07908
-2.11743 -3.79603
5.23072 7.72541
5.34686 9.18145
-6.38666 3.38528
-4.25096 -3.50202
-3.55363 3.65055
-4.94372 4.02174
4.55438 -2.61045
3.06834 5.82165
-7.97146 0.705029
-3.81531 2.75325
-2.37794 2.08853
0.00545924 0.832582
3.84049 -1.47514
3.68746 -1.4373
5.58635 1.75916
-5.87868 0.393398
0.421026 -0.916991
-2.64393 -3.04492
2.00287 2.45527
5.61414 2.4118
-1.36385 -4.78772
6.44534 2.96591
3.96187 -0.229748
1.25834 5.49356
-6.73193 -0.223843
-1.38215 1.92231
-3.35903 -5.86572
-2.86917 -0.575848
0.497966 -8.27547
-7.79221 -4.28015
6.93385 5.41952
6.22368 -10.683
1.34224 -1.25272
-1.60973 -8.80975
2.59903 8.35093
-1.61133 -3.18409
0.404076 1.58425
-4.25834 5.63307
1.2784 -3.9249
0.795786 1.38018
-1 1
3.82653 -2.45782
3.48561 -7.31875
0.0255725 -8.22079
-2.46212 5.87394
-1.82525 3.93948
-8.39908 1.73706
0.478449 4.55442
-2.84201 2.12483
9.86992 -10.2395
0.628747 3.94787
-5.49569 8.6016
-2.56329 -5.26507
7.2793 3.60602
-0.971613 3.70758
3.16399 4.80801
-0.624269 -3.51683
-0.591041 1.76272
3.66194 2.26172
-3.10848 -1.26828
-4.16402 -1.53852
3.27855 2.36722
-6.91414 4.11013
-5.34006 -2.66263
1.12612 -6.94168
8.46447 2.29289
-7.34903 1.42314
-0.511208 -0.785549
-4.50305 -0.661792
6.31875 5.59434
-4.45989 -1.84569
1.84945 8.1074
3.96527 0.550498
2.23071 8.34311
7.1856 9.41347
-2.53079 5.0375
-0.0712341 11.3479
3.92773 -2.21106
-3.2293 3.27445
2.52345 6.02742
-0.64713 4.47621
1.8571 -2.75057
-1.02685 -3.48626
3.94468 0.896921
1.50234 3.43463
-2.21332 2.36017
-2.55876 4.12202
7.53971 3.01874
5.30976 -6.50261
1.6332 0.259367
2 6
2.85878 3.66879
-1.0728 7.30595
-7.73165 0.192307
-8.67119 -8.72
-6.65545 -10.1177
14.2406 -18.671
8.22129 -2.51612
-6.58909 -7.77029
0.24807 -8.48998
-11.6281 11.545
13.0608 -4.53524
3.39314 -5.82944
6.57251 -10.0711
-1.73165 3.64714
6.19475 -11.0487
-11.391 -10.1248
-8.60049 17.4386
-1.89878 7.04839
1.12388 -0.271961
8.5369 -10.3772
8.16689 18.2271
21.0304 -6.2631
0.192318 5.17324
-21.4457 1.36939
-10.1213 21.6066
-3.89684 -25.8244
-15.1053 3.07255
5.25244 -5.12214
8.63118 -6.70376
20.4635 25.2811
2.8711 -8.0653
-4.14174 8.95877
22.6939 -23.8523
-4.73165 -24.4391
-25.8426 -26.8103
19.0865 25.7525
6.69119 15.5133
-23.8679 -12.5415
-12.626 8.21611
17.6418 25.9407
26.0235 -34.6322
-44.37 -64.6605
42.228 32.4223
-58.0057 -79.0762
87.2149 -27.524
-151.313 -24.6227
-235.461 193.013
441.059 655.937
2711.98 630.399
