18735 21788
3350.24 -5276.07
-175.053 782.928
401.184 -434.556
322.429 -17.6099
68.9875 -257.409
111.515 -48.8718
-88.2734 -96.9264
-65.4733 -37.123
28.4137 -3.19172
36.5242 -39.5821
29.9607 -65.584
-40.8175 -21.2438
-9.98945 -17.9069
-28.168 5.86149
-1.50438 -21.8933
2.34016 -14.5023
5.66111 -1.2244
-18.2293 -13.976
-25.4649 12.1001
-7.98932 1.11356
6.728 -4.66431
-6.0595 1.48623
3.44417 16.966
-1.82513 -6.62215
10.1213 -3.53553
-5.78398 -5.20738
-7.79321 1.7482
6.79684 -11.6726
1.11472 9.89748
-15.8092 28.0011
-4.90734 3.54898
-8.18988 3.72953
-3.28176 1.22051
5.39468 -5.80366
3.63438 -1.99194
3.35776 11.1344
-0.256338 -2.53571
-3.4858 -2.44558
-6.60392 -4.32104
3.13522 -2.15688
-3.46879 1.44371
-0.71209 7.2063
0.893555 -3.22615
-5.67881 13.3611
0.824175 -0.197767
-2.66439 4.84768
1.05627 1.39408
-0.997362 -7.34096
6.6591 -1.90429
0 -1
1.55776 -1.03991
-6.3936 5.08722
-0.466566 7.06145
-2.08588 2.56225
-1.1619 -2.07144
1.44515 0.311186
-5.01751 4.06265
3.04713 -5.73683
11.3394 -11.4239
-1.89259 5.74814
7.21945 -2.73529
0.302359 1.36555
-2.02999 -4.62196
1.24678 1.37069
1.921 -2.73181
-3.6642 -0.609965
-0.874715 -4.58491
0.918089 6.60169
-0.510963 -1.47197
-6.64166 -0.147039
-1.51807 -3.88164
-4.56587 -6.3122
-2.47222 5.28575
-0.874554 5.43528
1.05025 -0.363961
1.45079 -2.30274
2.07128 0.729038
-5.38672 5.78258
-2.74348 6.4538
-1.51062 1.98131
0.0879151 1.18057
-2.38618 -2.20822
2.85434 3.78923
0.904817 -6.53831
-3.72195 5.944
5.1259 -3.80858
1.66638 3.49208
-8.33474 8.49047
-4.50238 1.65053
-4.48975 1.60337
-3.29948 4.8071
-1.56713 4.61706
-6.65952 1.59846
-2.59856 4.41718
3.08251 -0.253582
-5.02354 -8.06584
-4.4966 -4.72016
-0.442908 2.5997
-0.783252 5.93395
1 0
2.05573 -1.8856
0.0222153 -6.2163
-7.57743 0.113927
5.04323 2.59552
9.51065 0.486417
2.89211 2.82325
-0.255296 0.198239
1.58767 1.31561
8.82486 -0.275009
0.749222 4.81361
-2.72939 7.48316
-0.122806 2.41427
8.13424 3.70724
-2.66692 -11.2846
-2.32475 0.411271
-1.78061 -0.564
7.28108 -8.71791
2.68935 -2.63619
3.41681 9.02748
3.74669 1.25476
8.7765 -1.4114
-3.90172 1.62317
-6.36484 1.30955
-4.94492 2.00946
5.87868 3.53553
1.52973 0.683647
0.133647 1.80646
5.85683 -2.98808
5.52053 1.13265
0.637724 -1.18423
-5.11409 -3.16424
6.69538 3.2549
-0.260961 -0.863327
0.413412 -1.98222
4.84722 0.64113
-2.53366 1.81512
-7.20706 1.23107
0.755617 4.3389
3.9138 1.17928
3.36472 -4.03994
5.82296 -5.50873
0.0475343 3.84167
-11.2398 9.98476
4.86057 -1.63906
-0.892737 6.37227
-1.43607 3.35689
5.72433 1.69621
-4.52271 4.93469
-1.89118 -3.17291
4 1
0.0801882 0.354273
0.550169 -2.35063
0.70258 -7.385
-0.744268 -0.807425
-10.7113 -4.50497
7.21799 11.1986
2.8821 2.03896
-2.89237 7.6911
5.55465 -3.46274
-5.37129 0.920808
-5.38865 -2.65845
-2.89685 -0.256173
6.97245 -3.35125
9.05474 5.42209
-1.61305 -2.08133
-16.5997 -7.15376
0.261798 1.50981
-8.41186 4.84695
2.80256 11.6683
2.32783 10.1629
8.44388 1.3426
15.2376 -33.0568
-3.73456 9.4719
-4.17262 -13.8508
10.9497 12.364
8.59975 -11.7098
9.27212 -15.6476
-11.7057 -1.10833
-5.80961 15.227
0.517186 -12.8218
-0.402953 -3.13338
9.83836 4.17852
5.46887 27.2094
11.7484 -19.7337
-21.0156 -10.3832
15.692 -31.9717
-14.4002 -2.57347
-3.62347 25.4407
9.50947 11.9942
32.7016 16.3323
-19.9843 -79.9969
3.78709 2.81397
-65.5088 -33.4499
92.716 148.659
-17.8618 37.6628
223.678 58.6106
325.739 -114.839
402.63 -405.753
2183.84 -1535.96
