19321 24044
2455.78 -5252.9
567.936 869.091
-124.682 -609.71
5.0381 -417.559
-251.268 7.5666
-116.348 33.9367
26.9219 47.2261
-38.7767 -20.4066
-69.2575 53.7841
69.3525 74.7101
61.78 -1.3597
-1.80721 -24.4571
26.9397 -2.04083
-5.68891 14.2746
11.3176 -25.7734
-34.7035 -21.7577
-21.133 0.914966
-6.53261 -21.2925
-6.48545 -4.82793
-1.94659 22.6711
8.06389 -16.5133
8.85519 4.53106
0.187253 17.6776
-3.24907 -1.40513
16.0711 -1.41421
17.237 0.133321
-2.62606 1.60934
-4.38303 28.7854
-17.6528 -9.01418
-3.5094 13.8163
2.97055 19.4348
5.11972 -0.26831
0.0778002 -7.61039
-4.50098 1.77749
1.68914 -0.640449
-2.89196 -2.37913
6.61311 3.54622
-10.3775 -5.4792
-3.72804 0.576535
-2.76481 -0.601169
-1.00803 2.53549
-1.7979 3.72147
3.11701 3.2697
-3.65276 7.21924
6.5534 0.159848
1.9009 0.440957
-4.17902 2.2938
5.92949 2.82124
1.14488 -4.60038
-5 -4
-0.0868051 1.63542
-6.28 1.40091
-5.13118 -3.76671
-4.61706 0.425822
0.585039 -11.5385
4.66846 1.77624
2.20761 -1.86855
2.19458 -3.8505
-0.520764 3.30282
-7.27839 2.14371
-1.05706 2.92206
0.99865 0.46606
5.75928 8.7827
0.970803 -4.9194
0.834847 1.14816
-1.33313 -1.51914
1.05566 2.81544
-6.18837 -6.89153
-2.42774 -1.94129
-7.37914 4.92631
-4.112 -6.85917
2.80828 -2.2579
-3.65386 1.71246
4.3615 1.61956
2.17157 0.343146
-0.913528 2.34271
-1.43191 2.74852
7.07468 -3.36971
-4.41064 0.936125
5.87483 1.80751
4.2361 -2.32751
-7.39265 11.2285
-0.951554 -3.1625
-4.40993 1.78873
0.0941471 2.94398
-1.54419 -1.90921
5.04022 -2.2851
1.80264 0.0403144
-1.9756 3.61801
5.89672 -2.78707
4.71228 -1.85405
-0.0929482 6.03204
-3.38209 5.66777
-2.73587 -0.541086
3.51876 2.37853
0.407765 2.3085
3.29146 0.566958
-3.81578 5.57569
2.00651 1.8648
-1 2
1.21992 5.41144
3.12313 -2.12072
-1.44262 -0.0368733
2.10677 -2.53455
-5.52531 -2.957
-0.921552 2.39974
-1.83711 -1.96811
-6.58617 7.07375
3.01857 -3.90148
-3.44617 0.07614
5.3239 3.14461
1.2359 -3.58386
-6.26723 -1.95052
2.98354 2.09699
0.82984 -2.44089
-0.70831 -3.24588
-0.903401 1.43333
-4.21561 4.34676
-0.243806 0.141582
5.59731 -7.42554
1.96268 1.46454
-4.82608 -2.9656
6.29125 -3.88531
-10.0113 -2.07272
1.92893 1.41421
-0.950954 1.4283
-1.34901 -2.91318
-2.35219 -0.245533
5.04752 -2.34877
4.05303 4.56281
2.59029 3.20709
0.812659 -4.26029
5.77952 5.79036
7.99047 2.57824
-0.823385 -1.36822
-1.17831 1.79914
-9.13883 2.54183
-5.18631 0.642621
3.67208 7.54865
1.33412 -2.94209
2.1307 2.22157
-2.6191 1.23939
-3.40308 2.05367
5.44639 -0.00410642
8.25632 -3.71372
-0.893339 -0.587238
-2.51999 14.2857
-0.395497 -5.43981
1.18449 4.41236
1 10
9.23433 -3.10407
0.572225 -2.5339
-9.78487 3.88552
4.19329 6.80335
5.56713 -5.38955
-11.3842 -0.717219
1.67641 4.34157
5.97984 -1.60049
-5.40561 2.76895
5.29267 -2.7808
-2.68839 -5.81381
-1.19508 1.71911
4.22205 3.6385
10.5283 0.371893
-1.65861 -2.08465
6.55376 -4.35339
5.09866 -2.66306
-3.82283 3.96365
3.46378 -1.3771
-9.30225 2.51421
-4.45408 10.7919
-1.59326 5.50297
2.22973 1.9168
-7.0519 -22.4613
7.82843 11.6569
9.49342 -0.198212
8.72756 -14.8275
-18.6954 -8.11514
-21.0355 0.0518855
13.8909 1.12729
-0.866933 -13.3596
-14.9224 -9.55732
8.25909 -13.1941
19.5783 19.9353
4.71336 16.9368
24.5881 -19.0196
-24.2581 12.7719
-2.30583 29.0571
23.8964 -8.81266
28.3347 -23.8188
-81.6237 -34.0646
-36.0576 17.4709
133.121 52.5983
-106.403 -99.4591
-72.6841 -87.2276
-32.7748 227.448
25.948 220.944
688.595 57.7245
2331.11 390.058
