17479 21510
-3586.41 -4739.53
482.867 -700.683
654.679 237.535
75.7693 -280.901
-251.898 -38.7778
22.2684 26.9474
-36.8339 -38.961
-114.926 73.4587
50.411 25.7082
61.074 10.4128
5.94974 -0.302449
-25.9515 14.7178
8.89345 -48.1825
-62.1337 -13.3675
-15.7775 40.3536
-11.9804 -25.9524
-0.958209 0.833333
-4.45536 -2.35464
-11.704 14.4277
8.72051 -46.8588
2.17187 11.1658
8.08641 -3.7217
9.77987 -1.72466
16.9965 1.67174
-1.94975 7.70711
4.79842 0.906302
-13.5914 -8.36662
-5.29893 6.49327
-3.01627 3.20275
-2.1248 -0.685994
2.42222 0.801878
-3.29223 -1.66728
1.52321 1.4838
-10.4593 -13.7111
-2.26611 11.0142
-3.27431 3.73438
12.7583 12.2721
-4.39467 19.6763
1.52722 -3.76647
-2.17557 4.9798
2.43058 -8.8857
-9.07961 -2.56208
-5.69095 -1.71335
3.10391 10.263
-0.25519 6.79971
0.480524 1.96495
-3.33861 -2.31095
-2.34015 -3.33276
-6.41154 -0.492854
4 -7
-3.37965 1.04421
4.96442 10.3513
3.69793 -0.0399382
-2.32573 -2.80244
0.892783 -0.139414
-6.79624 1.59038
3.41727 6.85525
-5.94573 2.15244
1.45794 -1.88107
-0.246292 4.42182
-2.59937 -6.93861
-0.353446 -0.0856644
3.44945 -2.10976
3.63735 2.35142
1.20073 1.24414
-6.69558 -0.68194
-3.89492 1.76655
2.91997 2.83635
2.11301 -2.26388
5.03463 3.01223
-0.421646 -9.04492
-1.74481 3.31097
-13.9171 -8.83885
2.24185 -6.02524
-3.94975 4.29289
2.284 2.2776
-5.10729 -0.522574
-2.1208 2.34793
2.02306 2.00808
0.902113 0.449028
3.70557 1.67392
3.72069 0.545692
4.76777 1.55415
-1.48416 0.999949
0.354133 0.304511
-4.77844 1.01573
-2.69017 -2.74511
-10.7067 -2.15661
-3.27771 -13.4079
0.140826 -6.32267
1.94635 0.793042
3.67633 2.66033
-9.04171 -3.24651
-0.304114 -2.27447
3.44968 3.5797
-0.7052 -4.29637
-0.120742 2.27611
4.5401 1.13263
-3.05696 -3.27384
-1 0
-2.08526 -1.16178
-0.464578 -1.53811
-3.1219 -0.931691
4.46708 -1.85232
4.87362 3.76527
-3.5852 -3.9412
-0.522464 5.79973
-1.53698 -3.37311
7.6996 7.57283
2.20405 2.70869
0.842141 -1.736
1.31703 -1.37331
7.32705 -2.88549
3.89825 -0.328722
-1.49522 -2.27694
0.610998 1.0018
-5.82564 1.63949
-1.45789 -3.99123
0.140596 1.00703
-2.90211 -0.449028
-1.2027 2.01929
2.90602 4.8955
-2.89579 4.02949
7.05004 3.62953
7.94975 6.29289
-1.59005 -3.11982
-1.21662 2.62788
-0.21672 3.45411
7.01428 7.32377
3.1495 5.74097
-8.09947 -4.78044
0.394055 3.86972
2.20443 -2.37682
-2.48081 -5.77036
-1.5858 0.351847
2.97938 -2.21426
6.81107 8.26136
-0.801171 3.98188
1.30143 -0.273097
-2.80944 -5.8808
-5.33573 2.72646
3.01487 0.941353
-4.75141 -0.063721
5.02131 -3.74929
2.35161 -5.09208
1.99121 -0.712302
-0.409551 -7.09782
1.77115 6.89003
1.98983 -8.16342
-2 1
2.88119 3.77254
-3.60445 0.676515
1.65333 -2.42825
5.72459 2.32964
-5.99235 -1.12616
7.97859 4.1041
-0.0655999 7.2125
3.30101 0.527224
-4.61044 2.68156
0.175571 -4.9798
5.64739 -7.6179
9.06537 2.2247
10.9096 -17.6883
-13.7219 -5.04324
-14.6431 -12.0457
-12.1819 -0.346217
29.0447 20.7196
5.40703 -4.28383
9.93553 -0.370056
6.63572 -12.8311
-5.47087 -11.141
-15.4428 3.80402
-6.20051 -5.93122
4.46412 8.2694
5.94975 5.70711
5.39312 15.6829
7.25426 -6.84205
-4.94037 -1.9321
-8.633 3.67304
-29.6648 -21.6823
10.1007 -6.16812
-16.786 1.89959
19.0823 2.43391
16.1594 -12.2237
32.0162 39.802
24.6438 -5.19587
1.75329 -31.6888
19.0533 -41.8972
-19.7189 41.921
11.8861 -16.0349
23.1992 47.7454
19.9349 25.9053
9.26336 39.3455
-25.4353 -95.0409
20.7745 -131.757
-37.8656 98.5809
273.271 -17.1942
-595.243 -441.572
97.1764 2467.18
