19463 23224
4375.49 -4379.68
-68.2712 985.654
470.349 -700.011
178.045 -83.2828
-26.4829 -180.916
-39.4472 -172.537
-84.054 -64.1596
-2.25416 -4.27759
6.52292 -23.8612
-88.1869 -60.5283
-33.6398 -4.59136
-14.244 12.0294
1.90431 26.8029
3.03959 9.00863
-14.9023 -23.8841
5.73022 -1.67685
3.50063 36.6109
-1.56137 10.7235
-10.1015 9.42399
-11.4212 -1.66454
-10.2184 0.71253
-8.63085 20.2706
-8.89379 4.97193
4.90106 3.64551
-2.70711 -10.364
-1.85066 -2.30175
-1.30748 7.6025
10.6993 0.74546
-5.92314 -5.07846
3.16093 -2.71296
3.98282 -2.77507
-7.27538 2.90475
7.03195 1.38592
11.7195 3.80717
13.4646 -0.524279
1.59113 -1.64211
-27.7775 19.65
1.50017 -5.62226
-4.02581 4.08391
-3.78594 -4.44095
2.15815 1.73805
-12.7962 6.22413
-0.366046 -1.76885
-0.142681 2.98732
1.10625 4.70877
-1.02244 7.00573
0.589766 9.03531
0.953695 -8.7801
-0.799882 1.52916
6 9
0.255358 7.58617
-6.76799 3.65289
1.47715 -1.93064
1.34384 -2.3551
4.16621 -0.133398
-2.09051 -0.508177
-3.17159 4.6618
3.2043 -1.76505
1.27017 0.363273
-7.00766 -1.76835
-0.393835 -1.6833
2.89489 -1.89384
3.13038 -0.0313995
-2.45135 -1.35749
1.9838 4.24473
-1.99797 4.28182
3.67159 -0.999742
-2.02178 -1.58024
3.32756 1.51493
-1.92486 -1.8149
-2.24534 1.7842
-0.0638575 -2.61797
8.6069 -2.94577
-6.68663 2.23403
0.363961 -2.36396
-0.449533 5.47476
-4.49372 -5.62927
0.395667 -4.08309
-4.10136 -4.31642
5.94131 -1.8123
2.15509 -3.16156
0.281846 -5.26109
1.44122 2.30634
-6.45194 5.01577
1.51098 -3.22241
0.105856 1.42224
-0.841035 -1.41057
-8.8413 3.70898
0.824999 0.826034
-4.53444 3.93155
-0.566271 -2.29804
-2.22853 -1.25866
4.39393 -3.70124
5.55445 2.51043
1.42656 -6.13633
-0.626503 -2.19768
-2.50983 9.51904
-6.28681 -0.365282
1.18451 2.54282
1 4
1.36388 -2.16377
1.87106 2.83239
-1.17412 1.44602
0.657797 1.69002
5.20145 1.93359
3.43303 -0.188445
-3.65374 -2.98532
-0.890915 -1.16854
-7.71064 7.81119
9.15386 -1.75627
-1.23665 3.72112
-0.282437 -0.705553
-2.3993 7.82989
-0.700751 6.43958
3.86358 2.28084
2.17127 5.00979
-3.47931 -5.72064
-1.17745 2.93295
2.62108 -2.69194
1.23903 -0.187701
-2.47487 -6.82395
1.95795 -4.14913
8.63836 5.29872
7.23137 3.62777
-1.29289 2.36396
3.20138 -7.8109
9.39159 2.027
-0.936001 0.118984
-12.6995 11.4529
-3.39016 -4.81168
-12.1534 5.53797
2.69341 0.560594
0.0205257 2.09317
0.405521 6.24976
-0.648881 -0.81675
-0.595171 -2.8168
-0.0033503 6.34898
1.78219 2.97239
-1.97765 -4.87451
2.95193 -1.93986
-1.49784 0.374297
2.00837 -2.57419
-8.49104 1.19571
-2.5823 0.0987803
7.70308 -1.16919
4.34574 1.09513
0.122457 -3.94734
3.45592 5.08736
7.40009 1.54692
2 3
2.14517 -6.54486
1.78302 -2.02423
0.0117668 1.89585
-1.3293 -5.77393
-6.99635 9.74475
5.22843 0.0170788
-4.67852 -3.66867
1.20999 -4.48195
-3.76676 -8.79152
-11.3944 2.44095
5.59002 3.87757
-5.33612 7.15537
-13.0335 -2.48176
2.51421 6.35724
18.6941 -1.32278
4.98241 13.5338
7.39555 -13.6058
3.8878 -7.38488
9.46363 0.747582
0.111524 -2.59157
-3.11629 -8.59571
3.78056 5.88062
4.51716 -22.1643
-3.01629 -12.6504
-12.364 10.364
0.771084 -7.45217
15.6509 1.68478
3.76304 8.38524
19.1892 4.15362
-10.5231 11.3727
1.84911 10.3076
20.9196 6.95168
6.4636 16.1729
-27.2553 -10.6055
-25.7168 3.74318
6.4145 8.68958
13.4886 15.1645
-3.64004 -6.5882
-9.26099 -14.0351
-12.3899 -11.7159
22.9864 27.953
56.5696 20.2379
-50.0597 -77.4406
59.9149 52.1425
-68.3735 -8.53075
69.4264 29.0745
56.2913 328.77
803.862 31.2907
2550.43 -725.49
