20376 23689
3338.62 -4985.71
430.231 895.223
-22.7209 -813.47
75.9201 -234.435
-117.856 -65.3512
4.03472 -111.216
-114.985 79.6955
-22.2173 -29.3323
-21.2259 -49.6611
-53.2303 105.149
19.9379 64.0738
24.3848 19.5988
-12.2343 -7.07088
-6.63566 -0.724989
27.3519 24.4496
26.6377 -21.258
12.7699 -4.88174
-7.05525 -3.37181
17.0675 -2.79256
1.29798 -10.7663
-0.617817 2.62554
-8.91772 -7.86705
-9.49881 15.4339
7.89201 -2.88042
-13.0711 3.24264
-9.17185 0.00055784
6.90193 1.00542
-8.31588 -10.5679
-3.51646 -4.59926
4.38385 -1.55109
-6.675 -4.65357
2.49506 6.67925
15.973 -1.95387
8.81858 -13.9776
1.44996 -5.56903
-21.5545 28.7674
-5.83963 -4.63331
7.32631 5.75779
-4.29896 -4.96451
-4.84786 3.29267
2.01767 4.53657
4.1775 -0.891983
-2.8862 5.85858
-2.42209 12.3951
4.54251 -8.32993
-4.04148 0.968526
-4.88044 -2.62822
0.435269 -3.52358
-4.54462 -0.206797
0 1
-2.51103 2.83931
-6.36122 0.190552
-4.50236 10.0679
1.34465 0.363918
-1.76513 -0.454553
-0.65413 0.0466103
3.15927 0.336084
0.110107 -7.0988
-0.912913 6.24996
-0.442785 -3.69484
-0.908356 4.75204
-1.35269 0.771824
0.527604 8.85805
-0.684257 -0.143609
-3.29215 -0.960948
2.10639 -2.96774
6.58693 -1.17823
-9.21065 1.82775
-7.02774 -0.50976
0.539135 -0.0324974
11.2799 -4.78652
0.638176 5.3721
4.94844 0.44657
-4.82471 0.702182
0.585786 -0.0710678
-4.41664 -8.12013
-2.98588 -1.99792
-4.68252 -5.9788
5.7014 -6.80731
-1.82771 3.59731
1.4293 1.95951
-6.38013 6.47109
-5.03711 -2.45368
-0.651412 3.45185
4.31155 -2.19219
1.69821 2.85486
-0.597442 -0.511561
-6.02788 -1.14181
-1.51232 -5.39281
0.543394 2.7528
0.440387 2.0448
1.0644 3.70973
-3.31468 0.923628
-0.736906 3.83015
-0.30315 -0.440476
2.00069 -6.20382
7.86085 3.28555
-3.07176 -4.45672
-2.39452 0.729477
0 -3
-1.41602 3.691
-0.541412 3.00196
0.477951 4.54176
1.04559 1.90109
0.427842 1.43798
-3.67796 12.7566
-0.221204 -4.61308
-0.535957 5.92927
3.37094 5.02073
-1.17253 -0.219871
3.83037 -1.56433
4.71902 -0.555894
1.16118 -1.25916
-1.31093 9.1438
-2.40801 -4.21139
-3.17727 2.76801
0.830672 -1.48639
8.32521 6.14961
3.77511 3.50071
-2.55425 3.87483
-3.8595 -2.15562
2.71268 -5.87103
-0.0612771 2.6098
9.63729 -3.11312
1.07107 -5.24264
-2.94277 3.23139
-1.04713 5.44351
4.70287 -1.5894
-2.43612 5.33608
0.745531 -2.04912
-6.70274 10.1376
-1.70876 5.50399
-0.205751 8.58628
-2.14422 -2.58753
0.799627 1.87183
4.75078 3.65675
6.92638 1.77256
-3.29061 -2.41276
-3.1153 0.672708
3.53295 -5.59695
7.73535 -2.04213
0.488167 -2.96427
-1.46759 -4.40961
-4.01628 -5.14692
-2.66804 4.17426
0.847318 -3.64098
5.4829 5.43995
-2.72988 -0.177167
3.30616 3.1412
0 5
6.44159 -3.23123
4.15456 0.336626
0.824676 0.664583
1.20178 -1.31342
7.35384 -1.64757
2.78576 -1.83581
1.26736 0.819312
0.306109 8.11578
5.09571 -12.19
-1.77018 -4.76481
-2.21868 -0.628397
-2.29283 -3.94846
-7.37532 2.16267
-7.69351 8.71855
1.36282 -1.31044
7.04115 -25.7398
9.47315 2.31256
4.775 -13.0454
-7.82465 -8.00135
6.94139 -1.85258
7.56048 -8.46668
-3.3303 -8.69933
9.59859 -8.37872
-5.83942 -3.51297
3.41421 14.0711
3.74028 0.837218
-12.7692 -5.82789
-2.26332 6.93947
1.90883 19.8858
-9.38815 -11.9419
1.5986 23.5967
3.75514 -10.0763
-20.2117 2.87403
-2.17134 30.3714
25.172 -5.46753
16.1823 -42.19
-38.9868 -6.75881
32.9237 27.127
36.6351 19.5042
-58.7505 -28.1965
-26.1729 10.7912
-22.2158 15.62
33.5071 -34.7717
-78.0482 105.904
-76.4791 -47.9984
-44.6081 56.9604
105.416 360.1
758.515 60.6223
2810.27 -301.681
