19306 21889
3398.83 -5625.71
66.2035 686.043
-297.16 -520.994
26.4862 -153.063
-333.486 -36.6372
5.15189 32.6498
-8.52609 94.242
65.9866 86.5156
19.1303 -21.4939
21.9742 -10.5705
-32.6389 -21.7818
20.0177 -47.0198
-4.92339 -3.89988
-42.0161 -12.5034
-17.1634 13.028
-2.1452 9.75227
4.46564 4.07737
1.86568 -15.6393
-7.33843 6.88635
-1.10372 -7.21831
-5.9124 -15.308
-11.5112 -4.79109
4.59341 10.6915
5.7303 6.02385
6.82843 -3.24264
-9.6085 -6.02503
-1.72017 5.38864
-1.37351 0.210446
8.19809 -3.71054
2.22982 0.528097
-1.3761 -4.14681
5.75552 3.60687
0.34822 6.13307
-3.98282 1.61916
-3.97789 2.17535
-1.65046 5.30812
3.27714 -0.4777
13.7118 -7.416
1.77411 -3.64434
-6.63827 28.97
-9.21628 0.682939
12.0251 12.309
0.293403 1.21914
3.87294 0.394967
-2.26686 0.441281
0.820578 1.95487
-10.501 -8.48605
-4.06172 -4.61412
-3.81685 -0.425381
0 1
7.85395 -1.48725
1.68647 -1.93603
4.85711 4.48343
6.30207 -3.89908
-2.70492 4.98289
-4.41141 2.86777
-4.49461 -0.309813
2.61371 -3.94153
3.2028 -0.809309
5.50177 3.48369
-2.57254 7.65886
6.13113 7.80475
-5.55718 -2.17605
-2.80056 12.4531
2.28566 0.232376
-1.03465 5.37929
1.9099 2.83914
-3.58653 -3.31415
1.08764 -6.05629
-0.847859 5.12438
-4.30339 3.97895
0.83663 0.505377
0.877471 -0.635641
-0.777622 9.50648
-2.82843 3.58579
-0.670344 0.352167
0.779716 -2.00912
1.16961 0.571314
1.45388 -16.7287
3.1917 -0.0265888
-5.21853 -6.14376
-9.356 3.44804
-5.39435 3.16117
3.53111 -8.47907
3.7553 3.57363
-3.92524 0.521901
-2.10457 -1.0295
0.343917 2.74845
-4.25564 3.19853
-0.467631 -4.13766
-3.42615 5.57715
-4.75383 -1.22325
-3.20953 1.58234
-3.26347 -4.29496
-0.104646 -3.53898
-5.54442 -2.25292
-3.02617 -1.80186
1.98966 3.09773
2.46098 -5.22165
-2 -3
-4.65342 2.97676
2.20469 -1.90812
6.03127 -5.2478
-1.75638 -3.16308
6.64031 0.257655
1.26761 -2.73299
7.55969 -2.61736
0.594949 4.90259
1.26058 -0.348896
1.44575 1.52537
-0.122957 1.05283
2.97096 -0.812837
6.06287 0.553431
-0.0354238 -0.467499
0.976072 0.43768
3.16465 2.19913
3.35119 -6.02361
-6.65259 14.4636
-1.23067 2.11464
7.55095 4.61018
9.07903 -2.10857
-0.645753 1.50524
-5.03019 13.1651
-1.93489 -3.29682
1.17157 5.24264
1.2634 4.65012
-0.660322 -4.02036
0.319389 -4.89115
3.4478 4.43863
-0.730593 2.6563
3.83457 4.62772
0.757974 -1.59965
-3.21794 2.20313
2.86093 8.75786
-1.13976 1.03776
-1.34544 3.87702
10.1455 -6.67737
-5.49863 5.57821
-2.2126 10.6829
-5.35588 3.93272
4.19126 4.31498
-10.2479 0.776659
3.84247 0.353963
3.90906 1.99366
6.227 4.81365
-6.45336 -8.57868
-1.60331 -5.33476
-5.36747 0.0349965
-2.17908 2.03423
0 5
0.652898 -4.5755
-3.81747 2.84666
6.67741 -2.50728
1.4345 4.71213
6.79341 -11.5517
-3.18663 1.07107
11.7972 -8.14434
0.715985 6.4613
3.82591 -8.16563
-25.1044 2.44641
-14.4626 0.418701
7.57542 -30.45
5.48122 6.10901
-1.05718 -8.49326
6.97811 -3.83355
5.6625 14.9758
-1.29061 11.2649
3.92257 -2.22787
-8.19624 1.97975
-15.776 -3.9481
-7.19057 1.44671
4.58177 -4.4641
1.75318 -3.03899
7.24988 -7.60001
2.82843 6.41421
9.8971 7.37961
-8.46649 7.69211
-6.6005 -3.90087
5.8414 1.59382
7.95782 -12.1981
-8.54614 -9.3045
-5.44123 -22.2549
22.7233 19.044
7.28663 -15.5625
21.8664 9.15216
12.2236 -0.560398
3.32447 13.7543
-32.8362 3.67943
27.0326 -37.2476
2.17229 -27.1778
21.1407 12.6329
-41.076 17.9542
95.459 -49.7483
-68.2055 29.098
37.3211 -156.571
-138.277 79.7358
-95.7449 328.7
224.813 511.08
2921.59 474.64
