17088 18802
-2632.19 -5749.3
466.44 -851.55
-224.597 573.624
163.108 100.998
100.247 -440.469
24.2024 3.83492
-33.6155 19.0944
70.4893 9.41718
0.59987 6.06159
-74.0479 -34.9646
-53.4876 -32.3734
67.7493 61.2947
12.419 -27.8272
-24.1001 36.7541
22.9367 15.1915
-28.4873 10.5293
31.9163 7.42776
9.58573 -39.7481
0.480885 27.0954
9.05951 -11.0329
23.7192 -7.87794
-9.95033 7.43669
9.65795 14.1863
-3.0277 -2.8431
-18.7782 13.7782
-10.3994 -12.264
-2.96534 -4.4686
2.99847 4.78571
-5.61415 2.27846
13.8462 -8.53661
-10.5125 7.77631
-0.32926 -15.5013
1.83748 -4.85209
6.23464 -1.59372
-2.57591 -8.32498
7.0348 8.27314
-6.58207 -1.09786
-12.3527 3.05281
-0.713865 4.66281
-2.8642 -3.06378
-1.4031 -5.48528
3.22156 -3.44952
0.485535 -0.415626
9.40599 3.4825
-5.4765 3.21332
-1.53866 1.53042
-2.53961 -1.0439
0.824679 -5.9601
-7.29667 5.80211
-5 1
-7.07851 -4.25389
-5.88982 -1.55209
-1.76862 -4.44152
2.38236 4.66908
-0.997301 3.68033
-4.19649 -0.66004
-0.17471 2.14222
-1.10236 1.53373
2.52246 -0.708443
-4.79007 1.94465
-1.1206 2.19492
-8.41859 1.02534
8.01106 7.70933
-7.13623 -5.80483
6.44511 7.62967
4.03521 6.64994
6.05209 9.29309
11.9045 24.14
-3.89185 -10.3524
5.44564 -10.3732
-1.57612 2.60195
-5.6895 4.33303
-1.08178 -0.38679
-0.174654 0.850623
-4.19239 1.29289
-2.1687 3.28086
2.64946 3.02222
-3.74741 -1.88146
-8.49377 -1.18844
1.57862 1.46589
-0.472816 -4.06266
-1.34947 0.36521
-0.530798 1.14558
-2.99279 5.98535
2.13776 3.94377
-3.07333 -0.636137
-3.70771 3.9088
-0.891613 4.9598
3.79894 -3.63534
-2.25709 2.69412
0.484036 -1.89636
1.32989 6.77804
2.13446 3.18928
2.41506 -3.62772
-3.82301 2.68872
-7.31612 7.60639
-3.70475 -5.9028
3.99249 -4.86967
0.978624 4.45047
-2 -2
2.51716 0.164226
6.39021 3.92653
-3.1536 -0.0655813
-7.91955 0.534925
6.36633 -7.82751
1.24977 -2.25385
-1.51552 1.85249
0.726984 -2.21028
-1.26251 6.73462
3.17807 2.60872
-2.09849 2.34092
1.29616 1.33022
-1.66499 7.13266
2.96584 -1.24093
3.58911 6.36376
7.14104 -1.37649
0.850892 4.58189
2.75944 2.05648
1.84052 2.69673
1.12959 -1.61179
-0.891024 -4.96123
1.88253 1.52142
-2.85267 3.59315
4.27673 1.64924
-3.22183 -1.77817
-5.40622 0.302813
6.02218 6.97205
7.57428 -3.66141
1.53165 -1.46811
-9.63518 -2.18516
9.43609 5.45239
-10.8519 -19.6679
2.16002 -5.10944
-9.36902 -24.4637
-1.49403 -17.0925
1.77035 17.4343
-3.44324 1.91263
8.95225 -1.0028
-5.70187 -4.99914
5.79007 9.38159
1.55502 -1.80177
1.61734 1.04109
0.416551 6.00119
-0.770846 8.85143
1.29298 2.06009
2.5711 4.47645
-3.10275 -0.521892
3.33318 2.05466
7.74851 -8.24964
3 -1
3.9662 -3.27363
4.41301 -3.10869
-5.28401 -5.26658
2.1582 -7.04258
4.62751 -12.4326
11.1949 11.243
2.01434 6.6132
-4.81031 12.1936
-11.3354 0.0744084
-7.844 -3.79032
7.22556 -2.75303
11.8077 1.81316
8.37368 -1.15901
1.17767 5.118
6.41788 -1.79058
-4.54552 -11.9226
2.486 -3.21789
8.32004 -4.69817
0.903303 1.24037
-4.05987 3.45567
-15.0517 3.99874
-13.224 10.1295
1.41687 -9.68451
-11.565 -10.7118
14.1924 2.70711
3.37334 -20.4848
1.6298 7.14957
29.1684 8.90285
-8.44122 -8.49675
-8.05951 6.70666
30.5154 6.06711
-38.1305 -1.73333
12.3918 16.1044
-30.0027 -1.17169
-15.4303 21.2404
-18.135 -19.3965
19.699 12.9805
-10.954 11.4361
-1.08371 13.7644
29.5301 -32.6989
-12.8063 57.8948
42.7061 -96.1025
23.158 5.1308
-28.1044 73.2987
-232.263 -114.074
329.699 59.1579
-263.366 -328.091
-757.759 2.15271
1522.57 2392.57
