17953 21450
-3613.64 -4848.71
61.0878 -1015.59
278.708 419.446
261.232 -65.656
-355.525 -150.559
38.2913 -37.9285
104.378 32.9671
-16.5688 -73.4702
-37.7961 -48.8884
39.8816 46.0331
-7.50828 36.8957
-43.7739 -55.1422
29.9529 31.9013
18.986 -0.0972894
18.2011 7.95827
-5.85428 -0.0177288
17.3519 -4.22512
10.6826 -11.1675
-17.28 -35.2038
-2.76716 -2.9434
-13.6867 -1.05987
-17.003 1.68364
-3.81655 9.36673
2.02211 -0.344337
2.29289 3.12132
0.911434 0.408958
9.34043 -1.1361
7.33593 -0.813072
-7.9705 -1.27277
0.614553 -9.19389
2.05425 -13.3857
1.6753 3.59582
3.77768 -6.50156
-0.907341 -4.3131
7.62419 9.81383
3.83959 -6.35829
8.89388 16.363
4.52678 9.95796
-12.5473 -7.43023
-2.24997 -4.48224
0.490912 2.58168
4.72445 0.909135
-11.9694 -1.34328
-4.01362 7.0928
-4.46022 2.17411
-3.21673 -5.7624
2.15346 -7.91308
-2.74897 2.21758
1.54875 -2.76407
-4 -1
-6.38029 -0.0771118
3.21286 -0.437793
-5.21479 9.09322
-2.22747 6.33904
3.36724 8.61617
-2.56227 -5.30036
5.00364 8.25741
5.82631 5.97442
3.79992 -5.00583
-0.243407 2.11089
-3.27659 1.71626
-2.32091 0.739717
-1.04425 0.113661
3.65934 2.12903
1.11745 -1.81535
-1.30269 -5.57321
0.998251 2.64289
0.15659 -0.318989
-1.14227 0.031907
6.14938 -0.13235
-1.02685 -3.91515
-0.641637 -1.89957
-7.41029 -8.71368
2.02551 1.72495
-1.70711 1.22183
-0.218016 0.5087
-7.73442 0.44136
0.62191 0.379951
2.83155 -0.47944
1.49672 2.19665
3.44288 4.92487
0.864078 -2.03495
-2.04658 2.10135
-5.22609 -0.222986
-1.46779 1.78898
1.49241 5.1166
1.02286 -2.53515
0.430013 3.64613
2.45178 -0.278896
-2.75696 2.94557
-5.70416 -2.70201
-1.06021 0.498785
-2.92059 -9.10896
-4.56015 -1.85422
1.17007 11.9193
-0.656535 3.24488
3.4098 -0.762438
2.00592 -1.4918
-1.44156 4.00521
-3 0
1.86922 -1.00512
-7.28293 0.890253
0.524067 -0.541273
-5.01353 2.5665
6.27874 -1.14925
0.139609 -0.511452
6.12395 4.33179
-2.7822 4.01944
1.0819 6.44479
-2.66396 -2.26571
7.39289 -3.61398
1.24721 1.44504
6.06981 5.07026
2.6736 8.0789
-2.74264 4.53433
0.170288 -2.71836
-1.38898 2.51461
0.0238772 -2.80927
-2.32777 -0.392115
3.12132 1.74762
1.48533 4.20606
-6.2615 -0.0828621
2.22033 -3.59918
3.968 1.81019
3.70711 -1.12132
2.68738 0.993183
9.42123 9.69879
-1.38507 3.14895
10.9661 11.6587
1.03359 6.09644
-8.95235 -4.00978
-0.870951 1.8247
1.22137 3.14399
-1.74685 0.919644
-5.37448 -3.85056
-0.503457 2.52582
0.418641 3.59468
-2.20196 -3.32861
2.71773 0.391264
3.38931 1.83338
-9.0486 0.655504
-0.00164355 6.97351
-2.54453 8.52013
-7.48636 -2.24234
-12.5269 -5.2558
1.04989 -0.559093
5.4732 -1.92774
3.56303 -2.08387
5.57639 -5.61075
2 3
3.44817 -4.01273
8.15107 3.14036
0.167623 -1.07569
-0.821237 0.464577
-7.65422 3.97769
2.05406 -5.01208
2.05599 -1.10213
8.06982 -5.25363
0.513064 3.65752
4.63194 -9.46203
-6.99892 -2.90596
13.1369 -7.22689
-2.95962 -19.399
9.53026 -2.39899
-26.1022 -24.2063
5.49321 -9.18598
0.915365 2.20746
10.9953 0.338545
6.6917 -5.09968
-4.15821 -4.07515
4.5432 2.99563
-5.7605 -1.94432
-8.25423 1.68212
-0.518441 0.623975
-0.292893 16.7782
-6.66784 2.95019
0.797672 -0.993366
13.8487 8.56223
2.91417 -0.300663
12.6213 -11.0009
25.8204 -28.8873
-18.0364 15.9954
-12.0599 -15.2751
-8.56838 8.02936
-13.3145 17.023
-9.41839 -0.188232
-23.7237 36.9447
-23.1766 -30.0454
9.11787 4.92777
13.9 8.59194
-9.17403 -60.9694
45.4769 4.29632
-14.4862 11.6654
-103.064 25.9437
7.40871 -260.969
56.8198 167.398
191.307 -341.914
-618.278 -337.722
761.013 2468.88
