18405 23290
-4429.23 -3264.12
-243.312 -983.001
857.931 -263.444
-185.048 -226.548
-24.2739 118.468
-54.8262 -54.3699
-81.3028 -31.3491
32.9183 73.9001
57.6462 1.75315
-23.7743 -91.1608
77.6882 -2.43621
-31.2673 -43.9608
-7.7991 -4.14612
-23.4209 22.3726
-13.926 -3.50872
-5.32052 28.9028
17.6044 -9.20502
11.6157 -14.7602
-5.16799 -20.1495
4.34931 7.69363
8.83774 13.4781
-0.547969 -2.08575
-9.66223 0.579827
-1.98644 3.64972
13.8995 8.07107
-2.24872 13.1574
-3.39272 -1.95737
8.01391 4.00758
-2.49103 -8.91305
14.6482 4.3039
0.0989036 -6.85049
-5.78095 -5.82808
-7.78653 4.93791
3.00133 4.90697
-6.98801 -0.471303
3.36143 5.22558
2.06662 -3.80322
-4.5252 2.46356
-6.50866 -2.25768
2.96438 0.92174
-0.391899 0.286987
0.0350639 6.34493
7.8844 3.44323
6.61978 -8.06657
-7.10875 -7.005
-5.10204 -0.138512
-2.45246 -1.81074
-1.95426 -0.0254866
-6.99625 -5.41225
-3 -10
3.90895 5.9511
-0.0528163 5.02124
7.76993 3.44118
5.53905 0.992756
-6.59381 6.35728
0.247685 -1.22218
7.91052 -3.041
0.35649 -7.25092
-1.12138 -3.24166
-7.39623 -1.56654
-1.55061 1.89159
0.427512 3.71335
-3.41911 4.06598
3.65473 0.321299
-0.511309 0.697869
5.20935 -3.03799
-1.49651 10.1768
-7.69385 -0.63372
2.76798 2.94771
2.05998 3.02233
2.91397 4.98544
1.27932 2.30864
8.16251 1.6234
4.76094 7.27869
-4.82843 1.82843
0.494189 -1.22667
-3.28393 -1.73435
-1.68684 3.35898
5.0253 -1.59604
-5.7621 -4.36269
-2.85116 -8.26213
0.27928 -0.714307
2.22312 3.56488
2.54618 5.55138
-0.680167 -1.72157
-3.58976 4.76666
-6.8386 1.48123
0.774754 -2.99058
-1.01692 1.61778
-3.40606 3.3493
6.64878 1.00119
2.96635 1.29941
-3.23705 3.34691
0.66618 -1.02057
4.341 -4.38473
-4.18652 3.51886
-2.15814 -5.25928
-0.2654 -7.92116
3.94557 2.1116
-1 -4
2.09568 0.171135
-2.23558 0.338003
2.14539 0.87015
0.952395 4.192
0.878884 4.24015
0.887328 -0.00428314
-5.12053 2.90693
-6.18948 5.80418
-0.590881 -5.64562
4.22155 5.4332
-0.27644 5.18874
0.585746 -0.85032
0.19336 2.43376
5.00913 6.0276
-4.6122 -3.92011
2.98843 -1.67062
5.19663 6.29752
4.24625 -0.935821
-0.595926 2.36602
-2.85593 -0.109441
3.28684 4.73841
1.30165 5.96253
-3.6172 -3.27099
7.75491 -0.318326
-5.89949 -6.07107
-2.88512 7.83224
-2.06107 0.62933
-1.8714 -5.43472
-6.93 5.42103
-4.00167 0.124152
2.04879 -7.87062
-1.82867 -1.095
3.82967 0.426269
-1.50679 2.36006
-0.611561 3.90013
12.4007 3.57642
-2.92773 5.55018
-1.38161 -2.68593
2.30571 0.899699
-2.69394 -10.9056
3.99225 3.3499
-1.32462 1.39402
-4.87444 -5.67884
2.40446 -1.37363
0.726713 -3.56559
-8.68331 -9.86577
-4.55637 2.81093
-4.50103 4.11841
10.2398 14.3665
-5 -4
0.683787 0.336835
1.18989 -2.84407
13.2298 8.55833
7.623 7.97679
0.966673 -3.82651
-1.18478 -0.307559
1.8495 1.91002
-1.84756 3.44996
-9.55883 -1.13547
-9.34635 3.5504
-3.82246 5.01524
1.2645 11.3368
5.84878 -4.78183
10.2854 -1.3506
16.1425 -9.77969
-5.5831 0.140066
-9.52457 -2.85065
-1.29538 8.67253
-1.99302 10.1709
-0.817988 12.6874
2.82641 -6.17618
15.5524 -9.65948
-10.0524 -18.0547
-3.6683 3.65505
0.828427 -3.82843
0.531751 17.2675
-25.3845 -7.50754
3.58131 -4.80297
6.63629 -13.2674
-3.25914 -11.2215
-5.84864 -10.7481
-8.30904 -23.4575
-30.523 16.255
21.3018 9.98689
26.826 6.66562
1.83125 -34.8245
49.4648 1.43945
-14.0978 -18.0985
-38.3012 8.48575
-0.929757 -13.7594
-18.8978 -5.74012
4.15393 24.2723
-74.1371 -61.2042
69.1345 -184.123
91.4239 -2.14604
1.28104 -48.0919
262.104 244.842
-279.82 -694.829
-389.26 2374.8
