19344 23856
-3486.1 -4882.19
168.131 -865.11
536.828 448.555
113.245 -154.821
-258.237 -36.6937
-9.91001 -2.01289
107.908 -76.7569
-93.4166 -10.3843
43.3565 45.5132
44.7591 9.99499
6.792 -25.3183
-49.0395 10.0869
50.7909 -44.1687
-6.16508 -46.5251
-21.3187 5.23329
-8.80461 -8.44037
-1.18541 11.1367
-3.5962 3.74533
5.33004 -1.87121
-2.93564 -23.2508
19.8899 20.2176
5.73544 -10.6367
-1.51537 -11.2719
-4.35266 2.20852
3.87868 -8.53553
5.721 -3.389
-6.50348 -12.465
-8.60023 1.02174
-7.87721 15.077
9.36673 -10.3127
8.37487 24.2498
-0.54439 9.58265
-1.37115 -6.74529
-0.873482 0.864993
14.8901 1.32365
-2.69783 3.84991
-2.97549 6.77041
15.9264 7.51973
-16.9806 -2.89422
-6.30188 5.2696
1.82003 -4.27979
13.3278 2.85893
-3.74283 -0.953478
1.80838 5.43737
-4.13008 3.02928
-5.56057 1.3087
-6.98339 0.0312373
1.81885 0.804007
0.896444 7.92019
3 7
-8.09569 -3.21598
-0.835435 -1.59602
-2.36439 -2.14973
0.0276248 2.13663
-4.38135 1.21855
-1.91206 1.0569
-3.55893 -1.82638
-1.83303 -0.0350411
-0.216541 -3.49181
-1.00531 -5.04531
-4.52948 -11.1012
-0.885079 -4.31887
4.77868 5.13853
1.50914 -2.09457
-0.300647 -1.1455
-0.147462 -4.17192
3.61922 -1.2842
2.52518 0.270169
-3.56306 2.3889
-2.15195 0.055389
0.992006 7.83789
-8.3224 4.40122
0.256997 -0.471136
-2.26272 0.189306
-7.29289 -3.94975
2.29111 -2.03479
-4.68922 -3.16226
-1.46556 3.64753
1.8214 0.332676
-2.36562 -3.03498
6.82422 4.36404
2.98635 3.49409
-5.36057 4.53489
-1.24623 -1.14908
0.955501 -1.16779
1.64811 -1.20656
4.93434 3.51262
-3.47733 -2.33445
-8.48431 3.98056
-3.30826 1.03945
1.49734 11.6622
-1.024 1.21781
-1.78293 -1.59503
-0.977568 8.8944
2.20125 1.66332
0.376283 2.07327
-2.29484 3.61259
1.43874 6.64486
-0.934832 -6.78043
-4 -2
0.032701 -6.31324
6.07581 -1.72306
-1.46583 1.55623
2.96557 5.68556
6.15973 5.18142
-0.5397 3.33912
0.0111117 3.58218
1.52804 3.47914
1.55901 -1.28252
-8.0333 3.28294
-4.79374 -6.04131
1.31964 -6.36381
5.58619 -2.72203
2.54348 5.25945
-0.521381 5.68914
-2.15529 0.752668
-2.4173 -3.10422
2.89226 -1.59007
3.82943 -1.59506
5.69186 1.94481
-5.78078 -5.93024
-0.870759 0.841586
3.36567 -0.22617
3.17757 -3.793
8.12132 -1.46447
1.5815 -0.347909
1.56839 3.0405
5.62977 -0.015691
-5.16905 5.74122
-2.36414 -3.89867
-0.242186 1.80786
-4.19226 0.894943
6.81714 -0.745737
-3.93743 1.24533
-0.827077 2.25237
-3.44256 2.00073
-0.167359 -7.62679
-3.20809 -0.218398
3.64895 3.38354
1.62334 -6.39239
10.6562 4.99957
6.46592 6.0776
-1.18213 -0.780544
2.88391 4.27272
2.6268 0.594489
4.10733 2.53547
4.75686 0.999866
0.534137 -2.50095
-6.04826 -1.73032
-3 3
-4.54714 12.661
3.28058 3.05393
-1.26952 -0.0642218
7.45885 7.54112
1.51732 -3.85257
8.06432 1.42059
3.81118 0.415836
0.306677 12.146
-5.64653 0.355156
-6.02436 4.82057
17.5156 -1.06316
-13.2646 -7.79966
-0.155173 6.28037
4.12016 7.04755
1.26224 10.6901
-3.41906 -8.52096
-7.39543 9.79127
8.24621 2.44645
0.56377 -9.37276
-12.0867 -14.1358
-23.7818 -10.1009
7.65134 -14.2359
10.7824 -4.76217
8.13081 -8.89779
-8.70711 5.94975
0.111137 7.10984
3.72257 -12.8787
-9.39789 -26.1841
-0.504664 10.2324
1.31761 -8.31146
15.9342 -14.5395
-35.1004 9.64204
6.12311 14.1042
9.93635 -15.7824
39.6634 -0.488271
-4.25201 -26.8076
-24.1796 -3.06211
14.8215 -37.0067
-36.872 -2.63628
-36.1815 -56.0256
6.79496 13.4066
51.1951 -14.2801
-2.63 66.5161
-70.4685 -28.5982
64.4399 -145.528
-84.9764 26.6588
390.318 -86.1971
-566.37 -331.838
-28.7475 2561.05
