18233 21298
-3636.51 -5142.58
60.9399 -931.29
374.578 422.825
201.855 -116.199
-269.871 -92.1789
-8.46009 -43.2735
139.407 52.2901
-59.7741 -62.7989
-43.8039 -13.6428
36.7784 34.3725
15.8434 43.188
-71.8517 -83.2988
33.6791 22.1703
35.934 -17.6153
-13.8556 -19.6133
-1.05841 -10.8229
6.72285 0.480564
-3.84783 5.00882
5.66232 -10.1925
5.71493 8.95823
41.3795 4.70937
-7.61759 -0.115639
1.70313 -6.80056
-3.54201 -10.1353
3.41421 -12.0711
-10.9291 -0.140804
5.90196 -4.0255
-0.494599 9.04268
-3.71352 2.90103
-9.44935 -2.87558
15.4791 -0.402909
-13.9972 9.18883
2.62451 -9.41928
-8.75933 2.2519
3.17789 -2.01339
-9.40664 7.93315
8.54883 -7.47738
3.07126 2.10355
-6.95869 -0.610757
1.9294 6.68181
-1.46814 -5.63086
9.42543 4.53706
-0.532036 -6.51822
-4.82662 -4.26367
7.63497 12.8365
-0.608007 2.22099
11.5462 20.2325
-1.43353 0.954368
2.9946 -2.81718
1 -2
-0.14701 6.39905
2.15368 -4.34189
-4.75784 3.92731
4.7911 3.71781
-2.26044 1.43799
-4.69035 3.70955
0.940567 5.08106
4.20184 8.33772
-7.80748 1.57476
-2.09435 0.913112
-6.29174 -3.30148
-3.26399 -3.62186
-5.94674 2.84888
-3.11726 -2.55861
-1.50395 -3.79926
-1.24539 3.54539
-3.6452 1.27959
0.437367 0.426862
2.55453 -1.52075
-2.22441 3.04276
-4.89351 1.58135
-2.87746 -1.24903
-5.17898 2.76479
3.80302 -2.3589
-3.65685 0.171573
2.94806 1.13726
-5.87635 -6.03554
0.99692 -3.71209
-3.14876 5.71833
1.05847 -0.0839267
2.64879 4.26227
0.42245 -0.462755
-4.95725 1.8043
1.78588 -3.07484
-0.0317794 -5.08324
-0.812818 -5.28671
1.40086 4.00256
-5.22812 -4.56629
-0.675202 6.46201
6.72814 6.22428
4.67738 -3.04841
-4.77534 -0.634367
-9.5989 -19.0903
0.383439 1.71258
2.12613 4.8281
-3.2514 -2.43756
-2.865 3.96455
-4.15849 5.19753
4.27536 -3.53011
-1 0
-0.517239 6.37316
-1.08836 2.37556
0.0504555 -2.63624
2.86923 0.56987
3.90148 1.10707
4.83556 0.69642
-3.23768 11.7298
-4.24192 2.06972
2.19092 -5.49157
-1.43814 4.0583
-1.22602 0.618432
9.6653 1.98728
8.31018 -1.36228
-1.42517 4.4978
-5.30015 -2.34273
-1.70885 -1.71204
1.81206 -5.03521
-2.28827 -1.72534
3.43535 2.02958
4.41367 2.99376
0.334727 3.30009
1.21107 3.74838
5.23201 6.89347
-0.428456 2.82231
0.585786 2.07107
-0.29627 3.8462
-0.853233 3.72775
-1.57586 -2.26584
0.561411 -2.28705
7.91827 1.46097
-3.20925 -3.57904
1.03141 5.33542
-1.78093 -1.92394
7.28414 5.27038
-2.20246 -2.87962
-0.267619 -3.57778
1.66907 4.88101
6.76723 -7.15983
9.49968 19.5176
2.33042 -0.711486
2.02075 -2.46551
1.76462 5.36919
-2.25741 5.32124
10.8216 4.22037
-4.00964 2.05494
3.22614 0.651927
3.83557 4.22526
-2.63088 1.78703
4.29742 2.28114
-1 -4
-3.89827 5.66628
2.10971 7.28242
-3.61878 -16.6444
-4.90315 -4.05983
-17.6422 -16.3973
5.54859 -10.0628
9.99708 9.89263
-10.376 -2.75584
-3.10437 -0.052627
-5.40154 7.40836
11.1316 -0.444907
-6.75553 0.016174
-11.0241 0.913913
1.8863 1.15688
1.72536 1.74792
-5.41188 -10.2025
6.27294 -3.16828
8.80382 -6.65627
-0.177243 -6.27793
-2.42484 -10.0577
11.6725 8.4282
-5.62461 -3.20235
5.80717 1.73046
6.14764 -6.22597
7.65685 5.82843
-15.8127 -22.4813
7.91799 -8.83439
-3.76337 -11.3275
-5.65749 4.13966
-9.951 15.8401
-4.30648 -0.184959
-6.07294 20.4084
14.3944 -20.7971
-23.1315 1.15299
28.1548 -46.6851
-20.9442 21.0296
-18.951 7.81721
-27.8888 -30.4467
21.973 -10.9544
-25.8881 49.7745
18.4566 -106.831
45.4877 60.4841
-12.6683 16.3012
-78.1011 -32.7196
21.9569 -209.02
46.2319 175.526
243.695 -288.057
-674.077 -352.49
598.131 2767.42
