19412 21161
-3695.02 -5465.79
56.3797 -1179.7
412.93 552.189
285.721 -48.5882
-307.738 -144.157
8.43351 -92.2599
142.011 26.2858
-60.3681 -83.9326
-20.5875 -24.2461
-27.6725 64.6769
72.4576 11.9398
-103.736 -26.7848
50.8715 -13.5814
10.889 10.7826
9.97002 2.12637
-31.8982 -15.9027
-16.4214 -11.8732
-5.85554 3.63122
-22.3946 -19.005
11.3455 3.2595
6.45495 -4.89736
1.45075 18.7544
-15.4536 -7.73312
-3.02497 -3.57056
3.29289 -1.87868
-13.1341 7.32317
2.84848 -1.40254
-7.10958 12.5765
-3.2982 1.02048
-5.84235 -2.41286
-2.99427 -3.53823
3.45487 -0.698903
-5.34074 7.1945
-2.00073 -3.30497
2.60203 4.76595
9.43038 -1.15907
-6.26341 -1.15625
7.73655 -9.59675
4.0283 8.22902
0.0877853 -6.48604
-0.0699709 11.5139
4.34141 -6.20022
-0.291515 -1.30054
-8.21779 2.50581
0.283131 -1.92516
4.70743 4.18628
-9.01724 6.48597
-6.02798 -1.86783
-2.42226 -3.58762
-5 -6
5.47384 -0.653833
-1.49742 1.65737
5.45243 -6.84864
-4.30623 0.898241
4.21397 -1.59475
-9.50453 -7.87894
1.07839 1.20441
0.660583 0.313453
2.65905 2.44445
-7.5291 -2.7797
-1.6765 0.00477026
-6.802 4.05083
-2.01959 -4.68744
-2.23271 8.57499
-1.61928 -0.102495
-5.11501 -5.54071
21.45 27.3287
0.518243 6.55454
-2.00469 -4.62484
-9.30355 9.06533
-0.416049 -3.99321
-0.90816 2.19098
10.1703 3.54136
5.95691 -3.30355
-8.70711 -4.26346
-3.6445 0.160343
9.04187 -0.136717
1.29065 6.09857
-0.479508 -6.35375
-1.45106 1.73279
2.58226 5.39326
-0.0481746 2.08303
5.11664 -1.85708
-2.41167 -0.719253
-0.237368 5.25722
3.92797 2.95758
-5.30684 3.71231
-2.19473 -6.90455
0.432606 3.44019
-1.59798 3.57229
0.853587 -2.88001
3.07176 -5.64064
-1.44631 -1.85228
6.33102 1.73948
-3.45725 0.546373
-2.43552 -1.16184
0.270526 3.58035
1.28241 2.85168
-4.82827 4.06092
-4 -1
0.759515 -1.40169
3.16973 -2.81815
4.79154 1.80751
2.45627 5.88775
-0.0332922 -2.99104
0.497541 0.147478
3.06117 0.670127
-4.74033 3.83701
-7.27755 -5.4796
3.2858 1.21307
-4.4532 4.13147
1.13781 -6.85147
3.49122 -0.320419
-2.11953 -4.21422
3.27505 5.73189
9.64105 -0.0940015
-2.91168 3.07566
-2.27656 2.96709
-3.84167 10.7003
0.451057 3.35738
-3.89629 -8.96453
-3.75146 2.7249
-5.16211 1.12777
4.04091 2.00263
4.70711 -6.12132
-8.88921 -8.2452
-3.42837 5.37633
4.19221 1.55714
-4.18183 2.10735
2.30677 -1.34908
7.5821 0.0297851
11.9234 -0.982866
-16.0822 -21.8173
-2.3164 -2.98927
-10.8603 -12.4176
-3.39875 -6.62739
11.1961 4.81811
10.3081 2.88428
-1.77407 -0.248239
-1.65124 -7.31047
10.4716 3.57555
-3.69781 2.01629
-0.803704 -1.62481
3.33652 -8.85845
10.7833 -0.188705
-3.95482 3.77849
-3.30489 -9.32485
-0.112249 4.01348
2.02779 1.31364
-3 -2
1.75993 -4.4324
-0.463086 0.625332
8.8674 -4.85803
-1.90727 5.41357
6.13631 -4.48475
3.58612 10.9704
0.169109 -11.5813
-1.14205 2.48898
0.565365 2.71915
-1.08779 0.39587
0.425207 3.05985
-5.74801 4.1888
-1.7793 -11.591
-10.3943 4.91555
1.20869 1.23605
1.75611 -0.0232215
0.240337 1.85331
-3.48488 2.10307
9.2102 -0.821382
1.96374 -10.9001
-2.47893 11.9711
6.99371 -1.27891
4.37142 2.71173
21.0573 -8.05476
-7.29289 28.2635
7.74964 -14.4169
-0.905675 -0.171728
2.77537 1.29884
-3.83345 2.52988
1.83489 -2.16933
19.3853 -6.61493
-4.61716 12.2716
25.9284 -12.5402
-13.4084 -31.7755
39.3531 0.871601
-27.5857 3.24992
-7.43321 17.7481
-11.8366 -32.6649
12.4046 18.2443
-25.1399 -25.8655
76.7733 -30.4492
57.0227 -15.4916
46.2226 49.908
-180.982 -62.6224
74.1201 -168.674
-81.2268 203.719
224.449 -425.08
-646.703 -250.225
640.964 3020.27
