19614 23294
2411.99 -5673.16
821.744 583.366
-643.694 -452.371
-213.29 -49.0796
-118.705 128.562
-110.647 -10.6969
140.547 107.873
66.7118 -54.8776
-16.1134 -1.29441
12.1159 -30.6847
-2.29932 -51.054
-46.9176 14.6927
34.8031 5.28763
-8.01575 25.1213
-16.9794 -11.2606
2.91957 3.81762
10.1023 -18.0173
-17.3007 -31.2796
-22.5392 -14.4253
14.1601 20.7772
-14.6386 -0.178417
8.24043 -8.89105
4.29209 7.8356
6.74729 13.4091
4.12132 6.53553
-7.76264 -10.2153
-15.3302 5.33039
5.01768 5.59769
-0.195103 10.283
-9.09295 -6.23975
3.3111 6.36703
6.88351 -8.58557
-0.370636 -8.10362
-0.65203 -1.02303
2.22657 4.20227
-4.26252 3.09953
-5.29553 1.58714
1.49071 14.2601
3.59648 1.76482
1.98459 0.128136
-8.85984 28.1701
-14.3432 -4.46686
11.5007 8.11713
6.45245 1.06596
4.35334 -1.16267
6.8454 -10.4512
-5.04193 3.17338
-0.65081 3.85318
0.312442 -2.00369
1 5
4.00853 -1.38797
4.73089 -5.46961
-5.87786 -1.02687
2.22254 -6.72522
-2.47697 0.603763
2.99138 3.55408
-3.32958 8.17778
1.38207 3.55274
1.66625 5.88184
3.75258 -7.15666
-5.1121 1.66808
-1.01393 5.04969
-3.10298 -0.789922
-3.3764 -2.12683
-1.03482 -0.638954
-1.52612 5.70056
5.3403 -3.02867
-0.446919 1.2368
0.226353 4.96389
-2.44807 3.20531
-2.30007 -0.565958
-4.62695 3.33154
-4.59326 3.79701
0.561889 3.60388
-1.53553 -3.36396
-3.35099 0.419066
3.2723 -0.762038
1.57638 -7.98888
-10.6488 -5.3721
-2.21113 0.157452
5.97386 -10.5506
7.76256 4.215
-8.09943 -2.05117
-2.04414 4.99413
-1.45489 5.31903
-3.01782 -0.486392
8.91382 1.41515
-0.0228233 -6.36462
6.29489 3.59105
-0.643813 -8.58585
-2.72834 -3.56103
-3.65581 3.03203
1.26991 1.46701
1.5494 -0.230491
-0.618752 4.47414
0.178069 2.03176
3.18921 -3.1587
0.26744 -2.36051
-6.29832 -2.47021
2 4
1.55379 1.4415
1.45906 -2.50065
0.806455 0.345539
-2.84353 5.54183
3.30237 0.289101
-2.43664 -3.72357
-4.84877 4.66265
4.37162 -3.09719
-3.16411 -0.292818
3.37356 -6.98772
-0.375177 1.28207
-2.12795 0.345761
-2.20861 -3.33962
-0.198739 -5.3861
2.20474 9.89741
-2.40175 2.66226
-3.59831 1.8213
-0.339105 7.94845
7.17929 5.86596
1.5931 0.60648
-2.08441 9.4185
-7.11232 -4.13434
7.43749 2.27761
6.77876 0.0184205
-0.12132 -0.535534
2.87046 -1.0416
1.38491 1.99379
2.91408 6.65251
-4.19544 0.550352
5.20692 2.64984
0.730467 3.91495
0.383725 3.422
-0.0484419 -4.25975
-0.0295053 -2.00225
1.75785 2.17405
3.02287 -1.21792
0.554866 2.88357
-0.307094 4.89909
6.15596 5.0969
-0.606679 -2.73189
-1.57363 -2.29298
-6.53242 1.04298
8.16268 8.47746
-7.74573 -1.98417
-0.796281 3.10201
2.75836 1.72176
6.06046 -5.85216
0.984325 0.764188
1.14023 -1.29666
-9 -3
-0.937778 0.0242399
0.0582748 1.00652
-10.4624 3.26653
1.96826 1.24622
-3.26982 -4.32945
-0.24388 -3.1858
7.66335 9.32782
1.12947 -13.4245
-10.5306 -5.49543
-0.366554 5.10793
7.95364 -20.8506
12.441 9.51999
-6.37653 -7.25217
-9.58416 6.22044
7.28866 5.59911
-1.44763 -4.25651
-3.72377 -7.89136
-2.94996 -7.46629
13.9884 5.94738
-2.67905 -8.37933
-6.05727 11.7048
10.5191 11.4313
3.2684 1.78285
-1.85488 -2.73112
5.53553 9.36396
-9.10275 7.81252
-1.55856 -4.19983
-2.31992 -0.991238
0.448996 -10.7517
-4.306 5.11131
20.4961 12.806
8.78886 -21.221
-2.04639 -21.2683
21.7584 22.4244
13.047 -27.0694
-7.18182 -2.08241
-26.5278 16.7242
-1.27382 -33.0689
-38.5348 -14.7145
52.1675 33.0222
0.623534 -3.72973
4.2617 -41.1578
42.0212 48.7716
-77.7441 -87.162
143.156 -71.7616
-16.767 -34.7554
-354.262 232.488
186.725 694.225
2531.34 999.19
