18424 21697
2775.28 -5447.04
619.838 748.987
-366.026 -630.334
-142.024 -186.989
-203.534 8.39799
-14.5719 -42.1033
-23.6395 155.431
71.7031 19.7748
-39.2004 40.6432
89.3663 33.779
28.9668 -15.3823
-25.664 -70.7845
5.74122 -10.6607
-31.2635 17.155
-1.13112 7.67966
-18.793 1.29648
-10.3664 17.4629
10.9999 11.1425
20.9715 -22.9036
-28.0803 25.6903
15.6237 3.92733
-6.47536 -6.52742
-5.27875 -8.96683
0.183346 -8.22334
-8.82843 1.24264
-6.01568 16.7208
4.78285 -19.6962
-3.47223 8.54549
-1.60401 4.63968
9.47664 -6.11633
11.9557 -3.21395
-3.61396 1.61378
-12.759 2.91485
-4.04253 2.66242
-3.20379 -1.37223
-4.96685 -8.84533
-4.9254 4.45344
-0.826322 3.90607
8.82292 4.85683
7.6424 8.11882
6.27175 -1.02541
-19.3482 16.3225
-0.147616 -12.9002
-3.54835 2.84571
-4.275 -7.41282
1.70352 1.80613
0.4743 -8.37289
1.30264 -6.84815
7.04923 -4.08471
6 -3
0.890517 -5.05209
-4.47837 2.74038
6.45573 4.99186
0.805718 0.284524
2.03336 0.224011
5.0813 5.04289
0.634227 -3.95292
-2.24897 -9.22117
-4.76469 4.7391
-4.60835 1.94085
3.96967 -1.6556
-3.30966 0.281374
1.05844 3.54708
-0.57694 -1.38652
5.1144 -0.304914
-0.615521 3.96587
3.9608 -2.43825
0.237801 -1.9164
-2.89049 2.57139
-1.27501 -0.793503
-3.56273 1.01231
-7.64481 5.83511
-2.87162 1.17412
5.0622 2.4168
2.82843 -2.41421
-5.09669 3.22549
1.49602 3.46247
1.50608 -5.80558
0.851758 0.750468
-6.30989 -2.59773
-9.41658 -8.8744
-5.17931 -4.00388
6.25328 -10.8361
-0.702201 13.3357
3.50788 -1.62845
-0.193465 3.69478
-0.429061 1.86374
-2.92714 3.38636
3.59608 1.09304
-8.49904 7.25543
-0.992798 -4.46196
1.54933 -0.528968
1.01869 -1.65116
0.548495 0.561003
-0.870182 5.85545
0.814214 3.58205
5.4894 -4.03219
-4.44654 3.55486
-1.4182 4.58346
4 5
-2.07841 3.22939
-4.99358 2.44842
3.3874 1.03735
0.662094 -0.0506227
0.417401 -0.443813
2.4714 7.48742
-3.69218 -1.59309
-1.99212 -4.65189
1.69842 1.84599
1.32104 3.76768
0.797589 6.23382
2.54379 3.89643
-1.24331 -7.31567
3.64153 2.15642
-0.393547 3.72693
1.00512 6.71053
0.132049 -1.34679
-1.39189 -2.84626
-1.81773 9.01083
1.74759 -0.312101
2.34083 9.96892
10.5445 6.85652
7.37972 -1.73953
-3.12188 10.0107
-3.17157 -7.24264
-6.67158 4.14425
-0.730764 1.31588
4.46157 0.168344
7.11886 -2.74519
1.68252 8.30116
1.72012 -0.535461
2.4558 -2.61614
-2.35002 1.76259
-0.462439 3.72134
-1.7011 2.39521
-1.47691 -3.6347
-1.62104 -1.75194
-1.3164 -0.315696
-1.02367 -2.51983
2.93459 2.73291
1.79603 3.69776
1.802 -1.32374
3.96396 -1.69659
4.16426 0.715364
-6.70338 5.75044
-6.18997 -4.28272
3.55544 0.460155
-4.97282 -4.42551
-7.20594 -3.72198
-6 5
-3.73091 -5.94184
-0.0319237 -3.26526
3.15373 -2.93221
6.90965 1.94545
5.16748 -2.80025
0.975674 -14.99
-10.1581 -11.5297
-2.04386 -0.32145
4.82603 1.91186
7.91991 -22.209
0.498438 5.13309
6.40996 -6.37448
-8.29696 -13.6072
-9.33852 -7.28727
7.6201 -3.32729
1.61967 9.5865
13.3842 4.38956
10.0102 1.01866
-8.30824 7.55587
-3.54977 3.66439
3.87635 -21.8347
-5.92493 1.82158
-1.02935 -0.829718
-4.11311 -0.268575
-2.82843 0.414214
6.35737 11.2133
3.2079 -18.0233
14.1491 17.4535
11.8236 2.24086
10.754 -5.36406
-20.7608 1.30744
13.9693 -4.80383
-15.9996 -22.2132
1.22354 26.4451
-20.1472 24.9689
26.8245 5.85587
40.7921 0.595287
-34.4761 -26.102
14.947 25.1855
31.4773 -21.8578
-31.4171 3.81647
-33.4428 9.41994
64.2529 28.1573
-192.448 -48.3303
90.0989 -93.7088
-66.4447 -50.0986
-112.98 387.994
519.362 561.411
2748.47 438.444
