95 51
96 50
98 50
99 50
100 51
101 52
101 53
102 54
100 56
101 57
101 59
101 60
101 61
100 63
100 64
100 65
98 67
98 68
98 69
98 71
99 72
99 73
99 75
99 76
99 78
99 79
98 80
99 82
100 82
101 82
103 81
104 81
105 81
107 80
108 80
109 81
111 83
112 83
113 84
115 86
116 87
118 87
119 86
120 87
122 88
123 88
124 87
123 89
123 90
122 91
122 93
122 94
122 95
124 97
125 97
125 99
126 100
126 101
126 103
125 104
125 105
125 107
124 108
125 109
125 111
125 112
126 113
126 115
126 116
125 117
126 119
126 120
126 122
126 123
126 124
125 126
125 127
124 128
124 130
123 131
122 132
122 134
121 135
121 136
121 138
120 139
120 141
120 142
120 143
120 145
119 146
119 147
119 149
119 150
118 151
118 153
118 154
118 155
118 157
117 157
115 158
114 158
113 158
111 158
110 159
109 159
107 159
106 159
105 159
103 159
102 159
101 159
99 159
98 159
97 159
95 159
94 159
92 159
91 159
90 159
88 158
88 157
87 156
86 154
87 153
87 152
87 150
87 149
87 148
87 146
87 145
87 143
87 142
87 141
87 139
87 138
87 137
87 135
86 134
85 133
85 131
85 130
85 129
83 127
82 126
83 125
83 123
83 122
84 120
85 119
85 118
84 116
84 115
84 114
85 112
86 111
86 110
87 108
86 107
86 106
85 104
85 103
86 101
86 100
86 99
86 97
86 96
87 95
87 93
87 92
87 91
87 89
86 88
86 87
86 85
86 84
87 83
87 81
87 80
88 78
87 77
87 76
88 74
87 73
88 72
89 70
89 69
89 68
89 66
90 65
90 64
91 62
91 61
91 59
91 58
91 57
92 55
93 54
93 53
94 51
