120 71
121 70
122 71
123 71
124 72
124 73
124 74
123 75
123 76
122 76
121 77
120 79
119 80
118 81
117 82
116 82
115 83
114 84
112 85
111 86
110 86
109 87
109 88
108 89
107 89
105 90
104 91
104 92
104 93
103 94
104 95
105 95
106 95
108 94
109 93
110 94
111 93
112 93
113 93
114 94
115 96
115 97
115 98
115 99
115 100
115 101
115 102
116 104
116 105
116 106
116 107
116 108
115 109
114 109
112 111
112 112
112 113
112 114
112 115
112 116
112 117
111 119
110 120
110 121
109 122
109 123
108 124
108 125
106 127
106 128
105 129
104 129
103 130
102 131
101 131
99 132
98 133
97 134
96 135
96 136
95 136
94 137
93 137
91 137
90 138
89 138
88 139
87 140
86 140
85 140
83 142
83 143
82 143
81 143
80 144
79 144
78 144
76 146
76 147
75 148
75 149
74 149
73 150
73 151
71 152
70 151
69 151
68 150
67 150
66 149
65 148
63 147
62 146
61 145
60 144
59 143
58 142
57 141
55 139
54 138
53 137
52 136
52 135
51 134
50 133
49 131
50 131
51 130
52 130
53 129
54 129
55 128
55 127
57 125
58 124
59 124
60 123
60 122
61 122
62 122
63 120
64 119
64 118
65 117
65 116
66 115
66 114
67 112
68 111
69 110
70 109
71 108
72 107
72 106
74 105
75 105
76 104
77 103
77 102
78 101
79 100
81 100
82 99
83 99
84 99
85 98
86 98
87 97
88 95
88 94
89 94
90 93
91 92
92 92
93 91
94 90
95 89
96 88
97 88
98 87
99 86
100 85
101 84
103 82
104 82
105 81
106 80
107 80
108 79
109 79
110 77
110 76
111 75
112 74
113 74
114 73
115 72
117 72
118 72
119 71
