114 52
115 51
117 51
117 52
118 53
118 55
118 56
117 58
117 59
117 60
116 62
115 63
114 64
114 66
113 67
113 68
112 70
112 71
111 72
109 74
109 75
108 77
107 78
107 79
107 81
107 82
107 83
107 85
107 86
108 87
110 86
111 86
113 84
114 84
115 84
117 84
118 84
119 84
121 85
122 85
123 85
124 87
124 88
124 89
124 91
124 92
125 94
125 95
126 96
127 98
127 99
127 100
128 102
128 103
129 104
130 106
130 107
132 109
133 110
133 111
132 113
132 114
132 115
130 117
129 118
128 118
126 119
125 120
124 121
123 123
124 124
125 125
125 126
124 127
122 129
122 130
121 131
121 133
120 134
120 135
119 137
119 138
117 140
117 141
117 142
116 144
115 145
115 146
114 148
113 149
112 150
111 152
110 152
109 153
108 155
107 156
106 158
105 159
104 159
102 159
101 159
100 160
98 159
97 159
96 159
94 159
93 159
91 159
90 159
89 158
87 158
86 158
85 158
83 157
82 157
81 156
79 156
78 155
77 155
75 154
74 154
73 152
74 151
75 150
76 148
77 147
77 146
77 144
78 143
78 142
79 140
80 139
80 137
80 136
80 135
80 133
80 132
80 131
80 129
80 128
80 127
79 125
79 124
80 123
80 121
81 120
81 118
82 118
83 117
83 115
82 114
82 113
83 111
83 110
84 109
85 107
85 106
86 104
87 103
87 102
88 100
88 99
88 98
89 96
90 95
90 94
91 92
92 91
92 90
93 88
93 87
94 85
94 84
95 84
96 82
97 81
97 80
98 78
98 77
98 76
98 74
99 73
99 71
99 70
99 69
101 69
102 68
103 67
104 65
104 64
105 63
106 61
106 60
106 59
107 57
108 56
109 54
110 53
111 53
113 52
