97 52
98 51
100 52
100 53
100 54
101 55
101 57
102 58
102 59
102 61
102 62
102 63
102 64
101 66
101 67
101 68
102 69
101 71
101 72
101 73
101 75
100 76
100 77
101 78
101 80
102 81
103 81
105 81
106 81
107 81
108 81
110 83
111 84
112 85
114 87
115 88
116 88
117 87
116 88
115 88
114 89
114 90
115 92
116 93
117 94
117 96
118 97
119 98
120 98
122 99
122 100
123 101
124 103
124 104
125 105
125 106
125 108
126 109
126 110
127 112
128 113
128 114
128 115
128 117
128 118
128 119
128 120
128 122
128 123
128 124
127 126
127 127
127 128
127 129
126 131
126 132
126 133
125 135
124 136
124 137
124 138
124 140
124 141
124 142
124 144
124 145
124 146
124 147
124 149
124 150
124 151
125 152
125 154
124 154
123 155
121 156
120 156
119 156
118 157
116 157
115 158
114 158
112 158
111 158
110 159
109 159
107 159
106 159
105 159
103 159
102 159
101 159
100 160
98 159
97 159
96 159
95 159
96 157
96 156
97 155
96 153
96 152
96 151
96 150
95 148
94 147
94 146
94 144
94 143
94 142
94 141
94 139
94 138
94 137
93 135
92 134
92 133
92 132
91 130
91 129
91 128
91 127
90 125
90 124
90 123
89 121
89 120
88 119
87 118
87 116
87 115
86 114
86 112
86 111
87 110
87 109
89 107
90 106
91 105
92 103
93 102
92 101
91 101
90 99
90 98
90 97
90 96
91 94
92 93
92 92
93 90
93 89
92 88
92 87
92 85
92 84
92 83
93 81
93 80
93 79
93 78
93 76
93 75
92 74
91 72
92 71
92 70
92 69
93 67
93 66
93 65
93 64
93 62
92 61
93 60
94 58
94 57
94 56
95 55
96 53
