84 53
84 52
86 52
87 52
87 53
88 55
89 56
89 57
90 58
90 60
90 61
90 62
90 64
90 65
90 66
91 68
91 69
91 70
91 71
92 73
92 74
93 75
94 77
94 78
95 79
95 81
96 82
97 83
98 81
98 80
99 79
100 79
101 77
102 77
103 77
105 79
106 80
106 81
108 83
109 83
110 82
112 81
113 81
114 81
115 81
117 82
118 82
118 83
120 85
120 86
120 87
121 89
121 90
122 91
122 92
124 94
124 95
125 96
126 98
127 99
128 99
128 101
129 102
129 103
130 105
130 106
131 107
132 108
132 110
133 111
133 112
134 114
135 115
135 116
135 118
135 119
135 120
135 121
135 123
135 124
136 125
136 127
136 128
136 129
136 131
137 132
136 133
136 135
136 136
136 137
137 138
137 140
138 141
138 142
140 144
139 145
138 146
136 148
135 148
134 149
132 150
131 151
130 151
129 152
127 153
126 154
125 154
123 155
122 155
121 156
119 156
118 157
117 157
116 157
114 158
113 158
112 158
110 159
110 158
110 157
110 155
109 154
109 153
108 151
108 150
108 149
108 148
107 146
107 145
106 144
104 142
103 141
103 140
102 138
101 137
101 136
100 135
99 133
99 132
98 131
98 129
97 128
96 127
96 125
96 124
95 123
94 121
94 120
94 119
93 118
91 117
90 116
90 115
89 113
89 112
90 111
91 109
91 108
92 107
92 106
92 104
92 103
92 102
93 100
93 99
93 98
93 96
92 95
92 94
91 92
90 92
90 91
89 90
88 88
87 87
87 86
87 84
87 83
86 82
86 80
85 79
85 78
85 76
85 75
85 74
84 73
83 71
82 70
82 69
82 67
82 66
83 65
82 63
83 62
82 61
82 60
83 58
82 57
82 56
83 54
