115 51
116 50
118 50
119 51
120 52
121 54
120 55
120 56
119 57
118 59
118 60
118 61
118 63
118 64
118 65
117 66
116 67
115 68
115 70
114 71
114 72
113 74
113 75
113 76
113 77
113 79
113 80
114 81
116 81
117 80
118 81
120 81
121 82
122 83
124 85
125 85
125 86
126 87
128 87
129 88
130 89
131 91
131 92
132 93
132 95
132 96
132 97
133 99
133 100
134 101
134 103
134 104
134 105
134 106
132 107
132 108
131 109
131 111
132 112
132 113
132 115
131 116
131 117
131 119
131 120
130 121
129 122
129 124
128 125
128 126
127 128
127 129
127 130
126 132
125 133
124 134
123 136
122 137
122 138
121 139
120 141
119 142
119 143
118 145
117 146
117 147
115 149
115 150
114 151
114 153
114 154
113 155
113 157
112 158
111 158
110 159
108 159
107 159
106 159
104 159
103 159
102 159
100 160
99 159
98 159
96 159
95 159
94 159
93 159
91 159
90 159
89 158
87 158
86 158
85 158
83 157
82 157
81 156
82 154
81 153
82 152
82 150
82 149
82 148
83 147
84 145
84 144
84 143
84 141
85 140
85 139
85 137
85 136
85 135
85 133
84 132
85 131
84 130
84 128
84 127
83 126
85 125
85 124
86 123
86 121
86 120
87 120
89 118
89 117
89 116
89 114
90 113
90 112
90 111
91 109
91 108
91 107
92 105
93 104
94 103
95 101
96 100
97 99
97 97
97 96
97 95
97 94
98 92
99 91
99 90
100 88
100 87
100 86
100 84
100 83
100 82
100 80
101 79
101 78
102 77
103 75
103 74
104 73
105 71
105 70
106 69
106 67
107 66
108 65
108 63
108 62
108 61
109 60
110 59
110 58
110 57
111 55
112 54
113 53
114 51
