97 52
98 51
100 51
101 51
102 51
103 52
104 53
104 54
104 55
103 57
103 58
102 59
102 60
100 62
100 63
100 64
99 66
98 67
98 68
98 70
98 71
98 72
97 73
98 75
98 76
98 77
97 79
96 80
96 81
96 82
98 84
99 84
100 85
102 86
103 87
103 88
103 89
105 91
106 91
106 92
108 94
108 95
109 96
110 96
112 96
112 97
112 98
112 100
112 101
112 102
111 104
112 105
113 106
114 107
115 109
116 110
116 111
118 113
118 114
118 115
118 116
119 118
119 119
119 120
119 122
119 123
119 124
120 125
118 127
118 128
118 129
117 131
117 132
116 133
116 134
115 136
115 137
115 138
115 140
114 141
114 142
115 143
114 145
114 146
113 146
111 147
111 148
111 149
111 151
110 152
109 153
109 154
107 156
107 157
107 158
105 159
104 159
103 159
102 159
100 160
99 159
98 159
96 159
95 159
94 159
93 159
91 159
90 159
89 158
87 158
86 158
85 158
84 157
82 157
81 156
80 156
78 155
77 155
76 154
75 153
76 152
76 151
76 150
76 148
76 147
76 146
76 144
76 143
76 142
77 141
77 139
77 138
78 137
78 135
78 134
77 133
76 132
76 130
75 129
75 128
75 126
75 125
74 124
74 123
73 121
73 120
73 119
74 117
74 116
74 115
73 113
73 112
73 111
73 110
75 109
75 108
76 107
78 106
79 105
80 104
81 103
81 101
82 100
82 99
83 97
83 96
84 95
85 94
86 92
86 91
86 90
86 88
86 87
86 86
86 85
86 83
86 82
86 81
87 79
87 78
87 77
88 76
89 74
89 73
89 72
90 70
90 69
91 68
91 66
91 65
91 64
91 63
91 61
91 60
92 59
93 57
93 56
94 55
95 54
96 52
