93 49
94 48
96 49
97 49
98 50
98 52
98 53
96 55
96 56
96 57
96 59
96 60
96 61
96 63
96 64
95 66
95 67
95 68
93 70
93 71
93 72
93 74
93 75
94 77
95 78
95 79
95 81
95 82
96 83
98 82
99 81
98 80
98 80
99 80
101 80
102 80
103 80
105 80
106 81
106 82
106 84
107 85
107 87
108 88
109 88
111 88
112 88
112 89
114 90
115 91
117 93
117 94
117 95
117 97
117 98
118 99
119 101
119 102
120 103
121 105
121 106
120 108
120 109
121 110
122 112
123 113
123 114
124 116
124 117
124 119
125 120
126 121
126 123
126 124
125 125
124 127
124 128
123 129
123 131
124 132
125 134
125 135
124 136
122 137
121 138
120 139
119 141
119 142
120 144
120 145
120 146
121 148
121 149
121 150
121 152
121 153
122 155
121 156
120 156
118 157
117 157
116 157
114 158
113 158
112 158
110 159
109 159
107 159
106 159
105 159
103 159
102 159
101 159
99 159
98 159
96 159
95 159
94 159
92 159
91 159
90 159
90 157
90 156
89 154
88 153
88 152
88 150
88 149
87 148
87 146
86 145
85 144
85 142
84 141
84 139
83 138
82 137
82 135
82 134
82 133
82 131
82 130
82 128
82 127
82 126
81 124
81 123
82 122
81 120
81 119
81 117
81 116
80 115
81 113
81 112
81 111
83 109
83 108
84 107
82 105
82 104
82 102
82 101
82 100
82 98
83 97
83 96
84 94
84 93
85 91
85 90
85 89
84 87
84 86
84 85
84 83
84 82
85 81
85 79
85 78
85 76
85 75
85 74
85 72
85 71
86 70
86 68
86 67
87 65
88 64
87 63
88 61
88 60
88 59
88 57
88 56
88 54
89 53
90 52
92 50
