99 57
100 56
102 56
103 57
103 58
103 59
102 61
102 62
102 63
102 64
102 66
103 67
103 68
103 69
102 71
101 72
101 73
101 74
100 76
100 77
100 78
99 79
99 81
100 82
100 83
101 85
102 86
103 85
104 85
106 85
107 85
108 85
109 85
111 86
112 87
113 87
114 88
116 89
117 90
118 90
118 91
118 93
118 94
118 95
118 96
119 98
120 99
121 100
122 100
124 101
124 102
125 103
126 105
126 106
126 107
127 108
128 110
127 111
127 112
127 113
127 115
127 116
126 117
126 118
127 120
127 121
127 122
127 123
127 125
127 126
127 127
126 128
126 130
127 131
127 132
127 134
127 135
127 136
127 137
125 139
125 140
124 141
124 142
124 144
124 145
125 146
125 147
123 149
123 150
123 151
122 152
122 154
122 155
121 156
120 156
118 157
117 157
116 157
115 158
113 158
112 158
111 158
109 159
108 159
107 159
106 159
104 159
103 159
102 159
101 159
99 159
98 159
97 159
96 159
94 159
93 159
92 159
91 159
90 158
89 157
89 156
89 155
90 153
90 152
91 151
90 149
90 148
90 147
89 146
88 144
88 143
88 142
88 141
87 139
88 138
88 137
89 136
89 134
88 133
88 132
89 131
88 129
88 128
88 127
88 126
88 124
88 123
88 122
88 121
88 119
88 118
88 117
89 115
88 114
88 113
88 112
88 110
87 109
87 108
88 107
89 105
89 104
89 103
90 102
89 100
88 99
88 98
89 97
89 95
89 94
90 93
90 92
90 90
90 89
90 88
90 86
89 85
89 84
89 83
90 81
90 80
91 79
92 78
92 76
92 75
93 74
93 73
93 71
94 70
94 69
94 68
95 66
95 65
94 64
94 63
94 61
95 60
96 59
96 58
98 57
