90 47
91 46
93 46
94 47
95 48
96 50
95 51
95 53
96 54
96 55
96 57
97 58
96 59
96 61
95 62
96 63
96 65
96 66
96 68
96 69
96 70
96 72
96 73
96 74
96 76
96 77
96 78
97 80
97 81
97 83
98 84
99 85
101 85
102 85
103 86
105 86
106 87
108 88
109 88
110 89
112 90
113 90
114 90
116 90
117 90
118 91
119 93
120 94
122 96
122 97
123 98
125 100
126 100
126 101
127 103
128 104
129 105
130 107
130 108
130 110
129 111
130 112
131 113
132 114
132 115
132 117
133 118
133 119
134 121
135 122
135 124
136 125
135 126
135 128
135 129
135 130
135 132
135 133
136 134
135 136
135 137
135 139
135 140
135 141
136 143
137 144
137 145
137 147
136 148
135 148
133 150
132 150
130 151
129 152
128 153
126 154
125 154
124 154
122 155
121 156
119 156
118 157
117 157
115 158
114 158
113 158
111 158
110 159
109 159
107 159
106 159
104 159
103 159
102 159
100 160
99 159
98 159
96 158
96 157
96 156
95 154
94 153
94 151
94 150
93 149
92 147
92 146
91 145
91 143
90 142
90 141
89 139
89 138
88 136
88 135
88 134
87 132
87 131
87 130
86 128
86 127
86 126
87 125
88 124
89 122
89 121
88 120
88 118
88 117
88 116
88 114
87 113
87 112
87 110
88 109
87 107
87 106
87 105
87 103
86 102
86 101
86 99
86 98
86 97
86 95
86 94
87 92
87 91
87 90
86 88
86 87
86 86
86 84
86 83
86 81
86 80
85 79
84 77
84 76
84 75
83 73
83 72
83 71
85 69
85 68
85 66
85 65
85 64
85 62
85 61
85 60
85 58
84 57
85 56
85 54
86 53
86 51
86 50
87 49
89 47
