76 56
76 55
78 55
79 56
80 56
81 57
81 59
82 60
82 61
82 62
83 64
83 65
84 66
85 67
86 69
86 70
86 71
86 72
87 74
88 74
89 74
90 74
92 73
93 73
94 73
95 73
96 74
97 75
98 75
99 76
101 76
102 76
103 77
104 77
106 76
107 76
108 77
109 77
110 79
110 80
111 81
112 81
114 83
115 84
116 84
117 85
119 86
119 87
120 88
121 89
123 91
124 91
125 92
124 93
125 95
125 96
126 97
126 98
127 100
128 101
129 102
129 103
130 105
130 106
130 107
131 108
131 110
131 111
131 112
131 113
132 115
132 116
132 117
131 118
132 120
132 121
132 122
133 123
133 125
133 126
134 127
134 128
135 130
136 131
136 132
136 133
137 135
137 136
138 137
138 138
139 140
140 141
140 142
141 143
139 145
138 146
137 147
136 148
134 149
133 150
132 150
131 151
129 152
128 153
127 153
126 154
124 154
123 155
122 155
121 156
119 156
118 157
117 157
116 157
114 158
114 157
113 156
113 155
111 153
111 152
110 151
110 150
110 148
109 147
108 146
107 145
106 143
105 142
104 141
104 140
103 138
102 137
102 136
101 135
100 133
99 132
98 131
97 130
96 128
95 127
94 126
94 125
92 123
92 122
92 121
91 120
89 119
89 118
89 117
89 116
89 114
88 113
88 112
87 111
86 109
85 108
85 107
85 106
84 104
85 103
85 102
85 101
86 99
86 98
85 97
86 96
87 94
87 93
88 92
87 91
85 91
84 91
84 90
84 89
82 88
82 87
82 86
82 85
81 83
81 82
80 81
80 80
79 78
78 77
77 76
77 75
77 73
77 72
77 71
77 70
76 68
76 67
75 66
74 65
74 63
74 62
74 61
74 60
75 58
75 57
