79 50
80 49
82 49
83 50
84 51
86 53
86 54
87 55
87 56
87 58
86 59
86 60
86 62
86 63
86 64
86 66
87 67
87 68
88 70
88 71
88 72
89 74
90 75
91 76
92 76
94 77
95 77
96 77
98 76
99 77
100 78
102 78
103 79
104 79
106 79
107 80
108 80
109 80
111 81
112 81
113 82
115 84
115 85
115 86
115 88
116 89
117 90
119 90
120 91
121 92
123 94
124 95
125 96
126 97
128 99
128 100
129 101
130 103
130 104
130 105
130 107
130 108
131 109
132 111
132 112
132 113
133 114
133 116
133 117
133 118
133 120
134 121
134 122
134 124
134 125
134 126
134 128
134 129
134 130
134 131
134 133
134 134
134 135
133 137
133 138
133 139
135 140
136 140
136 141
137 143
137 144
137 145
137 147
136 148
135 148
134 149
132 150
131 151
130 151
128 153
127 153
126 154
124 154
123 155
122 155
120 156
119 156
118 157
117 157
115 158
114 158
113 158
111 158
110 159
109 159
107 159
106 159
106 158
105 156
104 155
104 154
103 152
103 151
102 150
102 149
101 147
100 146
99 145
97 143
97 142
96 141
96 139
95 138
95 137
94 135
93 134
93 133
92 132
90 130
90 129
89 128
89 126
89 125
88 124
89 122
88 121
88 120
87 118
87 117
87 116
86 114
86 113
86 112
85 111
85 109
85 108
86 107
86 105
87 104
88 103
88 101
87 100
86 100
85 98
85 97
85 96
85 95
86 93
86 92
85 91
85 89
84 88
84 87
82 85
82 84
81 83
81 81
81 80
81 79
80 78
79 76
79 75
79 74
80 72
80 71
80 70
78 68
77 67
77 66
78 64
77 63
77 62
78 60
79 59
78 58
77 57
77 55
78 54
78 53
78 51
