120 54
121 53
123 54
124 55
125 56
124 58
123 59
123 60
121 61
121 62
120 63
119 65
118 66
117 67
117 69
116 70
115 71
114 73
113 74
112 74
110 76
109 77
109 78
109 80
109 81
109 83
109 84
108 85
108 87
107 88
107 89
109 91
110 91
111 91
113 89
114 89
115 88
117 87
118 87
119 87
121 87
122 86
123 86
124 87
124 88
125 89
125 91
125 92
126 93
125 95
125 96
126 97
127 99
128 100
129 101
129 103
129 104
129 105
127 107
128 108
128 109
129 111
129 112
129 113
129 115
128 116
127 117
126 119
125 120
125 121
123 122
122 123
122 124
121 125
120 126
118 127
117 127
116 128
116 130
116 131
115 131
114 133
113 134
113 135
111 137
110 138
109 139
107 141
107 142
106 143
104 144
103 145
102 146
100 148
99 149
98 149
96 151
95 152
95 153
94 155
93 155
92 156
90 158
90 159
89 158
87 158
86 158
85 158
83 157
82 157
81 156
79 156
78 155
77 155
75 154
74 154
73 153
71 152
70 151
69 151
67 150
66 149
65 148
64 147
64 146
65 144
65 143
66 142
68 140
68 139
68 138
70 137
70 136
70 135
70 133
71 132
71 131
72 129
72 128
73 127
74 125
74 124
75 123
76 121
76 120
77 119
77 118
78 117
78 116
79 114
80 113
80 112
81 110
81 109
81 108
82 106
82 105
82 104
83 102
83 101
83 100
85 98
86 97
86 96
88 95
89 95
90 94
91 92
92 91
92 90
92 88
93 88
94 87
95 86
96 85
97 83
97 82
98 81
99 79
99 78
100 77
100 75
101 74
101 73
103 72
104 71
104 70
106 68
107 67
107 66
109 64
110 63
111 62
112 60
113 59
114 58
116 57
116 56
117 55
119 54
