116 49
117 48
119 48
120 49
121 49
122 51
122 52
122 53
121 55
121 56
121 57
119 58
119 59
118 60
117 61
116 62
114 64
114 65
113 66
112 68
111 69
111 70
110 72
110 73
110 74
109 75
108 76
108 77
107 79
107 80
107 81
108 83
109 83
110 82
112 81
113 80
114 80
116 79
117 79
118 79
119 80
120 81
120 82
121 84
121 85
123 87
124 87
125 88
126 90
126 91
126 92
126 94
126 95
126 96
126 98
127 99
126 100
126 102
126 103
126 104
126 106
125 107
124 108
122 109
121 110
121 111
119 112
118 113
118 114
118 116
117 117
116 118
115 120
114 121
114 123
113 123
112 124
111 126
110 127
110 128
109 130
108 130
107 131
106 133
105 134
105 135
103 136
102 137
101 138
99 140
98 141
97 142
95 144
94 145
94 146
93 148
93 149
92 150
91 152
90 153
89 155
88 156
88 157
87 158
86 158
85 158
83 157
82 157
81 156
79 156
78 155
77 155
75 154
74 154
73 153
71 152
70 151
69 151
67 150
66 149
65 148
63 147
62 146
61 145
61 143
61 142
62 141
63 139
63 138
64 136
65 135
66 134
67 132
67 131
68 130
70 128
70 127
70 126
71 124
71 123
72 122
73 120
74 119
75 118
76 116
76 115
76 114
77 112
78 111
78 110
79 108
80 107
80 106
81 104
81 103
81 102
81 100
81 99
82 97
82 96
83 96
84 94
84 93
84 92
86 91
86 90
87 89
87 87
87 86
88 85
89 83
89 82
90 82
92 80
93 80
94 79
96 78
97 77
97 76
99 75
99 74
99 73
99 71
99 70
100 69
101 67
101 66
103 65
104 64
105 63
107 61
108 60
109 59
110 57
111 56
111 55
112 53
113 52
113 51
115 49
