91 53
93 53
94 53
96 54
97 56
98 57
97 59
97 61
97 62
96 64
96 66
96 67
95 69
95 71
94 72
94 74
93 76
93 77
94 79
95 81
95 82
95 84
97 85
98 86
100 87
101 89
102 90
104 89
105 88
105 86
107 84
107 83
108 81
109 79
110 78
111 76
112 74
113 73
115 72
115 70
116 69
117 67
118 65
118 64
119 62
120 60
121 59
123 60
125 58
126 59
128 59
130 60
130 61
130 63
129 65
128 66
126 68
125 70
124 70
123 72
124 74
123 75
121 77
121 79
121 80
120 82
119 84
118 85
117 87
115 88
114 89
114 91
113 93
112 94
110 96
110 98
109 98
108 100
108 101
109 103
108 105
109 106
111 106
113 106
114 106
116 108
118 109
118 110
120 112
122 114
123 115
125 116
126 117
126 118
126 120
125 122
125 123
123 125
123 127
122 128
121 130
120 132
120 133
120 135
120 137
120 138
119 140
118 142
118 143
117 145
116 147
116 148
114 150
113 152
113 153
113 155
113 157
113 158
111 158
109 159
108 159
106 159
104 159
103 159
101 159
99 159
98 159
96 159
95 159
93 159
91 159
90 159
88 158
86 158
85 158
83 157
82 156
83 155
83 153
83 151
83 150
83 148
83 146
83 145
82 143
82 141
82 140
81 138
81 136
80 135
79 133
79 131
78 130
77 128
76 126
75 125
75 123
75 121
76 120
77 118
78 116
78 115
79 114
80 112
80 111
81 109
81 107
80 106
80 104
82 103
82 102
82 100
82 98
83 97
82 95
83 93
83 92
83 90
83 89
83 87
82 85
82 84
83 82
83 80
83 79
84 77
84 75
85 74
85 72
85 70
85 69
85 67
86 65
86 64
87 62
87 60
87 59
87 57
88 55
89 55
