89 55
90 54
91 54
92 55
93 57
94 58
94 60
94 62
94 64
93 65
93 67
93 69
93 70
92 72
92 74
92 75
92 77
92 79
92 81
92 82
90 83
91 85
91 86
92 88
92 90
92 91
93 93
95 92
96 93
98 93
100 93
101 91
102 90
102 88
104 86
104 85
105 83
107 81
108 80
109 78
110 76
111 75
111 73
112 71
113 69
114 68
115 66
116 64
117 63
118 61
118 59
118 58
120 57
122 55
124 56
125 57
127 58
127 60
127 61
127 63
126 65
125 66
125 68
124 70
124 71
122 73
121 75
120 77
120 78
118 79
118 81
117 82
118 84
116 86
116 87
116 89
114 91
112 93
111 94
109 96
109 98
108 99
108 101
109 103
110 103
112 104
114 105
115 105
117 105
119 106
120 108
121 109
121 111
121 113
121 114
123 116
125 117
125 118
126 120
126 122
125 124
124 125
124 127
122 128
121 129
120 131
121 133
121 134
121 136
121 138
121 139
119 141
119 143
118 145
117 146
116 148
115 150
114 151
112 153
111 155
111 156
111 158
109 159
108 159
106 159
104 159
102 159
101 159
99 159
97 159
96 159
94 159
92 159
91 159
89 158
87 158
85 158
84 157
82 157
80 156
81 155
81 153
81 151
81 150
81 148
81 146
81 145
81 143
80 141
79 139
79 138
79 136
78 134
78 133
77 131
76 129
76 128
76 126
75 124
75 122
75 121
75 119
75 117
75 116
75 114
75 112
76 111
76 109
77 108
78 107
78 105
78 103
79 101
79 100
79 98
80 96
80 95
80 93
81 91
82 90
82 88
82 86
82 85
82 83
83 81
83 79
83 78
84 76
85 74
85 73
85 71
85 69
85 68
86 66
86 64
87 62
87 61
87 59
87 57
87 56
