72 50
74 49
75 50
76 52
76 53
78 55
78 57
77 58
77 60
76 62
76 63
74 65
73 66
73 68
73 70
72 71
72 73
71 74
70 76
70 78
70 79
69 81
69 83
70 84
72 85
73 85
75 85
75 83
76 82
77 80
78 79
79 77
81 75
81 74
82 72
84 70
84 69
86 68
86 67
88 65
89 63
89 62
91 60
91 59
93 57
95 55
96 54
98 54
100 55
101 56
102 58
102 59
101 61
99 63
99 64
97 66
97 67
95 69
95 71
94 72
93 74
92 76
91 77
90 79
90 80
89 82
88 84
87 85
86 87
85 87
84 89
84 91
84 92
82 94
81 96
80 97
81 99
82 100
84 100
85 102
86 101
88 102
89 102
91 104
93 106
94 106
95 108
97 109
97 110
99 112
99 113
97 115
97 117
97 118
96 120
96 121
95 123
94 124
93 125
91 125
89 127
89 128
90 130
91 130
91 132
91 134
91 135
91 137
90 138
89 140
89 142
89 143
88 145
88 146
88 148
87 150
88 151
89 153
89 155
89 156
89 158
90 159
88 158
86 158
85 158
83 157
82 157
80 156
78 155
77 155
75 154
73 153
72 153
70 151
69 151
67 150
65 148
64 148
62 146
61 145
59 143
57 141
56 140
56 138
56 136
55 135
55 133
55 132
55 130
55 128
55 127
54 125
54 124
54 122
52 121
52 120
51 118
51 116
52 115
52 113
53 112
54 110
54 108
54 107
53 105
53 104
54 102
54 100
54 99
54 97
54 95
54 94
55 92
56 91
56 89
58 88
59 87
60 85
60 84
59 82
59 80
59 79
60 77
60 75
60 74
61 72
62 71
63 69
64 67
64 66
64 64
65 63
66 61
66 59
67 58
68 57
69 55
69 54
70 52
70 51
