103 63
105 62
106 62
107 64
108 65
109 66
110 67
109 69
108 71
109 72
109 74
108 75
106 77
106 78
105 80
104 82
103 83
104 85
104 86
104 88
103 90
103 91
101 93
102 94
101 95
100 96
100 98
99 100
98 101
98 103
98 104
99 106
99 107
101 109
103 109
104 109
106 109
107 109
109 110
109 111
110 113
112 115
113 115
115 116
116 116
117 118
118 119
118 121
118 123
117 124
117 126
117 127
117 129
118 130
120 132
119 134
119 135
119 137
118 138
117 140
117 142
117 143
116 145
115 146
114 148
115 149
115 151
113 153
113 154
113 156
113 157
112 158
111 158
109 159
107 159
106 159
104 159
103 159
101 159
100 160
98 159
96 159
95 159
93 159
92 159
90 159
89 158
87 158
85 158
85 157
84 155
84 154
84 152
84 151
83 149
82 147
81 146
80 144
80 143
80 141
79 139
79 138
78 136
77 136
76 134
75 133
74 131
72 129
71 128
71 126
71 125
71 123
71 122
72 120
73 118
73 117
75 115
75 114
76 112
76 111
76 109
77 107
77 106
78 104
78 103
79 101
79 100
79 98
78 96
77 95
76 93
76 92
75 90
75 89
75 87
75 85
75 84
76 82
76 81
75 79
75 77
74 77
73 75
73 74
75 72
75 71
76 69
76 67
77 66
78 64
79 64
81 64
82 65
83 67
83 69
83 70
84 72
85 73
84 75
84 76
84 78
85 80
84 81
85 83
85 84
85 86
85 87
84 89
83 91
83 92
85 94
84 95
85 97
85 98
87 99
89 99
90 99
92 98
93 97
92 95
93 93
93 92
94 90
94 89
95 87
96 86
97 84
97 82
97 81
98 79
98 78
99 76
99 75
99 73
99 71
99 70
99 68
99 67
101 66
101 65
