82 52
84 51
85 51
87 51
88 52
88 53
89 55
89 57
89 58
88 60
87 62
87 63
87 65
87 66
87 68
88 70
88 71
89 73
89 75
90 76
90 78
92 80
93 81
95 82
97 82
98 81
100 79
101 77
101 76
102 74
103 72
104 71
104 69
105 68
106 66
107 64
107 63
108 61
108 59
108 58
109 56
111 54
112 53
114 51
116 51
117 51
118 53
119 55
119 56
120 58
119 60
119 61
119 63
118 64
117 66
115 68
115 69
115 71
115 73
114 74
113 76
112 78
111 79
110 81
109 83
108 84
107 86
106 88
106 89
104 91
103 93
103 94
102 96
102 97
104 98
106 98
107 99
109 98
111 99
112 99
114 100
115 101
114 102
116 103
117 105
117 106
119 108
119 110
119 111
119 113
118 115
117 116
117 118
117 119
117 121
116 123
117 124
118 126
117 128
117 129
117 131
117 133
117 134
117 136
117 138
116 139
115 141
114 143
114 144
113 146
112 148
111 149
110 151
110 152
110 154
110 156
110 157
110 159
108 159
107 159
105 159
103 159
102 159
100 160
98 159
97 159
95 159
93 159
92 159
90 159
88 158
87 158
85 158
84 157
82 157
80 156
79 155
79 153
79 151
79 150
79 148
78 146
78 145
78 143
78 141
78 140
78 138
78 136
78 135
78 133
77 131
76 131
76 129
75 128
74 126
74 124
75 123
74 121
73 119
73 118
74 116
73 114
73 113
73 111
74 109
74 108
75 107
77 105
77 104
79 102
79 100
79 99
79 97
79 96
79 94
79 92
79 91
79 89
78 87
78 86
78 84
78 82
77 81
77 79
77 77
77 76
77 74
77 72
77 71
78 69
80 67
79 66
80 64
80 63
79 61
79 59
80 58
80 56
80 54
81 53
