93 51
94 50
95 50
97 50
98 50
100 52
101 54
101 55
102 57
101 58
99 59
98 61
98 62
97 64
96 65
96 67
95 69
95 70
97 72
98 72
100 71
101 71
102 69
104 67
105 66
106 64
107 63
108 61
108 59
109 58
111 56
112 56
114 54
115 52
116 51
118 52
119 52
121 52
120 54
120 55
120 57
119 58
119 60
118 62
118 63
117 65
116 66
114 68
113 70
113 71
112 73
111 74
110 76
110 78
110 79
109 81
108 82
106 84
104 86
103 86
101 87
100 87
98 89
98 90
98 92
97 94
98 95
100 96
101 96
103 97
105 97
106 97
108 98
109 98
111 100
113 102
114 102
116 104
116 105
117 107
118 109
118 110
117 112
117 113
117 115
116 117
116 118
115 120
115 121
113 123
111 124
110 124
108 125
108 126
108 128
109 130
109 131
110 133
109 134
109 136
108 138
108 139
107 141
107 142
107 144
107 145
106 147
105 149
105 150
104 152
105 153
105 155
105 157
105 158
104 159
103 159
101 159
99 159
98 159
96 159
95 159
93 159
91 159
90 159
88 158
87 158
85 158
83 157
82 157
80 156
79 156
77 155
75 154
74 154
74 152
74 151
75 149
75 147
75 146
75 144
75 143
76 141
75 140
75 138
76 136
75 135
75 133
75 132
74 130
74 128
74 127
74 125
73 124
73 122
71 120
70 119
70 117
70 116
70 114
69 112
70 111
71 109
71 108
71 106
72 104
71 103
70 101
70 100
71 99
72 97
73 96
74 94
74 93
75 91
76 89
76 88
77 86
78 85
78 83
79 81
79 80
80 78
81 77
82 75
82 74
82 72
82 70
83 69
85 68
85 67
87 67
87 65
87 64
88 62
88 61
89 59
90 57
91 56
92 54
93 53
