102 58
103 58
103 59
103 61
102 63
101 65
101 66
100 68
99 70
99 71
98 73
97 75
96 76
96 78
95 80
94 82
94 83
93 85
93 87
93 88
95 89
97 90
98 91
100 89
102 87
103 85
104 84
106 83
106 81
106 80
108 79
108 77
109 76
111 75
112 74
114 72
115 71
116 69
118 68
118 67
120 67
121 65
121 66
121 68
123 70
125 68
126 68
127 66
125 65
124 65
126 65
126 63
125 63
126 61
128 61
129 62
128 62
127 64
129 65
130 65
128 66
128 66
127 67
126 69
124 70
123 72
122 73
122 75
121 77
121 78
119 79
118 81
118 82
117 84
115 86
114 88
113 89
112 91
110 91
109 92
107 94
106 96
106 97
106 99
107 101
109 102
110 103
112 105
113 107
114 108
115 110
116 112
116 113
118 115
119 116
120 118
120 119
120 121
119 123
118 124
116 126
115 128
114 129
112 131
110 132
111 134
111 135
111 137
111 139
110 140
108 142
106 144
105 145
104 146
103 148
102 150
102 151
102 153
102 155
101 156
101 158
100 160
99 159
97 159
95 159
93 159
92 159
90 159
88 158
87 158
85 158
83 157
82 157
80 156
78 155
76 154
75 154
73 153
71 152
72 151
73 149
73 147
73 146
74 144
73 142
73 140
73 139
75 137
74 135
74 134
74 132
74 130
74 129
74 127
74 125
74 123
74 122
73 120
73 118
74 117
74 115
74 113
74 112
74 110
73 108
74 106
75 106
76 104
77 102
78 101
78 99
78 97
78 96
79 94
80 92
80 90
81 89
82 87
83 85
83 84
83 82
85 81
85 80
85 78
86 76
87 74
88 73
89 71
90 69
91 68
93 66
93 64
94 64
96 65
98 63
100 63
100 62
101 61
101 59
100 58
