104 51
106 51
107 51
108 53
108 55
108 56
108 58
107 59
107 61
106 63
106 64
104 66
104 68
104 69
103 71
102 73
101 74
99 76
99 78
99 79
99 81
98 82
98 84
100 86
101 87
103 87
105 88
106 87
108 85
108 83
108 82
108 80
108 79
109 77
111 76
111 75
113 73
115 72
116 71
118 70
120 68
120 67
122 65
124 63
125 62
127 60
128 59
130 57
132 57
133 58
134 60
133 62
133 63
132 65
130 66
129 67
128 69
127 70
126 72
125 74
124 75
122 77
121 79
120 80
119 82
118 84
117 85
117 87
116 89
116 90
114 91
113 92
112 94
111 96
110 97
111 99
113 100
113 101
115 101
117 100
118 101
120 101
121 102
121 104
121 106
121 107
123 109
124 111
124 112
125 114
124 116
124 117
123 119
121 121
120 122
119 124
118 125
117 127
115 128
114 129
113 131
113 133
113 134
113 136
113 138
112 139
112 141
111 142
110 144
108 146
107 147
107 149
106 151
105 152
105 154
105 156
104 157
103 159
101 159
100 160
98 159
97 159
95 159
93 159
92 159
90 159
88 158
87 158
85 158
83 157
82 157
80 156
79 156
77 155
75 154
74 154
74 152
76 151
76 150
77 148
78 146
78 145
78 143
78 141
78 140
78 138
78 137
78 135
79 133
79 132
79 130
80 128
80 127
79 125
79 123
79 122
79 120
79 119
80 118
81 116
81 115
81 113
81 111
81 110
80 108
80 106
81 105
81 103
82 101
82 100
82 98
83 97
83 95
83 93
83 92
84 90
85 88
86 87
86 85
87 83
88 82
89 80
90 79
92 77
92 75
93 74
94 72
94 70
95 69
95 67
96 65
96 64
97 62
97 61
98 60
100 58
101 57
103 55
103 53
103 52
