95 45
97 44
98 44
99 46
99 48
99 49
99 51
99 53
99 55
100 56
100 58
99 60
99 61
97 62
96 64
95 64
93 66
92 68
92 69
92 71
92 73
92 74
92 76
92 78
93 80
94 81
96 82
98 81
98 80
98 78
99 76
100 75
101 73
102 72
103 71
105 69
107 67
109 65
109 64
110 62
110 60
110 59
112 58
114 57
115 56
116 55
118 54
119 53
119 55
121 56
123 57
124 56
124 58
123 60
122 61
120 62
119 64
119 65
117 67
116 69
116 70
114 72
113 74
113 75
112 77
111 79
110 81
109 82
108 84
106 86
105 87
104 89
103 91
103 92
102 94
104 96
104 97
106 99
108 100
109 102
110 103
112 104
114 105
115 105
117 107
117 109
116 110
116 112
116 114
115 115
115 117
115 119
114 120
112 121
110 123
108 124
107 125
107 127
108 129
108 130
109 132
108 134
108 135
107 137
106 139
105 139
104 141
102 143
101 145
101 146
100 148
100 150
100 151
100 153
101 155
101 156
100 158
100 160
99 159
97 159
95 159
94 159
92 159
90 159
88 158
87 158
85 158
83 157
82 157
80 156
78 155
77 155
75 154
73 153
72 153
70 151
70 150
70 148
70 147
70 145
71 143
71 142
70 140
72 138
71 137
70 135
70 133
70 132
70 130
70 128
70 126
70 125
69 123
69 121
69 120
69 118
67 116
67 115
67 113
66 111
66 110
66 108
67 106
67 105
68 103
69 101
71 99
71 98
72 96
72 94
73 93
74 92
75 90
76 89
76 87
75 85
76 84
77 82
78 80
79 78
79 77
78 75
80 73
81 72
81 70
82 68
82 67
83 65
83 63
84 62
85 60
86 58
87 58
88 56
89 54
90 52
90 51
92 50
92 48
93 47
