103 58
105 58
106 58
108 59
109 59
109 61
109 62
109 64
109 65
109 67
108 68
107 70
107 71
106 73
106 74
104 76
103 77
101 79
102 80
102 82
101 83
102 85
103 86
105 87
106 87
108 86
110 84
111 83
113 81
114 80
116 79
117 78
118 76
119 75
120 73
121 73
122 71
123 71
125 69
125 68
125 66
126 65
128 64
129 64
131 64
132 64
134 64
134 65
134 67
135 68
135 70
134 72
133 73
133 75
132 75
131 77
131 78
129 79
128 79
126 81
125 82
123 84
122 85
121 87
120 88
119 90
118 91
118 93
117 93
115 95
114 95
113 97
112 98
110 100
111 101
110 103
110 105
111 106
113 107
114 107
116 109
117 110
118 112
118 113
119 115
119 116
120 118
120 119
120 121
121 122
121 124
121 125
120 127
119 128
118 130
117 130
115 132
114 133
114 135
114 136
112 138
111 140
110 141
108 143
108 144
108 146
107 147
107 149
106 149
104 151
103 152
103 154
103 155
102 157
101 158
100 160
99 159
97 159
96 159
94 159
93 159
91 159
90 159
88 158
87 158
85 158
83 157
82 157
80 156
79 156
77 155
76 154
74 154
73 153
71 152
71 151
71 149
72 148
73 146
73 145
74 143
75 142
75 140
75 139
76 137
77 136
77 134
77 133
77 131
77 130
76 128
77 126
77 125
77 123
77 122
76 120
75 119
77 117
77 116
77 114
78 113
78 111
78 110
79 108
80 107
82 105
82 104
83 102
84 101
85 103
86 102
86 100
87 100
88 98
88 97
88 95
89 93
89 92
89 90
88 89
88 87
88 86
88 84
89 83
90 81
90 80
92 79
93 78
95 76
95 75
96 73
96 72
97 70
98 69
99 67
100 66
101 64
102 63
102 61
103 60
