106 58
108 58
109 58
110 59
110 60
110 62
109 63
108 65
107 66
107 68
107 69
106 71
106 72
105 74
105 75
104 77
105 78
106 80
107 80
109 79
109 78
111 77
112 76
113 74
113 73
115 72
115 71
116 69
117 69
118 67
119 66
120 64
121 63
123 61
123 60
124 58
125 57
127 57
128 57
129 58
130 59
131 60
131 61
131 63
130 64
129 66
128 67
126 69
125 70
123 72
123 74
122 75
121 77
121 78
120 80
120 81
119 83
118 84
118 86
117 87
115 89
115 90
113 92
112 93
110 95
111 96
112 98
113 98
115 98
114 98
113 100
114 101
116 102
117 103
119 104
120 105
121 107
121 108
122 110
122 111
124 112
125 113
126 114
127 115
127 117
126 118
126 120
126 121
125 123
124 124
124 126
123 127
121 128
120 129
119 131
119 132
119 134
119 135
120 137
119 138
119 140
119 142
118 143
117 145
117 146
116 148
115 149
114 151
113 152
112 154
112 155
112 157
111 158
109 159
108 159
106 159
105 159
103 159
102 159
100 160
99 159
97 159
96 159
94 159
93 159
91 159
90 159
88 158
87 158
85 158
84 157
82 157
82 156
83 154
83 153
84 151
84 150
84 148
84 147
83 145
83 144
83 142
83 141
83 139
82 138
82 136
82 135
82 133
82 132
82 130
82 128
81 127
80 125
79 124
78 122
78 121
78 119
77 118
78 116
78 115
79 113
79 112
80 110
81 109
81 107
81 106
81 104
82 103
82 101
82 100
83 98
84 97
85 95
85 94
86 92
87 91
88 89
88 88
89 86
90 85
90 83
90 82
91 80
91 79
91 77
92 76
93 74
94 73
96 71
96 70
97 68
98 67
99 65
98 64
100 63
100 62
101 61
102 60
103 58
104 58
