91 46
93 45
95 46
95 47
96 49
96 51
95 53
95 54
95 56
95 58
94 60
94 61
94 63
93 65
92 67
91 69
91 70
91 72
92 74
91 76
92 77
93 79
95 80
97 81
98 81
99 79
100 77
102 75
103 73
103 72
104 70
104 68
105 67
106 66
105 64
106 62
107 60
108 59
109 57
111 55
111 53
112 51
113 50
114 48
115 46
117 46
118 46
120 47
120 49
121 51
121 53
121 54
121 56
120 58
118 60
117 61
116 63
116 65
115 67
114 68
114 70
113 72
113 74
113 76
113 77
113 79
112 81
111 83
111 84
111 86
109 86
107 87
106 88
105 90
106 92
108 93
109 95
110 96
112 97
114 97
116 98
117 98
119 100
121 101
123 102
124 103
125 104
126 106
126 108
127 110
127 111
126 113
125 115
125 117
124 118
123 120
122 122
121 123
120 124
121 126
122 128
123 130
124 132
124 133
123 135
122 137
122 139
121 140
119 142
119 144
118 146
118 147
118 149
119 151
119 153
120 155
120 156
118 157
116 157
114 158
113 158
111 158
109 159
107 159
106 159
104 159
102 159
100 160
98 159
97 159
95 159
93 159
91 159
90 159
88 158
86 158
86 156
86 155
86 153
86 151
86 149
87 147
87 146
88 144
87 142
87 140
86 139
84 138
83 136
82 134
81 132
81 131
81 129
80 127
79 125
78 124
77 122
76 120
75 118
74 117
74 115
74 113
75 111
76 109
76 108
78 107
79 105
79 103
80 102
80 100
81 98
81 96
82 95
80 93
80 91
79 89
79 87
79 86
79 84
79 82
79 80
79 79
80 77
81 75
82 73
82 72
82 70
83 68
84 66
84 64
84 63
85 61
85 59
84 57
85 56
85 54
85 52
87 50
88 49
89 47
