86 49
88 48
90 48
91 49
92 50
92 52
92 54
91 55
92 57
92 59
91 61
90 62
90 64
89 66
89 68
89 69
89 71
89 73
89 75
89 76
89 78
90 80
90 82
90 83
91 85
92 87
94 89
96 88
97 87
98 85
99 83
100 81
100 80
101 78
102 76
103 74
104 73
105 71
106 69
108 68
109 67
111 65
113 64
113 62
113 61
113 59
115 57
117 55
118 55
118 53
120 51
122 51
123 53
124 53
125 55
126 57
125 59
125 60
123 62
121 63
121 65
120 66
119 68
119 70
118 72
118 73
116 75
114 76
113 78
113 79
112 81
112 83
110 85
109 86
109 88
108 90
106 91
104 93
104 94
104 96
104 98
106 99
107 100
109 100
111 100
113 101
114 102
115 103
115 105
116 107
117 108
117 110
118 112
119 113
120 114
119 116
119 118
118 120
118 121
117 122
116 124
115 126
114 128
113 129
113 131
114 133
114 135
114 136
112 138
110 140
110 142
109 143
108 145
109 147
108 149
109 150
110 151
110 153
109 155
109 156
109 158
108 159
106 159
105 159
103 159
101 159
99 159
97 159
96 159
94 159
92 159
90 159
89 158
87 158
85 158
83 157
82 157
80 156
79 155
78 153
78 152
79 150
78 148
78 146
77 145
78 143
77 141
77 139
76 138
76 136
75 134
75 132
74 130
74 129
73 127
73 125
73 123
73 122
72 120
71 118
72 116
71 115
71 113
72 111
72 109
72 108
74 107
75 106
76 104
77 103
78 102
79 100
79 98
78 97
78 95
78 93
78 91
79 89
79 88
79 86
80 84
80 82
79 81
79 79
78 77
79 75
79 74
79 72
79 70
80 68
81 67
81 65
81 63
81 61
81 60
81 58
82 56
83 54
84 53
85 51
