81 47
83 46
84 47
85 49
86 49
86 51
86 53
86 55
86 57
85 59
85 60
84 62
82 64
82 66
82 68
82 70
83 72
83 73
83 75
83 77
83 79
81 80
83 82
83 83
83 85
84 87
85 85
86 87
88 88
90 88
91 87
91 85
92 84
93 82
93 80
94 78
95 77
95 75
95 73
96 71
97 69
98 67
99 66
100 64
100 62
101 60
103 59
103 57
105 56
106 55
106 53
108 51
109 49
110 48
112 47
113 47
115 48
115 50
115 52
114 54
114 56
114 58
113 59
113 61
111 62
111 62
110 64
109 66
109 67
108 67
107 69
107 71
106 73
105 75
105 77
104 78
103 80
104 82
102 84
101 86
99 88
99 89
99 91
97 93
96 95
96 97
98 98
100 97
101 97
103 99
103 101
104 103
106 104
107 106
107 107
109 109
110 110
110 112
110 114
109 116
108 118
107 119
106 121
107 123
109 125
110 126
109 128
109 129
109 131
108 133
108 135
106 137
107 139
106 140
106 142
105 144
104 146
103 148
103 150
103 152
104 153
105 155
104 157
104 159
102 159
100 160
99 159
97 159
95 159
93 159
91 159
89 158
87 158
86 158
84 157
82 157
80 156
78 155
76 154
75 154
73 153
71 152
70 150
70 148
70 146
70 144
70 143
70 141
69 139
68 137
67 135
66 133
66 132
66 130
66 128
65 126
64 124
64 122
64 120
64 119
62 117
62 115
61 113
60 111
61 109
62 108
62 106
64 104
65 102
67 101
68 100
69 99
68 97
70 95
71 93
72 91
72 89
72 87
72 86
72 84
72 82
71 80
71 78
71 76
72 75
71 73
73 71
74 69
74 67
74 65
74 63
74 62
74 60
74 58
75 56
76 54
76 52
77 52
78 50
79 48
