121 57
123 56
124 57
126 58
127 60
127 61
126 63
126 65
125 66
126 68
125 69
124 69
123 71
123 72
123 74
121 75
121 76
122 78
121 80
122 81
122 83
121 85
121 86
120 88
119 89
118 91
119 93
119 94
118 96
119 98
118 99
117 101
118 103
119 104
121 103
123 105
124 105
126 106
128 107
129 108
130 110
131 110
132 112
133 114
134 115
135 117
135 119
135 120
134 122
134 124
134 125
132 127
134 129
135 129
136 131
136 132
137 134
136 136
136 137
134 139
134 141
133 142
133 144
134 146
134 147
133 149
132 150
131 151
129 152
127 153
126 154
124 154
123 155
121 156
119 156
118 157
116 157
114 158
113 158
111 158
109 159
108 159
106 159
104 159
103 159
101 159
101 158
100 156
101 154
101 153
100 151
100 149
100 148
98 146
97 144
96 143
96 141
94 139
94 138
94 136
92 135
91 134
90 132
90 131
89 129
88 127
88 126
86 125
86 123
86 122
86 120
88 118
88 117
89 115
90 113
90 112
91 110
91 109
92 107
92 105
92 104
93 102
94 100
94 99
92 97
91 95
91 94
91 92
92 90
92 89
90 87
89 87
88 85
88 83
89 82
90 80
92 78
92 77
93 75
93 73
93 72
93 70
93 68
93 67
92 65
92 63
93 62
94 60
95 60
97 60
99 60
100 59
100 61
100 63
100 64
100 66
100 68
99 69
100 71
100 73
100 74
100 76
100 77
100 79
99 81
99 82
99 84
100 86
100 87
100 89
100 91
100 92
100 94
102 96
103 97
105 96
107 95
108 94
109 92
110 91
110 89
110 87
109 86
110 84
110 82
111 81
112 79
113 77
113 76
114 74
114 72
114 71
115 69
116 68
116 66
116 64
117 63
117 61
118 59
119 58
