87 48
89 47
90 48
91 50
92 52
91 54
90 54
89 56
88 57
87 58
86 60
85 62
85 64
85 65
84 67
83 69
83 71
83 72
83 74
82 76
82 77
81 79
79 80
78 82
79 83
79 85
80 87
81 86
83 84
85 82
85 80
85 79
86 77
88 75
89 74
91 73
93 71
95 69
95 68
97 66
98 64
99 62
99 61
101 59
103 57
103 56
105 54
107 53
109 53
110 53
112 54
113 56
113 57
114 59
114 61
112 61
111 62
109 64
108 66
107 66
105 68
104 70
102 72
102 73
100 75
99 77
97 78
96 78
95 80
93 80
92 80
91 82
92 84
92 86
93 87
92 89
92 91
91 92
89 94
88 96
88 98
89 98
91 98
92 99
93 100
95 99
97 100
99 100
100 101
102 103
102 105
104 107
105 108
107 108
108 110
108 111
107 113
105 115
105 117
104 118
103 119
102 121
103 122
101 124
100 126
99 128
99 129
98 131
99 133
98 134
99 136
98 138
97 140
96 141
95 143
93 145
92 147
92 148
91 150
90 152
90 153
90 155
90 157
90 159
89 158
87 158
85 158
84 157
82 157
80 156
78 155
77 155
75 154
73 153
72 153
70 151
68 150
66 149
65 148
63 147
62 145
62 143
62 142
63 140
63 138
63 137
63 135
63 133
63 131
63 130
61 128
61 126
61 125
61 123
61 121
61 119
60 118
60 116
59 114
60 113
60 111
61 109
61 107
62 106
63 104
63 102
63 100
62 99
62 97
61 95
61 94
61 92
62 90
63 88
63 87
65 86
66 84
66 83
67 81
68 79
69 77
70 76
70 74
71 72
71 71
72 70
73 68
74 66
75 65
75 63
75 61
76 60
77 60
79 58
80 56
80 55
82 54
84 52
84 50
85 49
