86 50
88 49
89 49
90 51
91 52
91 54
91 55
92 57
91 59
90 61
90 62
90 64
89 66
89 67
89 69
88 71
88 73
88 74
88 76
89 78
89 80
90 81
90 83
90 85
90 86
92 88
94 88
96 88
97 88
99 86
100 84
100 83
100 81
101 79
101 77
102 76
103 74
103 72
103 70
104 69
105 67
107 65
107 64
108 62
108 60
108 58
109 57
109 55
110 53
112 51
112 50
114 49
116 50
117 50
119 51
120 53
120 55
120 56
120 58
120 60
118 62
117 63
117 65
117 67
116 68
115 70
114 72
113 74
113 75
112 77
111 79
111 80
111 82
110 84
109 86
109 87
109 89
107 91
106 93
105 94
105 96
107 98
108 97
110 98
112 99
114 101
115 102
117 104
119 105
119 107
120 108
122 110
123 112
124 113
124 115
124 117
124 119
123 120
122 122
121 124
120 126
120 127
121 129
122 131
121 132
121 134
120 136
120 138
119 139
118 141
118 143
118 144
117 146
116 148
116 150
116 151
117 153
117 155
118 157
117 157
115 158
113 158
112 158
110 159
108 159
106 159
105 159
103 159
101 159
99 159
98 159
96 159
94 159
93 159
91 159
89 158
87 158
87 157
87 155
87 153
86 151
85 150
85 148
85 146
85 145
84 143
82 141
81 140
80 139
79 137
79 135
79 134
77 132
76 130
76 128
75 127
75 125
74 123
74 121
74 120
73 118
74 116
74 115
75 113
76 111
76 109
76 108
78 106
79 104
80 102
80 101
81 99
81 97
81 96
81 94
80 92
81 90
81 89
81 87
82 85
81 83
80 82
79 80
78 78
79 77
78 75
79 73
80 71
80 70
80 68
81 66
81 65
81 63
81 61
81 59
81 58
82 56
83 54
84 52
84 51
