17237 21115
-1324.4 -5628.54
316.622 -1270.6
-106.852 -182.447
103.64 689.044
17.4032 -220.054
-198.034 -73.9944
30.0581 12.0038
-101.654 102.138
87.237 -16.5589
-59.0217 -74.8248
34.1515 53.4727
-74.4798 23.0187
-2.97132 -10.4625
42.4269 -47.2725
-23.0154 12.0023
4.04763 -7.58108
25.8343 -18.8438
-1.01195 7.44564
-9.21048 -4.77236
10.222 -22.3555
-18.0649 -16.056
16.6611 -26.4387
-3.9158 17.0393
0.0555698 1.65809
9.07107 -20.4853
-15.3964 21.2971
-19.1712 11.5665
13.5878 -7.34653
14.815 -14.8098
-6.13452 -4.19642
-8.02541 -10.0636
-1.03071 6.91046
-4.10175 -13.0907
-5.00421 1.77366
-9.94341 12.3658
7.74181 6.70541
13.5604 1.5637
-6.55249 -3.16238
-9.08879 9.41548
10.511 1.14735
10.8944 9.13065
-10.3226 3.92662
-1.58579 -8.61047
-3.54237 -8.09904
0.782478 5.39751
-8.21739 -0.00766161
-7.14783 3.05178
-0.361589 0.0973899
6.47855 2.94628
5 1
0.204403 -10.269
1.14275 -1.01614
-1.97682 2.96078
0.142244 6.82425
-6.08527 -0.826404
-0.95392 -1.0695
-1.96968 2.15336
-8.35643 -5.52109
6.47057 0.627563
2.54586 4.54721
-0.471356 -3.63533
-10.0419 -2.46529
-3.845 1.97153
-4.32903 -1.88247
4.2194 2.61711
-4.02186 -3.65108
-4.34214 2.52149
0.041915 2.63676
-9.30135 5.89165
3.48205 0.848892
2.14685 3.50365
-3.32346 -0.961609
-0.877646 1.18943
0.890129 -6.64734
-4.34315 4.92893
6.37947 0.580543
-8.17823 -8.30038
3.86163 -0.197831
-3.11935 9.46179
-0.335407 3.83245
2.57434 18.3352
-1.72351 13.3271
5.0691 -1.62705
-3.70348 -17.1574
-5.44544 8.10815
5.68611 2.23905
-1.17462 0.32552
-3.19443 -5.3672
-3.42222 2.87018
2.18891 1.04772
4.67857 -1.44205
5.48643 2.6483
-4.46442 -1.56914
-2.76707 6.05485
3.97727 -2.08881
-6.29097 2.13206
0.105691 1.69425
-5.48282 9.91979
5.07351 -2.86102
-1 1
2.13096 3.15901
-4.24165 2.86743
3.96074 -5.65981
0.101144 -1.42991
-4.33395 4.79182
-0.113136 7.74545
2.13843 1.51887
-6.14924 3.47952
2.70453 -3.27429
0.839933 -0.484735
-6.13906 -2.98212
-0.323638 -5.19362
2.32886 -6.19249
-1.30438 8.91169
8.16103 -2.3452
-9.02106 -4.03185
4.35984 4.5244
-6.92063 2.00154
3.31949 -14.6551
0.391135 -1.59638
0.00609024 -26.7049
6.95038 -14.8243
-1.67742 -0.831022
1.38914 12.0424
-5.07107 -3.51472
1.39069 -3.94521
5.18463 -1.07821
-1.05889 0.1942
0.294201 -3.55003
4.18826 1.3052
8.69883 9.26702
-2.6217 -0.95078
2.39036 1.1944
10.6318 -0.500317
-0.0776273 -3.8688
1.33031 -1.58106
-0.442684 4.87352
5.83957 4.05512
8.96486 -8.5237
2.16234 -4.13081
-1.42191 6.9712
10.8304 -1.71063
4.13828 1.67336
-2.75773 -2.73005
-2.03207 -6.11948
0.516048 8.93751
6.94963 4.50108
0.761747 3.81641
4.86986 -3.02774
-1 3
-1.38324 -8.05692
4.04528 5.88604
-5.5507 -3.39419
1.4824 6.26597
11.4592 1.50553
-7.86563 2.23878
14.5183 1.77537
1.44773 -0.643414
-2.10161 -12.29
7.43329 -3.38342
-11.9021 -4.6759
-1.95572 -3.61576
-0.337837 3.41778
-6.58936 13.4801
3.18869 -8.07443
-11.2545 6.99464
6.34902 21.2445
19.1398 0.108709
6.57913 -17.0864
-7.35544 -3.52811
1.36725 -8.59797
-12.746 0.814209
3.33705 -3.08956
-7.71011 -10.106
-15.6569 19.0711
22.3946 4.5008
4.86124 10.854
-20.4931 -10.0411
13.0056 -11.9559
-18.9302 -4.06091
19.4114 -35.1151
-1.01217 -41.942
-38.5583 -6.42627
-29.6057 -1.45959
32.2177 27.3329
-43.7946 11.5108
-31.4202 -53.6491
89.115 25.686
-5.32064 18.4333
27.8125 -34.1677
67.1931 -72.5373
-51.2298 65.6306
-40.2527 39.9689
-33.3198 -215.217
-74.4758 149.256
652.433 252.411
-434.198 -592.512
163.673 170.405
-250.026 2072.75
