19481 20431
-1878.57 -6814.61
726.897 -1359.21
-110.358 -232.628
-171.084 857.497
108.082 -159.679
26.2082 -193.828
26.1244 -49.0195
-142.897 62.4812
120.455 -19.5074
18.9961 20.9048
42.4026 0.866969
-86.0713 -103.272
-11.4587 72.949
20.7662 24.7084
-18.7758 30.9475
9.66714 -14.606
-10.0679 -29.5249
-15.9657 22.1769
13.0943 2.65741
36.6133 -30.5002
-15.0083 13.9401
-1.026 -2.56295
-9.80455 0.894783
23.1663 12.1363
1.87868 3.22183
-1.33509 7.71578
0.639771 -9.97914
0.953463 2.71022
-6.07827 -7.72732
6.94662 -4.19471
5.27153 0.51341
-7.55153 20.9756
-2.27738 -17.6445
-5.90121 -0.155916
-1.84386 -4.57351
-3.12845 11.3173
6.62066 6.03874
2.48295 -0.087948
-2.30118 10.4192
-8.16088 -2.1059
5.50649 -9.76576
5.0452 -1.83158
-4.99521 -6.07469
-2.99642 1.02687
8.74508 -2.33438
0.721377 -5.15221
1.27316 -5.45028
2.57686 -4.57407
-10.4792 -11.5504
6 8
0.14735 5.443
-3.37766 -1.19435
-2.79913 -1.14723
-5.23358 -5.80188
-5.69446 0.243267
1.42336 0.945796
-2.8294 -0.665929
2.5788 0.566231
6.58507 2.12912
-1.72239 -3.54109
-2.19363 1.6086
-3.44814 -2.86183
-5.89598 -8.35341
0.232036 5.66525
-8.52297 4.13283
5.15614 6.28757
0.264313 5.58304
-8.60213 -6.75227
-0.70313 -1.05205
-0.384316 6.17342
-0.0995994 0.395388
-1.52458 3.42861
8.93263 7.56009
3.49586 0.0613162
-1.29289 -5.70711
4.73985 1.70086
-15.6866 -16.5503
0.185534 -10.1631
-8.67687 -4.30451
-6.66042 7.4611
0.298963 -8.25416
0.121739 -1.85516
-5.05039 -8.36029
1.17663 3.12183
3.43174 2.96166
-4.88958 -1.3182
7.03029 -6.03295
-1.6668 -1.72166
8.74902 -0.760889
3.33015 -1.81459
2.72668 -2.51794
-6.25642 3.73699
-3.85541 -1.10075
1.64361 -0.206921
2.42685 1.2745
-0.365487 -9.38766
-0.287087 -11.8781
0.352157 -4.42967
-2.17171 -8.54016
1 5
-5.35115 -9.74062
4.7603 2.68269
2.19323 0.663654
-3.45711 -3.80046
7.36007 -0.0316528
0.51629 1.8647
-1.09208 0.879683
0.825901 -5.57063
-6.55052 -2.545
-8.45875 7.16491
-1.89061 -7.39367
2.94189 -0.0341954
3.87861 10.9682
-2.52671 -7.47906
1.55666 1.9045
1.0807 -4.48395
-5.33366 3.21343
-5.43172 -6.6049
4.14811 1.97317
18.1326 -3.22503
-5.33649 -1.63083
6.73573 4.13554
5.49663 6.93909
3.43739 -4.97738
6.12132 18.7782
-7.19563 14.6629
-2.12029 3.99114
-7.93833 -0.306066
2.86257 4.46423
1.1245 7.44887
-1.22509 -1.25331
9.94872 -6.52254
-3.65082 -1.10396
-5.94522 -2.79005
11.4663 1.47231
4.46682 6.683
1.92486 -5.78546
4.65285 2.25968
-4.3362 -7.44085
1.48632 -0.806434
0.254098 -0.30592
-1.96051 0.105571
7.58601 -0.105389
-0.797982 3.49061
0.602877 -12.3418
0.88529 -7.44168
1.99331 5.93105
-2.18144 -4.03026
-5.90411 -2.29465
12 8
7.66764 2.75312
-5.85393 7.9339
15.5993 2.8284
-10.2035 3.82082
-2.83092 0.275095
-12.9122 -19.6163
-5.72966 5.47652
9.90551 2.492
-5.83383 -5.54036
10.6887 1.86984
1.50168 3.37882
-12.724 7.20518
7.2982 -0.151213
3.02646 1.56384
6.40139 4.56304
-5.82735 -5.4222
-2.58219 1.96298
10.5187 17.2342
-1.10956 -2.18503
5.54926 0.46096
3.87675 8.71001
-8.51368 -3.05789
-7.76899 4.87166
-4.58425 -7.90097
-2.70711 -4.29289
-7.93428 5.03955
-9.45192 14.3013
17.6099 16.3394
20.3301 -3.56761
-32.3773 -5.15223
18.5699 -23.4704
-19.5041 -8.21633
-17.8762 14.3164
8.32056 -37.7976
-24.1004 10.7295
42.9758 61.5129
15.9239 6.61507
-13.5946 -11.3513
49.8561 31.1648
-5.10355 -52.1436
-76.3246 -71.5411
96.6729 -58.7863
-53.8162 105.6
-203.367 -61.5463
47.6953 108.456
663.529 -76.8467
-982.713 -457.566
443.372 468.266
650.561 2324.62
