18151 21248
-1539.44 -6899.35
398.072 -1115.5
-212.511 -504.535
248.777 727.69
182.995 30.3682
-224.4 -107.63
41.151 -157.197
-118.713 189.38
48.0742 18.5541
-48.4038 -194.892
25.6164 87.6053
-19.204 26.1596
-40.3866 64.4091
65.2697 -27.6857
8.41541 -28.7554
-51.9422 -15.5553
-36.9395 17.4302
34.9775 -37.8508
-7.94869 10.7087
-0.0761749 -5.73607
-17.5706 -25.4561
3.16097 22.0982
1.86821 -3.5468
-6.26974 -8.19074
-3.36396 2.87868
-1.48358 8.24695
8.46808 -5.76882
-5.6965 -11.9008
-0.253562 2.96503
-17.821 -9.89655
17.7487 -14.8095
-6.877 2.78302
-1.94994 -5.52339
5.65697 -17.8498
10.5096 18.1155
11.965 2.90633
-8.44992 -7.04769
-7.05507 -5.37269
3.53572 5.45845
-14.4504 -1.38191
-1.2863 -10.8146
0.627002 7.03194
-4.32427 9.8377
9.04336 -1.42846
7.75371 -5.03683
-1.98019 5.24637
3.50819 0.873689
-5.99853 9.12506
1.31373 7.0094
-6 -5
2.3004 1.82871
6.22035 5.57392
-7.18052 3.85383
-0.227022 -4.69116
5.87199 9.893
-4.43118 -0.22342
1.84162 2.64049
1.83279 -4.9986
-0.746966 -9.95015
3.56561 -1.26393
3.9188 -1.47325
1.54132 4.02307
0.185102 0.04102
-6.80598 -1.42876
0.208272 2.49378
4.69221 -5.94943
-12.4125 0.00620835
16.5673 10.8505
-3.35484 0.418062
4.23737 1.13262
1.84675 4.05829
-9.44241 -17.3758
1.6017 -0.225177
-5.518 1.17499
-6.19239 12.0919
4.17054 -1.13536
2.58222 -3.50357
-0.427147 7.614
-5.58078 4.64173
2.49489 3.8754
-3.105 -9.93313
-0.0431854 1.57833
-2.28864 4.26602
2.88296 1.72284
4.09189 -1.82887
-0.340937 -4.61859
-5.79529 9.62521
-8.99898 -8.80255
2.22941 -4.15315
-0.956928 0.324396
1.25725 1.01262
3.37642 -2.01587
-4.38233 1.57661
9.65868 5.29655
-9.9755 -1.43035
2.26305 -4.74367
5.20933 0.978425
-5.99849 -5.6358
3.14244 0.195494
-1 -6
-6.01472 1.88931
1.36679 2.45246
0.746627 3.63202
-4.64145 -3.26703
5.01141 6.812
-2.05154 3.07007
-1.59218 -7.37559
-3.97252 0.4585
6.05465 -2.49398
1.89061 4.43137
-6.9801 -0.455832
-3.29405 -7.51354
2.91295 3.02752
-3.27506 -1.09348
11.8352 -4.23158
-1.85731 -5.16628
0.44212 -5.17959
-1.12354 -2.93566
-1.26977 -4.63901
1.21332 7.1246
6.45282 -6.00975
-2.71755 -4.81462
-3.68223 -9.20964
-0.315066 11.5496
9.36396 7.12132
-11.0582 -2.65181
9.02288 7.96034
7.65723 11.3689
7.40698 3.31309
1.82759 26.6073
-2.26201 8.97858
-9.2069 2.82656
3.4611 -6.89124
-6.98987 4.10611
5.46271 -3.06974
-1.28774 3.81439
11.4421 4.65325
-3.06742 -5.87478
-6.83031 11.2235
7.19832 -1.26393
0.730517 2.78706
2.2859 0.632037
-2.08164 11.0722
-1.43363 -6.87537
5.68245 14.6894
-3.1483 -5.65136
-9.74079 4.5692
5.70656 5.69718
5.64005 5.06231
4 7
-4.86446 -6.86148
13.1415 8.66074
6.30374 3.35196
-8.02748 1.775
2.02281 -5.71276
-9.67605 -7.60078
-10.4563 6.77653
-3.66435 2.75068
15.0102 -2.79667
4.74222 12.3819
-1.80553 12.3227
16.8975 -2.44147
-4.24289 7.71816
-1.69458 -4.49868
-0.816361 -9.15938
-11.1101 4.01057
-6.86503 -1.48833
-4.47864 2.15929
-0.228333 -5.34423
-6.46691 -2.03996
-5.80224 -2.73704
10.9283 -19.9037
3.35312 23.0071
-3.60947 3.65829
12.1924 -26.0919
2.19172 6.92036
-9.56996 18.9506
-17.2523 -35.62
16.3111 -2.39261
15.3122 -5.73607
-43.3845 -21.4452
4.46084 -1.48032
42.8276 25.2304
-26.4625 -18.885
19.0735 1.66166
5.00188 -21.1049
-28.4216 -7.35197
45.4281 5.21269
7.19174 62.2127
-42.307 -17.6674
56.7869 -55.3321
15.8235 63.6496
-62.9553 -4.07372
-105.175 -283.495
109.858 319.191
636.557 48.0022
-959.453 -548.273
284.241 460.178
-265.09 2035.9
