17132 19976
-1779.75 -6026.85
300.146 -1149.05
-293.686 -128.855
569.17 586.695
56.4417 -235.136
-125.09 63.4411
-107.824 -40.0677
134.482 77.6869
-128.165 -31.8445
-52.8101 -19.1519
-9.97716 -71.4172
78.1813 55.184
-31.9113 -39.9159
-22.939 -7.66149
34.4779 23.3524
32.5883 16.8378
-3.50994 -4.66452
-7.8924 -28.2172
-15.4469 5.01629
2.92377 -8.20483
-11.9365 1.3919
1.11468 16.5458
-2.61018 -0.869073
18.2705 15.6004
14.9497 0.292893
-22.6547 5.35674
-0.693033 -8.11153
11.1588 -4.98662
-4.24341 3.81453
-8.88467 -0.399652
-2.95033 -6.71326
6.52911 -9.9177
-3.08467 8.49192
-6.6393 -0.934743
-14.8367 2.36544
17.9474 8.99519
-1.49967 9.05383
8.39967 8.86764
1.78004 -3.76732
-2.88046 -9.86212
10.4008 -1.34086
-4.65741 -3.32477
-1.24986 -6.10463
-4.83254 4.75004
5.10207 0.746786
-10.6946 4.11103
1.91533 3.06241
-6.39956 -4.67491
-0.756944 -1.58601
1 -1
-0.150528 3.13268
2.83944 2.10687
2.14546 5.08607
0.145976 0.0862642
-6.14389 -2.83955
-5.27054 2.41503
2.16613 -1.45512
-15.4635 2.43897
-4.96115 6.04845
-4.17702 2.31886
1.9745 9.61242
-0.556544 4.28747
3.39427 -12.9604
-4.53053 3.83839
1.41365 -1.22058
1.59105 2.5218
-2.4707 3.60823
1.24209 -3.65034
-5.00116 -8.3339
-3.73336 3.08657
-0.272306 6.86547
3.57708 0.424166
3.14496 -4.1444
-1.00367 1.1945
-2.36396 6.53553
1.79911 -2.11983
-1.91805 -1.9748
-0.479797 -1.84794
0.481523 2.68919
-1.64625 7.13963
4.64687 3.1819
-2.54736 2.1995
2.19483 1.06855
0.747123 1.17016
1.81895 2.55604
1.18005 -1.24355
-3.46058 0.126907
-3.23742 -3.60908
6.24469 12.2097
-5.64077 -7.11865
1.36785 -3.27002
-2.59099 11.0798
1.40671 2.4173
2.45942 26.4289
-3.5275 9.69093
-1.541 5.007
-8.88241 -4.47509
-6.25805 -1.18176
5.25754 2.47725
4 6
-0.238505 -2.57094
6.21553 -1.70082
2.21874 -11.5018
-1.50606 18.9319
-1.78832 -7.38387
4.74408 -5.16818
3.29644 1.04891
-4.85306 -13.3207
-7.20928 -12.4435
1.10314 1.62311
8.27448 20.0939
3.78572 -6.83381
-0.652573 5.34055
1.26639 -0.116503
7.90065 -2.8549
-8.89989 -1.10371
-4.09306 -5.99523
-0.427704 -2.2632
-1.39701 0.671952
-3.82588 -1.19536
-2.89946 8.58482
3.90757 -6.78175
4.63236 -1.58713
-5.39515 3.16474
5.05025 1.70711
1.85201 -1.85133
3.56659 2.24583
0.308762 -3.58374
-1.52013 0.646446
-1.15606 -1.84657
-2.72141 -6.53556
-0.525374 -4.80337
-1.26116 3.96112
-5.1035 -3.80971
5.54022 3.76319
3.45161 -2.54041
3.9249 1.20285
0.595221 1.55486
5.64655 -1.14197
2.70489 -2.55493
10.4469 4.43227
-1.72267 4.23896
2.13463 -7.03033
-0.565034 4.25928
1.54948 2.26173
-2.8889 -2.81053
-9.48711 5.89575
16.3407 4.8451
6.18835 1.88518
3 -5
6.56672 -4.45239
-1.51932 -4.63191
0.193695 1.92168
-2.31416 -10.1447
3.11521 -3.15028
-11.2217 3.61553
0.745652 2.09434
-2.45092 5.56331
1.71164 3.05999
6.35259 -2.08215
-0.873313 2.12832
2.08499 -13.0577
3.09839 3.21303
6.12257 -6.61018
-14.2709 -3.01076
6.15107 0.574989
-8.79754 3.73594
-2.18049 -2.40121
-11.1623 2.26344
-1.39309 9.11708
13.2952 12.356
4.73905 1.34445
9.77009 -17.934
14.6777 -1.32232
10.364 -0.535534
-12.2583 -25.1577
8.83297 2.40599
-11.6527 -17.4183
-33.8258 21.1738
4.54837 12.4409
-11.8839 -0.242337
-21.4514 16.2434
32.8861 8.22633
6.36116 14.6279
9.7333 -0.813087
4.56337 -45.3143
38.3678 -8.11298
16.8775 -3.89825
-67.2351 -85.5144
-11.4851 -59.31
57.4235 42.6545
-100.346 33.7217
2.31107 -58.961
125.073 -61.7474
-94.5259 143.673
251.153 697.542
-114.861 -991.879
-81.2802 431.311
-787.529 1634.03
