20595 23402
-507.211 -6736.83
1101.06 -1005.69
58.8922 -327.069
-646.387 635.099
168.949 -26.9706
144.234 -202.438
79.0492 29.362
-160.594 -115.188
-16.5352 14.4562
29.2292 -6.91898
-20.2618 46.4341
96.7132 -60.8467
-35.5398 -38.6743
-57.5662 56.2516
5.72901 -8.22792
31.9463 21.3309
-4.93623 3.94762
-5.50929 -16.1039
-4.81856 -13.6221
-18.4 -4.97994
6.47802 11.2863
-25.1219 -4.48251
-2.85938 15.0389
5.02144 -5.76389
-28.3137 4.82843
17.279 -6.89544
-3.15187 8.53219
-7.69371 10.6738
7.60749 -4.55654
8.75494 -10.1407
-12.225 -3.19902
-5.82366 -16.331
4.71435 0.875768
-2.70475 8.01343
-2.34455 -6.39137
-11.38 9.86185
7.14282 4.48945
6.09516 -1.31338
5.6857 -5.28941
-1.03681 -7.58544
-4.29569 1.00001
9.63632 -5.46961
5.83511 2.77035
1.10515 9.27873
-2.66676 -0.178047
2.124 -0.0656575
-0.935699 2.7446
-2.09804 5.45137
-3.26995 -7.79856
-9 -6
-5.01588 5.99856
2.47889 0.843731
4.70856 10.5963
-3.50306 0.54873
-7.22095 -2.86819
-2.8949 4.83644
5.40256 2.41738
-4.07295 2.17224
0.116172 -1.09341
0.0932536 -3.65429
-4.53488 2.03269
-1.8246 -3.75526
-3.10069 6.69662
-2.14673 -3.04071
-8.98907 -3.40958
0.536498 0.0596378
3.59122 -2.69884
-2.14524 8.06618
3.42892 -2.26015
0.313944 10.162
1.01768 -0.999001
0.406298 -3.78481
2.27344 -5.81272
-0.271368 -3.71837
0.171573 -2
-2.00944 3.00048
6.71014 -1.48954
-5.16319 -0.494798
-6.24138 1.02097
5.93085 -3.56342
-1.13184 -8.59587
5.51214 -1.38945
-3.17058 2.13534
0.7132 2.36292
5.17082 5.56433
0.253926 -4.37851
4.29388 -1.84453
-1.01464 2.97073
-0.816751 -10.7618
17.3675 -0.935124
-8.76053 -0.656311
-6.65768 9.55578
13.2342 4.51597
-7.06387 -2.50442
-4.19697 -8.88034
2.02761 3.02897
2.25388 -16.4815
10.7704 -9.7239
-2.56175 1.5537
-1 -2
-4.29118 -5.03591
2.60298 -2.56547
3.55991 4.50345
-8.20396 5.39436
3.93028 23.5832
-8.68046 5.52735
0.406992 10.9225
8.79049 -16.6424
-7.00338 5.7593
-10.0971 8.01518
-1.73082 1.30284
6.86829 10.7173
-1.86225 2.89321
-3.87021 0.0889194
2.2187 1.59614
-4.62965 -1.29194
2.3958 1.78662
-1.74384 -8.95802
0.903231 3.56676
-5.93085 -2.11034
-1.54772 4.89284
-2.90826 0.457019
0.728159 1.0981
5.37754 3.81886
-5.68629 -0.828427
6.45496 -0.766488
-2.84842 -3.14429
-1.07092 0.722455
4.80836 4.36066
-2.33519 5.21915
0.0926655 -4.18298
0.0354448 -0.220226
-6.71375 0.268102
0.892539 2.9327
2.07873 0.0525727
1.27903 0.691968
2.60823 7.59758
1.05174 0.0645658
8.66793 5.04291
2.37888 -3.31127
-0.461717 4.02631
2.61784 0.752754
4.30468 1.02052
3.18836 -2.85009
-0.477718 7.09329
5.90033 1.61593
-6.98443 0.605637
1.92715 4.29692
1.4849 5.25006
-5 -2
2.40632 -0.266291
8.84473 2.14625
10.7328 12.027
-4.01422 4.87417
1.4298 5.03194
-2.34393 -0.363266
-2.54636 -4.82553
2.49706 0.713281
-6.15549 2.59433
1.03681 -13.7408
-5.05881 -7.4036
-15.3279 3.60613
-1.88969 9.72325
-0.241797 13.7501
-3.8426 -2.94261
15.465 -5.97
1.60439 15.3433
2.74009 2.98973
12.3429 -10.6413
-0.261561 -6.36504
-6.14854 -5.48692
5.15353 -14.9702
9.69634 19.623
-18.1604 -10.7573
5.82843 -2
6.41021 11.3083
0.626319 15.4785
-4.11188 12.7804
25.3145 9.07172
11.9278 -31.0545
-24.0095 16.4253
42.7598 11.2491
27.8737 -9.02892
-40.7257 13.0474
11.9263 13.26
20.488 -15.9432
-9.01837 -2.72864
-4.71663 -14.9209
16.722 -31.1644
-38.9718 38.9635
-72.1456 -36.1879
35.8397 -87.6781
109.958 82.0451
-180.762 15.6733
156.306 163.687
395.911 -481.353
-993.565 -215.717
664.15 356.002
235.681 2240.42
