17985 16897
-2585.38 -6258.76
655.706 -1591.85
-350.053 -372.06
281.565 715.006
96.4272 -140.545
23.7953 -92.2747
-66.8762 -171.914
-11.8476 198.807
-101.587 -58.2157
17.6349 11.2892
115.48 -109.162
-131.289 15.6397
-17.8388 -8.74325
37.1878 -3.61583
16.8154 -14.8204
7.45726 0.490245
-26.8267 -25.1261
3.15505 21.563
31.2391 4.62287
9.82548 10.3977
17.3491 -11.5005
-14.0966 -1.44261
4.72508 10.2243
-2.34072 17.7355
-13.7782 -10.5355
-5.09017 5.36176
0.403561 -2.33128
-13.6259 17.8489
2.01477 -14.4741
9.75268 4.3399
2.23305 0.697499
-8.69478 -5.9142
1.87108 6.17969
2.51561 -0.478099
-3.82155 -9.16675
-4.34319 5.82656
-3.93785 -4.00822
1.033 -4.01642
-3.54601 3.48417
3.24466 4.4285
-0.156261 -3.76815
3.78571 -0.917336
-2.00351 -3.79404
-5.32983 8.192
-13.0389 -5.15239
1.94184 5.38404
-0.748935 -2.67632
-9.39414 1.43873
7.83689 -3.25288
-2 10
-4.98504 2.12455
2.91216 -0.603382
2.95787 4.21531
-4.35564 -5.83181
6.31553 -1.83113
0.446877 0.934673
5.58976 -0.442622
-0.130676 -2.29633
-7.17035 -7.78002
4.06949 7.55129
2.6735 -9.07558
5.04882 -7.71503
8.11783 -2.09714
-0.988494 2.2449
-4.49736 -9.76826
-2.14091 0.647922
12.6715 3.93434
-9.40464 -6.89286
-5.65543 -6.44735
-2.28054 2.29129
-10.7766 -17.7743
-2.19501 -10.703
-4.76584 -5.74269
7.84868 9.97883
-1.19239 1.12132
-0.593391 -3.03257
-3.68405 -7.45537
3.18265 5.79048
-1.0931 -1.01001
-2.43236 -2.94871
11.6053 1.53187
-7.44731 0.948017
0.108561 -2.63524
-2.96879 -8.02506
-2.20031 3.82178
8.43904 -1.45677
2.14999 -6.58386
-1.81494 8.60479
0.839358 -11.1217
-5.98247 3.5092
-5.68933 1.28605
-2.81831 -0.175747
3.58564 1.44555
4.80154 1.73889
0.537576 -4.49146
-0.958554 5.19675
9.06519 1.1921
1.80365 -1.46829
3.63243 -4.06518
-5 5
8.40805 -5.46245
-5.12329 -1.053
-5.09905 9.39767
-1.60442 2.49648
5.23678 -2.22879
1.59022 3.60564
-5.49312 -2.72182
-4.70018 4.39955
11.2661 -0.0800667
-6.21789 2.93296
-6.62284 -0.685631
-2.06359 -3.03771
-1.51883 5.19157
7.05396 1.51092
-5.30344 -2.5676
3.12954 4.42575
0.0479949 -5.56064
-2.32669 -1.13998
-2.13625 -8.74615
0.196294 -8.37753
-3.33282 -8.76965
2.46712 4.4737
0.541635 -5.47781
1.80762 5.63754
1.77817 -3.46447
6.28212 3.1716
-3.01199 -10.0487
2.90507 8.88615
-1.76884 -4.09949
-1.35249 -0.73169
5.26167 22.192
-2.23267 2.70037
4.32526 3.27281
5.91839 -8.63306
-1.4675 -4.12404
7.77158 1.93072
-5.95947 0.459002
0.434466 -5.55688
-0.48015 0.753422
-5.65308 2.12247
2.25168 17.4307
1.2465 3.07375
1.4245 -10.7416
2.82831 1.29753
-8.95944 7.96851
5.5227 -2.92277
6.49394 9.45372
-4.32089 -4.13361
-3.41152 -3.3772
-6 0
-15.0539 3.55945
7.45395 -8.37556
-5.96987 12.8759
2.75654 -0.19811
6.22095 0.673406
11.9114 -2.48067
-0.660474 4.30492
8.65376 -7.66053
-4.91608 -1.62109
-1.00859 -0.102265
-0.148288 0.554014
-5.10061 -5.09406
1.51536 2.87659
6.5529 2.62502
-2.86208 -7.69317
9.31199 -0.0183233
3.71062 -6.745
2.15026 -0.305672
15.5061 -6.40072
-18.3 -9.06668
-0.369521 2.61102
-0.388413 6.47249
-8.88482 13.3334
15.6037 1.96167
17.1924 -3.12132
11.8563 19.3159
-7.14631 -0.506357
20.2861 13.7537
12.9287 -24.6639
-38.2419 14.9285
6.11465 4.90814
-30.3745 -15.5436
-15.3907 26.413
26.4336 9.6441
-18.1059 -32.4029
-18.0695 54.4962
42.5181 -68.1464
21.015 24.1622
-47.604 -2.90318
4.74576 -74.5642
66.2942 -59.8889
-37.4009 84.3123
-101.53 -81.8194
58.0535 -95.5589
64.703 158.328
413.121 147.408
-1115.54 -929.784
398.83 869.281
490.066 1779.74
