20586 22423
-2246.08 -6550.26
951.097 -1553.9
-396.14 -267.885
191.042 773.246
108.029 -34.6814
-57.242 -106.898
51.7227 -247.994
12.3401 155.275
13.0899 8.54383
-50.9358 21.1625
145.347 -60.0365
-86.7958 -45.9818
-23.2649 58.893
4.09902 -48.8763
24.7736 28.5431
4.6093 -0.382456
-17.9951 -8.28746
-9.67046 -45.1354
51.0157 17.4023
-12.4063 12.3785
-3.15432 9.76574
7.33138 -23.8442
0.142087 6.16411
-12.5921 6.51737
-12.6569 -13.8995
16.8901 18.813
-6.92703 22.4863
-17.9078 11.8966
-4.47899 -1.57803
4.13072 -1.40331
-6.44422 -5.1406
-1.02401 -8.67825
-17.865 -4.63116
1.45191 5.78264
-10.0968 -6.63771
-10.3431 0.0385654
-2.65408 6.21201
2.8017 0.417001
3.97841 -1.08224
-4.56134 0.908933
10.3303 -4.19077
7.15306 3.79867
3.46932 -2.75038
-1.33614 -7.50919
-6.37714 2.72816
-0.543756 0.660674
0.335838 -3.23984
-1.59981 0.842436
3.37643 8.78729
2 -1
2.9264 12.0805
-0.191394 5.25197
1.03002 -5.02732
2.64424 3.60418
1.21883 -0.222488
-6.57645 7.17291
1.59626 3.78476
3.368 -4.14005
1.47327 -0.51427
-0.241023 2.01152
-8.35951 -4.1722
-0.770105 -9.95526
-3.36448 -0.567608
4.23946 10.6273
4.33921 -4.62856
-5.60994 2.31591
6.9368 -0.180832
-6.37624 -6.29979
-0.872893 -3.39828
6.37586 -3.72943
-4.01886 -20.116
7.65517 -12.1807
-5.33007 4.07722
6.15634 17.7144
-1 3.75736
6.86196 -9.51461
-5.5985 -8.7915
8.77234 8.08758
-1.4617 6.45967
-2.17979 5.58299
14.0496 3.77927
-0.451951 -0.932474
3.70841 4.5986
-2.91784 -6.16178
3.90781 -1.29792
1.54737 -1.39611
-6.1674 3.14275
-2.83533 -7.824
3.597 -1.26496
6.19313 3.87196
-5.4682 -3.76791
0.567493 -8.94936
4.3632 -3.19416
4.38168 -3.30286
-1.53272 -0.995331
1.21351 -0.244639
2.47631 3.58701
5.07451 0.75698
1.46966 -6.44352
2 -1
4.3843 -1.42953
-3.84521 1.01582
-6.36194 -0.187388
-0.671645 -0.248649
-3.19713 -4.32676
-1.57722 -1.74805
-0.568201 -1.95866
-4.35551 -0.197443
-1.92532 -7.38404
-1.3038 -1.15633
-2.64048 3.42699
-5.74033 -0.422884
3.94104 -1.15352
0.828936 -7.19254
0.897491 -1.63558
-4.80332 -2.03713
-0.329679 6.61125
0.691848 -1.81602
-5.49246 6.832
-3.91038 -3.20103
5.82818 -6.62174
1.19383 0.293268
1.40581 1.95703
-7.92661 0.0165831
-1.34315 5.89949
-3.17481 0.536628
-4.25379 -5.14706
2.97553 4.06661
-7.66932 15.372
-0.561136 -0.78865
2.996 14.6895
-7.18897 9.81518
4.08729 -1.67059
-8.21139 -12.4633
-1.03331 0.579233
2.95251 0.955607
-2.8173 8.50503
5.56129 0.893231
7.75067 10.5005
4.56726 -6.04596
9.52833 7.92401
-5.11526 6.41796
-5.83534 -0.0444214
-4.9741 1.33611
8.919 5.15543
4.74607 5.44704
-7.35202 3.36842
-1.31542 -0.713151
-9.30067 -0.972579
2 3
-6.35622 0.746392
-0.458833 -2.10782
-1.55229 8.41614
0.495256 3.99003
2.28343 -9.19046
3.48077 -11.267
-1.31156 1.65289
-9.08199 8.01479
-3.85825 0.124709
9.65151 3.7091
-4.67877 -5.35088
-5.65625 -0.0193193
19.2992 -1.99646
0.682063 -1.66587
-0.577018 5.28064
-4.32719 -0.47763
17.9137 7.08483
15.8588 -3.4664
9.52798 -21.6626
-1.69622 -3.24579
-13.4138 10.4313
-4.52353 6.32202
18.8858 11.0594
3.95763 14.7676
-1 12.2426
9.43968 3.73086
-7.59698 8.90481
25.1675 -6.42382
-18.9479 -45.3739
1.08003 12.656
8.36833 17.278
-28.5669 -3.7406
-9.7519 11.3066
29.2697 -56.2678
-21.0438 9.77045
-14.6229 12.7198
42.2143 -19.7972
19.8655 3.16701
-61.6571 58.1427
-26.2028 -86.7109
69.4235 -41.6038
10.9189 71.2996
-128.081 39.7122
-121.595 -198.03
-54.5106 223.559
488.482 -179.456
-835.884 -569.968
574.651 834.248
421.295 2293.03
