19287 19322
-3646.4 -6024.62
339.389 -1941.17
-412.307 5.50528
661.932 507.181
-45.2914 -32.0039
-3.67894 -111.214
-178.19 -98.3057
160.789 67.7511
-93.5411 -27.1886
64.393 5.1675
-23.3672 -170.648
35.1765 106.231
0.809989 35.7932
0.910739 -12.5428
11.4631 -25.2736
31.331 -11.8934
-55.2026 9.81676
29.0353 -9.95481
-17.0503 -40.2976
26.945 8.57992
-19.9199 -2.71647
10.8954 -5.56058
-1.68255 -18.1659
6.79681 -22.5624
-22.4853 10.6569
-11.768 2.61202
6.65365 10.5942
-4.64352 -9.1537
-2.35579 -2.45804
-2.15112 15.3958
3.3063 -2.7059
5.0128 -7.42665
-3.93138 -4.08955
-11.8412 0.228002
-14.8497 8.68096
1.17426 -3.46724
4.00505 -2.80682
-0.467445 -0.0886018
5.75181 -7.33559
2.41695 10.3751
11.3336 -4.1107
2.79326 13.174
-18.3687 3.91146
-3.41935 0.492234
0.580139 -6.61715
2.93817 -3.54345
-8.33243 -3.45837
0.751113 -0.161359
7.74586 -9.81353
5 6
-1.10774 -5.61586
-4.68806 -1.19627
8.85136 1.4242
-2.16575 -13.6422
4.66425 -7.70312
-5.54063 -9.07115
10.7289 3.8165
3.22242 1.147
-2.27295 -7.16449
-7.88097 -9.418
0.665465 -4.35241
1.3639 7.07221
5.79262 5.72634
-6.7235 -4.49957
-3.24422 2.49495
-5.30326 4.9941
5.8929 -0.23935
-5.6138 -3.8756
6.00619 7.5924
-10.4456 3.25663
3.88971 1.34794
-0.85203 -0.466575
3.78542 4.56389
3.02654 4.78471
4.82843 -1
0.909555 4.32819
3.19906 -4.44276
-8.32093 2.03137
-0.892474 -0.343373
-3.20254 -0.282825
-2.48559 2.00076
-4.53583 -5.77566
1.89504 -4.03935
-6.78693 1.62552
-4.31496 1.87324
3.40676 0.993169
4.71617 2.89676
-3.90658 2.17132
-2.44378 -2.82015
-5.32413 -3.1675
6.65701 4.1465
0.732756 -3.69964
-4.27781 -7.9312
-3.86269 -7.43186
-0.557237 -11.67
-4.46068 -1.69654
1.37418 -8.13699
2.9681 4.23525
-4.80982 -4.12728
-5 6
5.6804 -2.11566
6.71753 0.467123
-3.10305 -11.9963
3.58831 1.23917
-2.63476 -4.85225
0.606739 1.89572
9.51559 7.78215
-7.0996 -2.69293
8.67618 -3.18518
-5.42504 -1.26068
-4.40518 2.77731
1.50729 -2.24951
6.31761 -0.207139
-3.54514 -5.91809
0.323827 -7.83633
4.17699 -0.174154
7.55415 4.01883
6.9341 -3.71011
5.15709 2.79039
-3.65156 2.90086
1.24763 3.04581
-4.75612 4.15521
2.43144 -10.7171
1.50062 -3.12447
-5.51472 -0.656854
-3.36044 -0.530718
0.0294295 -4.24207
1.68094 9.24361
0.97039 -0.285922
-2.67764 -2.88998
1.92037 8.89171
4.6955 -4.63361
0.446559 6.52452
3.76579 12.8164
0.00704886 -1.52848
-5.50926 2.92789
3.26356 2.33536
1.44798 1.09864
5.5961 -3.59028
-6.9174 -7.72789
2.78277 -9.50371
-3.51962 0.226839
8.16298 5.78122
-9.7046 -14.5612
2.40174 10.7094
-8.19186 9.52537
-4.79924 5.86237
10.046 26.0113
3.47323 16.694
1 -6
-17.9016 -8.19559
-5.30231 -0.226202
3.53348 5.27704
9.44769 -6.75808
-6.90739 -2.30379
-0.272199 9.01319
13.0961 0.0064613
0.954354 6.0538
2.03321 -0.460964
-2.56285 -9.99312
-8.07816 0.0190476
5.4026 15.1329
-4.05984 11.9868
-2.79587 -4.96213
8.07646 -3.20191
0.904187 2.34253
3.10932 21.1724
5.12245 -12.3545
1.58609 -9.79735
3.60875 4.88998
-21.5223 17.332
18.3624 -7.5083
6.51082 3.25388
23.8879 -0.256354
-0.828427 -1
-16.487 0.421379
30.7596 -2.47363
-20.3522 -24.5623
6.32165 0.327586
-17.1466 -32.434
-7.53312 23.0251
36.7678 -2.02041
-1.41535 -42.7626
-18.4626 10.704
-27.573 -38.4023
-39.9309 -0.197932
65.9441 0.296809
-10.5342 -3.26096
-62.3137 -59.9869
42.0218 -11.3918
50.9036 -15.5596
-44.6309 17.7106
-144.63 -106.201
97.8844 -153.648
-18.1439 89.6343
442.147 177.866
-851.291 -1019.96
250.929 1103.54
489.908 2150.84
