19546 22356
-863.771 -6671.38
1085.26 -1131.75
-216.512 -129.062
-76.4277 775.997
70.4295 -272.142
-27.6698 -136.402
15.6463 -48.5978
-112.669 121.243
83.5002 -36.1896
-17.7939 16.8716
10.5383 -25.8709
-88.6317 -71.7028
19.8714 48.7554
15.6393 17.6571
-10.0515 -14.2926
-1.42211 0.229493
-1.19798 -21.4867
-14.0483 -5.1894
-3.55311 16.1662
-16.33 -16.709
-4.72424 29.4347
11.7363 11.9562
-1.7708 -9.63898
4.8663 -11.884
-5.24264 27.7279
0.764641 9.02668
9.57491 -0.195296
-0.0390829 -2.26639
-8.80237 6.51777
-11.8599 -10.2466
-5.73189 11.5939
11.5478 4.2276
3.85524 -13.633
2.70514 -9.23791
-11.5474 -2.99761
3.65069 12.5485
8.24069 -11.3568
1.98153 -9.6718
-8.17711 2.83747
-7.75856 2.3363
-7.5051 4.45918
0.293862 2.8123
8.34749 -1.99703
3.20423 -7.26138
-1.42445 2.51273
2.70826 -4.05976
-1.18883 7.00282
0.593979 -6.01407
3.16436 1.60269
-8 4
-5.70316 0.78208
0.143436 -0.194936
0.723982 4.23675
-3.22166 0.104482
3.11854 -1.78457
2.4899 -3.03664
5.47366 5.80807
-2.79782 1.50772
1.4159 -0.649935
2.936 2.90227
-0.992475 -0.928937
-6.00865 -1.37624
-2.47303 0.240763
-2.50444 -3.40869
4.60989 -7.89839
-1.69378 -1.13498
2.45019 3.11879
-1.42254 -0.770704
-5.21956 2.92358
-0.487667 -1.22554
3.69912 -4.51573
-2.07242 1.6442
-3.43246 -3.73207
-3.38711 -7.42762
-0.414214 -4.55635
-3.8931 1.5146
8.76968 6.92728
-2.80359 3.63155
-5.05254 -0.177265
-2.80699 1.07388
-4.41594 3.5207
6.28022 5.96347
2.57582 -3.07573
7.30539 -0.188352
-0.171902 5.1809
0.582148 6.8411
-6.70149 3.02614
13.4848 2.56128
-1.25585 -15.0186
-3.85857 -3.21911
-7.60073 -0.555693
1.85974 -21.6559
9.20487 -6.77928
-10.5476 -4.10209
3.59006 10.3762
-5.58313 2.5601
7.9657 -4.819
-0.646576 1.05752
-1.65069 0.516409
2 0
5.75094 1.93403
0.399115 5.11308
-6.83408 -11.8272
1.79224 3.25416
0.802856 -1.16944
-9.45129 -10.3748
3.92102 5.47253
-2.07216 10.737
3.24316 2.96099
2.26045 20.9206
-4.1095 10.062
1.76921 3.1743
5.49587 -9.78797
-1.83136 -1.71301
-0.60643 2.33798
-7.13334 9.75516
1.46662 1.11414
-5.97085 -0.884284
2.48512 -7.38484
-3.81105 6.78022
1.81053 5.02996
0.386622 9.1987
3.42823 -1.51446
-1.38416 -3.33159
3.24264 2.27208
-2.07262 8.34038
2.89637 -0.272044
8.82838 3.9821
-2.52781 6.73134
-0.0678019 -3.20566
5.76809 -5.90393
2.19049 -3.57039
-2.48763 6.42098
-2.1457 -0.671743
0.677428 -8.53304
-6.37046 -2.55893
-1.84203 -1.38642
1.55008 -6.42128
9.99792 11.9005
0.862374 5.1879
-1.29978 2.09622
4.08853 -2.81457
-6.49975 4.03061
4.52013 1.03271
-3.55871 -1.6575
1.99939 1.47758
-6.40045 8.30939
0.606156 -1.80094
6.98527 0.169482
-4 4
-9.52499 12.2238
7.22822 -2.44185
7.02584 10.93
-0.241772 -5.1259
2.74015 -9.6623
-2.26436 -4.25984
1.04972 12.6115
1.69086 -7.83061
0.751785 -8.85944
3.3766 -1.19041
-6.81134 -1.44074
-1.32757 7.49556
9.48374 0.151029
-10.1336 7.82371
-1.11388 15.5033
2.74292 -9.07511
-4.65606 -4.64643
4.17727 2.69195
4.9053 -1.55369
9.72028 -14.4468
3.92865 3.39884
9.1455 14.9244
-2.49442 -9.18657
-13.7204 -0.116767
2.41421 26.5563
-16.677 -13.8712
-4.31386 2.06783
19.0712 16.4825
-12.046 0.445794
-4.46833 13.6188
31.4751 30.4628
-2.3687 9.7146
18.6001 27.7126
13.8885 -44.5713
-17.5733 -30.33
15.1048 25.7921
3.75152 17.5479
63.433 -31.6425
-5.87045 -18.5655
-45.9129 -23.4485
-54.5536 -78.91
62.1122 76.1854
16.8052 147.144
-27.9856 -127.437
-39.9209 62.5559
541.863 -39.6543
-807.819 -706.616
294.96 798.646
-48.5209 2187.12
