19165 22386
-878.154 -6323.51
1114.06 -1164.88
8.36293 -323.683
-478.504 670.973
117.973 -61.0586
70.8404 -158.749
97.4742 -11.332
-175.023 -85.3321
73.5494 39.2956
-7.71773 20.2078
13.3646 53.4097
91.5547 -136.671
-24.5853 23.1508
-45.6348 10.3944
-15.3449 -5.54028
6.4491 -19.505
6.1245 5.9107
1.92609 -4.28956
-10.1168 -9.63656
-2.27154 40.7671
-24.0176 -14.8308
-6.73538 2.9948
8.58181 -14.3087
-16.3894 -1.98359
-19.1924 2.12132
2.33096 8.14418
6.60653 13.3906
0.110425 -9.85098
11.0974 -6.99518
-8.95559 0.1023
-6.60145 5.22245
4.5769 -6.95804
-4.73203 3.49574
-4.86812 -5.15478
-6.81148 0.413946
-7.22038 -12.6588
-1.80757 3.69234
0.586812 -2.53311
6.32297 -5.10078
3.95309 2.8728
-0.307046 -2.80673
1.68873 -4.73103
-1.58713 -1.52716
-2.44097 6.53279
7.40992 -1.41348
1.08657 -0.801064
-5.5374 8.1921
-3.23516 -1.12951
-1.37792 4.22856
-2 5
-2.48723 0.634573
-3.59103 -1.68999
-2.13292 -0.120734
0.613017 -6.6758
-2.37307 -0.398848
-4.83843 0.740691
-2.96341 9.62166
2.93798 3.77591
3.4138 -1.78031
0.483457 -0.623802
0.250023 -3.57156
-0.785044 0.238162
2.20612 2.30414
-2.89488 0.873596
1.39714 4.79463
1.45109 4.23096
-3.80044 7.5433
4.82202 0.673503
1.10012 -0.0223926
-4.80834 4.07804
-0.385614 1.98389
-1.91434 -0.639899
3.2176 6.38274
-1.53275 -5.54938
4.70711 -1.05025
8.97165 -2.02227
-4.57272 -0.800493
1.17962 7.16471
1.27058 1.97787
8.65537 -2.77491
-0.473005 8.7686
2.03172 -5.63453
-4.32869 2.9721
3.29889 0.535851
-5.71209 3.81794
-0.290444 1.70634
-8.13144 -1.99614
5.72263 -3.9394
-0.340545 15.2754
-9.17081 4.26434
-0.214184 0.961472
8.62682 -3.01361
-11.36 -0.298458
1.70018 5.62989
-2.2037 6.47894
-0.388133 2.34632
3.78112 21.7761
-3.64004 7.8328
-5.1737 0.320645
-1 6
7.1634 7.39238
-4.84608 -3.21464
-2.49829 -5.71221
7.41515 8.01374
0.645239 -23.2691
10.1522 -7.63244
-3.81069 -5.29642
-6.60272 15.8746
6.45993 0.0987822
2.74367 -3.7471
5.57231 -2.71768
-3.60605 -0.820061
0.814721 -5.32961
-3.98418 2.9378
7.60319 -0.279091
4.53728 -4.61491
4.52516 8.72204
-6.68118 -2.50176
-2.69068 -1.33244
-3.65537 0.302774
-0.271498 -2.70525
0.22411 0.00407053
-1.2862 -4.56981
-3.74622 3.95616
-0.807612 -2.12132
-4.8573 -3.71357
-4.53874 -1.59691
1.61772 -3.34064
-4.52528 0.812256
6.36659 1.52281
1.44561 5.60113
3.41518 8.62433
0.429026 -1.21883
-0.860858 2.50725
-1.40426 -0.552002
-0.890695 0.632881
0.610119 -4.29466
2.49069 -2.85501
-6.95814 -3.63854
-3.6638 7.49919
-1.14592 1.767
1.64319 -0.356795
0.976918 8.32651
6.99668 -0.234446
2.76247 -11.744
3.18775 -2.1325
-3.27137 -0.550227
2.43377 1.10674
6.13241 -0.762423
2 -1
-0.00775753 2.80917
2.73801 4.7429
-0.693541 -3.82902
6.82837 1.05473
-5.81753 -2.06521
-8.72477 8.89649
4.905 5.51658
3.5818 -4.29898
-2.44159 -11.844
1.04691 3.59934
-4.62839 -10.8909
4.154 -7.01102
-1.67607 1.26167
0.338942 -7.7016
0.383386 -4.8311
3.75857 -5.51282
6.5755 6.38972
5.26468 -3.23499
-3.53878 -5.35934
12.522 14.0051
1.41248 -13.7966
-8.26287 -11.6329
-1.94903 10.5369
5.48864 -1.65513
3.29289 -10.9497
7.38831 10.0675
10.6722 -17.3472
-4.04891 8.76674
13.8435 -1.66504
21.4519 6.35753
-13.1182 -17.3114
6.33344 37.5607
23.1159 -9.49199
-3.85579 -6.50901
-14.8587 -16.2962
34.4645 -59.5484
9.48453 20.7492
-33.2358 -5.84764
23.2272 -3.18809
-20.9797 -14.4332
-112.139 -45.7856
39.867 -83.791
60.5147 67.3719
-144.858 12.6669
88.3517 83.9425
509.219 -381.47
-977.88 -208.624
428.879 411.816
359.652 2063.31
