19377 21197
-1559.77 -6381.41
829.569 -1061.89
33.8667 -297.277
-446.828 677.88
112.219 -116.986
95.0611 -237.177
85.8834 77.6935
-149.622 -66.8638
39.4775 90.2945
46.9794 18.8829
-38.3195 -21.6199
46.7792 -72.2284
-59.8802 -41.4527
-35.1471 70.0103
-7.47982 -14.9309
4.1706 6.57601
25.0091 -23.4723
0.851984 11.9846
-16.3425 -7.29845
-19.9834 7.5162
6.64091 18.4313
-25.8533 -38.6902
-10.4547 -17.0906
-8.68035 15.4404
-5.53553 2.87868
19.2609 -11.1939
5.63229 10.875
9.75235 -1.3224
-5.08338 4.45314
-6.5746 -3.20562
3.57303 3.6202
-5.59131 0.208156
6.61471 -9.27673
2.1347 2.26766
4.87723 8.1531
-12.8977 -2.15079
4.52295 -1.77929
1.77446 0.1096
-6.82329 0.568998
-0.984587 1.26445
5.37039 4.7545
-0.864548 5.99781
1.98599 -5.06601
-3.23607 -0.720384
-6.96578 -3.92322
-4.38087 -2.96181
-2.87441 -7.10926
-3.78787 2.48385
-4.33666 -0.584966
12 0
-0.607883 4.48708
1.06785 -0.105329
-0.417301 -0.919131
-0.503454 -5.50511
-5.27138 3.69624
-5.05091 2.05668
4.86932 -2.64049
-1.1521 -4.81228
3.80771 -1.19377
-2.08467 1.71284
1.54171 -10.6323
-5.97159 4.04231
2.85686 -1.55855
2.31266 5.55214
-5.23851 -1.84962
5.05156 10.6696
1.35841 -0.561598
-3.27372 -4.75892
-2.7156 -2.6783
1.8664 -5.94028
-8.84732 2.45975
1.49181 -2.31992
0.104756 -0.651966
-2.89939 1.86557
-1.29289 -1.12132
1.19614 2.17093
-8.28685 -2.39159
-1.13728 1.58467
1.08092 -3.36165
3.21113 7.33187
3.17858 6.37868
-6.9759 -4.89099
2.37533 -1.27198
-1.85073 -0.389948
-3.24642 -2.53612
7.52892 -0.13956
-8.06017 -3.59254
-5.59835 9.06328
7.84869 -2.79195
-5.61873 3.1515
2.44488 -10.1683
4.35683 -0.968295
-4.85651 -21.722
4.54744 -5.95898
-1.67098 1.77523
-11.2222 6.96747
6.10627 -8.00758
2.26961 -0.796571
6.59097 -6.26377
-1 -7
-2.6118 -1.28448
0.727429 0.125224
1.20711 -0.0341035
1.48349 -8.14586
-18.1278 -4.28247
7.34796 11.1272
3.41321 11.1743
0.366885 -1.17661
8.54828 22.9928
-10.0833 4.74695
3.06918 -5.00637
8.947 -7.92693
-1.74786 0.678109
-4.88998 7.15329
-6.358 -3.63988
7.65128 7.14799
0.655195 -3.86918
1.58487 -3.51242
3.67817 -6.4985
-0.593096 -1.62367
-0.551771 14.8789
-4.16454 4.5079
5.44652 11.6124
1.95567 5.39047
1.53553 7.12132
-0.334267 -1.68823
0.828697 -2.56541
3.56831 -11.1454
2.77715 -6.4688
0.466532 11.3364
7.2049 0.490236
-3.92239 -3.8081
2.49802 4.07421
0.170597 -4.71716
1.92113 -4.37257
-4.60488 7.36756
-5.96467 5.53635
-0.45371 11.0796
2.41602 -0.561784
9.88304 3.23143
-2.88577 -2.76456
7.20819 -5.14484
-6.57234 -1.02523
-4.67544 -10.1021
2.35949 -0.181706
-0.14747 6.73773
0.427376 6.5179
0.630637 2.19296
3.92088 2.84102
-4 -10
8.93588 -3.30528
-7.24872 3.00708
-0.264262 -4.26352
5.38393 4.4947
-3.618 8.47615
10.7786 0.605753
5.98265 1.39896
-3.69513 1.47056
3.75543 3.7207
1.36655 -8.97266
-7.50464 -8.30289
1.3823 10.0157
-1.19348 1.09273
2.76879 2.16005
-1.97421 6.82699
8.51369 3.18447
-1.66399 -5.26988
5.96704 0.416414
-7.71487 15.4965
-3.82721 -18.3709
-7.27348 15.004
-10.0533 1.13461
15.1796 9.67201
-5.58758 -1.7439
-2.70711 3.12132
18.2472 6.16058
-7.26698 -25.0583
2.37449 -4.48504
16.5404 3.86092
3.185 -20.4605
10.0788 7.51471
36.2448 6.77345
-14.1796 5.47245
-5.34897 8.75014
14.9738 -7.06741
-18.9275 14.2541
15.2083 -18.5911
16.8285 41.8764
29.2794 -5.43366
18.7915 -20.6011
-53.433 -53.9045
60.2431 -87.5458
19.4543 41.466
-285.151 70.9115
231.6 118.843
312.929 -462.93
-917.804 86.994
819.249 304.939
743.058 2151.55
