18565 21865
-320.218 -6804.78
1056.81 -1060.97
-181.375 -427.75
-277.182 736.075
65.4691 -35.0826
48.5736 -139.247
69.124 -145.506
-190.848 55.6092
65.7323 -13.3138
-3.50271 30.3757
29.2659 111.5
-44.6498 -106.304
-30.9286 -4.02789
6.69707 38.6141
-14.8791 -3.28068
-7.0234 -28.3356
13.8124 12.2745
-39.1325 -34.9029
-33.6191 -4.13656
19.4345 4.83311
-5.88772 21.7244
28.3691 -14.3288
-26.873 -3.74383
2.44764 -4.53593
-1.53553 -0.292893
5.31433 -8.54546
-3.73033 -2.07944
12.104 -0.949558
-11.5311 12.8486
-6.42461 -2.76449
19.8879 -1.61629
-1.83213 -0.421355
-0.235307 -3.64532
-1.10659 -4.09313
2.77931 1.25986
-3.6609 -0.362611
-6.58499 -14.0297
2.02813 -0.433811
-4.87576 -1.29692
-1.01484 5.16073
-0.840449 -2.8439
-0.8717 4.69346
-8.27865 -0.314981
-3.56922 -4.56149
-2.37211 4.02739
-2.85677 4.06005
0.656934 2.57444
3.25674 -0.452608
9.00184 8.48133
-8 -10
5.18805 0.298418
-0.498024 -2.60425
-10.0587 7.19623
-4.64713 -0.926685
-4.84502 -7.53569
2.2454 -6.51327
1.96734 -1.06698
-2.23558 -7.22121
2.70501 7.86721
10.7395 -1.10906
-4.10806 -2.61804
5.40485 -1.69993
-1.43204 2.97972
0.356274 0.961664
0.848512 9.95907
-1.52983 3.97793
-1.89123 1.39511
-2.1843 -2.77276
2.84809 -7.24227
8.51478 -1.03389
3.01486 2.67967
-3.54946 6.1375
2.0829 -2.27381
0.724539 -0.0151704
-4.22183 2.29289
0.38242 -4.8506
10.9569 1.89594
-3.48868 -5.9377
-10.4427 7.26165
3.87811 6.97599
2.27021 -0.0087261
4.3667 -4.13143
-0.190018 7.67974
2.19682 -19.0509
4.54554 -5.03343
-3.47441 -4.24847
-3.83712 7.34401
-2.14456 5.37567
2.1551 -4.97839
1.6486 0.602968
-1.48087 4.19682
1.72189 1.23445
0.787926 0.845428
7.55354 0.617485
-2.23637 -10.017
-4.61246 1.1498
1.89599 5.5708
0.257477 -3.18666
3.46834 11.772
5 -1
-1.94043 0.0732763
-3.91912 -3.32152
5.44085 -2.50708
-5.97553 -7.14249
-1.39934 -5.7731
-1.36534 0.124171
-2.06286 0.615709
-2.22202 0.527069
-0.807944 -1.21062
-5.21863 3.29276
-1.5608 1.75893
5.13068 -0.483248
8.34292 0.309547
-2.9138 -7.07632
0.705634 5.85867
-0.59632 8.19609
-2.86683 1.43401
2.40127 27.4306
-10.2193 12.1823
1.97599 8.87811
3.76807 -8.48281
-1.29603 3.11619
-1.41218 2.17582
-1.83704 1.74753
5.53553 -1.70711
-6.88091 -0.337565
2.42182 8.28633
0.538434 -1.84573
-4.69788 2.08602
-3.86707 1.21094
-3.69352 5.71635
-2.26551 0.526276
3.01579 10.2406
5.66651 3.73212
2.4924 4.09327
2.74115 -7.54697
-1.83498 2.85661
-7.63319 -2.71972
-1.25502 -6.81062
-3.30182 2.07462
-7.31029 -0.788076
-1.68672 -1.30821
3.74232 -5.39277
-6.22121 -7.27705
1.42698 -1.24053
3.26167 -2.80467
11.9211 1.69353
2.67024 1.25953
10.8435 1.30793
2 -2
-8.24312 3.84476
-0.994189 -0.737919
-9.72675 8.83992
-0.784181 5.8264
8.22851 0.282732
-6.60047 1.47574
10.81 10.8921
7.95642 -2.65169
-7.3687 -0.125646
0.160734 3.98516
4.54422 8.59904
13.3229 2.50435
-2.26232 -15.3221
5.78365 4.46758
3.64176 3.04706
-5.72839 -0.276813
10.6371 11.9613
-4.3474 -4.57467
-29.1453 8.19648
8.72118 -17.1897
6.80443 11.6188
-12.7287 0.348168
11.1003 3.33144
10.9328 -13.9221
-19.7782 3.70711
-2.47684 -12.6717
10.9332 -0.916626
3.06863 -15.2927
-13.8999 9.50706
8.12781 25.2013
16.5543 -23.4216
3.54115 -2.78141
26.5807 -11.9443
21.3305 -41.8017
13.8396 12.0962
46.0928 21.1074
-67.737 -27.6062
-2.46443 -4.48706
51.262 44.417
-3.87154 17.5056
2.96176 -45.1036
96.9779 40.1064
-135.856 54.7882
-94.35 -120.386
101.755 83.3389
670.6 -64.9147
-900.106 -662.561
283.558 876.967
-326.08 1934.35
