18947 21090
-1183.92 -6645.43
662.948 -1295
-22.1969 -324.293
-93.1955 889.94
110.011 -150.222
-56.6043 -153.853
7.83702 -41.7679
-205.391 130.873
141.82 -54.0744
-44.6992 2.15745
6.72894 51.9918
-45.9638 -26.2274
29.7875 38.7352
45.1972 -19.3981
39.0497 -16.9201
-53.3295 9.12103
44.6105 14.3158
-7.62458 -4.68666
1.74844 11.0018
-9.22446 -51.5452
-23.6163 -6.2255
-3.60611 21.9682
-11.7744 -2.50813
-1.70598 -16.3002
-0.707107 10.9497
-4.77259 9.02414
17.2573 -9.20006
12.9815 0.611036
-2.12617 -7.871
-8.6572 4.16617
-2.41727 -17.7538
8.61693 -1.24972
2.06611 5.68023
-4.05804 5.81063
6.41912 -3.32752
-5.58879 2.14099
-7.27132 -1.01713
-7.70716 3.12941e-05
5.8526 -2.1724
-2.65594 -2.05722
0.746913 3.39379
1.74472 -8.57943
-2.12795 7.96935
-5.40987 6.93369
-5.01253 0.746419
-7.1671 4.7635
-12.9674 -3.31198
-0.428268 8.1201
2.14704 1.15468
-8 -9
-4.80282 -0.172691
0.501813 -1.22338
-1.87977 -0.228905
1.48725 -2.40524
-2.34504 -1.15201
-0.793203 -7.96411
-5.62773 5.97439
3.00626 7.15768
4.99055 6.29545
-0.747266 2.48926
2.86815 -4.60747
0.721601 -1.97941
0.963841 -0.952508
0.763915 -1.58571
5.21054 -5.74359
2.31288 8.7508
5.12992 1.48782
-4.34411 -0.857209
-1.03114 2.7033
0.747367 -2.05471
2.52227 1.98634
11.4691 2.14418
4.16734 3.80423
-0.991044 0.430181
1.29289 -1.29289
-1.04529 -3.32744
-7.06423 -1.26744
-2.16343 1.51183
-1.74646 6.64508
-4.13615 -3.79798
-7.83437 1.65518
7.27173 12.3422
-6.37659 -7.80246
-3.81485 -11.7815
2.03218 7.05259
-0.730896 -20.873
4.18565 -9.25016
-1.22587 -6.52623
1.04974 15.738
2.19261 2.60648
4.12323 -11.8308
1.6908 -8.83819
-6.71243 1.27927
2.04552 0.83302
2.99717 6.36807
1.21727 5.34139
-5.24241 -0.67534
4.43402 -2.03147
4.0313 -2.70263
-1 4
4.1327 2.69076
3.47017 0.229122
-6.29499 -1.66063
-2.34618 -5.40516
-3.35622 -3.82197
-6.26921 2.43324
2.76714 4.74194
-2.41754 2.55812
-6.59431 -3.92934
-1.93663 1.15171
14.5004 10.0532
-1.20382 -5.78763
2.31396 5.79708
-7.06713 1.55688
-0.950612 0.28477
3.40758 21.3055
-3.04073 5.1562
-0.955039 -3.21353
7.64545 -8.06305
-1.33598 6.88815
-4.17879 8.72337
10.635 3.6558
15.914 -5.05805
-2.06038 -0.460851
0.707107 1.05025
-5.65522 -0.946784
-3.15116 1.8375
-2.92882 -5.02777
-6.79663 -2.68983
-6.15694 2.12814
2.26033 4.50723
-2.06884 7.9856
-0.0936759 -4.18574
-4.96438 5.23108
-0.337911 8.70047
-4.43328 -8.72155
-0.922197 -4.28083
7.99562 -1.39392
-2.57418 -1.96165
0.983334 -1.27448
0.857283 14.6584
-11.2369 3.08364
-4.19531 7.66466
-0.944459 2.9976
0.315429 6.14692
3.37232 16.7336
2.35219 -2.62888
5.96632 -3.82561
4.95899 -1.87053
2 -5
13.733 -10.2919
7.87454 -4.10743
5.78272 4.05128
-5.17904 -1.40886
-8.39491 6.52319
8.73088 10.4763
0.955081 4.21528
-0.799631 1.39388
7.05669 13.8623
6.12808 -6.03295
1.99115 -1.31273
9.77059 -4.61486
10.1411 -11.7098
-5.12937 -0.27346
3.83103 4.44915
-10.6307 -18.7981
-9.19574 13.543
-10.0316 -1.29263
0.627675 8.12276
1.66352 7.10793
11.4769 21.3971
0.710808 2.30491
2.18259 -3.78079
-4.67435 -2.04559
2.70711 -2.70711
-15.8403 -19.0846
4.36939 19.5808
30.1223 -3.22862
-0.396726 -17.4172
4.98839 1.33043
3.65043 -38.2239
-34.9092 31.74
14.309 15.6713
13.1412 -11.3824
-3.03118 39.3928
11.1965 -8.0308
-36.9537 -42.0521
-33.1966 -32.6852
15.6289 13.9824
-17.1535 36.7368
-4.78687 -20.2311
162.519 75.8382
-72.3743 60.1215
-163.848 -168.922
29.5624 133.523
675.245 165.244
-840.383 -719.862
473.883 542.758
-305.569 2194.14
