19668 20746
-3108.6 -6523.05
386.883 -1423.96
-169.997 -138.804
387.762 740.095
-15.2187 -255.062
-169.476 -155.404
25.2015 -103.253
-3.25313 188.164
7.65179 -166.367
-23.3039 -29.8481
17.7213 -7.13065
-136.515 86.6317
65.2471 -16.5773
7.88851 -65.2896
-24.4801 20.5706
2.95825 2.78147
7.91253 13.1067
6.78781 8.85736
4.43444 -7.24059
-36.3831 -6.27761
21.4547 16.0655
-3.08342 -29.9293
19.1801 -16.4464
-18.0951 4.73249
-3.53553 -7.36396
16.8533 -4.00967
-3.24876 7.65092
1.78506 -9.15744
-6.67175 8.31939
2.71714 -2.29543
-0.386605 12.0304
-12.1751 -10.8177
-5.70071 -4.14321
-3.95539 6.04126
-3.74789 8.04607
4.72429 -8.05371
-8.88901 6.30589
3.77123 -1.29736
5.91961 4.9342
-0.39352 0.908
-0.845308 -1.40456
7.9714 -1.72185
-4.80805 4.71455
-6.47987 -7.13224
-0.868722 0.416554
8.23312 -1.95273
-0.108078 1.91105
3.55832 1.61229
0.31789 -10.1439
-3 9
-3.43296 -3.35606
-3.47507 -4.29659
4.74243 3.14905
-3.02822 -9.92696
-4.89747 -4.90663
4.4891 0.300844
1.11323 -1.44082
-2.16308 1.66633
-3.70338 -3.84497
-9.56838 8.69679
8.88059 3.78163
-1.97055 5.38931
-3.26967 1.34252
-6.13317 -3.87461
8.13017 -3.89312
1.52149 -6.23146
-3.29858 -5.46808
1.54658 7.72381
-9.65431 -20.0924
-2.60568 -2.85046
-2.24846 2.67694
1.09504 4.07867
10.8213 -5.17553
4.67193 -3.8398
0.606602 -4.63604
5.50799 6.08257
-4.46604 -3.13417
-1.46238 -6.7363
0.694992 -1.46822
-0.871864 11.2005
4.37143 1.51833
-0.559739 -3.08166
-1.55145 2.50908
-1.65361 -4.5094
-3.55859 2.038
-2.5044 0.0560762
3.82549 5.35577
-5.62446 2.0786
8.02286 -4.68759
-0.584594 -1.42241
-3.58149 -4.70857
-5.00592 -0.367752
-2.44096 0.68085
3.51037 1.1972
2.30338 3.49553
-1.53761 6.08386
0.631385 -2.45931
-1.98857 -2.37279
-5.70172 -1.46905
-4 0
4.81446 1.6628
3.79447 0.241568
0.193909 3.16708
0.158577 2.79269
1.02963 1.45316
0.83042 3.47596
-2.99296 0.542613
-0.521563 -0.200944
1.12779 -2.37999
5.13151 2.13043
2.5334 -3.8109
5.45003 -2.98518
-4.98416 -1.61375
3.4307 -1.59552
1.93842 6.63265
2.00931 -2.29213
0.506299 5.96916
-4.68615 -0.745614
-3.34691 -2.88092
4.10793 -1.11028
3.22336 -3.19312
-4.0623 -1.92223
-8.65078 1.18966
-0.612629 4.5724
3.53553 5.36396
-1.35273 -4.96664
-3.24001 -8.69819
2.71388 6.84286
-18.6651 -11.5199
2.45032 -0.595345
10.1056 12.3423
6.24299 10.8458
5.87907 13.6144
6.81617 5.07485
0.35841 6.02934
-15.9264 -3.35626
11.824 16.5353
0.538908 12.674
2.29917 1.35136
-3.30701 -9.42628
-3.9979 0.887684
3.21541 -9.06683
-9.30062 -1.45906
12.4679 0.638006
3.34961 2.91633
-4.78539 6.51319
7.9197 -3.37701
-1.05642 -7.12535
-5.2217 -1.62755
-1 -3
2.17415 7.32206
4.37136 1.77107
1.67758 -7.68649
4.74727 -1.75569
-8.88279 8.60764
1.5887 -7.01463
8.05631 -11.6578
-3.87708 -1.77284
-3.27007 1.7979
-0.842548 -1.99817
0.94554 11.7442
0.314085 0.743308
-9.16559 0.341756
-5.60246 -2.1611
0.503899 -4.42955
1.96251 8.2305
13.0148 -0.906883
2.59393 -4.60152
10.2543 14.151
9.43823 2.86585
-0.253421 9.13054
-10.8225 -14.2265
16.314 14.633
-14.1972 -3.0523
-20.6066 -17.364
35.0563 8.08742
-3.91522 -19.1594
-0.114471 -1.07793
9.34233 -33.5054
-16.7415 -27.9929
-11.5763 42.1334
-1.46124 -23.8382
2.7443 26.9041
36.1114 9.28121
-3.36728 -11.4398
-36.1017 11.0345
-16.9563 -29.4145
19.5339 -10.4091
-2.40801 52.5905
30.757 -13.9845
85.0674 -62.2413
106.721 31.3895
-119.101 -21.5339
-40.8194 -279.435
-72.592 123.525
636.044 155.995
-778.653 -667.803
357.908 713.789
280.141 2332.27
