19737 22286
-1799.83 -6505.76
371.479 -1208.03
79.4873 -176.682
-121.977 877.55
95.177 -247.833
-47.9222 -198.731
23.7997 67.6836
-124.293 85.0223
182.33 3.87733
-47.6633 -64.9409
28.9945 37.9818
-30.4067 -50.6783
-7.2921 11.5039
35.0389 -2.89898
-49.0354 20.5382
-31.6113 22.154
12.9189 3.28109
27.8775 -29.8477
-35.7988 -3.52058
-5.53364 -20.3242
-13.9707 7.17813
14.8455 25.6136
-8.31697 -19.6277
23.8705 10.342
-1.82843 3.65685
-12.264 -5.27071
-9.89011 -10.7213
-5.55375 -9.83593
14.2117 -7.79822
11.401 -4.56764
5.60103 -13.245
1.86961 2.75268
-0.89079 0.929489
-6.25538 7.74654
-4.93685 -3.74349
0.472238 8.10222
0.109479 -4.11736
-5.22906 -7.04117
-0.779684 -3.71168
-4.38374 3.2835
-1.59638 11.8759
2.14774 6.45774
2.0384 1.60551
-3.89113 2.44354
-5.46257 -0.604434
9.79022 3.06801
-9.89537 -6.30119
-4.15678 1.0032
-0.0955534 -6.00572
1 6
-3.89126 0.671353
4.25096 2.69693
-0.537803 1.20895
-2.35409 -1.86
5.00058 2.71399
4.3533 1.80057
5.91628 -0.992328
2.62181 1.62211
-0.0659986 -0.177099
5.94784 0.00128857
8.31208 -0.286125
-3.50007 -1.68357
-3.34777 8.08243
-2.69823 5.7171
-4.03658 1.20066
-2.35726 1.51908
2.46114 2.78505
-1.85986 -0.601648
-5.77367 -1.3499
-0.950187 -7.19629
-2.3819 -3.70811
0.893418 -5.9117
5.3381 -2.15129
-4.95094 4.8804
-5.14214 -0.828427
-1.32434 6.64082
1.57451 -6.11594
1.29054 -3.1679
5.49334 0.366301
-0.0143164 -4.29563
5.94425 1.07598
-2.56719 0.66645
-3.05498 -4.0499
-0.00395155 -4.07851
-1.47769 2.08635
-8.85002 2.79213
1.84351 -12.3774
0.773733 4.32394
-0.558849 4.27886
-8.55148 -3.83622
1.32722 7.55639
-5.62021 -0.926916
0.258167 -4.97797
0.356689 3.06525
-5.93076 -22.5878
1.11465 -6.45838
-6.29133 -4.23355
4.83162 13.8564
4.97899 -1.93792
-11 -10
-0.983855 4.32856
8.64876 7.3825
-0.722862 -1.84012
0.941747 0.96801
2.07949 10.3119
1.90409 -0.0329593
4.30307 22.809
1.792 3.2266
-3.03556 5.2561
3.43489 -5.99141
3.62227 3.09446
8.20396 3.76271
-3.49209 -0.610055
6.51242 -0.349013
-7.53653 -6.7115
8.47653 2.85567
1.8996 0.320275
0.328073 2.23995
1.22936 12.1946
-9.07585 -0.940435
-3.04411 1.20218
3.38231 -0.542576
-2.96387 -4.0586
-0.498805 2.32515
3.82843 -7.65685
3.0364 0.0980207
-2.92948 0.780501
3.525 1.93987
1.27551 5.90907
-2.13534 -3.38698
3.65154 5.17682
-0.489412 -5.72266
9.02292 -2.86886
2.85025 2.6467
-6.96337 4.65439
0.456514 4.64016
6.05374 4.37584
9.2978 -0.369745
-3.11425 1.33009
-10.5101 7.88726
-0.237856 7.95107
-11.2847 -3.12135
-8.28087 0.202962
1.28553 -0.506833
6.9274 4.25298
-0.609404 -1.89297
-3.45633 0.959386
-12.156 5.16621
5.41008 5.73782
5 -2
0.318285 -0.505071
-0.0849337 0.207098
10.1237 0.260747
-1.77118 0.39157
1.37563 0.162775
-0.661675 9.81686
2.02583 8.73377
-5.76584 0.574113
2.1079 1.93387
6.47391 -4.04743
-2.54411 9.67467
12.2297 4.05516
2.87003 -9.40481
-10.398 5.19918
5.36119 10.5153
5.74328 -5.64946
4.97628 1.51833
1.34266 2.27124
-18.862 -0.454487
-2.64988 6.16407
-3.72311 -8.94061
5.27398 -19.8386
-8.26772 -21.3525
3.25292 -5.85881
23.1421 4.82843
-18.2567 5.18461
-1.00255 22.1565
-6.34068 16.6579
-12.5187 16.9863
21.0959 -7.56439
42.96 -47.3256
-23.7328 -13.33
-4.66382 18.2005
1.27355 -31.2019
9.43171 34.07
40.6979 47.73
11.7105 -10.3034
22.1703 -3.68302
-37.1247 15.7577
-48.8857 -10.2447
-74.4749 -13.5594
126.197 -38.0106
46.4695 90.0964
-210.866 -199.246
-59.9733 190.973
677.405 149.342
-806.723 -520.575
528.457 325.862
-336.543 2402.75
