19115 21393
-1000.82 -7122.92
979.366 -1073.6
-72.4592 -322.769
-307.829 709.798
117.104 -17.223
143.595 -115.742
174.042 -102.025
-235.494 -52.8412
121.628 59.7176
41.1232 -2.35999
-64.4524 89.5394
64.4747 -102.404
-19.8236 -6.11706
-64.9283 32.2431
33.2819 -2.45701
28.5749 -18.5479
-14.1255 -6.61765
6.77558 -13.9875
-13.7782 -29.0228
-26.2468 32.7804
-1.88374 3.90162
-4.12649 6.84794
18.3476 -9.79218
3.15296 0.837035
3.6066 1.29289
-3.87383 -2.42149
16.5765 22.78
-8.62158 -9.54579
-1.64934 -10.1416
-1.62733 -14.2038
-7.89367 2.32997
8.50596 -20.326
12.7713 1.49358
-3.47245 -3.64159
-12.5413 1.7413
6.01551 -3.77238
-6.94884 6.35703
-10.3373 10.4592
-1.8838 -8.32583
-2.77018 -1.44043
-6.70658 9.53808
4.28939 -5.00673
11.7674 -3.09352
-8.09068 -2.0135
-1.85936 3.35595
-1.83065 5.35351
2.28568 10.92
0.12317 0.776245
-0.495753 -12.06
0 -6
-2.18569 -3.49751
-10.3907 8.67376
1.50511 5.26561
1.40601 -2.18932
0.452079 1.5559
-6.92436 -7.76349
2.5572 -11.0397
-1.26562 -4.43473
4.96851 -4.5841
3.19089 4.49
-8.67683 5.29306
-1.19143 1.14039
2.35269 0.869528
-6.90057 5.1941
2.92176 3.7453
2.11384 0.338376
-5.13451 -2.93598
-5.84511 5.2115
7.0961 -2.78601
1.51587 1.2251
-0.0972992 -0.401391
2.2494 -4.33968
-5.25262 -22.0209
6.41972 -3.74314
5.70711 -8.70711
-3.32507 13.0333
6.35216 4.81866
-6.0235 -1.09216
1.45649 4.20666
-3.55425 2.7835
-1.72797 -2.53116
-0.240475 1.96937
3.23313 8.69644
5.33026 -2.44883
-4.55831 -1.16424
-1.68199 -2.68843
1.73708 5.50352
8.03639 -6.03836
0.888562 4.29832
5.70961 -3.25804
-1.08626 -3.0565
6.45038 0.873794
3.55689 3.10343
-0.356528 2.79992
-1.91735 2.77484
4.15211 -5.17956
-0.0955273 -7.2865
1.17651 1.73948
5.82156 -0.257153
-3 5
1.41266 1.78607
-2.19329 -5.60038
-5.61188 -5.1001
0.749454 -1.53039
2.35234 -5.76077
0.778491 1.94439
3.25678 0.227883
-6.59781 -1.00939
-1.01443 5.50109
-0.514984 -8.80768
-1.15906 -9.5518
-7.81283 -1.62493
-1.287 -7.99814
1.55531 -11.1073
-3.4692 4.02227
-2.34697 1.2009
2.82281 -0.418498
1.83802 10.316
-1.84512 1.02523
-2.82771 -4.54743
4.0243 12.7524
1.21622 7.50304
2.97329 -2.62068
9.70586 -10.1459
-17.6066 2.70711
0.433528 5.16632
-2.55895 -0.376512
-3.85893 2.37444
4.10329 19.8835
-13.0455 3.28881
5.78455 8.56994
-0.10118 -6.70567
-2.42224 -2.46984
-0.61564 4.29227
-6.46488 1.27703
14.1585 -0.0855591
-1.42593 0.87406
-4.61432 1.06966
6.37069 0.0764063
-0.572852 3.27394
-9.41617 -5.0474
11.6182 -3.03548
-10.2255 4.06101
-7.51398 -6.83268
3.59661 13.1557
-3.68554 12.8023
0.105328 6.53337
10.3986 -9.08604
2.20359 3.5149
-4 4
-3.99568 -0.130001
7.87853 4.67974
-4.32049 -0.303597
1.61906 3.51017
6.14282 11.0746
-2.02904 -0.300538
-4.80337 -1.12058
-0.806745 0.269114
-1.86651 -4.55797
-5.84786 -4.79563
4.23942 1.80345
5.13606 1.35688
18.828 7.78597
8.93708 8.65445
-6.86643 12.3242
6.48529 -13.0194
-13.7178 1.18041
0.0799029 -12.532
17.9571 -24.321
6.21267 -6.67078
-10.5864 -9.80111
9.54142 -3.65275
-4.28366 26.1459
-6.84275 -3.25713
4.29289 -7.29289
-8.77155 8.83829
-22.8096 6.03685
1.44845 15.7214
40.5225 16.807
26.6288 -20.5443
-14.6823 2.55972
32.0225 20.9609
-8.36974 -39.1689
-20.0544 9.51293
31.3095 -12.4331
21.6264 -63.3483
-30.6905 74.208
12.4289 -17.1428
36.2287 -33.7289
-35.3736 42.7864
-37.0345 -32.3009
19.669 -104.571
-49.8525 138.912
-181.368 -51.6691
104.516 16.011
521.895 -379.218
-1074.82 -144.627
468.536 621.776
346.203 2008.05
