18826 19210
-1242.72 -7209.93
833.783 -1347.36
-104.053 -482.93
-273.661 795.846
99.8374 12.1925
36.647 -131.482
137.594 -103.966
-294.403 -18.9007
117.925 20.2938
51.8516 -52.7563
-34.8592 110.77
22.668 -93.9906
-59.1907 -38.2542
-55.6012 42.9449
6.38433 13.9158
25.4154 -19.3916
-11.1791 3.23028
9.98075 16.3742
-31.0383 -11.0303
10.0061 22.2128
6.02755 6.796
12.963 -2.73264
-8.6504 -6.70282
9.73238 3.56229
4.12132 10.5355
-9.00449 -0.230385
2.72476 -10.4318
6.98716 -4.42005
-4.12142 1.05528
6.90798 -0.572571
20.0354 8.89323
3.9653 7.17509
5.61346 12.5992
-3.94212 -5.34309
-12.1841 1.65347
-1.91607 2.44277
-6.76205 -6.10188
16.2671 0.571727
7.45609 -5.16217
-6.9006 -4.1246
-2.27698 10.4392
9.11543 5.77793
1.34215 4.14724
0.03945 4.27256
5.55288 -7.35785
3.73636 4.76851
2.96937 0.95314
9.209 -10.8561
6.54453 1.65306
-9 -1
-4.15078 3.05201
18.7829 3.24017
-1.64223 -3.45215
-9.9449 1.81065
-0.0805161 2.14071
-2.40169 -22.1926
1.63688 -10.1388
-7.0152 -8.6451
-0.867245 5.71519
1.48832 -1.01203
1.96891 4.64002
6.91218 -8.01752
-7.9532 -7.33197
-3.93031 7.28737
-5.2176 -2.9223
-2.50875 -1.76039
-4.34817 -0.835498
-7.31207 0.134369
-4.05682 7.83173
-1.2555 6.86437
4.0248 -4.83237
5.2361 -3.43082
2.56606 0.37487
-6.24987 -4.55509
0.949747 1.46447
-1.75892 -6.85081
3.61186 -5.24215
2.91905 1.24919
5.71422 2.99135
-2.70379 4.38191
-0.81175 -2.50343
1.95185 0.853478
-3.79068 2.45999
0.216155 -3.2133
-3.4706 -7.04141
-0.221234 4.12427
2.68037 1.3124
-1.76412 -7.89365
3.24826 1.29199
-3.54668 3.92353
0.094199 -10.485
1.38814 -2.11988
-5.14739 -0.916305
-7.68202 6.06521
0.733734 1.08452
-0.173952 -7.54076
1.97796 -3.49682
-2.07476 1.28441
8.62067 7.43223
-2 0
-6.37966 -2.70981
7.32613 -3.41456
-2.79415 2.86198
-6.7863 0.512041
4.93791 0.869061
3.28929 4.90571
2.09591 -0.566326
-0.00921647 -0.352314
0.94939 5.56489
-2.41762 0.984323
8.36849 13.4802
-1.43933 -0.0501726
1.85558 2.98239
2.71543 -11.1562
0.0661248 1.87574
-7.60009 3.67247
-1.60384 -4.869
3.35828 3.28761
2.71882 2.47463
-2.53228 -9.38191
0.793789 -4.71148
2.74393 6.54946
-2.56511 2.69658
-1.39803 1.54427
-0.12132 3.46447
-4.87199 -5.38049
-2.84093 -2.52459
-0.746681 1.38119
0.307967 2.84311
-0.613593 5.47385
4.89075 8.87092
4.15876 -0.11645
12.2159 0.925229
-1.1821 -4.67832
1.09745 3.36145
8.1129 -3.98637
0.97823 -1.23869
-2.44851 -2.4656
-3.83875 2.04684
3.45595 -1.22404
4.92133 -8.07421
-4.52399 -6.3608
6.25697 -0.777992
-4.72409 5.5844
7.92102 2.29631
4.89421 26.0855
-8.79429 6.20182
0.438363 7.3367
0.79226 2.24918
5 -1
-5.63588 -1.81706
-7.62814 -4.34697
-2.65205 -1.19685
-10.7066 4.3473
-5.38682 -2.30152
-1.50023 -8.57217
2.25803 8.70574
-5.03704 3.67654
2.6632 10.7618
6.13667 -0.875402
-10.2687 -2.95447
-7.7353 -5.81797
8.03884 -8.35454
-5.19213 1.08367
-4.12071 -3.93535
8.67424 -16.1546
-4.51497 -3.30575
0.493435 14.8934
-0.540381 11.2006
-13.6914 -0.641031
0.782706 12.6481
-6.31264 -2.39705
-13.3091 2.51564
11.3881 -21.9771
-8.94975 8.53553
-3.14717 5.25159
0.594786 -24.6451
-14.4567 30.163
23.9883 12.7442
-22.9504 -19.9767
9.94095 -5.91323
15.8332 31.9949
-16.3698 -41.9089
-13.3839 32.5449
50.5597 21.8991
25.868 -27.7269
-38.8315 0.837339
31.6777 -33.1759
44.2807 5.03034
-23.2349 18.7239
-22.981 -69.9732
83.3643 -54.6025
-68.2381 109.792
-153.2 -136.279
277.37 118.27
555.304 -189.364
-1250.11 -265.669
428.04 474.705
195.817 2249.58
