18172 19044
-2377.86 -6393.57
481.665 -1356.42
-221.351 -299.805
110.53 716.198
173.591 -136.623
-149.955 -139.638
59.5671 -59.3238
-132.251 101.432
44.7329 -7.68024
49.6022 -98.455
18.3003 32.8571
-55.7263 -16.5973
-43.2622 57.8461
82.6254 8.78084
-40.0143 3.23893
0.0468024 -3.11764
-12.0304 -12.7769
7.48996 20.5249
-2.46353 -9.53479
2.48027 -9.35259
-9.79236 -18.8358
-3.62419 7.9944
-3.85951 -17.1841
-6.61369 12.4549
1 -5.82843
-7.8263 -5.84976
4.41609 20.7838
-6.35294 2.33055
-9.03253 -19.9411
7.61672 -1.07713
-15.5062 0.0792403
1.76155 -3.8518
11.7522 2.66072
1.42674 -8.67373
-4.9725 -11.6885
-6.0794 -0.42297
-0.60548 -1.91808
6.05768 4.69834
-2.45615 -0.131333
-14.9812 0.687701
-2.2178 4.80553
4.69391 10.8078
3.72199 3.41054
-4.4062 -3.38373
-0.503885 -2.68004
-4.12225 6.49286
-0.240077 -0.173874
1.98373 -8.10289
8.84174 5.05917
-2 4
-1.42425 0.0340289
1.36827 -2.56083
-0.0835995 6.12446
0.566884 -0.589955
4.88307 -4.09799
2.23311 -1.49546
1.10028 -13.2551
0.612916 -4.04637
-14.5187 -8.76699
13.0626 -1.35375
-5.36039 5.29341
-0.38411 0.98294
1.66636 1.15368
-2.05068 0.0181136
2.15469 1.43154
-2.02185 -1.60556
-0.0907986 4.84717
-3.7649 -0.505022
-8.19117 0.401721
-5.52655 3.34764
2.10305 -0.511828
-5.83435 2.08853
-4.75964 4.85742
-1.16293 -1.47596
-4.31371 -5.82843
-2.57903 1.66502
1.79841 1.40917
4.21121 5.22151
1.69843 -5.53055
-6.42737 4.94095
2.75072 -1.01721
-8.80653 -4.02588
15.1243 8.89254
-1.97556 -3.26094
-3.3474 -14.3154
0.326632 0.0359653
-13.4239 -11.2511
3.77841 -9.46917
5.27461 -3.77644
4.61255 8.64343
1.24968 -4.21066
-4.30456 -13.8851
-0.511653 -0.704299
2.10695 6.82608
6.33812 -1.39187
2.85396 -6.29627
-3.93519 -3.00709
4.15377 7.72527
-4.18585 4.00859
4 0
1.46903 1.10498
-5.16502 6.45863
0.167501 -6.46266
-2.58506 -1.80922
-2.70937 -5.28515
1.63877 4.53662
0.513614 3.02018
-4.62243 -4.9461
-0.0339414 0.813387
6.08805 -7.80229
-12.2413 -11.8332
-1.80713 4.69211
2.58842 9.80439
3.01157 -0.806311
13.7623 19.4571
-4.71811 13.76
-3.18272 9.68293
-0.424348 -8.87676
-3.10639 2.3409
-0.100492 -1.94095
-2.37339 -5.54146
1.42602 -2.0413
1.23763 2.81601
4.84961 5.74182
1 -0.171573
0.558849 4.32382
4.37873 -1.19985
0.924845 -2.94598
5.45816 0.359608
5.89062 1.69981
1.8554 3.59103
2.50642 -2.66507
4.33261 2.36306
3.70001 3.41774
2.94893 4.53668
-8.07004 -3.98429
0.334242 11.926
5.34359 -15.2262
-2.70251 3.99339
-1.7708 0.825882
4.47399 0.112072
-0.892317 1.48068
1.38465 2.0674
0.0661383 0.983529
-5.87917 3.79818
1.01189 -6.42359
0.931959 0.86324
2.07335 3.50792
-9.89188 -1.85766
2 4
-1.7344 4.87472
-4.8408 -2.75853
-2.86009 -3.01283
12.9488 4.29334
-2.23523 -3.9126
0.181494 -0.310184
1.90508 -5.95249
-1.02196 19.3181
-3.1961 8.21878
-0.490887 2.3123
9.4612 -3.95734
3.38311 2.39314
6.47611 -3.84551
-1.15023 0.126614
2.64875 -11.6692
-0.397632 -4.78451
-4.44789 0.618508
-13.3146 -11.0824
16.5829 7.0182
-3.1054 9.11172
-0.757611 11.0557
12.3408 -9.36348
11.743 8.35794
-16.3775 14.8975
18.3137 -0.171573
-1.04548 -15.0914
12.4843 23.5958
-1.91188 -11.7998
-23.1333 -13.842
22.2279 -0.119543
14.9452 -10.435
-5.50132 -20.1643
-3.22396 -6.92429
18.4273 8.16555
2.04551 31.3433
-30.1745 31.3952
20.5258 -20.6812
14.8917 7.36431
-2.97062 56.7697
-15.1782 -23.4682
44.0266 -117.796
-3.66299 65.1706
-61.7166 10.2304
-106.902 -238.283
195.29 279.858
556.938 -107.793
-1021.35 -433.36
417.712 408.124
204.717 2249.48
