18210 19939
-2798.62 -5903.62
556.562 -1475.34
-426.571 -240.233
318.81 741.399
33.8842 -121.32
-119.626 -115.522
-57.4553 -151.487
-18.5056 160.412
-16.6754 -53.1336
-5.07971 -51.1988
56.8346 -69.6057
-101.691 97.8123
-0.201517 10.5669
18.1029 -23.6769
32.6539 -14.1245
-64.4365 -30.0051
-25.0222 -5.218
-6.55081 10.6153
10.2067 -12.1803
-29.6231 -0.979277
-9.26917 -0.517248
14.115 6.16832
20.8546 -22.6081
-20.1964 0.361578
3.53553 7.53553
2.80926 1.82745
-9.30967 12.7799
18.5493 1.92202
-29.1997 -26.7964
3.46749 -9.06442
-3.46328 -5.00112
-6.93222 -3.22984
0.905582 -4.67323
-10.1578 -8.66049
-1.8331 1.85698
6.57509 -0.328869
-4.50246 -5.85291
5.51764 1.10894
-0.826756 -4.73977
-9.65208 5.62006
-2.62366 -8.61874
-4.22488 3.55134
1.74595 -2.16
-0.772532 -9.45451
3.2752 2.72059
-0.554948 0.418569
5.02482 3.33865
2.5413 7.19966
0.457168 2.45899
-9 4
3.52822 0.125446
-3.60428 -1.31765
-1.88935 1.19177
-2.68324 -4.89511
5.35768 2.10762
-1.62646 -2.79708
-1.40087 -12.103
5.64957 -4.67181
-1.87296 -8.39552
-5.46518 -2.91071
2.12559 -3.28304
3.80782 -3.31691
-0.291683 1.75058
-0.459339 -8.52084
0.994304 0.333562
4.26754 -2.32608
-4.48105 6.7128
-1.82327 -4.12163
-1.29148 2.54382
-1.30031 2.8628
-8.88903 3.65612
-0.549252 -7.13626
2.47049 0.131191
3.47962 -1.78535
-3.53553 -4.12132
-2.41755 4.05759
-1.70951 -1.83061
-0.035981 7.31109
7.45602 -0.167254
-5.17885 8.44955
6.14752 -1.66147
-7.73813 -1.09427
10.8874 11.2329
2.60538 2.64186
-4.61942 -7.30609
-1.95398 -1.44726
-15.8961 -23.4536
2.29445 -9.60655
0.954463 -1.53742
2.07971 11.6365
9.66316 -9.79284
-0.585151 -6.05933
-1.27035 2.61451
1.25278 11.8639
-3.33945 -1.4435
5.5435 -2.73968
-3.18814 -5.42292
-1.20248 9.75934
3.8053 -8.10978
0 -5
-0.931807 -5.11119
-9.46941 1.39567
-1.47996 -0.707685
1.75866 -0.998319
1.37372 -3.93943
-1.15489 3.54445
0.282569 -6.47189
-2.60229 0.15259
-3.03047 7.52272
7.04617 0.630017
-11.952 -12.3919
2.42375 4.22374
0.477326 4.43951
-1.49293 -1.92771
9.26007 15.6785
-6.85052 15.4038
5.76451 6.66323
-4.75277 -5.41731
-4.68625 1.44696
-1.20311 -2.68562
1.27231 1.35361
5.52566 2.58434
2.11753 8.33622
2.08071 -1.13001
-3.53553 0.464466
4.69686 -2.60195
-2.45697 -2.86732
-4.55557 -3.66501
1.58312 2.91533
3.34104 -7.38795
6.41258 3.1264
5.06252 -5.28859
-1.2287 2.70332
9.7742 -4.28467
-1.1366 0.202014
-2.48852 -0.272254
5.60605 -1.87269
3.94121 -3.20614
-8.40061 -2.13027
1.97176 5.14677
1.94126 -9.04917
-4.76006 -2.19933
4.81535 5.26815
-1.09843 -1.13655
-1.7003 1.70636
-3.82557 -0.0421037
13.087 -5.92414
1.38704 -7.33624
8.40233 13.407
7 2
0.978693 6.41941
2.54573 2.18692
-9.79446 18.9183
0.298361 2.15841
-9.87521 0.669574
1.12427 -3.27017
-3.18381 -1.49241
6.75376 -6.19003
4.44116 -14.0973
1.03405 4.61601
2.00256 5.32671
11.9246 0.525176
2.13639 4.1402
5.9263 -0.374508
-11.9334 -6.98503
0.701346 15.225
4.61223 -10.0218
0.223293 -7.02548
2.80086 9.06391
-6.34104 -12.0497
17.4895 5.58976
-5.3695 3.58197
-7.64105 -3.72072
-7.58759 6.69823
3.53553 0.12132
8.06888 24.0544
10.3577 -24.2993
-1.56671 0.44569
-2.61293 5.71205
-11.8835 -1.25679
-2.78003 2.0258
20.9828 14.2846
-18.2521 -7.57478
53.7542 -18.5692
-1.27433 -53.2096
-53.4928 7.51219
51.9578 -42.8057
6.10208 -8.29669
-20.9541 68.1527
48.7867 -31.4284
65.9747 -35.9752
21.6945 17.2642
-63.2655 -29.5546
-38.0508 -238.472
28.9127 199.053
527.493 60.0075
-813.594 -572.628
350.718 640.077
264.586 2019.27
