18401 21832
-2358.61 -5679.6
700.771 -1320.93
-282.719 71.9374
221.287 505.557
-66.5064 -171.406
-13.8759 -116.527
-80.136 -67.7577
110.829 107.196
-38.6921 -112.901
-5.3123 26.5311
-4.07468 -64.5466
-114.642 62.4215
26.5041 19.4165
43.9479 2.23494
35.9654 -21.2764
-32.3058 17.9747
-39.4389 -10.3017
-8.59556 16.8764
13.5826 -8.19287
-28.2724 -15.3022
-4.16651 -25.2976
-3.93424 -5.31136
-11.7685 15.7221
0.210427 -11.338
7.36396 -6.53553
-8.77869 -13.846
-12.7528 2.43604
-9.79883 -2.20546
-7.55412 -0.637697
-2.35601 6.57298
12.2419 -5.59247
1.68712 -20.0035
0.356956 3.45042
-1.25544 10.7028
0.272269 10.686
-6.28348 1.01651
3.4906 5.23897
0.583701 10.2114
8.86235 1.89517
2.12991 -11.4169
-3.57754 2.18816
-7.44152 2.77393
-4.34391 3.20024
2.54961 -7.03974
0.311329 -4.80739
-0.301741 5.04976
-1.68223 7.61184
11.6776 -1.01839
4.45506 -1.4474
8 -3
-3.0274 4.26207
3.17728 -8.49861
1.46523 2.45823
-6.23861 5.42611
-0.847336 3.27752
-0.877037 2.63919
-0.169528 6.45511
-5.01897 -2.95832
-4.11261 -6.68756
4.69878 2.1655
-2.06403 -1.68758
5.99295 1.91437
6.86324 -6.74883
-2.71129 -0.994315
-0.407593 5.03468
-1.41728 0.833124
2.39117 -4.12225
-1.05228 1.6822
-1.34784 -6.76107
-3.7686 -5.43521
2.91287 4.07874
4.17212 2.89041
2.61494 5.6976
1.12757 5.25366
1.94975 -0.0502525
-2.21257 -2.18141
-2.87578 1.81783
0.790445 3.86156
-1.19542 5.98915
-4.44627 1.69597
-1.09294 -3.96339
2.52032 0.290733
4.853 4.15916
-0.436923 0.68161
10.4634 1.06357
-6.37671 2.52695
3.68661 -0.314807
-8.00178 -7.61749
7.78122 7.65319
-3.6877 5.88534
0.212466 2.58445
7.44905 18.9784
-7.80501 7.76691
7.18249 0.137503
-2.25325 -5.37064
4.26401 -2.29421
7.75308 0.73483
1.79784 4.08944
-5.04312 7.16961
3 12
0.64303 0.449194
6.05319 2.41872
-5.71606 -3.16819
-4.59879 4.26184
-12.5834 5.45766
5.74702 6.13362
7.70172 -11.7759
0.859301 -7.45224
-4.04556 -0.385381
-7.47341 -18.3713
12.2557 -10.0142
1.80631 4.23737
0.473683 8.44409
-3.60829 0.156599
-4.21333 -1.71355
-4.67682 0.670191
3.93146 10.0305
2.5726 -9.12338
-4.10964 -1.7735
5.0643 5.3942
-2.5712 10.8183
4.40071 6.52407
6.71335 3.21543
1.77988 -2.86933
-5.36396 0.535534
-7.62684 -11.5667
0.633861 7.32246
2.68958 -0.0643866
7.16673 -4.93706
-7.94095 0.354898
0.762009 1.30596
2.20203 -2.6966
-8.68641 -3.485
7.81842 0.973989
2.15603 1.24816
-0.846408 1.38899
-9.03708 3.94599
0.298133 -2.6271
3.0503 0.570454
-4.42827 3.34107
-5.69412 -5.4924
3.86802 0.310398
3.53203 4.63251
-2.07468 -2.64851
3.18175 1.67371
10.0064 0.770216
-3.11833 -0.768034
-1.21581 -4.28737
-9.46299 -0.223492
-8 -1
-6.19144 4.99719
-4.5696 3.35436
-1.37682 -1.79794
-1.93954 5.82677
0.0467694 -2.25524
-2.59309 0.306421
-4.07328 -2.03328
7.77175 8.29077
-0.331619 -10.2091
-3.74794 7.32672
4.13209 -1.93614
-8.14871 -1.27834
-9.55202 1.71787
-3.37769 3.35648
-3.04644 -1.09637
7.78804 11.9942
8.91725 -8.34404
-21.9198 -11.531
-5.98 6.40068
-1.05905 5.22869
11.4552 -5.95457
7.27202 -15.5321
-7.02893 -1.88432
5.42873 9.72481
-7.94975 -9.94975
12.5935 -13.2627
29.0185 -13.9833
-22.0829 -1.94808
8.55237 -8.5402
-4.99806 -17.2043
14.3039 21.3846
-2.4817 -39.5139
-2.65002 -49.9492
78.9853 4.55171
-33.4126 -39.9198
-57.5564 95.6815
41.3761 -4.89216
-0.84146 1.34417
-20.9674 29.2732
41.598 -96.7665
60.1499 -61.4829
-1.00965 12.2783
-118.909 46.1051
34.1743 -147.323
14.8735 -24.5959
380.554 -53.2514
-648.863 -510.975
296.038 931.967
281.819 1836.03
