239
120 90
121 89
122 89
123 89
124 89
125 89
126 90
127 90
128 90
129 90
130 90
131 89
132 89
133 89
134 89
135 89
136 89
137 89
138 89
139 90
140 90
141 91
142 92
143 93
144 93
145 93
146 94
147 95
148 96
148 97
148 98
149 99
149 100
148 101
148 102
147 103
146 104
145 104
144 104
143 105
142 105
141 106
140 106
139 106
138 106
137 107
136 107
135 108
134 108
133 108
132 108
131 108
130 109
129 109
128 109
127 109
126 109
125 110
124 110
123 111
122 111
121 112
120 112
119 113
118 113
117 113
116 114
115 113
114 114
113 114
112 114
111 115
110 115
109 116
108 116
107 117
108 118
108 119
109 120
110 120
110 121
110 122
110 123
109 124
109 125
108 126
107 127
106 128
106 129
106 130
106 131
106 132
106 133
106 134
106 135
105 136
105 137
104 137
103 137
102 138
101 138
100 139
99 139
98 140
98 141
98 142
97 142
96 143
95 143
94 144
93 144
92 144
91 145
90 145
89 145
88 145
87 146
86 147
85 147
84 148
83 148
82 149
81 150
80 151
80 152
80 153
79 154
78 154
77 155
76 154
75 154
74 154
73 153
72 153
71 152
70 151
69 151
68 150
67 150
66 149
65 148
64 148
63 147
62 146
61 145
60 144
59 143
58 142
57 141
56 140
55 139
54 138
53 137
52 136
52 135
51 134
51 133
52 132
52 131
53 130
54 129
54 128
55 127
55 126
56 125
56 124
56 123
57 122
58 121
58 120
59 119
59 118
60 117
61 116
62 115
63 115
64 115
65 114
65 113
66 113
67 112
67 111
67 110
67 109
68 109
69 108
70 107
71 106
72 105
72 104
73 104
74 103
74 102
75 102
76 101
76 100
77 100
78 99
79 99
80 99
81 99
82 99
83 99
84 99
85 99
86 98
87 98
88 98
89 98
90 98
91 98
92 98
93 98
94 99
95 98
96 97
97 97
98 96
99 96
100 96
101 96
102 96
103 96
104 96
105 97
106 97
107 97
108 97
109 97
110 96
111 95
112 94
113 94
114 94
115 94
116 93
117 92
118 91
119 90
