257
133 90
134 89
135 89
136 90
137 90
138 90
139 90
140 91
141 92
142 92
143 92
144 92
145 92
146 92
147 92
148 92
147 93
148 94
148 95
149 96
150 96
151 97
152 98
153 99
154 100
154 101
155 102
155 103
155 104
154 105
153 105
152 106
151 107
150 107
149 107
148 107
147 107
146 107
145 107
144 107
143 107
142 107
141 108
140 109
139 109
138 109
137 109
136 109
135 109
134 109
133 109
132 110
131 110
130 110
129 110
128 110
127 110
126 110
125 110
124 109
123 110
122 110
121 110
120 110
119 110
118 111
117 112
116 112
115 113
114 113
113 113
112 113
111 113
110 114
109 115
108 114
107 114
106 114
105 114
104 115
104 116
104 117
104 118
104 119
105 120
104 121
104 122
104 123
103 124
103 125
104 126
103 127
104 128
103 129
103 130
103 131
102 132
101 133
100 133
99 133
98 133
97 134
96 134
95 134
94 134
93 135
93 136
93 137
93 138
92 138
91 138
90 138
89 138
88 138
87 138
86 138
85 138
84 138
83 138
82 139
81 140
80 141
79 141
78 141
77 141
76 142
75 141
74 142
74 143
73 144
72 145
71 146
71 147
70 148
69 149
69 150
68 150
67 150
66 149
65 148
64 148
63 147
62 146
61 145
60 144
59 143
58 142
57 141
56 140
55 139
54 138
53 137
52 136
52 135
51 134
50 133
50 132
49 131
49 130
48 129
47 128
47 127
46 126
46 125
46 124
47 123
48 122
48 121
49 120
49 119
50 118
50 117
51 117
52 116
52 115
53 114
54 113
55 112
56 112
57 111
57 110
58 109
59 108
60 107
61 106
62 105
62 104
63 104
64 103
65 102
66 102
67 101
68 101
69 100
70 99
71 99
72 98
73 97
74 97
75 96
76 96
77 95
78 94
79 94
80 93
81 92
82 91
83 91
84 91
85 92
86 92
87 93
88 93
89 93
90 93
91 93
92 94
93 94
94 94
95 93
96 94
97 94
98 95
99 95
100 95
101 94
102 94
103 94
104 93
105 92
106 92
107 92
108 92
109 92
110 92
111 92
112 92
113 92
114 92
115 92
116 92
117 91
118 91
119 91
120 90
121 91
122 91
123 91
124 91
125 91
126 92
127 91
128 91
129 90
130 90
131 90
132 90
