243
99 97
100 96
101 96
102 96
103 97
104 97
105 97
106 97
107 97
108 97
109 98
110 98
111 98
112 97
113 97
114 97
115 96
116 96
117 96
118 96
119 96
120 96
121 97
122 98
123 97
124 97
125 98
126 97
127 98
128 98
129 98
130 98
131 98
132 98
133 97
134 97
135 97
136 97
137 97
138 97
139 98
140 99
141 99
142 99
143 100
143 101
143 102
144 103
144 104
145 105
146 106
147 106
148 107
149 108
150 109
150 110
150 111
150 112
150 113
149 114
148 114
147 115
146 115
145 115
144 115
143 116
142 116
141 116
140 116
139 116
138 116
137 117
136 118
135 118
134 118
133 118
132 118
131 118
130 118
129 118
128 118
127 118
126 118
125 118
124 118
123 118
122 119
121 119
120 119
119 119
118 119
117 119
116 120
115 119
114 119
113 118
112 118
111 118
110 117
109 117
108 117
107 117
106 117
105 118
105 119
105 120
104 120
103 120
102 121
101 121
100 122
100 123
101 124
101 125
101 126
101 127
102 128
102 129
101 130
101 131
100 132
99 133
98 134
97 134
96 135
95 136
94 137
94 138
94 139
93 140
92 141
91 141
90 141
89 141
88 141
87 141
86 141
85 142
85 143
84 143
83 144
82 144
81 144
80 145
79 145
78 145
77 145
76 146
75 146
74 146
73 146
72 146
71 146
70 146
69 147
68 147
67 148
67 149
66 149
65 148
64 148
63 147
62 146
61 145
60 144
59 143
58 142
57 141
56 140
55 139
54 138
53 137
52 136
52 135
51 134
50 133
50 132
49 131
49 130
48 129
47 128
47 127
46 126
46 125
46 124
45 123
45 122
46 122
47 121
48 120
48 119
48 118
49 117
50 117
51 116
51 115
52 114
53 114
54 113
55 112
56 111
57 111
58 110
59 110
60 109
61 109
62 108
63 107
64 106
65 105
66 104
67 104
68 104
69 103
70 103
71 102
72 101
73 100
74 100
75 100
76 99
77 99
78 99
79 99
80 99
81 98
82 99
83 99
84 99
85 98
86 98
87 98
88 98
89 98
90 98
91 98
92 99
93 99
94 99
95 98
96 97
97 97
98 97
