248
122 66
123 65
124 66
125 66
126 66
127 66
128 67
129 67
130 68
131 68
132 68
133 69
134 69
134 70
134 71
134 72
134 73
134 74
134 75
134 76
133 77
132 78
131 79
130 80
129 81
128 81
127 82
126 83
125 83
124 83
123 83
122 84
121 85
121 86
120 86
119 87
118 88
117 88
116 89
115 90
115 91
114 92
113 93
112 93
111 94
110 94
109 95
108 95
107 96
106 96
105 97
104 98
103 98
102 99
101 100
100 101
101 102
102 103
102 104
103 105
104 106
103 107
102 108
102 109
102 110
102 111
102 112
102 113
102 114
102 115
101 116
101 117
102 118
102 119
101 120
100 120
99 121
99 122
98 123
98 124
97 124
96 124
95 125
95 126
95 127
94 128
93 129
93 130
93 131
92 132
91 133
90 133
89 134
88 133
87 133
86 134
85 134
84 133
83 134
83 135
82 135
81 135
80 136
80 137
80 138
79 139
79 140
79 141
78 142
77 142
76 143
75 144
75 145
75 146
74 147
73 148
73 149
72 150
71 151
71 152
70 151
69 151
68 150
67 150
66 149
65 148
64 148
63 147
62 146
61 145
60 144
59 143
58 142
57 141
56 140
55 139
54 138
53 137
52 136
52 135
51 134
50 133
50 132
49 131
49 130
48 129
47 128
47 127
48 126
48 125
48 124
49 123
50 122
50 121
51 120
51 119
51 118
52 117
52 116
53 116
54 115
54 114
54 113
54 112
55 111
55 110
56 109
56 108
57 107
57 106
57 105
58 104
59 104
60 103
60 102
61 101
61 100
62 99
62 98
63 97
63 96
64 95
64 94
65 93
65 92
66 91
66 90
67 89
68 88
69 87
70 88
71 88
72 88
73 87
74 87
75 87
76 86
77 86
78 85
79 85
80 85
81 85
82 85
83 85
84 85
85 84
86 84
87 84
88 83
89 82
90 82
91 82
92 81
93 81
94 81
95 81
96 81
97 80
96 79
97 79
98 79
99 78
99 77
100 77
101 77
102 77
103 76
103 75
104 75
105 74
105 73
106 73
107 72
108 71
108 70
109 69
110 69
111 68
112 68
113 67
114 67
115 67
116 67
117 67
118 66
119 66
120 66
121 66
