266
108 80
109 79
110 80
111 79
112 79
113 79
114 79
115 79
116 80
117 80
118 80
119 80
120 80
121 81
122 80
123 81
124 81
125 80
126 79
127 79
128 80
129 79
130 79
131 80
132 80
133 79
134 80
135 81
136 81
137 81
138 81
139 81
140 81
140 82
139 83
139 84
140 85
141 86
142 87
143 88
144 88
144 89
144 90
145 91
146 92
145 93
145 94
145 95
144 96
143 97
142 97
141 98
140 98
139 98
138 98
137 97
136 97
135 97
134 97
133 97
132 97
131 97
130 98
131 99
131 100
130 100
129 99
128 99
127 99
126 100
125 100
124 100
123 100
122 100
121 100
120 100
119 100
118 101
117 100
116 101
115 100
114 101
113 101
112 102
112 101
111 100
110 100
109 100
108 100
107 101
106 102
106 103
105 104
104 104
103 103
102 104
101 105
100 105
99 106
99 107
99 108
99 109
99 110
100 111
100 112
99 113
99 114
98 115
98 116
98 117
97 118
97 119
96 120
95 121
94 122
94 123
93 124
92 124
91 125
90 125
89 126
88 126
87 125
86 126
85 127
85 128
85 129
84 129
83 129
82 129
81 129
80 130
79 131
78 131
77 131
76 131
75 132
74 133
73 132
72 133
71 133
70 133
69 133
68 134
68 135
67 136
66 137
65 138
65 139
65 140
65 141
65 142
65 143
64 144
65 145
65 146
64 147
63 147
62 146
61 145
60 144
59 143
58 142
57 141
56 140
55 139
54 138
53 137
52 136
52 135
51 134
50 133
50 132
49 131
49 130
48 129
47 128
47 127
46 126
46 125
46 124
45 123
45 122
44 121
44 120
44 119
43 118
43 117
43 116
42 115
42 114
43 113
43 112
44 111
45 110
45 109
46 108
47 108
48 107
49 106
50 105
50 104
51 104
52 103
53 102
54 101
54 100
55 99
55 98
56 98
57 97
57 96
58 96
59 95
59 94
60 93
60 92
61 92
62 91
63 91
64 90
64 89
65 89
66 89
67 88
68 87
69 86
69 85
70 84
71 84
72 83
73 83
74 83
75 82
76 81
77 81
78 82
79 82
80 83
81 82
82 81
83 82
84 82
85 83
86 83
87 82
88 83
89 82
90 83
91 82
92 82
93 81
94 81
95 81
96 82
97 82
98 81
99 81
100 81
101 81
102 81
103 80
104 80
105 80
106 80
107 80
