259
109 75
110 74
111 74
112 75
113 75
114 75
115 75
116 75
117 75
118 76
119 76
120 75
121 75
122 75
123 74
124 74
125 75
126 75
127 74
128 74
129 74
130 74
131 75
132 75
133 75
134 75
134 76
135 77
136 77
137 77
136 78
137 79
138 79
139 79
138 80
139 81
140 82
141 83
142 83
143 83
143 84
144 85
145 85
145 86
145 87
145 88
144 89
143 89
142 90
141 90
140 90
139 90
138 91
137 91
136 91
135 91
134 91
133 92
132 92
131 93
130 93
129 93
128 93
127 93
126 94
125 94
124 94
123 94
122 95
121 96
120 96
119 96
118 97
117 97
116 97
115 98
114 98
113 98
112 98
111 98
110 98
109 98
108 98
107 98
106 98
105 98
104 99
104 100
103 101
103 102
103 103
104 104
103 105
103 106
103 107
102 108
102 109
102 110
101 111
101 112
100 112
99 113
98 114
98 115
97 116
97 117
96 118
96 119
96 120
96 121
95 122
95 123
94 123
93 123
92 123
91 123
90 123
89 123
88 124
87 125
87 126
86 126
85 127
84 128
83 128
82 129
81 129
80 130
79 131
78 130
77 130
76 131
75 132
74 133
73 134
72 134
71 135
70 135
69 136
68 137
67 138
66 139
65 140
65 141
64 142
63 143
63 144
63 145
62 146
61 145
60 144
59 143
58 142
57 141
56 140
55 139
54 138
53 137
52 136
52 135
51 134
50 133
50 132
49 131
49 130
48 129
47 128
47 127
46 126
46 125
46 124
45 123
45 122
44 121
44 120
44 119
43 118
43 117
43 116
42 115
42 114
42 113
42 112
43 111
43 110
44 109
45 108
46 107
46 106
47 105
48 104
49 103
49 102
49 101
50 100
51 100
52 99
53 98
54 98
55 97
55 96
56 96
57 95
57 94
58 94
59 93
59 92
60 92
61 91
61 90
62 90
63 89
64 89
65 88
66 88
67 87
68 86
69 85
70 84
71 84
72 84
73 84
74 84
75 83
76 82
76 81
77 81
77 82
78 83
79 82
80 82
81 81
82 80
83 81
84 81
85 81
86 82
87 81
88 80
89 80
90 80
91 79
92 79
93 79
94 79
95 78
96 78
97 79
98 78
99 78
100 78
101 77
102 77
103 77
104 76
105 76
106 76
107 75
108 75
