243
128 82
129 81
130 81
131 81
132 81
133 81
134 81
135 81
136 81
137 81
138 81
139 81
140 81
141 81
142 82
143 82
144 83
145 84
146 84
147 85
148 86
149 86
150 86
151 87
151 88
151 89
151 90
151 91
150 92
150 93
149 94
148 95
147 95
146 96
145 96
144 97
143 97
142 97
141 98
140 98
139 99
138 99
137 100
136 100
135 101
134 101
133 101
132 102
131 102
130 103
129 104
128 103
127 104
126 105
125 105
124 106
123 106
122 107
121 106
120 106
119 107
118 107
117 107
116 108
115 109
114 110
113 111
113 112
113 113
114 114
114 115
114 116
113 117
113 118
113 119
113 120
112 121
111 122
111 123
110 123
109 124
109 125
109 126
109 127
109 128
109 129
109 130
108 131
107 131
106 132
105 132
104 132
103 132
102 133
102 134
102 135
102 136
101 137
100 138
99 138
98 138
97 138
96 139
95 140
94 140
93 140
92 141
91 141
90 142
89 142
88 143
87 143
86 144
85 144
84 144
83 145
83 146
82 147
81 148
80 149
80 150
79 151
78 152
77 153
77 154
76 154
75 154
74 154
73 153
72 153
71 152
70 151
69 151
68 150
67 150
66 149
65 148
64 148
63 147
62 146
61 145
60 144
59 143
58 142
57 141
56 140
55 139
54 138
53 137
52 136
52 135
51 134
51 133
52 132
52 131
52 130
53 129
53 128
54 127
54 126
55 125
55 124
56 123
57 122
58 121
58 120
59 119
59 118
60 117
61 116
62 115
63 115
64 114
65 113
65 112
65 111
65 110
65 109
66 108
67 108
68 108
69 107
70 106
71 106
72 105
72 104
73 103
74 103
75 102
76 101
76 100
77 99
78 98
79 97
80 97
81 96
82 96
83 96
84 95
85 95
86 94
87 94
88 94
89 94
90 94
91 94
92 94
93 94
94 94
95 94
96 94
97 94
98 94
99 93
100 92
101 92
102 91
102 90
103 90
104 90
105 90
106 89
107 89
108 88
109 88
110 87
111 87
112 87
113 87
114 86
115 86
116 86
117 86
118 85
119 85
120 84
121 85
122 85
123 85
124 84
125 84
126 83
127 82
