274
119 60
120 59
121 59
122 59
123 59
124 59
125 59
126 60
127 60
128 61
129 61
130 61
131 61
131 62
131 63
132 64
133 65
134 64
135 65
136 66
137 66
138 67
139 68
140 68
139 69
139 70
138 71
138 72
138 73
137 74
136 74
135 75
134 76
133 76
132 76
131 77
130 77
129 77
128 77
127 77
126 77
125 77
124 78
123 78
122 79
121 79
120 79
119 80
118 80
117 81
116 81
115 82
114 83
113 83
112 84
111 84
110 84
109 84
108 84
107 84
106 84
105 84
104 84
103 84
102 84
101 84
100 84
99 83
98 83
97 83
96 84
96 85
97 86
96 87
96 88
97 89
98 90
99 90
100 91
100 92
100 93
101 94
101 95
101 96
100 97
100 98
99 99
99 100
98 101
97 102
96 103
95 104
95 105
95 106
95 107
94 108
93 109
92 109
91 109
90 110
89 111
88 112
87 113
86 114
85 115
84 115
83 116
82 117
81 117
80 118
79 119
78 119
77 120
76 120
75 120
74 120
73 120
72 120
71 121
70 121
69 122
68 122
67 123
67 124
67 125
66 126
66 127
65 128
64 129
63 130
62 131
62 132
62 133
62 134
62 135
62 136
62 137
62 138
62 139
61 140
61 141
60 142
60 143
60 144
59 143
58 142
57 141
56 140
55 139
54 138
53 137
52 136
52 135
51 134
50 133
50 132
49 131
49 130
48 129
47 128
47 127
46 126
46 125
46 124
45 123
45 122
44 121
44 120
44 119
43 118
43 117
43 116
42 115
42 114
42 113
42 112
42 111
41 110
41 109
41 108
41 107
41 106
41 105
41 104
41 103
41 102
41 101
40 100
41 99
42 98
42 97
43 96
44 95
45 94
46 93
46 92
46 91
47 90
48 89
48 88
49 87
50 87
51 86
52 85
52 84
53 83
53 82
54 82
55 81
56 80
57 79
58 79
59 78
60 78
61 77
62 76
63 76
64 75
65 74
65 73
66 72
67 72
68 71
69 71
70 70
71 70
72 70
73 70
74 69
75 69
76 70
77 70
78 70
79 69
80 69
81 69
82 69
83 68
84 68
85 68
86 68
87 67
88 67
89 67
90 67
91 67
92 66
93 66
94 65
95 64
96 64
97 64
98 64
99 64
100 64
101 64
102 63
102 62
103 62
104 62
105 61
106 60
107 60
108 60
109 60
110 60
111 60
112 60
113 60
114 60
115 60
116 60
117 60
118 60
