260
103 77
104 76
105 76
106 76
107 77
108 77
109 77
110 77
111 78
112 78
113 78
114 77
115 78
116 78
117 77
118 78
119 78
120 77
121 77
122 78
123 78
124 77
125 77
126 78
127 78
128 79
129 79
130 79
131 79
132 79
133 79
133 80
134 81
135 82
136 83
137 83
138 84
139 84
140 85
141 86
141 87
141 88
141 89
140 90
139 91
138 91
137 92
136 92
135 92
134 92
133 93
132 94
131 93
130 93
129 93
128 93
127 94
126 94
125 94
124 94
123 95
122 96
121 97
120 97
119 97
118 98
117 98
116 98
115 98
114 98
113 98
112 98
111 98
110 98
109 98
108 99
107 98
106 99
105 99
104 98
103 98
102 98
101 98
100 98
99 97
98 97
97 98
97 99
97 100
97 101
98 102
98 103
98 104
98 105
97 106
96 107
96 108
96 109
96 110
96 111
96 112
96 113
96 114
95 115
95 116
94 116
93 117
92 117
91 118
90 118
89 119
88 120
89 121
90 122
91 123
90 123
89 123
88 124
87 124
86 125
85 126
84 126
83 127
82 127
81 128
80 128
79 128
78 129
77 129
76 129
75 128
74 128
73 129
72 130
71 130
70 130
69 130
68 130
67 131
67 132
66 133
66 134
66 135
66 136
66 137
66 138
65 139
65 140
64 141
64 142
63 143
63 144
63 145
63 146
62 146
61 145
60 144
59 143
58 142
57 141
56 140
55 139
54 138
53 137
52 136
52 135
51 134
50 133
50 132
49 131
49 130
48 129
47 128
47 127
46 126
46 125
46 124
45 123
45 122
44 121
44 120
44 119
43 118
43 117
43 116
42 115
42 114
42 113
42 112
42 111
43 110
43 109
43 108
44 108
45 107
45 106
46 105
47 104
48 103
48 102
49 101
49 100
50 99
50 98
51 97
51 96
52 96
53 95
53 94
54 94
55 93
56 92
57 92
58 91
58 90
59 89
59 88
60 87
61 86
62 85
63 84
64 83
65 82
66 81
67 81
68 80
69 80
70 79
71 79
72 80
73 80
74 80
75 80
76 80
77 80
78 80
79 80
80 80
81 80
82 80
83 80
84 80
85 80
86 80
87 80
88 80
89 80
90 81
91 81
92 81
93 80
94 80
95 80
96 80
97 80
98 80
99 80
100 79
101 78
102 77
