241
75 94
76 93
77 93
78 93
79 93
80 93
81 93
82 93
83 93
84 93
85 94
86 94
87 94
88 94
89 95
90 94
91 95
92 94
93 94
94 94
95 94
96 94
97 94
98 94
99 94
100 94
101 94
102 95
103 95
104 96
105 95
106 95
107 95
108 94
109 94
110 94
111 94
112 94
113 95
114 94
115 95
116 95
117 94
118 94
119 94
120 93
121 94
122 94
123 95
124 95
125 95
126 94
127 94
128 94
129 94
130 94
131 94
132 95
133 95
134 95
135 95
136 95
137 95
137 96
137 97
138 98
138 99
139 100
140 100
141 101
142 102
143 103
144 104
144 105
143 106
143 107
143 108
142 109
142 110
142 111
141 112
140 112
139 112
138 112
137 113
136 113
135 113
135 112
134 111
133 111
132 110
131 110
130 110
129 110
128 109
127 109
126 110
125 110
124 111
124 112
123 112
122 112
121 112
120 112
119 112
118 112
117 112
116 112
115 112
114 113
113 113
112 113
111 114
110 114
109 114
108 114
107 114
106 113
105 112
104 112
103 112
102 113
103 114
103 115
103 116
102 116
101 117
100 118
99 119
98 120
97 121
97 122
97 123
97 124
97 125
97 126
98 127
98 128
98 129
98 130
98 131
97 132
97 133
96 133
95 133
94 134
93 135
92 136
91 137
90 137
89 138
88 138
87 138
86 138
85 139
84 140
84 141
83 141
82 141
81 141
80 141
79 141
78 142
77 142
76 142
75 143
74 144
73 145
72 146
71 147
70 147
69 148
68 149
68 150
67 150
66 149
65 148
64 148
63 147
62 146
61 145
60 144
59 143
58 142
57 141
56 140
55 139
54 138
53 137
52 136
52 135
51 134
50 133
50 132
49 131
49 130
48 129
47 128
47 127
46 126
46 125
46 124
47 124
48 123
49 122
49 121
50 120
50 119
50 118
50 117
50 116
51 115
51 114
52 113
53 113
54 112
54 111
55 111
56 110
56 109
57 108
57 107
58 107
59 106
60 105
61 104
62 104
63 103
64 102
65 101
66 100
67 100
68 99
68 98
69 97
69 96
70 95
71 95
72 95
73 94
74 94
