257
136 78
137 77
138 78
139 78
140 78
141 79
141 80
142 81
143 82
144 83
145 84
146 84
147 84
148 84
149 84
150 84
151 85
150 86
151 87
151 88
150 89
149 90
148 91
148 92
147 92
146 93
145 93
144 93
143 94
143 95
142 96
141 96
140 95
139 96
138 96
137 97
136 97
135 97
134 97
133 98
132 98
131 99
130 100
129 101
128 102
127 102
126 102
125 103
124 103
123 104
122 104
121 104
120 105
119 105
118 106
117 105
116 105
115 106
114 106
113 106
112 107
111 108
111 109
112 110
113 111
113 112
114 113
114 114
114 115
113 116
113 117
112 118
112 119
112 120
111 121
111 122
111 123
111 124
110 125
110 126
109 127
108 128
108 129
107 130
106 131
105 132
104 132
103 133
102 134
101 135
100 136
99 137
98 138
97 138
96 138
95 138
94 138
93 139
92 139
91 139
90 139
89 140
88 141
88 142
87 142
86 142
85 143
84 143
83 144
82 144
81 145
80 145
79 146
78 146
77 147
76 148
76 149
76 150
76 151
75 151
74 152
74 153
74 154
73 153
72 153
71 152
70 151
69 151
68 150
67 150
66 149
65 148
64 148
63 147
62 146
61 145
60 144
59 143
58 142
57 141
56 140
55 139
54 138
53 137
52 136
52 135
51 134
50 133
50 132
49 131
49 130
48 129
47 128
47 127
47 126
48 125
48 124
49 123
50 122
51 122
52 121
53 121
54 120
55 119
55 118
55 117
55 116
56 115
57 114
58 113
58 112
59 111
60 110
60 109
60 108
61 107
61 106
62 106
63 105
63 104
64 104
65 103
65 102
66 102
67 101
68 101
69 100
70 99
70 98
71 98
72 97
72 96
73 95
74 94
75 94
76 93
77 92
77 91
78 90
78 89
79 89
80 88
81 88
82 88
83 88
84 88
85 88
86 89
87 89
88 88
89 88
90 88
91 88
92 88
93 88
94 88
95 87
96 87
97 87
98 86
99 86
100 86
101 86
102 87
103 87
104 87
105 87
106 88
107 88
108 87
109 87
110 87
111 86
112 86
113 85
114 85
115 85
116 84
117 84
118 83
119 82
120 81
121 81
122 81
123 82
124 81
125 81
126 81
127 80
128 80
129 80
130 79
131 79
132 79
133 79
134 78
135 78
