267
122 77
123 76
124 76
125 76
126 77
127 76
128 76
129 77
130 77
131 77
132 77
133 77
134 77
135 78
136 78
137 78
138 79
139 80
140 80
141 80
142 80
143 80
142 81
143 82
144 83
144 84
145 85
145 86
145 87
145 88
145 89
145 90
144 91
143 91
142 92
141 92
140 92
139 92
138 93
137 93
136 93
135 93
134 94
133 94
132 94
131 93
130 94
129 94
128 94
127 95
126 96
125 96
124 97
123 97
122 98
121 99
120 99
119 99
118 99
117 100
116 100
115 100
114 100
113 100
112 101
111 101
110 101
109 100
108 101
107 101
106 101
105 102
104 103
104 104
105 105
106 106
106 107
106 108
107 109
106 109
105 110
104 110
103 111
102 112
102 113
101 114
101 115
100 116
100 117
100 118
100 119
100 120
100 121
99 121
98 121
97 122
97 123
97 122
96 121
95 122
95 123
95 124
94 123
93 124
92 124
91 125
90 125
89 126
89 127
88 128
87 128
86 129
85 130
84 131
84 132
83 132
82 133
81 133
80 133
79 133
78 133
77 134
76 134
75 135
75 136
74 137
73 138
72 138
71 138
70 139
70 140
69 141
69 142
68 142
67 143
67 144
66 144
65 145
65 146
64 147
64 148
63 147
62 146
61 145
60 144
59 143
58 142
57 141
56 140
55 139
54 138
53 137
52 136
52 135
51 134
50 133
50 132
49 131
49 130
48 129
47 128
47 127
46 126
46 125
46 124
45 123
45 122
44 121
44 120
44 119
43 118
43 117
43 116
44 115
44 114
45 113
46 113
47 112
48 111
48 110
49 110
50 109
50 108
50 107
50 106
50 105
50 104
50 103
51 102
51 101
52 101
53 101
54 100
55 100
56 99
56 98
57 97
57 96
58 96
59 95
59 94
60 93
60 92
61 92
62 91
62 90
63 89
64 89
65 89
66 88
67 87
67 86
68 85
69 84
70 83
71 82
72 82
73 81
73 80
74 80
75 80
76 80
77 80
78 80
79 81
80 81
81 82
82 81
83 82
84 82
85 81
86 81
87 80
88 80
89 81
90 81
91 81
92 81
93 82
94 82
95 81
96 81
97 80
98 81
99 81
100 81
101 80
102 80
103 80
104 79
105 79
106 79
107 78
108 79
109 78
110 78
111 78
112 78
113 78
114 78
115 77
116 77
117 77
118 78
119 78
120 78
121 77
