258
130 74
131 73
132 74
133 74
134 74
135 75
136 75
137 76
138 77
139 77
140 77
141 78
142 78
143 78
143 79
143 80
144 81
144 82
144 83
144 84
144 85
143 86
142 86
141 87
140 87
139 88
138 88
137 88
136 88
135 89
134 89
133 90
132 91
131 91
130 91
129 92
128 92
127 93
126 94
125 94
124 95
123 96
122 96
121 97
120 97
119 97
118 97
117 97
116 97
115 97
114 98
113 97
112 97
111 98
110 98
109 99
108 100
107 100
106 100
105 100
104 101
104 102
104 103
105 104
105 105
105 106
105 107
106 108
105 109
105 110
104 110
103 111
103 112
102 113
102 114
101 114
100 115
100 116
100 117
100 118
100 119
99 120
98 121
97 121
96 121
95 122
95 123
95 124
95 125
95 126
94 127
93 127
92 127
91 127
90 128
90 129
89 130
88 130
87 130
86 131
86 132
85 133
84 133
83 134
82 134
81 134
80 135
79 136
78 136
77 137
76 137
75 137
74 137
73 138
73 139
72 140
72 141
72 142
72 143
71 144
71 145
71 146
71 147
70 148
70 149
70 150
69 151
68 150
67 150
66 149
65 148
64 148
63 147
62 146
61 145
60 144
59 143
58 142
57 141
56 140
55 139
54 138
53 137
52 136
52 135
51 134
50 133
50 132
49 131
49 130
48 129
47 128
47 127
46 126
46 125
46 124
46 123
46 122
47 121
47 120
48 120
49 119
49 118
49 117
49 116
50 115
50 114
51 113
51 112
52 111
52 110
53 109
53 108
54 107
54 106
55 105
55 104
56 103
56 102
57 101
57 100
58 99
58 98
59 97
59 96
60 95
61 95
62 94
63 93
64 92
65 91
66 90
66 89
66 88
67 87
68 86
69 85
70 85
71 85
72 85
73 84
73 83
74 83
75 82
76 82
77 82
78 81
79 81
80 81
81 81
82 81
83 82
84 82
85 82
86 82
87 82
88 81
89 81
90 82
91 82
92 82
93 81
94 81
95 82
96 82
97 82
98 81
99 81
100 81
101 81
102 81
103 80
104 79
105 78
106 78
107 78
108 78
109 78
110 78
111 78
112 77
113 77
114 77
115 77
116 77
117 77
118 77
119 77
120 76
121 76
122 75
123 75
124 75
125 75
126 74
127 74
128 74
129 74
