255
116 92
117 91
118 92
119 92
120 92
121 92
122 92
123 92
124 92
125 92
126 92
127 92
128 92
129 92
130 92
131 92
132 91
133 91
134 91
135 91
136 91
137 92
138 92
139 92
140 92
141 92
142 92
143 93
144 94
145 94
145 95
145 96
146 97
146 98
147 99
148 99
149 100
150 101
151 102
152 103
152 104
152 105
152 106
151 107
150 108
149 109
148 109
147 109
146 109
145 109
144 109
143 110
142 110
141 110
140 110
139 110
138 110
137 110
136 110
135 110
134 110
133 110
132 110
131 110
130 111
129 111
128 111
127 112
126 112
125 112
124 112
123 113
122 114
121 114
120 113
119 114
118 115
117 116
116 116
116 115
115 114
114 114
113 114
112 114
111 114
110 114
109 114
108 114
107 115
106 116
105 117
104 117
103 118
103 119
103 120
104 121
104 122
104 123
104 124
104 125
104 126
103 127
102 128
102 129
101 130
100 131
99 132
98 132
97 133
97 134
97 135
96 135
95 136
94 136
93 136
92 137
91 137
90 137
89 137
88 137
87 136
86 136
85 135
84 135
83 136
83 137
83 138
83 139
82 139
81 139
80 140
79 140
78 140
77 141
76 142
75 141
74 142
74 143
73 143
72 143
71 143
70 143
69 144
68 143
67 144
66 145
65 145
64 146
64 147
63 147
62 146
61 145
60 144
59 143
58 142
57 141
56 140
55 139
54 138
53 137
52 136
52 135
51 134
50 133
50 132
49 131
49 130
48 129
47 128
47 127
46 126
46 125
46 124
45 123
45 122
44 121
44 120
44 119
44 118
45 117
46 116
46 115
46 114
47 113
47 112
48 112
49 111
50 110
51 110
52 109
53 109
54 109
55 108
56 107
57 107
58 106
58 105
59 104
60 103
61 103
62 102
63 102
64 102
65 101
66 101
67 100
68 100
69 100
70 99
70 98
71 98
72 98
73 97
74 97
75 96
76 95
77 95
78 95
79 94
80 94
81 94
82 94
83 93
84 93
85 94
86 94
87 94
88 93
89 93
90 93
91 93
92 93
93 93
94 93
95 92
96 93
97 93
98 93
99 93
100 93
101 93
102 93
103 93
104 93
105 93
106 93
107 93
108 92
109 92
110 92
111 92
112 92
113 92
114 92
115 92
