282
119 60
120 59
121 59
122 59
123 59
124 59
125 59
126 59
127 60
128 60
129 60
130 61
131 61
132 62
133 62
134 61
135 61
136 61
136 62
137 63
138 63
139 63
139 64
140 65
141 66
142 67
142 68
142 69
142 70
141 71
141 72
140 73
139 74
138 75
137 76
136 77
135 77
134 76
133 77
132 77
131 77
130 77
129 77
128 77
127 78
126 79
125 79
124 79
123 79
122 80
121 81
120 81
119 82
118 82
117 83
116 84
115 84
114 84
113 84
112 85
111 85
110 85
109 85
108 86
107 86
106 86
105 86
104 86
103 86
102 86
101 87
102 88
102 89
102 90
102 91
102 92
102 93
101 94
101 95
101 96
101 97
101 98
101 99
101 100
102 101
102 102
102 103
102 104
101 105
100 106
100 107
99 108
99 109
98 110
98 111
98 112
98 113
97 114
96 114
95 115
94 116
93 116
92 116
91 117
90 117
89 118
88 118
87 119
86 119
85 119
84 120
83 120
82 121
81 122
80 122
79 123
79 124
79 125
78 125
77 126
76 127
75 128
74 128
73 129
73 130
73 131
72 132
72 133
72 134
72 135
71 136
71 137
71 138
71 139
71 140
71 141
71 142
71 143
71 144
70 145
69 146
69 147
69 148
70 149
69 150
69 151
68 150
67 150
66 149
65 148
64 148
63 147
62 146
61 145
60 144
59 143
58 142
57 141
56 140
55 139
54 138
53 137
52 136
52 135
51 134
50 133
50 132
49 131
49 130
48 129
47 128
47 127
46 126
46 125
46 124
45 123
45 122
44 121
44 120
44 119
43 118
44 117
44 116
44 115
44 114
44 113
45 112
46 111
46 110
46 109
46 108
47 107
48 106
48 105
48 104
49 103
49 102
50 101
50 100
51 99
51 98
52 97
52 96
53 96
54 95
54 94
55 94
56 93
56 92
56 91
56 90
57 89
57 88
58 87
58 86
59 86
60 85
60 84
61 83
61 82
62 82
63 81
63 80
64 79
64 78
65 77
65 76
66 76
67 75
68 74
69 73
69 72
70 71
71 70
72 70
73 70
74 70
75 70
76 70
77 69
78 69
79 69
80 69
81 69
82 69
83 69
84 69
85 69
86 69
87 69
88 69
89 69
90 69
91 69
92 69
93 69
94 69
95 68
96 67
97 66
98 66
99 65
100 65
101 64
102 63
103 63
104 64
105 65
106 65
107 64
107 63
108 63
109 63
110 62
111 62
112 62
113 61
114 61
115 60
116 60
117 60
118 60
