257
80 91
81 90
82 90
83 90
84 91
85 91
86 92
87 93
88 93
89 93
90 93
91 93
92 93
93 93
94 93
95 93
96 93
97 93
98 93
99 93
100 93
101 93
102 93
103 94
104 94
105 93
104 92
105 92
106 92
107 92
108 92
109 92
110 92
111 92
112 92
113 92
114 92
115 92
116 92
117 91
118 91
119 91
120 91
121 91
122 92
123 92
124 93
125 93
126 93
127 93
128 93
129 93
130 93
131 93
132 93
133 93
134 94
135 94
136 94
137 94
138 94
139 94
140 94
141 94
141 95
142 96
142 97
143 98
144 99
145 99
146 100
147 100
148 100
149 101
149 102
150 103
150 104
150 105
151 106
150 107
150 108
149 108
148 109
147 110
146 110
145 110
144 110
143 110
142 110
141 110
140 111
139 111
138 112
137 112
136 112
135 112
134 111
133 111
132 110
131 111
130 111
129 111
128 111
127 111
126 111
125 112
124 111
123 112
122 112
121 112
120 112
119 112
118 112
117 113
116 114
115 114
114 114
113 114
112 114
111 113
110 113
109 112
108 111
107 112
106 112
105 112
104 112
103 113
103 114
104 115
105 116
106 117
106 118
107 119
107 120
107 121
106 122
106 123
105 124
104 125
103 126
102 127
102 128
101 129
101 130
100 131
100 132
99 133
98 134
97 134
96 135
95 135
94 135
93 135
92 135
91 135
90 135
89 134
88 135
88 136
87 137
87 138
86 138
85 138
84 139
83 140
82 140
81 141
80 141
79 141
78 141
77 141
76 141
75 141
74 141
73 142
72 143
71 144
70 145
69 144
68 145
68 146
67 147
66 148
65 148
64 148
63 147
62 146
61 145
60 144
59 143
58 142
57 141
56 140
55 139
54 138
53 137
52 136
52 135
51 134
50 133
50 132
49 131
49 130
48 129
47 128
47 127
46 126
46 125
46 124
45 123
45 122
44 121
44 120
44 119
44 118
45 118
46 117
47 117
48 117
49 116
49 115
50 114
50 113
51 112
51 111
52 110
52 109
53 109
54 108
55 107
56 106
57 105
57 104
58 104
59 103
60 103
61 102
62 102
63 101
64 101
65 100
66 99
67 98
68 97
68 96
69 95
70 95
71 94
72 94
73 94
74 93
75 92
76 92
77 92
78 92
79 91
