251
134 89
135 88
136 89
137 89
138 89
139 89
140 89
141 89
142 90
143 90
144 91
145 91
146 92
147 92
147 93
148 94
148 95
149 96
150 97
150 98
151 99
152 100
152 101
153 102
153 103
152 104
152 105
151 106
150 107
149 108
148 108
147 108
146 108
145 108
144 108
143 107
142 107
141 107
140 108
139 108
138 109
137 110
136 110
135 110
134 110
133 110
132 110
131 110
130 110
129 110
128 110
127 111
126 111
125 111
124 111
123 111
122 111
121 111
120 111
119 111
118 111
117 111
116 111
115 112
114 112
113 113
112 114
112 115
111 115
110 115
109 114
108 115
108 116
108 117
107 118
108 119
107 120
106 121
105 122
105 123
104 124
105 125
106 126
107 127
107 128
107 129
106 129
105 130
105 131
104 131
103 132
103 133
102 134
101 134
100 135
100 136
99 136
98 136
97 136
96 137
96 138
95 138
94 139
93 139
92 140
91 140
90 140
89 140
88 141
87 142
87 143
86 143
85 143
84 143
83 144
82 144
81 144
80 144
79 145
78 145
77 146
76 147
76 148
76 149
75 150
74 150
73 151
72 152
71 152
70 151
69 151
68 150
67 150
66 149
65 148
64 148
63 147
62 146
61 145
60 144
59 143
58 142
57 141
56 140
55 139
54 138
53 137
52 136
52 135
51 134
50 133
50 132
49 131
49 130
50 129
50 128
51 128
52 127
52 126
53 126
54 125
54 124
54 123
54 122
54 121
55 120
55 119
55 118
56 117
56 116
57 115
58 114
59 113
60 112
61 111
62 110
63 109
63 108
63 107
64 106
64 105
65 104
66 104
67 103
67 102
68 101
69 100
70 99
71 99
72 98
73 98
74 97
75 96
76 95
77 94
78 93
79 92
80 91
81 91
82 90
83 90
84 89
85 89
86 90
87 90
88 90
89 91
90 91
91 91
92 91
93 92
94 92
95 92
96 91
97 91
98 91
99 91
100 91
101 91
102 91
103 92
104 92
105 92
106 92
107 92
108 92
109 92
110 92
111 92
112 91
113 92
114 92
115 91
116 91
117 91
118 91
119 90
120 90
121 90
122 89
123 89
124 89
125 89
126 89
127 89
128 89
129 89
130 89
131 90
132 90
133 89
