276
127 66
128 65
129 65
130 66
131 66
132 65
133 66
134 66
135 66
135 67
135 68
136 69
137 70
138 71
139 71
140 71
141 71
142 71
143 72
144 72
145 73
145 74
146 75
146 76
146 77
147 78
147 79
146 80
145 81
144 81
143 82
142 82
141 82
140 82
139 83
138 83
137 83
136 84
135 84
134 84
133 84
132 84
131 85
130 85
129 85
128 85
127 85
126 85
125 85
124 85
123 86
122 86
121 87
120 87
119 87
118 87
117 88
116 88
115 89
114 89
113 89
112 90
112 91
111 90
110 91
109 91
108 92
107 92
106 92
105 92
104 93
104 94
105 95
105 96
105 97
105 98
106 99
106 100
105 100
104 101
104 102
104 103
103 104
102 105
103 106
102 107
102 108
103 109
102 110
101 111
101 112
100 113
99 113
98 114
97 115
97 116
97 117
97 118
96 118
95 119
94 119
93 120
92 120
91 120
90 120
89 121
88 122
87 122
86 123
85 124
84 125
83 126
82 126
81 127
80 127
79 127
78 127
77 127
76 127
75 128
74 129
73 130
72 131
71 132
71 133
70 134
69 135
69 136
68 137
67 138
67 139
66 140
66 141
65 142
64 143
65 144
65 145
64 146
64 147
64 148
63 147
62 146
61 145
60 144
59 143
58 142
57 141
56 140
55 139
54 138
53 137
52 136
52 135
51 134
50 133
50 132
49 131
49 130
48 129
47 128
47 127
46 126
46 125
46 124
45 123
45 122
44 121
44 120
44 119
43 118
43 117
43 116
42 115
42 114
43 113
43 112
44 111
44 110
45 109
46 108
46 107
47 107
48 106
48 105
48 104
49 103
49 102
50 101
50 100
51 100
52 99
52 98
52 97
52 96
53 95
53 94
54 94
55 93
56 92
57 91
57 90
58 90
59 89
59 88
60 87
61 86
61 85
62 84
62 83
63 82
63 81
64 81
65 80
66 80
67 79
68 78
69 77
69 76
70 75
71 75
72 74
73 74
74 74
75 74
76 73
76 74
77 75
78 74
79 75
80 75
81 75
82 75
83 75
84 75
85 74
86 74
87 74
88 74
89 74
90 73
91 73
92 72
93 72
94 72
95 72
96 72
97 72
98 72
99 72
100 72
101 71
102 71
103 71
104 70
105 70
106 70
107 70
108 70
109 70
110 69
111 68
112 68
113 68
114 68
115 68
116 69
117 68
118 67
119 68
120 68
121 67
122 66
123 66
124 66
125 66
126 66
