267
112 77
113 76
114 76
115 76
116 76
117 76
118 76
119 76
120 76
121 76
122 76
123 76
124 76
125 76
126 76
127 76
128 76
129 77
130 77
131 76
132 77
133 77
134 78
135 78
136 78
137 78
138 78
139 79
139 80
139 81
140 82
140 83
141 84
141 85
142 86
143 86
144 87
144 88
145 89
145 90
144 91
143 92
143 93
142 93
141 94
140 94
139 94
138 93
137 93
136 93
135 94
134 94
133 94
132 94
131 94
130 95
129 95
128 95
127 95
126 95
125 96
124 96
123 96
122 96
121 96
120 97
119 97
118 96
117 96
116 96
115 96
114 96
113 96
112 96
111 97
110 97
109 97
108 97
107 97
106 97
105 98
104 98
103 98
102 99
101 99
100 100
99 100
98 100
97 101
97 102
97 103
98 104
98 105
98 106
97 107
97 108
96 109
96 110
97 111
98 112
98 113
98 114
98 115
97 116
96 116
95 117
95 118
94 119
93 119
92 120
91 120
90 120
89 120
88 121
88 122
87 123
87 124
86 124
85 125
85 126
84 126
83 126
82 127
81 127
80 128
79 128
78 128
77 129
76 128
75 128
74 129
73 129
72 129
71 129
70 130
69 130
68 131
67 132
67 133
66 134
66 135
65 136
65 137
65 138
65 139
64 139
63 140
63 141
63 142
63 143
62 144
62 145
61 145
60 144
59 143
58 142
57 141
56 140
55 139
54 138
53 137
52 136
52 135
51 134
50 133
50 132
49 131
49 130
48 129
47 128
47 127
46 126
46 125
46 124
45 123
45 122
44 121
44 120
44 119
43 118
43 117
43 116
42 115
42 114
42 113
42 112
43 111
43 110
43 109
43 108
44 108
45 107
46 106
47 105
48 104
48 103
49 102
50 101
50 100
51 99
51 98
52 97
52 96
53 96
54 95
54 94
55 93
55 92
56 92
57 91
58 91
59 90
60 90
61 89
61 88
62 87
63 86
64 85
65 86
66 85
67 84
68 83
68 82
69 81
70 80
71 79
72 79
73 78
74 78
75 78
76 79
77 79
78 79
79 78
80 78
81 78
82 79
83 79
84 79
85 78
86 79
87 79
88 79
89 79
90 78
91 78
92 78
93 77
94 77
95 77
96 77
97 77
98 77
99 78
100 77
101 78
102 78
103 78
104 78
105 78
106 78
107 78
108 79
109 79
110 78
110 77
111 77
