242
135 94
136 93
137 93
138 93
139 93
140 93
141 93
142 93
143 94
144 94
145 94
146 94
146 95
147 96
148 96
149 96
150 97
151 97
152 97
153 97
154 97
155 98
155 99
155 100
155 101
155 102
155 103
155 104
155 105
154 105
153 106
152 106
151 107
150 108
149 108
148 108
147 108
146 109
145 109
144 110
143 110
142 111
141 111
140 111
139 112
139 113
138 114
137 114
136 115
135 115
134 115
133 116
132 116
131 116
130 117
129 117
128 117
127 118
126 118
125 118
124 118
123 119
122 119
121 119
120 119
119 119
118 119
117 120
116 121
115 122
114 123
113 124
113 125
112 125
111 126
110 127
111 128
112 129
113 130
113 131
114 132
114 133
113 134
112 135
111 136
110 137
110 138
110 139
110 140
110 141
109 142
108 142
107 143
107 144
107 145
106 145
105 146
104 146
103 147
102 148
101 149
100 149
99 149
98 150
97 150
96 151
95 150
94 151
93 151
92 152
91 152
90 152
89 153
88 153
87 154
86 155
85 155
84 155
83 155
82 156
81 156
80 156
79 156
78 155
77 155
76 154
75 154
74 154
73 153
72 153
71 152
70 151
69 151
68 150
67 150
66 149
65 148
64 148
63 147
62 146
61 145
60 144
59 143
58 142
57 141
56 140
55 139
54 138
54 137
54 136
55 135
55 134
56 134
57 133
57 132
58 132
59 131
59 130
60 130
61 129
61 128
62 128
63 127
63 126
64 125
64 124
65 124
66 123
66 122
67 122
68 121
68 120
69 120
70 119
70 118
70 117
71 116
72 116
73 116
74 115
75 114
76 113
77 112
78 112
79 111
79 110
80 109
80 108
81 108
82 107
83 107
84 107
85 107
86 107
87 106
88 107
89 107
90 107
91 107
92 107
93 107
94 107
95 106
96 106
97 105
98 105
99 105
100 105
101 104
102 103
103 102
104 101
105 101
106 101
107 101
108 101
109 100
110 101
111 101
112 100
113 100
114 99
115 99
116 99
117 98
118 97
119 96
120 95
121 96
122 96
123 96
124 95
125 96
126 95
127 96
128 96
129 96
130 95
131 95
132 95
133 94
134 94
