251
105 87
106 86
107 86
108 86
109 86
110 86
111 86
112 87
113 87
114 87
115 86
116 87
117 88
118 88
119 88
120 87
121 87
122 86
123 86
124 86
125 86
126 86
127 86
128 86
129 87
130 87
131 88
132 88
133 88
134 88
135 88
136 87
137 87
136 88
137 89
138 90
139 91
140 92
141 93
142 94
143 94
144 94
145 95
145 96
145 97
145 98
144 98
143 99
142 100
141 100
140 101
139 101
138 101
137 102
136 102
135 102
134 102
133 102
132 102
131 103
131 104
130 104
129 104
128 104
127 104
126 104
125 105
124 104
123 104
122 104
121 104
120 105
119 105
118 105
117 105
116 106
115 106
114 106
113 106
112 107
111 107
110 107
109 108
108 108
107 109
106 109
105 109
104 109
103 109
102 108
101 108
100 108
99 109
99 110
99 111
99 112
99 113
99 114
99 115
99 116
98 117
98 118
97 119
97 120
97 121
97 122
97 123
97 124
97 125
98 126
98 127
97 127
96 128
95 129
94 129
93 130
93 131
92 132
91 133
90 133
89 133
88 133
87 133
86 133
85 133
84 133
83 133
82 134
82 135
81 135
80 135
79 136
79 137
79 138
78 139
78 140
77 140
76 139
75 139
74 140
73 140
72 141
71 141
70 141
69 141
68 142
68 143
68 144
69 145
68 146
68 147
67 148
67 149
66 149
65 148
64 148
63 147
62 146
61 145
60 144
59 143
58 142
57 141
56 140
55 139
54 138
53 137
52 136
52 135
51 134
50 133
50 132
49 131
49 130
48 129
47 128
47 127
46 126
46 125
46 124
45 123
45 122
45 121
46 120
47 119
47 118
47 117
48 116
48 115
48 114
49 113
50 112
51 111
51 110
52 109
53 108
54 107
54 106
55 105
55 104
56 104
57 103
57 102
58 102
59 101
59 100
60 99
61 99
62 98
63 97
64 96
65 95
66 94
67 93
68 92
69 91
70 91
71 90
72 90
73 89
74 90
75 90
76 91
77 91
78 91
79 90
80 91
81 91
82 90
83 90
84 90
85 90
86 91
87 92
88 92
89 92
90 91
91 90
92 90
93 89
94 88
95 88
96 88
97 88
98 88
99 88
100 88
101 88
102 88
103 87
104 87
