279
117 59
118 58
119 58
120 58
121 58
122 58
123 58
124 58
125 58
126 58
127 58
128 59
129 59
130 59
131 60
132 61
133 61
134 61
135 61
136 61
137 61
138 61
139 62
139 63
139 64
140 65
140 66
140 67
140 68
139 68
138 69
137 70
136 70
135 70
134 71
133 71
132 72
131 73
130 74
129 74
128 75
127 76
126 76
125 76
124 77
123 77
122 78
121 78
120 79
119 79
118 80
117 81
117 82
116 83
115 84
114 85
113 86
112 86
111 86
110 86
109 86
108 87
107 87
106 87
105 87
104 87
103 87
102 87
101 87
100 87
99 88
99 89
98 90
98 91
98 92
99 93
100 93
101 94
100 95
100 96
101 97
102 98
102 99
101 100
100 101
100 102
100 103
99 104
99 105
99 106
99 107
99 108
99 109
99 110
99 111
98 112
97 113
97 114
97 115
96 115
95 115
94 114
93 115
92 116
91 116
90 117
90 118
90 119
89 120
89 121
88 121
87 122
86 122
85 123
84 123
83 124
82 125
81 126
81 127
80 127
79 127
78 128
77 128
76 128
75 129
74 129
73 129
72 130
72 131
71 132
71 133
70 134
70 135
69 136
69 137
69 138
68 139
68 140
68 141
68 142
67 143
66 144
65 144
64 145
64 146
64 147
64 148
63 147
62 146
61 145
60 144
59 143
58 142
57 141
56 140
55 139
54 138
53 137
52 136
52 135
51 134
50 133
50 132
49 131
49 130
48 129
47 128
47 127
46 126
46 125
46 124
45 123
45 122
44 121
44 120
44 119
43 118
43 117
43 116
43 115
43 114
44 113
44 112
45 112
46 111
46 110
47 110
48 109
48 108
48 107
49 106
49 105
49 104
49 103
50 102
50 101
51 100
51 99
51 98
52 97
52 96
53 95
54 95
55 94
56 94
57 93
57 92
58 92
59 91
59 90
60 89
60 88
61 87
61 86
62 85
62 84
63 83
63 82
64 81
65 80
66 80
67 79
67 78
68 78
69 77
70 77
71 77
72 77
73 76
74 76
75 76
76 77
77 76
78 76
79 76
80 76
81 75
82 74
81 73
82 73
83 72
83 71
84 70
85 69
86 69
87 69
88 68
89 68
90 69
91 70
92 69
93 69
94 68
95 68
96 67
96 66
97 66
98 65
99 64
100 64
101 64
102 64
103 63
103 62
104 62
105 62
106 62
107 62
108 61
107 60
108 60
109 60
110 60
111 60
112 59
113 59
114 59
115 59
116 59
