283
75 72
76 71
77 71
78 72
79 72
80 72
81 72
82 73
83 73
84 73
85 74
86 74
87 74
88 74
89 74
90 75
91 75
92 75
93 75
94 75
95 76
96 76
96 77
97 78
98 78
99 79
100 78
101 77
101 76
102 76
103 76
104 75
105 74
106 73
107 73
108 73
109 73
110 72
111 72
112 73
113 73
114 72
115 72
116 72
117 72
118 72
119 72
120 72
121 72
122 72
123 73
124 73
125 73
126 74
127 74
128 74
129 74
130 74
131 74
132 74
133 74
134 74
135 74
136 75
137 75
138 75
139 76
140 76
141 76
142 77
143 77
143 78
144 79
145 80
146 81
147 81
148 82
149 81
150 82
151 83
151 84
151 85
151 86
151 87
151 88
150 89
149 90
148 90
147 90
146 90
145 90
144 90
143 91
142 91
141 91
140 91
139 91
138 91
137 91
136 91
135 91
134 91
133 91
132 92
131 92
130 93
129 93
128 93
127 93
126 93
125 93
124 93
123 93
122 93
121 93
120 94
119 94
118 94
117 94
116 94
115 94
114 94
113 94
112 94
111 93
110 94
109 94
108 94
107 94
106 94
105 94
104 94
103 95
104 96
103 97
104 98
105 99
105 100
105 101
105 102
104 103
103 103
102 104
101 104
100 105
99 106
99 107
98 108
98 109
98 110
99 111
98 112
98 113
97 114
96 114
95 115
95 116
94 116
93 116
92 116
91 116
90 117
90 118
90 119
89 120
88 120
87 120
86 121
86 122
85 122
84 121
83 121
82 121
81 122
80 122
79 122
78 122
77 123
76 123
75 124
74 124
73 124
72 124
71 124
70 125
69 126
69 127
69 128
68 128
67 129
66 130
65 131
64 132
64 133
63 134
63 135
63 136
62 136
61 137
61 138
60 139
60 140
60 141
59 142
59 143
58 142
57 141
56 140
55 139
54 138
53 137
52 136
52 135
51 134
50 133
50 132
49 131
49 130
48 129
47 128
47 127
46 126
46 125
46 124
45 123
45 122
44 121
44 120
44 119
43 118
43 117
43 116
42 115
42 114
42 113
42 112
42 111
41 110
41 109
41 108
41 107
41 106
41 105
41 104
42 103
43 102
43 101
44 100
45 99
46 98
47 97
48 96
49 95
49 94
50 93
51 93
52 92
53 91
53 90
54 89
55 88
56 87
56 86
57 86
58 85
59 85
60 84
61 84
62 83
63 82
64 82
65 81
65 80
66 79
67 78
68 78
69 77
70 76
71 75
72 74
72 73
73 73
74 72
