247
127 73
128 72
129 72
130 72
131 72
132 72
133 72
134 72
135 72
136 72
137 73
138 73
139 74
140 75
141 75
142 75
143 76
144 76
145 77
146 77
147 77
147 78
147 79
147 80
146 81
145 82
145 83
144 84
143 84
142 85
141 86
140 87
140 88
139 88
138 89
137 90
137 91
136 91
135 92
134 92
133 92
132 92
131 92
130 92
129 93
128 93
127 94
126 94
125 94
124 95
124 96
123 96
122 96
121 97
121 98
120 98
119 99
118 99
117 100
116 100
115 100
114 101
113 101
112 102
112 103
112 104
112 105
112 106
112 107
113 108
113 109
113 110
113 111
113 112
113 113
113 114
113 115
112 116
111 117
111 118
111 119
111 120
110 121
109 122
109 123
108 124
108 125
108 126
107 127
106 128
105 129
104 130
103 131
103 132
102 133
101 133
100 133
99 134
98 134
97 134
96 135
95 136
94 136
93 136
92 137
91 137
90 137
89 138
88 138
87 139
86 140
85 141
84 141
83 142
83 143
82 144
82 145
82 146
81 147
80 148
79 149
79 150
79 151
78 152
77 153
76 154
75 154
74 154
73 153
72 153
71 152
70 151
69 151
68 150
67 150
66 149
65 148
64 148
63 147
62 146
61 145
60 144
59 143
58 142
57 141
56 140
55 139
54 138
53 137
52 136
52 135
51 134
52 133
52 132
53 131
54 130
54 129
55 128
55 127
55 126
56 125
56 124
57 123
57 122
58 121
59 120
60 119
60 118
61 117
61 116
62 115
62 114
62 113
63 112
64 111
65 110
66 109
66 108
66 107
67 106
67 105
68 104
68 103
69 102
69 101
69 100
70 99
71 99
72 98
73 98
74 97
74 96
75 95
75 94
76 93
76 92
77 92
78 91
78 90
79 89
80 88
81 88
82 87
83 87
84 86
85 85
86 85
87 85
88 86
89 86
90 86
91 86
92 86
93 86
94 86
95 85
96 85
97 85
98 84
99 84
100 84
101 83
102 83
103 82
104 82
105 82
106 81
107 81
108 80
109 80
110 80
111 79
112 79
113 79
114 79
115 78
116 78
117 77
118 77
119 77
120 77
121 77
122 76
123 75
124 75
125 74
126 74
