238
115 85
116 84
117 84
118 84
119 84
120 84
121 84
122 84
123 84
124 84
125 84
126 84
127 85
128 85
129 86
130 86
131 87
132 87
133 87
134 87
134 88
135 89
136 89
137 90
137 91
137 92
137 93
137 94
137 95
136 95
135 96
134 97
133 97
132 97
131 97
130 97
129 98
128 99
127 98
126 99
125 99
124 99
123 100
122 99
121 100
120 99
119 100
118 101
117 101
116 102
115 102
114 103
113 103
112 104
111 104
110 104
109 104
108 105
107 105
106 106
105 106
104 107
103 107
102 106
101 106
100 106
99 105
98 106
97 107
97 108
98 109
98 110
98 111
98 112
98 113
97 114
96 115
96 116
96 117
95 118
95 119
95 120
95 121
95 122
96 123
95 123
94 124
94 125
93 126
92 126
91 127
91 128
90 129
90 130
89 131
88 132
87 132
86 133
85 133
84 133
83 133
82 134
82 135
81 136
80 137
80 138
79 139
79 140
78 140
77 140
77 139
76 138
75 137
74 138
73 139
72 140
71 140
70 140
69 140
68 141
68 142
68 143
68 144
67 145
67 146
66 147
65 147
64 148
63 147
62 146
61 145
60 144
59 143
58 142
57 141
56 140
55 139
54 138
53 137
52 136
52 135
51 134
50 133
50 132
49 131
49 130
48 129
47 128
47 127
46 126
46 125
46 124
45 123
45 122
44 121
45 120
46 119
46 118
46 117
46 116
46 115
47 114
48 113
49 112
49 111
50 110
50 109
51 108
51 107
51 106
52 105
53 104
54 104
55 103
55 102
56 101
57 100
58 99
58 98
59 98
60 97
60 96
61 96
62 95
63 94
63 93
63 92
64 91
65 91
66 90
67 89
68 88
69 89
70 89
71 89
72 89
73 89
74 89
75 89
76 89
77 89
78 89
79 89
80 89
81 89
82 89
83 88
84 89
85 88
86 88
87 87
88 87
89 88
90 87
91 88
92 88
93 88
94 87
95 87
96 87
97 86
98 86
99 86
100 86
101 86
102 86
103 86
104 86
105 87
106 86
107 85
108 85
109 86
110 86
111 86
112 86
113 85
114 85
