126 58
127 57
129 57
130 58
132 59
133 60
134 61
136 63
137 63
139 64
140 65
142 66
142 67
142 68
140 70
140 71
139 73
138 73
137 74
135 74
134 74
132 76
131 76
129 78
128 78
127 79
125 79
124 80
122 80
121 81
120 82
120 84
119 83
118 85
117 86
115 87
114 87
113 88
115 89
115 90
117 91
118 91
119 91
121 91
122 92
124 92
125 92
127 93
127 94
128 95
128 97
127 98
127 100
126 100
125 101
125 103
126 104
127 106
127 107
127 108
128 110
127 111
127 113
126 114
125 116
124 116
123 117
121 118
120 119
119 121
120 122
121 122
121 124
121 125
120 127
119 128
118 130
118 131
117 132
116 134
115 135
115 137
114 137
113 138
112 140
111 141
110 143
109 144
108 146
108 147
107 147
105 149
104 150
103 152
103 153
102 153
100 154
99 155
98 157
97 157
96 159
95 159
94 159
92 159
91 159
89 158
88 158
87 158
85 158
84 157
82 157
81 156
80 156
78 155
77 155
75 154
74 154
72 153
71 152
70 151
68 150
67 150
65 148
64 148
63 147
61 145
61 144
62 143
63 142
65 141
66 140
66 139
67 137
68 136
69 134
69 133
69 132
69 130
69 129
69 127
69 126
70 124
70 123
70 122
71 120
72 119
74 117
74 116
75 115
76 113
76 112
76 110
77 109
77 108
78 106
79 105
79 103
79 102
79 100
80 99
80 98
81 97
82 96
82 94
83 93
84 93
85 91
86 90
88 89
88 88
90 87
91 86
92 85
94 84
95 84
97 83
98 82
99 81
100 80
101 80
103 79
104 78
106 77
107 77
108 76
110 74
111 74
113 72
114 71
115 70
116 69
117 68
119 67
119 66
121 64
121 63
122 62
123 60
123 59
125 58
