118 69
118 68
119 68
121 70
122 71
123 71
124 71
125 71
127 71
128 71
129 71
130 71
131 72
131 73
131 75
131 76
130 77
129 78
128 79
126 80
125 81
124 81
123 82
122 83
120 85
121 86
120 87
120 88
120 89
120 91
121 92
122 92
123 92
124 93
125 93
127 94
126 95
126 96
126 97
126 98
126 100
126 101
125 102
125 103
125 104
125 106
125 107
125 108
126 109
126 110
127 112
128 113
128 114
128 115
128 116
128 117
128 119
128 120
128 121
127 122
127 123
127 125
127 126
126 127
126 128
125 129
124 131
124 132
123 133
123 134
123 135
122 136
121 138
121 139
120 140
120 141
119 142
119 144
118 145
117 145
116 146
116 147
115 149
115 150
114 151
114 152
114 153
114 155
114 156
114 157
114 158
113 158
112 158
110 159
109 159
108 159
107 159
106 159
104 159
103 159
102 159
101 159
100 160
98 159
97 159
96 159
95 159
94 159
92 159
91 159
90 159
89 158
88 158
87 158
85 158
84 157
83 157
82 157
82 156
83 154
82 153
83 152
83 151
83 150
83 148
84 147
84 146
85 145
85 144
84 142
85 141
85 140
85 139
85 138
86 137
86 135
86 134
86 133
86 132
87 131
87 129
86 128
86 127
86 126
86 125
86 123
86 122
87 121
87 120
87 119
87 117
87 116
87 115
86 114
86 113
86 112
86 110
86 109
87 108
87 107
88 107
90 105
91 105
92 104
93 103
93 102
93 100
94 99
94 98
94 97
95 97
96 97
98 97
99 96
98 95
97 95
98 94
98 92
98 91
99 90
100 89
101 89
103 88
104 87
105 86
106 86
107 85
108 83
108 82
109 81
110 80
111 79
111 78
112 76
113 75
114 74
114 73
115 72
116 71
117 70
