75 48
76 47
78 47
79 47
81 48
82 48
82 49
84 51
85 51
86 52
87 53
88 53
89 55
88 56
88 58
88 59
87 59
85 61
85 62
83 63
82 64
82 65
81 67
80 68
80 69
79 71
79 72
79 74
79 75
80 76
81 78
80 78
78 79
77 80
76 81
77 83
78 83
80 83
81 82
82 82
84 81
85 81
87 80
88 81
89 81
89 82
90 83
90 85
91 86
91 87
92 89
93 90
93 92
94 93
94 94
96 96
97 97
98 99
98 100
98 101
98 103
98 104
98 105
98 107
99 108
99 110
100 111
101 112
101 114
101 115
100 117
101 118
101 119
101 121
101 122
102 124
102 125
102 126
104 128
103 129
102 131
101 132
100 132
98 134
97 135
97 137
97 138
97 139
97 141
96 142
96 144
96 145
97 146
98 148
98 149
99 151
99 152
100 153
99 155
99 156
99 158
99 159
100 160
98 159
97 159
96 159
94 159
93 159
91 159
90 159
89 158
87 158
86 158
84 157
83 157
82 157
80 156
79 156
77 155
76 154
75 154
73 153
72 153
70 151
69 151
68 150
66 149
65 148
65 146
65 145
66 144
66 142
65 141
66 139
66 138
65 137
65 135
65 134
64 132
64 131
63 130
63 128
62 127
62 126
60 124
61 123
60 121
61 120
61 119
61 117
61 116
59 114
59 113
59 112
58 110
57 109
56 107
56 106
56 105
56 103
56 102
56 100
56 99
56 98
57 96
58 95
58 93
58 92
59 91
58 89
59 88
60 86
60 85
60 84
61 82
61 81
62 79
63 78
63 77
65 75
66 74
66 73
68 71
68 70
69 68
69 67
69 66
69 64
70 63
70 61
71 60
71 59
72 57
73 56
73 54
73 53
73 52
73 50
73 49
74 48
