88 54
89 53
91 54
92 54
93 54
94 55
96 55
97 55
98 55
100 54
101 54
102 55
103 55
104 57
104 58
104 59
103 61
102 62
101 63
99 65
99 66
98 67
97 67
95 69
94 70
94 71
94 73
93 74
94 75
94 76
94 78
95 79
96 79
98 81
99 82
100 82
101 83
103 84
103 85
104 86
105 88
105 89
106 90
107 90
107 92
108 93
109 94
110 96
110 97
109 98
110 100
110 101
111 102
112 103
113 105
113 106
113 107
113 109
113 110
113 111
113 112
113 114
113 115
113 116
113 118
113 119
113 120
112 121
112 123
112 124
111 125
110 127
110 128
110 129
110 130
110 132
110 133
109 134
109 136
109 137
108 138
108 139
108 141
108 142
108 143
106 145
106 146
106 147
106 149
106 150
106 151
106 152
106 154
107 155
107 156
106 158
106 159
105 159
104 159
102 159
101 159
100 160
98 159
97 159
96 159
95 159
93 159
92 159
91 159
89 158
88 158
87 158
86 158
84 157
83 157
82 157
80 156
79 156
78 155
76 154
75 154
74 154
74 153
75 151
75 150
75 149
76 147
76 146
77 145
77 144
77 142
77 141
77 140
76 138
76 137
76 136
77 135
77 133
77 132
77 131
76 129
75 128
75 127
74 126
74 124
73 123
73 122
73 120
73 119
73 118
73 116
73 115
73 114
74 113
74 111
74 110
74 109
73 107
73 106
73 105
72 104
73 102
73 101
73 100
74 98
74 97
75 96
76 95
76 93
76 92
77 91
78 89
78 88
78 87
78 86
79 84
79 83
79 82
79 80
80 79
80 78
81 78
82 76
83 75
83 74
85 73
86 72
86 71
85 69
85 68
85 67
86 66
85 64
84 63
85 62
86 60
85 59
85 58
85 57
87 55
