65 54
66 53
68 53
69 54
70 54
71 55
73 56
74 55
75 55
77 54
78 54
79 54
80 54
82 56
82 57
82 58
82 60
82 61
81 62
79 63
78 64
78 65
77 66
76 68
76 69
76 70
76 72
75 73
75 74
75 75
74 77
73 78
74 79
75 80
76 81
77 81
78 81
80 81
81 82
82 82
84 83
85 83
86 83
86 84
86 86
86 87
86 88
87 90
88 91
89 91
90 93
91 94
92 94
92 95
92 97
93 98
93 99
93 101
93 102
93 103
93 104
93 106
94 107
94 108
96 110
96 111
96 112
96 113
96 115
96 116
96 117
95 119
95 120
95 121
95 122
93 123
92 124
91 125
91 127
91 128
91 129
91 130
93 131
93 132
93 133
92 135
92 136
92 137
91 139
91 140
91 141
91 142
91 144
91 145
91 146
91 148
91 149
91 150
92 151
92 153
92 154
92 155
92 157
92 158
91 159
90 159
88 158
87 158
86 158
84 157
83 157
82 157
81 156
79 156
78 155
77 155
75 154
74 154
73 153
71 152
70 151
69 151
68 150
66 149
65 148
64 148
62 146
62 145
62 144
61 143
61 141
61 140
61 139
61 137
61 136
60 135
60 134
59 132
58 131
57 130
57 128
56 127
56 126
56 125
55 123
55 122
55 121
55 119
55 118
54 117
53 115
53 114
53 113
52 112
53 110
52 109
52 108
52 106
52 105
52 104
53 103
53 101
53 100
54 99
55 97
55 96
56 95
56 94
58 93
58 92
57 91
57 89
57 88
58 87
58 86
58 84
58 83
58 82
58 80
59 80
60 79
61 79
62 77
62 76
62 75
63 73
64 72
64 71
65 69
65 68
66 67
65 66
66 64
66 63
66 62
66 60
66 59
65 58
65 57
65 55
