108 56
109 55
111 55
112 56
113 57
114 57
116 58
117 58
118 58
120 58
121 58
122 58
123 59
124 60
123 61
123 62
122 64
122 65
121 66
120 68
120 69
119 70
118 71
116 73
116 74
115 75
115 77
116 78
116 79
117 81
118 82
119 81
120 82
122 83
123 83
124 84
126 85
126 86
126 87
125 89
125 90
125 91
126 92
127 94
128 95
128 96
129 98
130 99
130 100
130 101
130 103
129 104
129 105
129 107
129 108
130 109
130 111
131 112
130 113
131 114
131 116
131 117
131 118
131 120
131 121
130 122
129 123
129 125
128 126
128 127
128 129
128 130
128 131
127 132
126 133
125 134
125 135
127 136
127 137
126 136
125 138
124 139
123 140
123 141
122 143
121 144
121 145
120 147
120 148
120 149
120 151
121 152
121 153
121 154
121 156
120 156
119 156
117 157
116 157
115 158
113 158
112 158
111 158
110 159
108 159
107 159
106 159
104 159
103 159
102 159
101 159
99 159
98 159
97 159
95 159
94 159
93 159
91 159
90 159
89 158
88 158
88 156
88 155
88 154
89 152
89 151
90 150
90 149
91 147
91 146
91 145
91 143
91 142
90 141
89 139
89 138
89 137
89 136
89 134
88 133
88 132
89 130
88 129
88 128
88 127
88 125
88 124
88 123
87 121
87 120
87 119
88 117
88 116
88 115
88 114
88 112
88 111
88 110
88 108
88 107
88 106
88 105
89 103
89 102
90 101
91 100
92 99
93 99
94 97
95 96
96 95
96 94
97 92
97 91
97 90
99 88
99 87
98 86
99 84
100 83
100 82
101 81
102 79
102 78
103 77
103 75
104 74
105 73
105 72
106 70
107 69
107 68
108 66
108 65
108 64
106 62
106 61
106 60
106 59
107 57
