106 49
107 48
109 49
110 49
111 49
113 51
113 52
114 53
116 54
117 55
118 55
119 57
118 58
117 59
116 61
116 62
115 63
113 65
112 66
111 67
109 69
108 70
107 71
106 73
106 74
106 75
105 77
105 78
105 79
104 81
105 82
106 82
108 81
109 82
110 82
112 82
113 82
114 83
115 84
116 85
117 86
118 88
118 89
118 90
118 92
118 93
117 94
118 96
118 97
119 98
121 100
122 101
122 102
122 104
122 105
122 106
121 108
120 109
120 110
120 112
120 113
121 114
122 116
123 117
123 118
122 120
122 121
121 122
121 124
121 125
120 126
119 128
119 129
119 130
119 132
118 133
118 134
118 136
118 137
118 138
117 140
116 141
116 142
115 144
115 145
115 146
115 148
115 149
114 150
115 152
114 153
114 154
114 156
114 157
114 158
112 158
111 158
110 159
108 159
107 159
105 159
104 159
103 159
101 159
100 160
99 159
97 159
96 159
95 159
93 159
92 159
91 159
89 158
88 158
87 158
85 158
84 157
83 157
81 156
82 155
82 154
83 152
83 151
83 150
83 148
84 147
84 146
83 144
83 143
83 142
84 140
84 139
84 138
84 136
85 135
85 134
84 132
84 131
84 130
84 128
83 127
83 126
82 124
82 123
82 122
82 120
83 119
83 118
83 116
83 115
83 114
83 112
83 111
83 110
82 108
81 107
81 106
80 104
80 103
80 102
80 100
80 99
80 98
81 96
81 95
81 94
82 92
82 91
82 90
83 89
84 88
84 87
86 86
86 85
87 84
87 82
88 81
89 80
90 78
91 77
91 76
93 74
94 73
95 72
97 70
98 69
98 68
99 66
99 65
100 64
101 62
101 61
101 60
102 58
102 57
103 56
104 54
104 53
104 52
106 50
