77 61
77 60
78 60
80 62
80 63
81 64
82 64
83 65
84 65
86 66
87 65
88 64
88 63
89 63
90 64
91 65
90 66
91 67
91 68
90 68
88 70
87 71
86 72
86 73
85 74
84 75
83 76
83 77
83 78
82 79
83 80
84 82
84 83
85 84
85 85
84 86
84 87
86 89
87 89
88 90
89 90
90 91
92 92
93 93
93 94
93 95
93 96
93 97
92 99
92 100
93 101
94 101
94 102
95 104
96 105
96 106
96 107
95 108
95 109
97 111
98 112
98 113
99 114
99 115
99 117
99 118
99 119
98 120
98 121
98 122
98 124
97 125
97 126
98 127
98 128
98 130
97 131
97 132
97 133
96 134
95 135
94 137
94 138
94 139
94 140
93 141
93 142
93 144
93 145
92 146
92 147
92 148
92 150
92 151
92 152
92 153
92 154
92 155
92 157
92 158
91 159
90 159
89 158
87 158
86 158
85 158
84 157
83 157
82 157
80 156
79 156
78 155
77 155
76 154
74 154
73 153
72 153
71 152
70 151
69 151
67 150
66 149
65 148
64 148
63 147
61 145
61 144
60 143
60 142
60 141
59 140
59 138
59 137
59 136
58 135
58 134
58 133
59 131
59 130
58 129
58 128
57 127
56 125
55 124
55 123
55 122
55 121
55 120
54 118
54 117
54 116
54 115
54 114
55 112
54 111
54 110
55 110
56 109
56 108
58 106
58 105
59 104
60 103
61 103
62 101
61 100
60 99
60 98
60 97
60 96
61 94
61 93
62 92
62 91
62 90
64 88
64 87
64 86
65 86
66 85
66 84
67 82
68 81
69 80
69 79
70 78
71 77
72 75
72 74
72 73
73 72
74 71
74 69
74 68
75 68
76 67
76 66
76 65
75 63
76 62
