107 49
107 48
109 48
110 48
112 48
113 48
114 49
116 51
117 52
118 54
119 54
120 55
120 57
119 58
119 59
118 61
117 62
115 64
115 65
114 65
113 67
112 67
111 69
110 70
110 71
108 72
108 73
108 75
107 76
107 77
107 79
106 79
105 79
105 81
105 82
107 83
108 82
109 82
111 81
112 81
114 81
115 81
116 81
118 81
118 82
119 84
119 85
120 86
120 88
120 89
120 91
120 92
119 93
120 95
121 96
122 97
123 99
123 100
123 102
123 103
123 104
123 106
123 107
121 109
121 110
121 111
121 113
121 114
122 116
122 117
123 118
123 120
122 121
122 122
121 124
120 125
120 127
119 128
119 129
118 131
118 132
118 134
118 135
118 136
116 138
116 139
114 141
114 142
114 143
114 145
113 146
113 147
113 149
112 150
112 152
112 153
112 154
112 156
112 157
112 158
111 158
110 159
108 159
107 159
105 159
104 159
103 159
101 159
100 160
98 159
97 159
96 159
94 159
93 159
92 159
90 159
89 158
87 158
86 158
85 158
83 157
82 157
82 155
82 154
82 153
83 151
83 150
83 148
83 147
83 146
83 144
84 143
84 142
85 140
85 139
85 137
85 136
85 135
85 133
85 132
85 130
85 129
85 128
85 126
84 125
84 123
84 122
84 121
84 119
84 118
84 116
84 115
84 114
84 112
84 111
84 110
85 108
84 107
83 105
83 104
83 103
82 101
82 100
82 98
81 97
81 96
82 94
82 93
83 91
83 90
84 89
85 87
85 86
86 85
87 84
88 83
89 81
90 80
91 79
93 77
94 76
95 74
96 74
97 73
98 71
98 70
99 68
99 67
100 66
100 64
101 63
102 62
102 60
102 59
103 57
103 56
104 55
104 53
105 52
106 50
