94 61
95 60
97 60
98 60
98 61
98 62
100 64
101 64
102 64
103 64
105 65
106 65
107 66
109 66
109 67
110 68
109 69
107 70
107 71
106 72
106 74
105 75
104 75
103 75
102 77
101 78
101 79
100 80
98 81
98 82
97 83
96 85
96 86
95 87
96 88
96 90
97 91
98 91
99 91
101 91
102 91
103 92
105 92
106 92
107 93
108 94
107 96
107 97
107 98
108 99
109 101
109 102
110 103
112 104
113 104
113 105
114 106
114 108
113 108
112 109
111 111
111 112
110 112
109 113
108 115
107 116
107 117
108 118
110 118
111 119
111 120
111 122
111 123
111 124
111 125
111 127
111 128
111 129
111 130
110 132
110 133
109 134
108 136
107 137
107 138
107 139
107 141
107 142
107 143
106 144
105 146
104 147
103 148
103 150
102 151
101 152
101 153
101 155
100 156
100 157
100 159
100 160
99 159
98 159
96 159
95 159
94 159
93 159
91 159
90 159
89 158
87 158
86 158
85 158
84 157
82 157
81 156
80 156
79 156
77 155
76 154
75 154
73 153
72 153
71 152
71 151
71 149
72 148
71 147
71 146
71 144
71 143
71 142
71 140
71 139
71 138
70 137
70 135
69 134
69 133
69 131
69 130
69 129
69 128
70 126
70 125
70 124
70 123
70 121
70 120
70 119
70 117
71 116
71 115
71 114
72 112
72 111
71 110
71 109
71 107
70 106
71 105
71 103
71 102
71 101
71 100
73 99
74 98
74 97
75 97
76 95
77 95
78 94
79 92
80 91
80 90
81 89
82 87
83 86
83 85
85 84
85 83
85 82
86 81
86 79
86 78
87 77
87 76
87 74
87 73
88 72
89 70
89 69
90 69
91 68
92 66
92 65
92 64
92 63
93 61
