107 51
108 50
110 50
111 50
111 51
111 52
112 54
111 55
112 56
111 57
110 59
110 60
110 61
110 62
109 64
109 65
109 66
109 67
111 69
111 70
112 71
112 72
112 74
112 75
113 76
114 77
116 77
117 77
118 77
119 76
121 76
122 76
123 76
124 76
124 78
125 79
125 80
125 81
127 82
127 83
128 84
128 85
130 86
131 86
132 87
133 87
135 89
136 89
136 90
137 91
137 93
138 93
138 94
139 96
139 97
139 98
140 99
141 101
141 102
141 103
142 104
143 105
143 106
143 107
144 108
144 110
144 111
144 112
144 113
146 115
146 116
147 117
147 118
147 120
147 121
147 122
148 123
147 125
148 126
148 127
148 128
148 130
147 131
147 132
148 133
148 135
148 136
147 137
146 138
144 140
143 141
142 142
141 143
139 145
138 146
137 147
136 148
134 149
133 150
132 150
130 151
129 152
128 153
127 153
125 154
124 154
123 155
122 155
120 156
119 156
119 155
118 154
117 152
117 151
117 150
116 149
116 147
116 146
116 145
116 144
115 142
114 141
114 140
113 139
112 137
111 136
111 135
110 134
109 132
109 131
108 130
107 129
106 127
106 126
105 125
104 124
103 122
102 121
101 120
100 119
100 117
100 116
99 115
99 114
98 112
98 111
97 110
97 109
98 107
98 106
98 105
98 103
98 102
99 101
100 100
100 98
100 97
100 96
99 95
97 94
97 93
97 92
97 91
98 89
98 88
98 87
98 86
98 84
98 83
98 82
99 81
99 79
99 78
99 77
99 76
99 74
98 73
98 72
98 71
99 69
99 68
99 67
98 66
98 64
98 63
97 62
96 61
94 59
94 58
94 57
94 56
96 54
97 54
98 53
99 53
101 53
102 52
103 52
104 52
106 51
