81 58
81 57
83 57
84 57
85 58
86 58
88 58
89 59
90 59
92 59
93 58
94 58
95 59
97 60
97 61
97 62
97 64
96 65
95 66
95 67
93 68
92 68
91 69
89 70
88 71
88 72
88 73
87 75
87 76
88 77
88 79
88 80
88 81
89 82
91 83
92 83
93 84
94 85
95 86
95 87
96 88
97 90
97 91
97 92
97 94
97 95
97 96
97 97
99 99
100 100
101 100
101 102
101 103
101 104
101 105
101 107
101 108
101 109
102 111
103 112
103 113
103 114
103 116
103 117
103 118
103 120
103 121
103 122
103 123
103 125
103 126
102 127
101 129
101 130
100 131
99 131
98 133
98 134
98 135
97 137
97 138
98 139
99 140
97 142
97 143
97 144
97 146
96 147
96 148
95 149
95 151
95 152
95 153
95 155
95 156
95 157
95 158
94 159
93 159
92 159
90 159
89 158
88 158
87 158
85 158
84 157
83 157
82 157
80 156
79 156
78 155
76 154
75 154
74 154
73 153
71 152
70 151
69 151
67 150
66 149
65 148
64 148
64 146
63 145
63 144
63 142
63 141
62 140
63 139
62 137
63 136
63 135
63 133
63 132
63 131
63 130
63 128
62 127
62 126
62 124
61 123
61 122
61 121
60 119
60 118
60 117
60 115
60 114
59 113
59 112
59 110
58 109
58 108
58 106
58 105
58 104
59 103
61 101
61 100
62 99
62 97
63 96
63 95
64 95
66 93
66 92
66 91
68 91
69 90
68 89
69 90
71 89
72 88
73 88
73 86
72 85
72 84
72 83
70 82
70 81
71 80
72 78
72 77
73 76
73 75
74 74
75 73
76 72
77 71
78 70
78 69
78 68
79 66
80 66
81 65
81 63
80 62
79 62
79 61
80 59
