88 51
89 50
91 50
92 50
93 51
93 53
93 54
93 55
94 56
96 57
97 57
98 57
100 58
101 59
101 60
101 62
100 63
100 64
98 66
97 67
97 68
95 70
94 70
93 71
93 72
92 74
91 75
91 76
91 78
91 79
91 80
92 82
92 83
92 84
93 86
94 87
95 87
96 86
98 85
99 86
100 86
102 88
103 89
103 90
104 92
105 93
105 94
105 96
105 97
105 98
106 100
107 101
108 102
108 103
109 105
109 106
109 107
109 109
109 110
109 111
108 113
107 114
107 115
108 117
108 118
109 119
110 120
111 122
111 123
111 124
111 126
111 127
111 128
110 130
111 131
111 132
111 134
111 135
111 136
111 137
109 139
109 140
108 141
108 143
108 144
108 145
108 147
107 148
108 149
107 151
107 152
107 153
107 155
107 156
107 157
107 158
106 159
105 159
104 159
102 159
101 159
100 160
98 159
97 159
96 159
94 159
93 159
92 159
91 159
89 158
88 158
87 158
85 158
84 157
83 157
81 156
80 156
79 156
77 155
76 154
75 154
75 152
75 151
75 150
75 149
75 147
74 146
74 145
74 143
74 142
73 141
72 139
72 138
72 137
72 135
72 134
73 133
73 132
73 130
72 129
72 128
72 126
71 125
70 124
70 122
69 121
69 120
70 118
70 117
70 116
69 114
68 113
68 112
68 111
67 109
68 108
67 107
66 105
66 104
66 103
66 101
67 100
68 99
68 97
69 96
69 95
70 94
71 92
71 91
72 90
74 88
75 87
75 86
76 84
76 83
76 82
76 80
77 79
77 78
78 77
80 75
81 74
81 73
82 71
82 70
82 69
82 67
83 66
83 65
83 63
84 62
85 61
85 59
85 58
85 57
86 56
86 54
85 54
86 54
87 52
