89 42
90 41
92 41
93 41
94 42
94 43
94 44
94 45
94 47
94 48
93 49
93 51
93 52
94 53
94 55
95 56
97 57
98 58
99 59
101 61
102 61
103 61
104 63
105 64
106 64
108 65
109 65
110 66
112 67
113 68
114 69
115 71
116 72
117 73
119 74
120 75
121 74
123 73
124 74
125 75
126 77
127 78
128 79
130 81
131 82
132 84
132 85
133 86
134 88
135 89
136 90
136 92
137 93
138 94
139 96
139 97
140 98
140 100
141 101
141 102
141 104
141 105
141 106
141 108
142 109
142 110
142 112
142 113
142 114
142 116
143 117
144 118
146 120
147 121
148 123
149 124
149 125
150 127
151 128
151 129
151 131
150 132
150 133
148 135
148 136
147 137
145 139
144 140
143 141
141 143
140 144
139 145
137 147
136 148
135 148
133 150
132 150
131 151
129 152
128 153
126 154
125 154
124 154
125 152
125 151
124 150
122 149
122 148
122 147
121 145
121 144
121 143
120 141
120 140
119 139
118 137
118 136
117 135
115 133
114 132
113 131
112 129
111 129
110 128
109 126
108 125
107 125
105 123
104 122
103 120
102 120
101 119
99 118
98 117
97 116
96 114
95 113
94 113
92 111
91 110
90 109
89 107
89 106
90 105
90 103
89 102
89 101
88 99
88 98
87 97
87 95
86 94
86 93
86 91
87 90
87 89
87 87
87 86
87 84
87 83
87 82
88 80
88 79
88 78
87 76
87 75
87 74
86 72
85 71
85 70
85 68
85 67
85 66
84 64
84 63
84 62
84 60
84 59
83 58
82 56
81 55
80 55
78 54
77 54
76 53
75 51
74 50
74 48
75 47
76 47
78 47
79 46
80 47
82 47
83 47
84 46
85 44
86 43
86 42
88 42
