78 50
79 49
81 49
82 50
83 51
84 53
84 54
84 56
84 57
84 58
84 60
84 61
85 62
87 63
88 64
88 65
90 67
90 68
92 70
93 71
92 72
94 73
95 73
96 73
98 73
99 74
100 74
102 75
103 75
103 77
103 78
104 79
105 80
106 81
107 81
109 82
110 82
112 82
112 83
113 84
115 84
116 85
117 86
119 86
120 86
121 87
122 87
123 88
124 90
124 91
124 92
124 94
124 95
125 96
127 97
128 97
128 98
129 100
129 101
129 103
129 104
130 105
131 107
132 108
133 108
134 110
134 111
135 112
135 114
135 115
135 117
135 118
135 119
135 121
135 122
135 123
136 125
136 126
136 127
137 129
138 130
139 132
139 133
139 134
140 136
141 137
141 138
142 140
143 141
142 142
140 144
139 145
137 147
136 148
135 148
133 150
132 150
131 151
129 152
128 153
126 154
125 154
124 154
122 155
121 156
120 156
118 157
117 157
116 157
115 156
114 155
113 153
112 152
111 151
110 149
110 148
109 147
108 145
108 144
107 143
106 141
105 140
104 138
103 137
103 136
101 134
100 133
99 133
97 132
96 132
95 131
93 130
92 129
90 127
89 126
89 125
87 124
86 123
85 123
83 121
82 120
81 120
79 118
79 117
78 115
78 114
78 113
78 111
79 110
79 109
80 107
79 106
79 105
80 103
80 102
79 100
79 99
79 98
78 96
78 95
78 94
78 92
79 92
80 91
80 89
81 88
79 86
78 86
78 85
77 83
77 82
77 81
76 79
76 78
75 76
75 75
75 74
77 73
77 72
77 71
77 69
77 68
77 67
76 65
75 64
73 63
72 62
71 62
69 61
68 60
68 59
67 57
68 57
69 57
71 55
72 55
74 53
74 52
75 51
77 51
