62 56
63 55
65 55
66 56
68 57
68 58
69 59
69 61
69 62
68 63
68 65
68 66
69 68
70 67
71 68
73 68
74 69
76 70
76 71
77 72
78 74
79 75
80 75
82 76
83 76
85 77
86 78
87 79
89 81
90 81
91 83
90 84
90 85
92 86
93 86
94 85
96 85
97 85
99 85
100 85
101 85
103 85
104 85
106 87
107 88
108 89
110 91
110 92
110 93
111 95
112 96
113 97
114 98
114 99
116 101
116 102
118 104
119 105
119 106
120 108
120 109
121 110
123 111
123 112
124 114
124 115
125 116
125 118
125 119
126 121
126 122
127 123
128 124
128 125
129 126
130 128
131 129
132 131
132 132
132 133
133 135
134 136
135 138
136 139
137 140
139 142
140 143
140 144
138 146
137 147
135 148
134 149
133 150
131 151
130 151
128 153
127 153
126 154
124 154
123 155
121 156
120 156
119 156
117 157
116 157
115 158
113 158
112 158
110 159
109 159
108 159
108 157
107 156
107 154
107 153
106 152
104 151
103 150
102 149
101 147
101 146
99 144
98 144
98 143
97 141
96 140
95 139
94 138
93 137
91 136
90 135
89 134
87 133
86 132
84 131
83 131
82 130
80 128
79 127
77 126
77 125
76 124
74 124
73 123
72 123
70 121
69 120
69 118
68 117
68 116
68 114
68 113
67 111
67 110
67 109
67 107
67 106
66 105
66 103
65 102
65 100
65 99
65 98
66 96
67 95
68 93
68 92
68 91
66 90
65 89
65 88
64 86
64 85
63 83
63 82
62 81
61 79
61 78
61 76
61 75
60 74
60 72
59 71
59 70
57 69
56 69
54 68
53 68
52 68
50 67
51 66
52 64
53 63
54 62
56 61
57 61
58 61
59 59
59 58
61 56
