106 51
107 50
109 50
110 51
111 52
113 53
114 53
115 53
117 52
118 51
120 53
121 53
121 54
121 56
121 57
120 58
119 60
118 61
117 62
115 64
114 65
114 66
113 68
113 69
113 70
114 72
114 73
113 74
115 75
116 75
118 76
119 76
120 76
121 77
122 78
122 79
123 81
122 82
122 83
122 85
122 86
122 87
124 89
125 89
126 90
126 92
127 93
127 94
127 96
127 97
127 99
127 100
127 101
127 103
127 104
127 105
127 107
126 108
126 109
126 111
126 112
126 113
125 115
125 116
125 117
125 119
125 120
125 121
124 123
124 124
122 126
121 127
120 128
119 130
119 131
119 132
118 134
118 135
118 136
118 138
118 139
118 140
117 142
117 143
117 144
117 146
117 147
116 148
116 150
116 151
116 153
116 154
116 155
115 157
115 158
114 158
112 158
111 158
110 159
108 159
107 159
106 159
104 159
103 159
102 159
100 160
99 159
98 159
96 159
95 159
93 159
92 159
91 159
89 158
88 158
87 158
85 158
84 157
83 157
83 155
83 154
83 153
84 151
84 150
84 149
84 147
84 146
85 145
85 143
85 142
86 140
86 139
86 138
86 136
86 135
86 134
86 132
86 131
86 130
86 128
86 127
86 126
85 124
85 123
85 122
86 120
86 119
86 118
87 116
87 115
86 113
86 112
85 111
84 109
84 108
84 107
84 105
84 104
84 103
85 101
85 100
85 99
84 97
84 96
85 95
85 93
85 92
86 92
88 91
89 90
90 88
91 88
92 88
94 87
95 86
95 85
95 83
96 82
95 81
95 79
96 78
97 77
98 75
99 74
99 73
100 71
100 70
101 69
101 67
102 66
104 64
105 63
104 62
105 60
106 59
106 58
105 56
105 55
104 54
105 52
