19994 23509
4811.79 -3731.41
-932.589 -318.745
127.206 -162.192
270.352 -68.97
-373.296 -46.3764
-125.842 -245.156
15.0046 -227.366
7.79284 -10.3369
-71.2224 -91.377
33.7194 -33.521
2.7402 -15.715
-68.034 -27.7649
6.44849 -6.38448
-34.5977 -41.7198
-20.1111 -35.7134
28.8094 12.3205
-1.63963 24.8796
-17.061 -12.2026
-33.2436 -11.0331
-24.6919 3.39581
-16.1572 -13.5492
0.989547 6.86068
1.05432 24.5292
-4.60588 3.98117
4.12132 1.29289
-11.8178 6.50434
-7.29196 -2.14411
0.326646 -7.80602
0.735969 6.74422
-12.5883 6.24687
9.49755 -4.68567
2.53125 -1.2751
-0.700857 -3.23687
-11.5144 2.6679
-0.459722 -0.00895047
-6.39082 -3.50365
-2.18383 -6.83921
8.38453 -3.47303
5.23503 3.05282
3.87483 2.34786
-3.73728 -2.41491
8.44267 -0.811257
3.34657 -7.77505
1.94111 -8.31788
-3.96067 -2.46737
-4.08329 -2.42089
0.0457823 4.09528
-10.5607 -3.32887
-7.51988 3.34973
-3 -4
0.539562 0.180901
-8.11837 3.16095
-1.65076 6.85395
2.79282 -0.371901
1.71768 1.19633
1.29714 -3.19881
2.13553 1.20168
6.57573 -10.0893
-6.7334 2.23459
4.40631 -6.00985
4.6777 -8.93554
7.01547 4.02823
1.50447 6.40783
6.91854 -9.81156
12.8495 -5.13555
-1.85688 -1.48049
-2.99061 6.02584
-14.013 9.97757
12.2015 0.912822
-9.68217 12.3367
-0.634693 1.8147
3.03555 8.66045
-2.08388 3.1336
-2.79095 4.66743
1.19239 1.29289
-0.825755 5.99923
1.29867 -4.83345
-1.72678 -6.92649
0.643761 -2.97728
3.29267 -0.672288
7.03506 3.31298
-2.53945 3.75366
-4.52779 2.02617
2.34495 1.37739
8.42318 3.10028
3.80314 5.62413
4.34912 1.25161
4.87285 1.44028
-0.675981 -5.43665
-3.21281 -7.89544
-4.49561 3.18028
0.128817 1.77868
0.963463 1.12039
-1.77637 2.44404
-7.36309 -1.80502
6.70236 2.43442
-2.74006 0.646351
-3.07914 4.53367
-2.08979 2.18287
-4 1
0.823564 0.855992
-1.89504 0.684111
-0.751683 5.01641
1.59283 -1.43142
-11.5188 6.29885
-1.44964 -6.86918
-1.78359 0.0833986
2.80782 -1.47887
-3.17208 -6.17608
-0.520112 6.36873
0.819717 4.59539
7.02511 -2.85717
7.81241 2.5169
1.70594 -2.08974
8.16882 -0.314385
12.4566 -7.16908
2.67134 4.00023
3.9668 3.75798
1.03943 -0.710471
-4.76481 0.0542543
-8.38747 -2.15329
-0.392874 0.0410979
5.10193 7.9352
-1.11168 0.128694
-0.12132 2.70711
6.56217 -4.21152
-9.03829 11.2154
-2.41685 -6.30346
-7.60882 -6.40648
0.605966 -4.63038
-15.6409 7.28785
-4.0158 -1.7327
-1.77603 0.222718
16.4664 -19.1146
8.59859 -11.7404
-6.47001 3.22562
20.3357 -1.35743
-2.06779 5.55677
-1.86293 4.2535
-0.57349 -1.13605
-1.26415 -3.6429
-3.06651 -4.49539
-1.0729 -0.772324
0.374082 6.9953
-9.99827 -3.9272
-5.82481 0.388425
2.85115 -8.47737
-8.64946 -11.3602
9.30631 -3.8207
1 6
-4.93903 -1.37141
-10.4976 -6.54183
4.4069 0.93672
5.69683 4.6889
-3.16762 0.561107
2.69079 17.6444
5.08439 14.0831
-1.62766 1.20064
-6.19846 5.39395
3.59731 -0.729825
6.19229 2.93926
2.75023 -3.7916
-6.10731 1.64558
3.00086 -8.36457
-0.750579 -11.1057
-6.19065 -1.42447
9.22141 6.30556
-1.26184 4.42871
12.475 3.89722
-8.11254 -9.95321
2.44643 -10.623
6.71594 -12.7407
9.39601 12.3025
-6.11045 16.6957
-17.1924 2.70711
0.0943006 -6.52677
13.601 -20.7583
2.85332 -10.6064
-11.5744 -3.62448
-25.1409 -17.2499
-10.5116 -15.8691
21.2389 7.25202
-3.17654 40.5213
-14.9914 -11.3572
-25.7481 -24.3869
17.5319 16.6246
28.8591 12.2258
-9.0178 11.6135
7.61524 -2.03533
11.7906 39.0477
17.6649 0.324406
-70.242 -65.5173
-106.619 -6.49439
202.427 -322.741
228.616 23.8247
217.411 202.528
2.64735 -270.778
1550.7 -589.233
-15.0172 -84.3181
