19997 21747
-6065.72 -3930.86
634.054 -526.39
32.2215 -43.156
-397.097 -342.725
314.583 -63.1122
15.8712 -317.362
-379.402 -2.08099
-82.6213 39.0307
-96.5122 -30.3213
-39.9512 -13.2785
-65.5788 25.6345
-17.2036 -57.3647
-15.866 6.03995
8.32602 16.4354
-34.5526 -53.5932
2.11493 19.8812
3.6088 0.965398
-5.09079 -30.9006
-66.9509 -17.3783
9.02108 -12.3822
16.7892 -7.21367
-7.91081 -5.05387
-3.0033 -14.2839
1.21655 -30.2923
-25.0208 -6.70711
6.09089 -8.44483
-7.97606 -7.5334
-5.48521 1.7799
-2.72428 6.48527
-2.8915 -5.93437
-6.88628 -9.12662
1.41848 16.5851
-1.16747 4.84912
-4.6417 6.75752
3.98235 5.29463
-10.2177 -7.99399
-1.40252 6.879
-4.96121 -7.6536
4.73567 -4.38032
-4.89201 -6.32766
3.1592 -0.103605
1.70462 -3.03754
0.144709 4.64309
4.24581 1.1405
0.0197624 -7.52183
-5.02717 4.15249
-3.22864 -4.43879
3.41152 6.65617
-2.30507 -6.32196
2 2
-7.67425 0.799861
-5.75541 -2.65526
3.45535 6.08215
0.253298 1.90411
-8.64971 -6.17278
-6.6318 -3.55347
3.33121 -0.276402
2.63579 9.30071
-4.86679 3.46827
1.61565 -5.04107
2.46294 -2.64798
1.5385 -3.13909
3.09885 -3.18661
-11.0596 -3.28612
-8.29411 -0.546463
0.255193 1.16494
-4.07954 0.275315
-1.34878 -1.2582
-1.16292 2.89664
5.085 2.95565
-1.34269 7.19193
0.602929 -0.180391
-4.82505 -6.99468
-7.52831 -7.20033
-0.535534 4.36396
3.92655 0.812603
4.21054 5.49149
2.22475 -5.17485
-0.994817 0.689102
-1.90008 1.22326
0.0955783 1.00874
-1.3536 -1.31698
-1.27231 5.58187
6.01636 4.99237
-5.86813 3.03366
0.455845 -1.94653
-3.45212 -2.52814
-3.54576 10.7214
11.0245 7.04449
1.0627 3.00798
0.83582 -5.82476
-18.8046 -16.5289
9.78216 -6.72832
0.960154 2.27977
-4.70999 -9.79332
2.40688 -5.26544
1.56798 -6.95217
-13.0399 -0.75526
-4.87075 0.645563
-7 -7
-0.578553 3.41891
-5.60533 0.188331
-2.11252 -13.0376
-0.59126 -1.41999
-3.17446 5.72456
1.82204 -8.88935
-13.1719 -9.43499
8.00178 -0.035588
-3.23865 -1.94733
7.2688 10.0419
-2.49001 4.04956
-2.22539 4.24668
2.95166 2.34657
-10.5578 -2.51149
-5.3771 4.67574
3.73052 2.79924
-2.65362 -1.04557
4.76916 1.33451
2.22434 1.08399
0.900084 1.39477
-3.40051 -10.1504
0.630102 3.83939
-2.52394 0.317155
3.95275 5.2398
-0.979185 -5.29289
6.60311 8.1551
-1.41808 0.127879
6.82251 1.39877
-2.85612 -2.97646
-0.710673 4.8391
6.56736 -0.633327
-2.74726 -0.872155
-4.37265 6.37225
4.6604 4.22641
-1.80347 -1.11484
-3.38024 2.10695
0.0627519 -5.29735
1.00049 4.65387
4.04395 3.66985
0.440079 2.9509
-2.76803 -5.47636
5.36457 -5.23556
0.781487 -1.92882
4.45473 -2.97274
-4.54296 -4.21512
-5.36891 -1.09082
1.2158 3.61018
-3.77355 7.42497
1.558 4.09758
4 -6
-3.42153 -3.23445
5.184 1.69348
-5.52127 4.20089
2.36919 -5.4548
4.85789 -0.462816
-2.57118 -0.0380258
3.83265 -8.03462
-4.10354 -0.65114
5.06666 4.98771
3.89201 6.70962
-1.91293 -8.69618
-10.3844 2.84847
2.82292 4.90807
-1.8921 4.61695
8.76989 0.215615
-7.84034 -2.97129
0.308423 -3.14294
14.0667 -5.58698
-11.111 -7.67679
-2.40078 18.4314
6.50336 5.85138
5.1988 -0.825294
14.2711 -2.68031
10.8941 14.1433
6.53553 -8.36396
1.35296 -0.0130798
-3.78898 -2.74068
-3.73811 -17.6843
-22.3923 11.7486
10.9232 21.4723
6.56093 29.2245
9.34613 -26.7931
-19.5678 -16.3875
47.4775 -5.0786
-45.4931 -31.5782
-27.5942 -15.4391
-31.5334 -1.58634
-7.11464 21.9664
-48.7578 -23.0203
-103.462 33.9368
-60.792 -0.322
49.5256 130.329
1.08626 -116.852
103.735 -339.449
-109.747 -184.833
-151.061 204.524
162.834 -492.393
-1720.82 -1336.84
300.432 24.3418
