19594 21268
6965.51 -2695.96
-1338.34 -1489.11
212.982 12.0155
-133.752 49.2783
-182.884 -782.669
263.759 -301.007
92.4152 41.8188
-74.019 -158.463
2.79989 -0.408941
-100.1 -92.9583
59.5802 -12.8204
-28.3944 56.2357
-62.6107 -74.5607
-39.0383 -49.3559
25.9193 -57.8942
31.8248 -66.4024
-9.66357 12.8545
-18.0628 -19.6073
16.6299 -7.4931
-1.70968 -3.8829
-15.4837 -6.82941
-34.1083 5.51499
-3.63224 -13.005
0.282645 -22.486
-30.5563 -24.0711
14.1088 -12.1075
-8.74316 13.245
-6.95681 -12.5692
-5.39535 -12.6468
-8.60181 -8.68486
7.19841 -2.01091
-7.24117 4.97504
-1.59315 3.39447
1.50985 16.8243
-4.22587 11.3092
-5.73088 -0.984737
20.4964 -1.5639
-0.867263 1.53789
-6.84862 4.73689
-2.23935 7.52067
-2.6677 -7.89416
5.40346 4.38072
5.65157 -2.89815
-2.36648 -10.2809
4.13756 -2.29108
4.3805 1.94064
1.113 -6.6182
-5.51077 4.00953
-9.29643 1.8577
8 -2
4.12399 -5.99479
-1.47882 -6.03779
5.50152 4.12894
0.615653 -1.09368
2.59517 -2.91643
1.75013 0.927149
10.391 4.33717
-1.48412 -2.98024
3.81802 10.873
-6.96589 -4.02729
-2.33374 -0.338666
5.15546 -5.10814
5.57612 -6.89175
-0.0958788 3.13785
0.984858 2.03003
-10.5147 -0.119888
0.625827 -7.33175
5.87477 -6.44373
5.94111 -3.9912
1.87232 -3.19053
3.52864 1.03277
3.51296 -1.36819
-11.2204 6.79189
7.26444 -3.6196
-7.68629 9.82843
6.48312 -0.157032
2.7634 -2.144
-4.8102 4.51969
-0.16852 -0.253831
5.36801 6.15334
0.562951 6.59992
2.88222 1.90691
6.10757 -4.35136
0.530189 -2.47343
0.526919 -0.21099
-7.05758 -4.34049
-3.79293 -0.381634
0.884443 0.642043
-1.97813 0.577352
10.5248 2.00087
-0.651589 2.26558
1.06152 10.3389
-5.69547 -1.93686
6.05858 5.37247
-0.379984 2.93652
-1.96645 2.79775
1.74042 8.75369
-6.60678 6.58136
-0.215126 0.827987
0 -2
-4.46709 -3.70341
1.61927 -2.98105
-3.75917 -1.7361
-2.50161 -6.70462
-1.32469 3.62576
1.30738 -0.690284
2.03536 2.61086
1.41649 -5.3598
2.99437 -8.73277
-1.02837 -6.7309
-1.38864 -0.553448
5.49342 -2.11265
-2.09149 -2.90451
-3.59308 -0.787942
0.629192 8.84153
-2.87598 6.71541
-0.91505 -6.70901
0.814357 3.3173
2.40136 -4.13519
-1.5139 -5.15334
-6.94287 1.65241
2.67186 -0.537186
-1.34394 4.01544
-8.84561 0.23868
0.556349 -9.92893
-7.50597 1.9077
-8.0468 -5.99798
4.00033 1.93056
12.821 -8.60485
-3.2714 -7.2928
1.40622 -3.24655
1.93159 -2.52592
6.87513 0.764756
-1.01285 -2.28714
3.53966 6.33714
-6.48186 7.36551
1.76142 9.74964
-1.81424 0.0772806
-3.7902 -0.230427
-3.88821 -0.500576
-5.04716 -9.35466
-1.91697 -4.18857
4.11315 -9.1213
-1.92965 2.2887
-2.78759 0.438982
5.84726 2.96875
-7.5959 -1.31852
1.3375 0.217079
0.894404 -5.72084
2 4
1.52499 1.64753
6.48228 -9.05013
3.13049 12.0021
4.55437 14.6449
-4.59864 4.44419
-3.09955 1.5468
5.69112 -3.2549
-3.14914 0.289739
3.43515 -7.32339
-0.614752 -6.52067
-8.00902 -0.394494
13.9493 -18.1512
3.03703 -9.53392
0.489121 -0.675471
-16.3314 7.40462
-1.89019 4.50813
-4.37924 -13.6152
6.88699 -20.203
19.6575 14.9859
9.84686 10.2502
16.6296 12.2679
-1.23999 37.1929
-18.7076 16.7813
-9.40778 7.98688
-30.3137 4.17157
3.8854 0.570243
4.34098 23.4028
-6.43486 6.44326
-20.5799 -7.98542
-2.43622 -9.58924
28.2 20.8831
-10.0883 17.0141
-44.6169 -18.2553
-19.3166 9.96484
37.6787 -34.3282
8.68964 -7.58119
26.8432 -52.0922
49.4725 -38.6875
58.1474 63.4616
-39.2421 -45.3937
28.5349 -54.218
9.05962 178.18
54.9658 66.0132
-281.337 -33.539
144.521 -407.058
541.144 -55.5683
98.9344 -181.342
1508.45 -1798.55
830.241 172.056
