18766 22707
-6080.72 -2754.34
829.749 -983.423
131.437 -141.969
-191.831 -43.8846
386.478 -438.158
-272.35 -283.772
-155.949 88.8561
-115.946 -123.283
-102.801 -44.0595
-53.8021 -59.7955
-19.2881 2.12177
-43.6146 -0.425064
23.6052 -10.0906
24.0738 -27.0479
-7.36493 28.9579
-11.5662 -62.2962
-46.6053 5.87381
-1.33522 7.48893
15.3983 7.98645
0.192344 -8.92075
-11.8335 -31.7219
7.78976 -19.359
-6.11963 4.5591
-1.4562 -10.7452
-30.1421 -6.41421
3.98398 8.12085
1.76352 -20.5653
-4.7831 6.75616
13.0986 -7.5347
0.8116 -13.0726
-9.89296 3.59956
3.2141 2.25684
9.19113 -3.47554
-1.26834 -1.91433
-0.765546 -1.45949
-7.69906 -6.15943
-3.09558 -3.13885
9.39451 2.48767
9.71174 -3.7549
5.88046 2.94095
1.50684 -8.9797
-1.44691 2.83866
1.8241 6.18659
-2.79719 -8.14624
-2.60991 -3.69086
8.56512 0.235459
4.7555 -5.53589
-3.8906 -3.92548
-13.2517 -4.39929
-8 -7
8.72905 0.62311
-1.86269 -2.53983
6.13307 2.76115
-2.46245 -4.48939
3.74899 -3.08749
4.60505 -5.22044
-4.56557 0.420941
-4.4696 4.2744
3.81331 -4.49046
-1.50215 0.761327
7.60002 0.298671
5.64037 1.99432
1.81604 7.12735
7.00936 -2.42086
-5.17698 -3.62751
-2.96708 7.75325
1.96134 5.41857
0.703869 3.99644
2.63961 -10.6959
-1.92306 -5.63563
-8.69631 6.11395
-1.37325 -4.46808
-11.9248 4.70486
0.810082 -3.74607
6.58579 -1.34315
-0.984892 3.51159
3.01747 -5.57632
-1.78574 -7.03494
5.50029 -3.43423
4.64625 0.312299
6.28848 4.38635
-5.09675 6.27083
-0.631361 9.10331
4.7247 -0.891665
-3.45745 -2.37171
11.4314 8.87597
5.0612 0.853525
-4.13607 -1.52504
-22.9148 -15.5431
7.02502 -2.21761
1.3749 -3.22992
-5.86658 1.24045
9.315 -6.95991
-5.51095 -8.47673
1.16079 6.0628
-2.92467 -4.67778
-3.53528 -10.4302
6.09363 -4.52712
1.80607 -4.32333
-4 -3
0.761903 -5.944
-0.339066 -5.49264
6.05113 1.94307
-6.80578 -1.67653
-0.465007 -1.64059
0.864507 0.994578
5.8444 -4.5101
-7.09554 -3.77236
0.592698 -0.0783663
-5.77027 -11.5157
-2.25679 6.99855
-2.53748 -0.82034
11.7661 6.26265
-8.9418 9.7491
0.803091 1.97528
0.395194 14.3422
-4.73085 6.85193
0.802416 2.05533
12.7556 0.384272
6.82588 -1.3123
6.64033 -0.131455
6.19001 -2.07634
5.2775 2.38573
-3.76222 2.16036
-1.85786 -3.58579
-3.66638 1.5984
-0.9905 0.499321
-3.84277 10.092
3.91624 -1.04586
3.58428 5.08422
-3.23023 5.44936
-10.5125 -2.40545
-0.808569 1.55878
-6.73237 -10.7578
3.39627 6.28716
3.80187 3.66537
4.42907 -4.53239
-6.85773 3.52438
6.28306 8.8795
1.91856 -1.76133
-9.83561 8.28507
-2.27166 6.93659
12.0153 4.55875
8.99572 -1.8209
-3.39325 -6.04878
3.95954 -3.87525
0.305709 -5.63253
-10.6915 3.2595
14.0022 0.751998
-2 -1
-2.90492 3.34956
-3.32245 -3.02109
-4.79701 -1.95051
0.492078 2.4618
-6.08023 6.96421
-0.748953 7.06471
9.52693 -7.92899
-2.14579 -16.4781
-15.7545 -3.48013
-3.35259 -3.94095
0.022176 2.96966
8.40876 3.03629
3.99112 8.54943
2.44883 15.9355
-1.42095 -17.2549
-5.02956 -1.08829
2.19298 -2.14421
-0.70583 2.80003
-1.07523 7.07845
21.1928 8.92894
11.8458 -4.91026
-8.0746 8.86329
-0.516266 5.30208
8.33734 3.66041
9.41421 -12.6569
-25.5885 -3.52234
6.61935 10.7617
-5.82504 33.6416
8.7249 8.43512
-26.6088 7.92075
-6.02873 15.6504
13.5943 9.41921
52.5412 -8.40966
-33.5377 -27.9163
-7.95467 -37.2079
25.5924 -17.4498
-40.9998 -17.2414
-54.145 26.6581
-10.0049 41.052
-31.1183 6.22388
46.5639 55.7599
-114.992 83.5253
-43.5574 -58.3907
132.064 -193.143
-60.8984 -291.7
-448.803 -20.5637
211.93 -8.0224
-1347.34 -1503.27
-552.631 343.89
