19839 22894
-6607.56 -2479.46
1129.31 -1477.56
-14.5094 -119.552
161.3 86.9836
139.052 -637.917
-313.49 -102.43
-57.6087 -81.5763
-166.73 -16.5781
-70.8533 46.3904
14.0359 -90.8307
-18.4309 -18.044
13.8376 -18.577
-23.8902 -59.5184
17.2278 17.1791
-25.6566 -16.9224
-10.1949 18.3596
-10.2611 -34.4262
-37.1428 -45.2331
-7.09325 24.4408
14.3204 0.219203
14.7407 -24.5069
-20.1951 -37.8388
-28.7951 -6.45816
9.41971 12.4979
2 -24.8995
-21.8524 -20.5193
8.32001 -3.10435
1.16839 -1.56067
-2.87915 10.0513
-21.8723 2.5929
-8.1379 6.52573
-3.22549 -4.61088
-7.81354 -0.289657
-1.09264 10.4834
-4.22795 -3.44418
0.076679 -2.44157
-3.35123 -7.11507
-0.91422 6.04214
5.17217 -2.27949
-2.44298 -4.79689
0.106764 -5.94365
11.8675 -4.47216
-0.950805 -3.02453
7.48961 -3.25832
4.55997 2.29768
-1.82688 3.20906
-2.00396 -0.346339
4.54566 -8.40364
-1.68796 -5.95216
9 0
4.18188 -0.011458
2.24867 -8.30726
-9.43863 -6.50432
-3.02352 -4.35295
1.08353 2.58262
0.0814825 -2.61515
5.49625 -1.58614
-10.2146 4.28617
-5.54576 -0.412163
-8.38094 4.80751
-3.89475 -0.920342
3.24458 1.6965
2.12175 -5.06354
2.09541 -4.04248
-1.0903 -3.21584
0.308192 -2.39982
-7.5438 -4.3367
2.21599 3.8679
2.89626 3.57356
5.6149 2.6989
-3.05842 0.013894
10.1736 10.5237
8.48396 -6.84572
0.0851317 0.99614
-21.3137 4.41421
9.12186 -1.22688
3.28058 -0.22722
-1.98036 -3.16415
-1.72284 -9.66084
-4.87988 3.65208
0.124207 -5.46858
-9.96838 -0.368158
0.229465 5.699
3.00437 -3.87726
-0.446725 -6.84947
-2.30169 0.769933
-0.0645427 0.985822
0.948726 -0.674268
3.31009 0.822475
0.998583 5.58151
-0.0297442 -3.21477
-8.95039 -0.101452
6.0695 -0.395799
0.788559 -4.45642
1.48028 4.66347
-3.82515 -7.28706
6.24715 5.59186
-1.76457 3.22161
4.58276 7.63297
3 2
8.21786 -3.82399
2.21125 4.09945
1.0965 -0.719732
-1.85045 3.35656
-8.32892 -8.06468
-4.4234 5.10376
3.93207 5.56369
-3.00765 3.57348
-0.0791092 1.57961
-5.00712 -1.19328
-2.402 4.01565
-0.603549 3.55901
0.772053 4.09225
3.34231 -3.56881
-3.3775 1.86678
-0.289407 8.98841
-0.462565 6.58964
-5.85543 4.87122
-0.0402766 3.01628
7.87988 -7.03405
2.95651 -9.00759
-6.3653 -9.01402
-1.91713 -1.56929
-9.28353 -12.5742
2 -5.10051
5.6999 -4.22326
22.3311 2.87587
-4.67001 10.4566
0.0255405 -3.64463
-7.10298 -8.06922
-1.42676 20.73
8.71324 -0.56439
-2.33977 -1.41511
1.56292 4.80515
-2.1118 4.26061
6.24927 7.6643
2.20884 -0.391704
-11.8774 0.859057
-0.23153 18.2964
1.08914 -4.42554
2.54767 -6.66233
-2.41838 -0.408192
6.53454 0.730732
-2.01886 1.16116
10.4518 2.34304
-2.07508 -0.249555
0.588016 -4.41439
6.97681 -1.08054
17.702 2.15144
5 16
6.04269 7.90706
4.40856 2.02608
1.02225 3.04361
5.10523 -0.355866
0.417936 -2.50514
18.2024 -7.73459
-2.36898 -8.43187
1.97651 9.17107
-2.29143 11.8163
5.44298 -0.821147
3.31555 -3.5503
-4.72461 -1.86369
-0.262448 7.42918
-3.03463 -0.766698
-12.9897 11.1914
8.18661 -1.14462
-3.12074 1.1869
-3.46974 0.4327
-1.34633 -0.985416
-6.93146 3.31844
-5.75521 -23.9842
-9.23091 2.48807
11.5544 22.4413
13.4878 4.89895
1.31371 1.58579
-10.3062 -4.021
18.1604 3.35781
8.09251 11.2372
-3.02796 -10.1138
-35.0286 2.39883
-1.62796 11.9003
3.59356 10.7563
-21.8815 21.7054
0.972785 4.47537
-5.20777 -29.7848
21.3877 -18.8919
15.7841 -3.78176
-32.447 -68.1069
-80.4616 15.9825
-53.7355 19.9015
-41.4247 68.5105
-52.0008 88.7197
-18.389 -14.3943
172.001 -136.688
82.3921 -336.502
-518.112 -230.724
299.466 53.9018
-1035.97 -1724.48
-1271.64 422.586
