18005 21249
-6482.71 -3414.83
1147.18 -851.181
132.948 -209.122
-184.275 -25.3681
418.535 -476.037
-148.967 -311.62
-263.82 70.6596
2.765 -35.1273
-110.669 -36.1
24.0181 -20.1942
22.5861 6.98112
-67.2079 -45.7782
14.8872 -56.547
-29.5901 -43.7889
-25.9694 25.3188
41.2641 28.383
17.2059 -43.784
-43.1934 -13.9911
3.99043 -5.66755
-23.9184 -21.1849
8.93616 -27.7267
-5.04032 -19.5463
-20.151 -22.2338
-5.91209 -11.0312
7.24264 -13.4853
-9.75897 3.74403
10.6191 4.4885
-15.1651 -5.77886
-8.34189 -8.40738
3.17179 4.56512
0.980859 5.03934
9.45436 -1.41607
3.72252 3.68587
-0.845352 -11.4696
3.73694 9.19929
8.73757 2.45027
11.4997 5.18175
-10.0215 2.81567
1.34455 -4.55468
-1.12814 -6.9472
1.26799 0.787549
6.12254 -0.568223
-4.03947 -0.965229
-0.552683 -0.0543729
13.9099 6.20671
5.4862 -2.16125
2.63776 1.84056
-1.55186 0.639994
5.52678 3.03776
1 -3
6.62102 -4.07872
5.43678 1.87558
-1.73311 5.98355
-1.38105 1.9741
-3.58786 1.94002
0.722321 10.3503
0.846677 4.29895
3.75595 -1.99113
-4.50164 -9.27896
8.98399 -6.39778
-2.89924 -5.77525
-1.61786 -1.71863
-0.890011 -9.36114
-1.23643 0.713402
-7.70263 6.04962
2.08134 7.20322
7.84546 -9.30688
0.310069 -2.64627
6.90144 7.65014
-2.57504 -6.25204
-0.705366 -0.0202195
-23.8064 -10.1497
4.69125 -3.31149
6.41834 3.98627
-1 0.757359
7.818 -7.04948
-1.02644 -3.18854
-4.13824 5.48852
-1.01821 3.17096
-1.15745 -0.630486
2.24107 -1.991
-0.918139 -4.67258
4.0575 2.23588
1.83206 3.95962
7.17644 10.0959
-6.42576 0.68621
0.352341 -6.05227
8.75217 -0.783629
-10.3699 2.21267
7.45407 0.451542
-8.17087 -7.32894
-3.01948 -5.66288
4.9762 -4.10156
2.65914 -4.17201
-1.56042 -1.3349
4.49112 -1.68773
-0.039692 -2.93386
-6.77233 -4.06471
4.00498 -0.519981
-5 -1
2.14722 0.301802
-2.22269 7.0989
6.47019 2.63863
7.76295 -0.200941
-4.19302 4.90452
1.66269 10.6097
5.65567 0.0425005
-0.0870214 5.99204
-2.60517 4.44682
5.07838 -2.8007
-3.52319 -2.75213
8.4004 4.95917
-8.02721 1.20888
-0.885435 3.03906
-2.4221 -6.77381
-7.1507 -3.49776
-0.321397 -3.26276
6.01763 3.12106
-1.29324 -1.65527
-1.60648 1.72066
0.36484 1.26534
1.16138 -4.55069
-1.60847 -9.21354
-9.27581 -7.59165
-1.24264 3.48528
3.3885 1.55553
-6.03744 -13.0576
6.38025 0.59664
-5.36177 -2.33897
14.0313 13.8082
-4.74777 6.08201
-6.75718 8.15923
-2.16083 1.45804
-5.65715 11.5867
-0.958485 9.18374
13.9145 -3.68773
-1.60808 9.02842
0.197503 7.81051
0.259715 0.742102
-2.15117 -0.928462
-2.82959 6.21302
1.9539 6.39418
13.4628 6.60841
-5.31017 -5.13798
-5.00537 -0.389002
-6.50725 7.26296
3.61668 6.88867
8.85351 3.66279
-0.534003 -4.22455
3 3
5.91959 -4.50047
-11.4432 -2.33918
8.17115 -3.7666
-0.696025 8.43322
-1.57683 -4.95044
-3.28692 9.61722
2.96776 1.79077
7.74287 -4.14125
-2.85793 -8.69548
-6.10793 -3.14297
-6.10013 4.73991
-3.44762 4.43688
7.01271 -4.82033
-0.0870143 -1.33059
5.82479 -2.95374
-3.7699 6.8844
-4.81007 -11.7281
-4.83796 1.05789
6.65518 8.53844
8.49652 8.93443
-2.67826 -10.7443
-25.9805 6.49145
-2.84167 15.1481
-5.65191 2.62148
-1 9.24264
4.9696 14.328
0.29059 -3.10168
-14.9608 4.71407
-14.8806 16.5764
-22.9144 29.5111
9.66662 50.8703
5.06677 -13.5246
21.3773 -36.3978
-16.3953 -28.6604
15.4553 -17.8768
10.6566 -45.5062
-45.6008 -21.1278
-72.9486 9.69321
-52.8136 16.9802
-53.6751 61.4876
-5.62502 16.7423
16.6167 124.193
41.1511 -115.778
203.751 -348.245
-215.662 -222.583
-292.194 127.857
398.877 -183.663
-1562.83 -1384.55
-14.8035 -7.55378
