18138 21329
-5757.02 -4007.51
870.692 -570.098
55.6418 -109.925
-341.638 -190.377
418.496 -184.25
188.989 -322.066
-282.425 -162.46
-65.4275 26.3238
-86.0492 -103.945
-71.785 -35.9272
-46.5685 79.0598
0.000915418 -38.5302
-26.1327 -43.6823
-10.5486 -15.2384
-25.8745 -20.5771
-1.30921 3.64035
-4.48794 15.3112
12.5598 -18.9571
-23.4265 -2.13065
-3.15293 16.354
6.43716 7.77676
-18.8805 6.34865
-33.0683 -2.93622
14.4648 8.74781
-18.3137 -8.48528
-0.443092 -2.48311
-0.864205 -22.5364
-1.14467 -18.496
-11.1801 -8.88865
-9.94444 -5.59385
-5.03256 2.56388
2.02115 -3.55526
-7.71495 -2.76971
-0.209709 -13.4316
-7.10387 3.93835
-3.8101 6.16879
6.96948 0.469909
-11.35 -1.43192
-4.74242 3.70921
1.39352 -4.04212
-13.3459 8.1571
1.09303 1.39827
5.10399 9.05103
-0.318811 -0.527683
-3.11686 -6.38421
2.81046 0.607548
-5.59554 -0.927114
-0.427437 6.68685
-3.93349 -4.84142
-8 -7
-4.64229 3.58087
-5.41811 -1.92029
0.176148 4.09613
-2.90651 0.0888995
6.74993 -0.625685
4.12856 -0.22495
-5.8575 -5.1507
-2.58213 1.76765
-5.5 4.04378
0.748321 5.54258
-4.76991 1.45914
4.97246 0.13154
-4.76197 -4.74785
-0.316886 1.40175
2.82286 -3.87942
-3.57956 -2.44654
4.44993 -2.87553
-7.05322 -6.20399
-3.30931 4.74362
2.4723 3.8512
-6.14113 2.99146
2.98013 0.50108
2.42707 2.19788
0.517253 -2.45425
-4.17157 -0.828427
-4.2885 3.24632
-0.416798 -1.19792
5.84356 6.45736
0.486135 5.05191
1.87186 0.995209
0.159661 -6.19763
-4.68307 -10.4012
-6.89683 1.21551
2.65502 6.12066
0.710436 8.63676
-3.06889 4.85141
-0.180069 -6.90334
4.11127 -1.71655
-0.221758 -2.07721
6.71615 3.18459
0.417584 -3.00264
-1.23258 -4.56235
-25.2638 -9.11527
6.76096 -1.04562
0.873148 4.27944
-3.74471 -4.01799
4.5447 -7.05282
4.01601 -9.69492
-4.84829 -8.37105
6 1
-1.11394 -5.38155
-1.21223 -9.3409
-10.2418 3.23399
-1.13693 -0.414971
5.04426 -13.4634
-17.3135 -7.63488
1.32633 -3.31495
1.90108 1.36095
15.3894 14.4359
-8.35823 0.36638
-4.81883 4.93526
2.22684 2.6287
-11.3494 1.9555
-7.65347 5.6742
0.835957 2.54383
5.24949 0.74268
5.32355 0.511234
-1.05904 -0.37101
-6.50555 -1.87211
-3.10793 -6.61324
0.339636 -4.556
-4.56486 -2.83895
2.79963 0.643246
0.861274 2.39757
4.31371 8.48528
-7.37528 3.64512
-1.67751 0.133013
2.37615 4.3771
-5.87619 -1.72168
1.07772 5.12859
4.22512 0.435555
2.65962 1.58315
-0.189107 4.76652
-6.60754 -3.45513
2.93264 2.09487
-1.84649 6.53879
6.33656 3.78091
3.93247 -4.37862
-10.7366 -4.38915
2.30741 6.78366
6.62687 9.9357
-3.79406 -4.5942
3.37807 5.34327
6.18405 -0.563956
0.0592485 -5.34562
3.90034 4.99608
3.75912 0.257263
-4.86954 -0.0172993
-0.774697 0.0307016
-4 1
-3.51791 0.147857
1.65129 -2.81568
8.4403 -5.43058
-2.02867 -0.594187
-1.70449 5.58933
6.72794 -1.41603
3.70037 -1.43886
-2.91899 2.23937
3.83999 -4.34162
1.84255 0.660158
0.564633 -11.2579
7.05983 -8.25399
-17.4674 -8.81349
-5.2532 2.44417
8.80028 4.01422
-7.82611 5.42813
4.96579 -7.87603
5.13343 9.30952
5.96681 -7.1921
-8.00884 4.61405
5.22915 17.8363
15.7941 -14.8889
-23.5304 13.5933
-10.8004 18.2174
-9.82843 4.82843
10.4804 9.2773
-5.62498 -3.04997
2.33002 -22.7069
-11.9045 -1.79535
24.0972 -19.6802
24.0961 -9.4096
-3.70427 -27.0599
-1.50914 -40.2218
35.0063 0.165018
1.18423 -39.3288
-40.9454 -8.07543
-45.4097 34.7743
-15.3996 -2.59551
-36.8604 29.9435
9.83036 40.3763
13.113 -2.65291
118.445 38.7113
21.8891 -200.371
107.903 -349.386
-182.709 -21.2431
-200.423 120.471
245.632 -330.929
-1607.32 -1153.41
609.747 -56.9149
