22026 21259
5068.84 -4924.25
-1082.97 -290.934
91.4092 -115.566
281.011 -284.478
-470.895 1.14581
-40.619 -291.389
108.078 -241.303
55.393 60.9762
-115.948 -4.06962
15.7513 -10.8906
-0.485556 -17.4202
-82.5417 -71.4058
54.1689 -45.1649
25.9242 9.66099
-34.2179 -15.9592
-9.35167 -21.1158
-15.2802 -15.2192
-35.0581 -43.5783
-7.65657 -27.3099
-4.7772 -9.09397
-5.90427 -15.6886
1.27299 -5.70403
-0.722831 2.93959
3.99331 -24.2479
-5.12132 -14.7782
-4.61906 10.1029
-1.37593 -5.98706
-10.7624 -8.54048
-2.66368 -17.0464
-1.58526 5.55809
-4.12902 0.701198
-12.9989 -4.22363
-13.4089 -4.70305
11.5371 -5.93656
-2.12684 -1.97545
-5.18974 9.03398
-14.3787 -6.76241
-1.38855 -5.53912
4.03454 1.45259
-15.8487 -0.413988
-0.00514904 2.14642
-3.01684 -0.970593
-3.21653 8.57689
5.75263 2.88689
-4.09329 -1.09473
14.2599 -4.24782
-2.68025 -3.62718
5.57342 2.44259
-7.95212 -2.46651
-7 -2
-1.47539 1.83712
3.58987 -4.50672
-1.39706 5.81039
-9.23144 -3.8988
8.75248 2.57222
-1.96637 -0.913991
2.47034 -6.82001
2.97564 8.78988
8.62441 3.72178
5.77471 5.69993
3.14395 -2.33513
-5.77088 -8.08127
-1.20482 6.86993
-4.55507 1.54684
-3.88068 0.280649
-0.516428 -0.727891
1.11393 -1.59654
6.2312 -4.75502
-7.24009 -0.278507
3.60654 1.47635
1.60472 -1.72172
1.80198 -8.61983
-1.45329 -2.12399
7.25919 2.32697
-3.12132 0.292893
-3.91914 1.05258
3.54538 3.75475
-2.63902 -2.35383
2.09374 -3.57469
0.283181 4.65266
5.40479 -6.04301
3.57299 1.67219
-3.50802 13.3006
-10.2322 2.60494
-1.18575 -5.3151
3.32872 7.88795
-9.27657 9.35972
-0.65041 6.65579
4.5896 -4.23101
16.7553 -15.1438
-9.40768 -1.48923
5.23703 -5.29999
-0.339422 -3.82171
-8.37009 -1.92479
3.31563 -2.43766
2.07309 -0.345936
5.58588 1.20818
-2.77628 -1.83445
0.901345 -0.679394
-2 -3
-0.745955 1.12692
0.599378 -4.03393
4.28116 1.39144
-4.11877 -1.39482
-1.05107 -8.62085
-4.84062 -8.46482
6.04564 0.39301
-1.57857 -4.95377
12.4602 -4.34409
3.17009 -5.81291
3.86842 5.29348
-17.811 11.1153
4.90594 4.10763
-2.1071 -1.8745
-5.64733 3.8715
7.59595 -6.77246
-1.18598 11.1783
-6.77599 4.37075
0.274163 1.45923
-0.720876 -2.50676
2.7555 6.43726
-3.36333 -7.20681
8.62025 3.00694
-0.971505 3.60865
-0.87868 0.778175
-2.51105 5.92562
-3.59531 1.02392
3.3855 -3.8504
6.34215 6.71822
2.81429 2.83155
-2.4082 -4.03439
1.24712 0.766357
-0.618164 3.27086
-7.20518 3.06623
-0.644192 7.50586
-0.315749 1.19752
-2.59574 -0.710675
0.929209 5.81472
3.51074 13.4566
6.60725 3.62631
2.86107 -4.05132
-1.62686 -8.47853
7.46722 9.37611
0.338993 -0.034604
1.48874 2.68123
-3.08433 -1.22927
4.17928 -0.448543
0.0046163 5.63784
-3.15723 3.52786
-1 -10
0.447455 11.7341
2.56726 2.24842
3.2174 11.2107
-3.25031 -5.18319
2.4713 -8.73493
7.84475 -2.61119
-1.09051 7.93246
0.0948177 -0.388767
3.14536 -3.80088
-4.71357 9.26809
2.61735 5.66403
-6.17055 4.62124
-1.74563 2.13248
0.583649 -3.03369
2.24346 20.0924
-2.82657 -2.18683
-10.3971 1.76465
-5.86857 -1.06861
2.86981 -4.07847
-8.32087 0.202893
7.09974 -4.39956
0.0577974 3.1567
22.1266 5.23197
-7.00449 0.328534
1.12132 1.70711
27.6707 17.2888
-19.0371 7.55745
2.5936 -5.0217
-27.5998 6.53917
19.3952 2.76773
-9.2497 3.06896
-11.6774 3.63548
31.4756 25.4371
-6.40775 12.1182
-6.62596 14.8305
19.7989 -30.4392
42.4788 31.8419
-31.8952 4.34356
-3.71845 -22.9611
45.8086 -16.2215
-8.64133 -46.4837
-68.7529 30.2259
-187.786 32.8818
8.11014 -454.927
220.097 -176.842
277.935 13.2657
-2.74686 -385.669
1637.17 -1021.65
-131.228 -544.167
