19685 21358
4232.58 -5985.99
-1025.07 53.3033
93.4986 -166.965
175.089 -366.035
-373.07 164.292
-126.13 -265.369
6.46772 -311.937
107.317 -53.1936
-65.4083 49.2518
-22.8413 -90.1851
-52.0111 -54.5708
-75.1251 10.4584
-2.13767 -48.4838
25.0547 -32.9178
-25.3287 19.3927
-19.4568 -28.1655
-39.0469 -3.24931
-23.2115 -13.4955
-27.4564 -7.98044
12.8977 -18.9407
-27.2688 8.5555
-10.6081 5.39848
10.0432 -18.833
-19.6556 21.4412
-3.34315 -18.3848
1.07324 1.66873
-10.8746 -8.2074
-20.5023 -10.1017
5.65436 -3.35768
-6.14057 -4.17153
-4.32918 -3.09778
8.37678 -9.20187
-4.41594 4.0596
-13.0737 -1.62938
-1.94932 -16.4974
11.0026 8.09533
-10.0667 -1.11764
3.83415 3.50582
4.45573 7.39354
-6.04654 4.13615
8.02002 -0.858237
-11.8501 6.68604
-7.78754 7.45197
3.1498 -2.91792
4.58604 8.88383
-12.6313 0.607533
2.91433 1.69724
2.23749 3.46063
8.66605 -8.15749
-13 2
3.87608 -2.58415
-1.22732 -1.55288
-4.74576 2.08501
-4.41423 -0.366157
2.35648 -12.0103
-0.284288 -5.51173
6.00726 6.39583
6.87792 -2.02782
-1.91734 -7.53408
-0.691339 -5.83116
-5.54887 -4.76996
0.788058 -4.22012
-4.99774 1.80371
-0.78432 -5.24879
6.90437 5.94032
-7.56505 -3.27519
1.78195 -1.0292
-0.822609 -2.60582
3.92206 -5.50132
-3.51191 11.4289
-4.75443 8.14745
-0.986808 1.56891
3.66603 -0.406031
-11.3799 3.43183
-0.656854 2.92893
2.58866 3.12954
8.20623 -20.582
-7.87859 3.82359
7.60389 3.96623
3.56674 -6.12808
-4.64798 8.00554
-5.96306 0.290928
-5.29162 -7.96088
2.93119 -0.145949
0.527425 -0.0557489
3.10161 -8.047
-1.07192 -4.32719
-2.31986 -2.14446
2.31289 2.63486
-1.57507 -3.62644
-2.79032 -2.01653
-0.67771 -3.91661
-6.03397 2.4047
-2.69249 1.58124
-3.84098 3.49862
3.39697 -0.520086
-2.52211 -0.514172
5.48776 2.3041
2.30253 7.05324
-3 -2
-3.93506 -3.75039
1.84942 -8.0139
-3.69989 -6.67876
-3.93575 -6.17293
-2.90216 3.32063
2.93419 -9.30152
-1.77764 -3.01816
-1.26496 4.256
-0.953158 -4.9292
8.69961 5.59292
2.55203 4.32964
-10.6471 5.85021
0.672858 2.71714
2.32528 6.63582
0.958028 -6.19059
-1.73509 -1.71756
-3.76875 -0.653582
-2.7348 -7.74766
1.99484 -5.84306
8.99557 2.65594
2.73716 -7.04631
11.4153 -6.55586
-7.07603 -5.00112
4.76988 -1.25151
-14.6569 18.3848
1.12003 3.38409
4.05142 7.47954
2.22477 4.24816
6.11395 -3.54073
-5.36343 7.81029
-0.201783 8.91133
-5.39585 -2.24256
6.00402 -5.13632
-0.801975 5.92106
0.696963 -2.13735
4.02997 1.96209
0.400367 3.42485
-0.864163 4.52389
-1.67686 2.91017
-2.87097 7.48363
6.02974 7.83526
-0.86189 2.35903
3.75082 2.13029
-7.06415 2.13949
8.20892 -9.81746
2.92985 -0.133262
2.73188 -2.44845
1.22422 -0.809571
-2.43191 -5.04524
3 -2
-2.32734 0.37901
-1.54683 -0.184895
-6.42583 3.74175
1.10245 -0.818982
2.08008 1.56766
-3.35365 -9.05696
-1.14478 -15.4162
5.1985 -1.84557
6.47858 5.95341
-1.51577 1.33598
2.79856 2.07536
2.37981 -2.29769
-0.500416 -4.47335
2.19982 3.09765
-11.8409 7.23905
5.36679 -12.2502
2.34139 6.11622
3.38216 12.9648
5.09582 -1.18169
7.77984 -0.998758
-5.56657 0.240665
1.14305 4.25424
-9.64474 11.75
8.77999 9.39092
10.6569 17.0711
-8.21762 -3.28678
4.37336 15.4768
-7.94411 -2.9443
-14.341 -2.7762
3.66463 -10.7117
-23.2161 -12.1154
30.2176 -28.446
-20.9596 19.0099
1.0699 18.3631
-14.4136 -29.8024
50.2028 6.66645
24.7838 19.912
-68.0403 -12.3951
-14.454 -32.4771
12.9529 44.1497
33.315 4.11522
-47.1364 31.6321
-245.725 46.8665
130.189 -433.032
175.027 -217.623
214.047 61.4577
-29.7204 -503
1643.44 -1246.75
-393.534 -531.718
