21447 23759
5826.73 -2464.08
-943.574 -940.99
106.092 -28.8525
-72.5672 1.79357
-170.869 -520.5
179.629 -243.691
20.3356 18.683
-77.903 -79.6997
90.0853 -51.2775
-61.7644 -61.617
35.2915 -57.7828
37.8149 10.3445
-31.1849 -27.4907
4.89408 -31.8401
13.6685 -18.0025
-5.41788 -15.4038
13.7019 -16.8339
-14.1534 -19.5289
-10.6981 -18.5898
-0.153074 3.27836
-13.6092 -5.64539
-7.81852 8.31499
-11.9476 -0.0780391
-4.10986 -2.41404
0.656854 0.171573
-23.2504 -12.8071
-12.7809 -9.90985
-0.603266 -10.0778
0.86528 -20.1686
1.63162 -1.33245
-0.881473 -8.60898
-6.72468 2.05246
-4.25016 1.83984
3.03249 -12.9732
-3.20743 4.75041
3.37274 -3.50304
-9.50236 -2.50865
-6.12722 -5.47625
11.3372 -6.39445
1.47599 2.252
-1.24489 -1.3358
-5.2122 -0.139995
-0.274155 4.30531
0.871548 2.19956
0.280295 -9.49551
-0.559312 -3.07281
-0.451294 -7.8295
-3.98462 2.48846
-2.53362 -2.68615
-5 9
-2.9917 -5.11723
6.67964 -2.34127
-2.86233 -3.59954
-0.638795 1.80214
-9.60033 -0.775988
0.566976 -5.6953
-0.886367 5.9007
0.627586 -1.85425
5.74522 9.03076
-0.355 -0.508914
2.87537 -2.74717
-6.45659 3.12846
-2.67576 5.80023
-2.82001 -7.44809
0.208481 0.864218
-1.7904 -0.997265
-3.35488 1.55687
3.41045 -0.392414
6.56268 -5.59401
1.07659 4.09638
4.55278 -2.01186
6.26915 3.83983
-2.70148 3.20066
-23.3387 10.284
7.58579 18.0711
-1.43079 -3.98399
0.727456 -3.15927
3.59846 9.48987
-0.0989918 5.14693
-1.51484 3.57086
1.17879 6.18253
-1.82478 5.56645
-0.601362 9.0108
-3.13373 1.15781
0.365631 1.02801
4.91689 6.00066
-0.675209 6.74382
0.530507 -1.45516
-3.74346 7.0795
2.69548 -1.68794
0.704026 1.7478
5.867 -0.373666
2.09342 -1.01149
-4.84138 -5.72281
-3.63791 -1.71921
-0.976116 4.15287
-0.457333 -4.70467
0.0397917 -0.456411
1.75037 1.68024
-3 1
-3.66974 4.15199
-4.72209 -1.40909
-0.127569 2.26668
-0.729834 -1.53486
-2.11854 -1.19382
6.06333 -2.56932
-3.07559 7.17819
6.40901 4.32537
-2.37327 -1.22475
2.70338 5.88342
-2.12401 0.486742
-3.39745 2.55235
1.84854 0.554481
2.71469 0.608751
1.50937 -2.7488
2.66726 -5.26627
4.27931 -0.661485
-1.89295 6.53062
-4.58407 2.53679
-0.339266 -9.1889
8.7378 2.26641
-1.79068 9.48906
-6.04475 1.61199
1.41493 -0.274044
-10.6569 5.82843
0.52705 1.23017
3.1154 -6.4206
24.4468 -7.57539
-8.65034 0.954614
-1.57562 -4.17199
-1.88957 -1.26473
-0.0933174 -16.6828
6.40375 -4.41734
-5.26477 1.75216
0.767192 -3.47433
1.37437 0.697763
2.68418 -6.26243
2.98657 -2.53483
4.30137 3.16641
2.44517 10.0712
1.15852 4.76782
-6.95025 -3.32566
-0.874686 -6.01207
0.803971 6.68769
-5.27665 -0.666762
-1.25694 -1.42537
15.3311 -10.2387
4.74936 -15.6974
3.51515 14.3646
-7 -5
-5.57095 -2.48791
-4.67403 -7.48369
-1.66502 2.96016
4.23738 -5.27863
7.67286 1.19804
2.32121 -4.03215
0.522415 1.5523
0.553517 -7.74755
2.71276 -3.08534
3.37811 -5.63397
6.11861 -0.196127
1.01862 -3.441
-3.90665 -6.69466
5.82637 3.70664
4.20715 0.0450336
2.76995 4.16588
0.937745 5.23863
-3.36533 0.491786
3.86573 0.861779
0.6445 3.47695
-2.6773 11.5931
-6.37517 -9.12935
-0.563378 1.99609
6.18099 -3.30414
10.4142 3.92893
-1.73217 15.6593
-8.48022 -6.26345
-10.4379 -15.5126
-19.568 7.69739
-8.9371 -13.8407
-8.71769 -8.55189
20.5335 -14.9114
-3.70056 -5.55327
14.6718 -15.431
63.2025 -6.08124
-6.30144 7.76105
5.44891 -4.62598
38.9854 -19.5243
23.5606 41.5828
-13.4116 1.35265
11.1264 -46.0969
-7.82853 30.5185
20.8745 41.8299
-272.79 -158.201
174.828 -331.228
548.814 -107.249
148.71 -71.6248
1236.67 -926.914
722.792 62.1736
