19755 20274
-6308.51 -4242.96
879.199 -348.604
-6.75383 -34.3292
-302.886 -495.107
357.812 -65.2591
206.433 -158.774
-253.697 -285.563
-163.98 42.9495
-31.3781 -59.6381
-71.4135 -39.2069
-98.1962 14.7617
20.8724 -26.0418
-6.2557 27.5332
-38.4301 -58.7178
-11.3955 -34.241
-7.64512 -5.48164
-51.1727 -20.0196
-4.22099 6.97585
17.062 -45.5892
-26.4184 -18.3529
-26.9604 27.5753
1.08172 -29.7685
-3.54131 5.00129
-13.1567 20.1195
18.9497 -0.12132
1.03782 -21.3925
-10.3587 -23.2448
-22.5741 -1.59667
-1.73808 -21.352
-1.82658 -2.61734
1.72523 0.331771
-3.19531 -22.4693
5.7888 -7.08426
2.0606 -8.59889
6.519 -8.57197
-5.02897 -5.89337
2.67108 2.28798
5.93902 6.46336
6.34566 -17.0795
-5.15688 -1.2053
-8.42715 -4.32717
-8.62733 -7.5589
-3.33484 -7.68941
-2.25331 -2.29791
13.0484 2.20668
4.74049 -1.70301
1.08206 -5.47126
-0.393618 -1.86361
-5.04346 -4.51283
8 -1
-0.321106 -3.53594
4.35972 5.17026
-4.42861 0.629918
5.32827 0.563124
7.11752 6.46768
4.30644 1.73553
-1.77775 0.946315
0.525417 9.87193
15.4951 -1.13495
-3.20708 -4.8801
7.37362 -1.96889
-18.9249 -7.01427
9.06851 -1.51604
8.65162 1.14716
-0.0365655 -7.67157
0.00184845 -4.25635
1.64661 -2.82437
-2.61505 -5.92619
-1.65416 -5.49454
-0.757011 -1.50728
1.24959 1.43503
-7.08732 7.11233
-8.10292 -10.4083
5.15921 -2.43523
-4.12132 -2.94975
2.92786 5.44739
2.28076 -0.344423
0.596039 -7.01882
-12.4995 -7.00412
-1.01869 4.16489
-7.7252 5.23442
-9.21522 -0.196543
0.221884 -8.30103
0.14105 3.59498
-8.65401 3.41447
-7.42986 -3.77385
5.70684 -10.0715
0.499428 -7.95697
4.19913 2.72087
-0.0717706 -4.62588
5.28821 -0.714983
-0.0602644 1.62052
-2.32059 0.0501301
0.304254 4.50782
-1.2108 -1.93088
3.65329 1.55931
0.831551 -2.90546
-3.0625 -1.87032
2.16896 5.25821
-7 -2
-1.10798 -1.10199
-3.94722 5.44289
3.51655 -2.41404
-0.0884252 3.44382
-1.48976 3.76277
-3.81753 0.166892
3.05687 0.486968
5.71812 -1.24609
5.17661 1.31266
-3.20977 1.94735
7.5191 -1.88734
5.59534 7.75085
-1.28888 -1.18185
-3.73552 6.87141
-2.69334 -1.85522
-2.53424 -10.5543
-0.236669 -0.590802
-4.79112 -0.0630091
-4.981 -0.59169
-1.74524 -6.69276
7.0054 -5.98356
-1.01838 4.93224
3.03545 4.60062
0.495935 2.78218
9.05025 4.12132
8.19456 -7.53706
-10.4051 -4.46122
-6.36391 -3.30208
-1.30764 5.60154
6.44489 2.45927
11.5139 5.73153
7.18859 -0.00407438
6.93667 -10.4837
1.16789 -0.87576
0.471492 -4.56788
-5.68524 -8.37824
-8.08187 -6.05542
10.9636 -8.06899
7.87193 -9.24175
17.0956 6.53258
-5.73384 9.7079
-2.39889 3.11809
9.49532 1.34423
0.444686 0.221505
-4.88823 -1.25133
6.96758 8.42805
3.00385 -1.18134
1.16429 -2.3466
0.313431 8.33191
12 -7
-8.40039 -8.11049
-11.2426 -0.795121
1.52522 4.68769
11.8661 7.72732
5.77744 -1.77104
-1.11071 9.53973
-7.19091 12.1326
-3.67807 6.67634
1.3837 6.23175
-2.07919 -10.2668
3.25792 -2.26698
3.52192 -7.2803
-0.883518 -3.84755
-7.50445 2.85383
5.26901 -1.30314
2.87649 9.35956
15.4148 7.09013
-4.1219 14.8511
11.9098 10.4498
7.0404 7.37355
1.19255 5.12636
-10.3057 -3.81864
-16.9396 0.112967
-17.9629 3.3689
0.12132 6.94975
-6.06309 -5.01886
6.25368 -4.52533
-5.40162 28.152
4.05553 -11.4806
4.5299 -11.2995
6.53069 -8.09793
-5.18743 13.997
-19.4156 9.86348
-12.5077 -43.6186
-39.0606 12.1013
-39.3303 37.6348
-32.9577 -38.5862
-34.133 15.2632
-4.31179 -2.08769
-26.2066 34.1773
-38.8721 23.7644
173.38 -37.0062
37.8486 -151.816
-67.8743 -515.498
-130.586 -47.5297
-36.8621 213.561
-98.2057 -544.112
-1938.91 -753.251
1046.5 -715.156
