18158 22679
-5759.23 -3235.97
856.069 -827.371
34.7292 -113.453
-260.778 -27.1362
425.385 -152.682
-55.3121 -378.9
-242.745 -33.0156
-48.9499 -102.779
-120.462 -93.9157
-54.0624 -19.5089
-12.4558 1.42043
-51.0681 -45.4097
-4.82116 -9.43564
32.1608 -16.0142
-54.1112 5.1373
0.0561473 25.5513
-6.32253 -20.3155
-33.1974 -8.58481
-16.3126 14.1554
-9.53441 -14.7834
-9.31666 -29.1004
15.2105 18.7958
-19.8792 -8.01515
-10.7176 2.3633
-13.6569 2.41421
-5.17929 -26.3862
-13.1115 -19.2911
-13.4459 -19.6495
-1.19182 -6.65116
-2.97721 9.84615
-3.75541 1.1754
4.7028 -5.12436
0.521849 -8.58257
-3.5825 2.40245
-0.387557 -14.1094
-7.25446 3.90132
9.2019 0.407096
4.30087 5.41152
-3.18879 6.16157
-1.10262 3.02874
-1.27816 -3.65533
-7.59142 -0.305297
5.35979 6.88952
2.21736 4.91535
6.69372 -3.38513
5.06746 2.98606
1.95825 -2.24417
11.4877 -0.598957
0.133678 -1.36435
-4 -1
0.595483 4.62117
7.25636 -1.75827
-1.59982 0.378591
-10.2126 1.18846
0.321963 8.59297
2.89055 4.51983
-0.347935 6.00036
-3.97933 -5.42375
-1.17719 -3.01612
2.1525 0.183067
-5.26345 5.04498
1.99282 4.18361
-6.30872 -8.27936
-1.61076 -3.86004
-5.07515 11.4598
3.65837 1.18234
-2.4809 -6.19572
-1.79269 1.41058
2.70303 3.02059
4.24772 1.44564
0.744959 0.363528
-3.52227 -0.569385
-0.0419109 -1.32172
0.277415 -2.7986
1.31371 1.58579
-1.9163 0.664051
-2.05186 -5.26308
-8.96079 -7.48986
4.94264 -7.93723
5.32916 -1.13876
1.58086 6.0658
4.64127 0.743711
3.56446 -5.43635
9.16522 3.99335
-2.3762 11.7419
-1.30092 -0.751493
5.86096 -3.8004
-4.68488 -1.95546
-3.53311 0.0537241
7.31976 -3.67145
-8.74599 -7.63756
1.57111 5.89659
-3.67424 2.59221
20.4562 7.42239
-1.4435 1.09794
-2.16258 1.52744
6.49873 -2.18733
-5.82588 5.13417
-2.58878 2.09592
6 3
-0.37511 12.9444
4.60274 8.32716
4.0714 -7.20456
-2.60756 4.44274
18.3333 13.3958
-3.25707 7.73134
0.0938639 1.56921
-9.70899 -12.4654
6.01757 -11.1522
-3.91028 -0.821932
-3.33816 1.74239
6.74618 -0.426393
0.450241 -5.04448
-8.79271 0.215939
4.02654 -5.55094
1.48464 -2.72403
-3.45302 -4.63995
6.19774 5.62257
5.31066 -0.414434
1.52494 -0.861243
11.9198 8.15762
-15.9992 1.81719
4.54228 -1.24121
-6.5501 -4.71231
-2.34315 -0.414214
1.32534 2.75562
-3.43644 2.47113
-0.646164 5.83957
2.99376 -0.17022
-2.87546 -4.71608
-7.66821 -0.680974
2.86982 7.14394
-4.13577 -1.12121
-1.59452 -3.67098
-3.09825 -4.03427
-7.06135 -4.55744
3.49588 1.77464
-0.26572 -0.0877436
-8.94338 -7.92525
7.40981 0.289069
-2.62859 4.37901
-2.50079 1.72447
-9.21124 -1.80298
-0.74861 4.85045
-3.68015 1.94954
5.40898 5.22879
-2.51613 -9.00739
-2.68687 1.29382
0.171326 -5.75421
-4 -1
-0.159944 -7.85042
10.5395 6.5933
6.30604 -5.71909
1.75109 3.61796
1.69503 5.93942
7.57236 -2.92115
9.17643 4.87871
-0.368141 3.84064
8.60502 -2.04467
1.24852 -5.02874
-4.25744 -5.27288
-0.832054 1.43834
4.79529 1.39425
1.09031 -3.71025
0.986358 0.241609
-5.7736 2.5494
2.63134 8.719
7.42883 5.83189
0.748593 2.44728
-1.38189 3.89642
11.1937 -0.994928
3.68335 16.8977
11.2715 0.0200981
-16.9136 -5.2449
-21.3137 4.41421
-8.39085 19.2703
-1.1105 15.7136
27.1125 -31.4184
-11.5968 14.0199
-1.0279 6.31131
10.6576 27.363
3.79604 -35.5276
-3.82721 -22.4145
17.2624 4.43306
-34.2664 -74.7219
-4.10886 -57.6083
-63.5332 -0.887666
6.4778 28.0992
-12.8022 7.16518
-28.3602 25.5301
53.7237 28.7874
14.9884 84.6479
4.91129 -138.796
73.693 -294.528
-157.003 -213.073
-193.187 76.2709
219.138 -372.977
-1532.17 -1052.21
-125.742 145.205
