19922 20478
4634.79 -6129.45
-535.241 174.467
193.467 64.2664
-52.4958 -597.001
-145.544 202.848
-196.169 -188.698
-45.1002 -329.743
94.7966 -131.783
28.8803 59.4217
-71.6243 -10.9605
-67.6034 -100.03
39.4987 -9.40905
-45.5659 -21.4986
-37.4635 -22.3872
28.2851 3.96982
-5.31153 4.8872
-30.2744 -8.35844
-7.94894 -7.18758
-35.4846 -11.4356
-24.3184 -46.4531
4.34079 3.90668
-2.15995 -9.16249
-14.1426 -8.92349
-14.5405 -4.98173
7 -30.3137
-7.4988 2.1365
-4.74264 -6.21329
8.58749 -3.9387
6.55455 -3.57394
-6.18693 2.66483
6.26828 -0.281525
-9.85628 1.28505
0.00304809 1.63771
1.13161 -7.96519
-2.76772 -0.848847
5.35758 6.70713
-2.90818 -1.7691
-0.531281 -4.28516
-1.52143 2.1877
4.27163 0.011554
-3.89115 -8.44481
-4.98919 5.56454
6.3324 -2.32886
1.55715 1.65872
2.02611 8.09023
1.20292 5.16687
-12.1057 -7.54605
1.72405 7.79644
9.02635 6.91263
2 2
1.36099 3.76475
7.69899 5.76894
-4.54327 -4.0697
-13.0733 -6.15106
2.56574 -5.9145
2.70738 -4.38867
5.29171 -10.2564
1.74211 8.31234
9.32598 -1.14639
-1.04733 -3.02918
-4.4091 1.52528
4.05616 6.36798
-1.19293 -7.21719
7.41583 -5.46083
-4.96768 10.7175
-3.97332 -2.45409
-4.4619 0.763235
4.39027 -1.81282
-9.45103 5.36414
-8.19504 7.98765
1.52255 2.54187
-4.89012 -3.31033
19.0679 -13.3858
1.59883 6.41709
1.58579 4.75736
1.69495 -7.99406
-4.59434 4.77927
0.712807 -6.27174
4.18723 -5.6505
1.0326 -1.74617
-1.27482 0.844907
-4.96497 -3.95842
-0.591296 -3.25524
-1.98064 0.997734
-6.75388 -2.26314
-8.87972 -4.74517
3.1148 -0.204977
2.89067 -2.19729
-2.09057 4.20416
5.70131 3.25232
-0.783814 -6.48332
2.83891 0.341675
3.79094 6.62569
2.58259 -1.71087
-2.19395 -4.56755
1.12054 2.43277
-8.10649 3.53085
1.75653 2.88606
5.37291 1.2654
0 4
0.109974 1.49773
-4.28503 -1.60594
-0.649349 -4.56768
-4.69662 -3.31741
7.55512 1.05086
7.90025 -2.51212
0.367396 2.05811
6.29166 1.71899
-1.90554 3.45633
2.82615 2.48652
2.41529 3.94977
-3.18569 -2.89413
7.87923 -10.2345
-7.51668 0.882853
-3.41973 -4.12532
1.63994 1.89714
-0.809202 3.83163
-9.02573 -0.570047
-3.96408 -2.8829
-5.12277 -6.72597
-1.79313 -4.37348
12.2707 -4.7675
4.71503 -8.61372
4.14023 2.03611
7 -7.68629
19.8463 -11.5214
-1.71334 -7.48438
5.06513 5.757
-18.2247 17.3209
4.95583 1.9888
-2.05374 -1.51447
-4.41288 9.19216
1.08456 1.45989
2.59549 3.30801
-9.13713 4.33561
0.311713 1.22656
5.72501 -7.22975
14.0279 -3.86013
-5.47647 4.25873
-1.39036 2.33413
8.06705 -1.54788
2.03791 -9.4017
-1.95226 -3.72671
1.28179 0.245608
-9.2994 11.7028
2.75747 -0.0702553
8.91639 7.79301
8.05265 4.42685
1.47296 -1.27916
16 0
0.940232 1.83355
-5.43129 -5.03688
-4.01189 2.35062
7.2787 2.82636
3.14116 9.52688
-3.49889 2.82135
-5.59164 -0.678282
-1.31863 -1.79229
-0.095716 7.54063
2.81854 0.460582
11.4456 -2.89128
-9.0672 0.923367
2.89211 1.50573
5.99198 -8.69421
-1.58084 1.29031
3.31071 0.177204
5.71482 -5.58585
17.3168 -1.49148
11.3984 4.99915
-6.03284 3.7194
13.7401 0.254228
4.20186 3.23779
11.2434 1.84829
-10.8058 5.16868
4.41421 13.2426
1.85506 -6.1391
-5.33048 25.6999
-11.259 3.86607
-13.2927 -19.8043
1.75612 -16.8518
13.5064 0.54842
36.8397 25.4106
-29.9077 -2.76986
-3.96334 8.75797
24.5648 -45.4366
13.8918 15.2306
-47.0246 16.6471
9.03267 -36.8207
21.3226 3.00223
-19.4442 -23.139
56.6342 61.6236
-134.61 -31.3875
-120.618 -139.508
268.103 -240.738
237.527 -210.376
101.413 234.866
190.396 -596.215
1950.53 -667.296
-893.427 -1094.84
