18772 21627
-4639.8 -5323.96
739.135 -255.693
28.9412 54.7725
-277.826 -383.393
368.728 -140.644
-120.191 -267.801
-296.527 -38.1438
-22.5721 98.5618
-68.194 -96.868
-85.6477 70.2985
-49.6097 -9.14284
-13.6342 -37.3725
-47.2323 46.7577
9.83074 -5.54363
-25.8759 -12.4977
-23.3398 12.6164
-27.6068 -30.5428
-29.4089 -0.295556
-6.87824 21.9147
13.781 -14.2733
-38.4447 -13.2115
7.53389 -0.083062
-17.7149 -5.48368
-29.9222 -0.403351
2 13.2426
-8.20074 10.8712
5.27783 15.9669
-3.8029 -1.22833
-3.11655 -3.72336
-4.24298 2.96116
1.96836 -7.24089
-9.199 -15.7039
-4.98879 6.3588
-0.494771 -15.1162
-9.81138 1.66735
-0.790834 1.58774
0.476204 -9.08781
-4.84874 -1.68486
-1.79278 -1.07213
1.86472 4.35114
-2.2694 -4.8847
-3.76904 6.18617
-10.4152 -1.12801
-7.59068 0.419028
-2.88245 -3.50357
0.243773 2.14383
-7.58119 -5.94831
-4.49578 -0.508354
1.65098 -6.1487
-12 -1
-6.19615 -2.0584
-0.500521 -0.44152
3.7202 -1.77882
-9.43244 -7.72047
-3.53838 -0.741504
-2.78637 -2.48698
2.38137 -5.00241
2.46073 -7.93107
-9.65762 -10.4585
-0.384473 3.40758
-7.09011 -2.91478
-0.591202 2.85655
3.22557 3.31392
-4.08136 4.16633
4.09197 -8.77283
0.301377 -1.23051
2.41239 4.32631
1.4738 2.95241
-3.64449 -2.9099
0.075791 6.03884
-2.5617 10.1443
1.98972 1.70309
0.471635 -4.25918
2.13949 8.87599
1.75736 5.82843
-1.09441 -0.424041
-3.49804 -7.99098
-3.86565 3.49932
0.823587 -1.31801
-0.982814 -1.80423
3.2451 -4.99384
-0.0448313 -8.05918
3.7233 3.54556
-3.51393 2.61537
1.18874 -3.43169
-5.52439 9.72614
1.65744 10.6309
2.21728 -2.4097
-4.67223 4.89688
10.8706 17.4229
-0.0348688 -2.21795
5.57719 -0.159875
-16.6406 -17.6994
4.6925 -3.00951
-2.69108 -2.14259
-4.05112 -5.3791
1.4892 -8.1209
-2.9965 -8.16267
-11.5519 -7.28365
-2 1
-4.33062 3.6844
0.209424 -2.83885
-2.34415 -10.8269
-11.8677 -4.90648
-1.71514 2.71286
-8.49156 -14.8093
-3.62286 -1.74891
-1.67258 0.413909
9.76861 15.8056
-10.5361 4.86327
-0.400428 1.75057
0.393217 -3.09703
-7.84645 -1.16562
-1.76921 2.22742
5.47073 -4.18254
-6.12885 0.610822
0.177536 6.49075
-0.876214 -3.9782
3.3709 5.74903
-9.48932 5.80423
4.1679 -0.705242
-2.66128 -1.00709
-0.985879 5.91442
0.489222 -5.68093
2 4.75736
-1.69611 2.1155
0.452209 -2.8395
-3.38789 2.27505
-2.13977 -4.82666
3.24209 -2.74255
2.34502 0.258276
-1.52099 -3.80761
0.947538 2.70525
6.34661 -5.22177
2.00991 0.773674
-8.10797 -2.94127
5.53627 0.52402
0.0998863 0.406065
2.40896 2.10005
0.856609 3.06455
7.75346 8.10618
-3.55293 5.72053
-1.19251 7.76005
3.16208 -0.0101078
1.04708 12.0605
4.92427 -0.604032
10.5907 -5.21767
-1.4022 -1.14715
-5.0661 2.07326
2 -3
3.7736 -9.07943
0.260795 -4.45256
0.757312 -4.47027
-10.7056 -5.84018
1.77324 7.70089
2.04908 -3.41947
-7.04798 0.738466
-2.28784 -7.05285
-0.803721 -8.24377
-3.39259 -0.351141
3.17365 -2.59784
0.551426 -2.81873
-4.70601 0.92645
-9.78319 7.89992
2.74266 5.03981
-8.99538 0.0360626
6.79371 7.82132
-2.25098 3.261
10.0236 4.51084
-6.46501 1.02119
-8.94682 3.33723
6.06274 1.46583
-7.08044 -1.77894
-0.0766882 3.73498
10.2426 0.171573
4.16312 2.07628
-1.72967 -19.9838
-1.219 -2.62457
-19.9133 -16.4628
-22.2531 11.8012
-31.0624 12.17
14.8084 17.7806
3.28325 14.9577
-3.16869 -27.4531
12.7994 -1.46144
0.65141 -32.9162
-31.6123 -44.6481
-30.4488 0.570931
-57.6078 -20.6001
-47.2968 4.13673
-76.5776 -30.4475
-42.9553 -14.908
6.47989 149.232
209.498 -231.458
150.663 -336.578
-495.942 -61.4612
438.892 -193.825
-1271.73 -1582.68
160.579 -664.179
