19550 21995
-5737.99 -3702.69
923.938 -514.049
130.449 -46.078
-237.574 -363.062
318.983 -57.0423
-0.851613 -326.53
-370.746 -85.4727
-80.0711 -1.25225
-54.0762 -58.5512
-56.1847 -44.4444
-66.8314 -5.90972
17.6411 -79.133
-32.2788 -26.9312
-23.4048 28.0938
-29.1154 -47.6437
17.1061 5.33552
-1.37051 -8.5466
12.8414 -18.3806
-32.3592 -11.0066
21.9095 32.0188
8.92465 -8.89039
-32.9417 3.11254
-6.54784 -0.0762674
-4.154 10.0597
-6.24264 -9.24264
-3.80544 -1.34935
1.26416 -17.9888
-21.1935 -11.4455
-11.0725 -8.99591
-6.19224 -11.8732
0.593461 9.16841
-4.30001 6.90829
2.80613 1.58897
9.65216 -6.51233
-16.8207 8.49296
-4.58032 2.75377
2.72196 -1.36949
-8.47682 -6.87109
3.42494 -2.21927
-2.76741 2.14297
11.6698 -5.15066
3.31096 -1.33729
1.60217 4.49874
5.42916 -3.04208
2.04021 8.43522
1.78799 2.7574
1.70068 -3.05843
5.69536 -3.94064
0.677 -2.381
2 9
-1.87253 -7.99204
-5.45813 1.08406
5.03617 0.734165
-3.29465 2.38602
-0.960175 -5.78029
-4.4738 -0.431346
0.0952813 -1.68296
0.66915 4.18022
8.0457 -4.50184
2.74836 5.09465
-0.724681 -3.84234
-1.48867 1.12157
-3.34724 3.35211
-0.976746 8.93416
5.65385 1.23165
-11.1833 0.208385
1.1785 -1.85569
-0.0407036 -3.7877
0.628925 1.35508
-5.5717 0.478051
0.240362 -6.35752
0.315537 -3.30542
5.7939 -3.89372
-1.00896 0.988469
2.14214 5.82843
4.89758 1.48265
-4.59416 4.49052
-0.107297 2.09959
5.85297 3.13466
-8.28199 -2.72066
2.19658 2.92864
5.43697 8.45273
4.14805 -1.24784
3.38233 -1.13589
-2.3273 -12.1103
-5.88536 1.91027
-5.27944 4.34114
1.67473 1.93858
4.6408 1.19029
1.11577 3.17391
16.7194 4.37317
2.6893 -2.28468
-7.20585 0.511153
-19.6746 -9.31404
5.95816 0.00350792
4.36469 0.0640557
-10.1741 0.209721
-5.88061 -2.86224
-1.42717 -6.36326
-12 1
-5.7161 -6.34455
-6.08346 -5.87243
-3.83314 -3.53957
-4.09621 -7.77208
-12.1586 -14.2616
1.19333 -0.817331
-6.33047 -4.75981
20.0967 12.9113
-5.92603 0.237855
0.890503 5.03725
4.76907 6.66942
-7.92534 3.4023
9.99263 3.79086
6.29687 -4.37068
-3.44491 -3.92685
-0.306495 -3.67968
4.5932 7.28528
1.24151 -5.16742
0.930159 -1.80751
8.28199 -0.369514
3.82362 -5.65406
3.53843 0.400814
-10.9658 0.046499
2.5139 7.477
2.24264 -0.757359
5.98989 1.36319
7.48647 -0.289871
0.573672 1.87888
4.12204 2.20552
-4.41666 -6.23613
-0.140039 -1.41125
-3.72139 7.21737
1.19161 -1.295
-2.36255 -0.983863
-7.31407 -4.82719
7.31101 8.05421
8.68236 2.09816
-1.57598 -10.1949
-0.00490302 -5.72589
-5.69263 0.523388
4.46054 1.75875
1.80875 -4.75885
4.03666 5.67095
0.623349 0.954751
12.0208 -3.31161
-9.81293 -8.54913
-2.57559 2.23114
-0.436822 1.54302
2.43382 8.41424
8 -1
-0.887242 3.08925
8.12124 9.043
9.9013 3.71394
-5.09639 -7.35493
-0.836855 -6.27485
1.05729 0.989688
5.83653 1.94854
4.74754 -3.69223
7.87344 3.31135
2.76741 5.9472
-1.05186 -3.29751
-0.827022 -0.801594
2.38511 -2.20158
-3.80056 0.882738
-4.16192 -12.6673
11.406 -1.02033
-7.8456 -8.81645
5.97882 15.0427
16.6786 -3.73483
7.48554 -1.49336
10.7174 11.6868
-16.1547 9.84309
13.6377 11.9288
2.90541 3.82966
-26.1421 0.171573
-11.6024 16.2471
1.90808 7.19899
-12.3278 1.32934
7.66807 -4.4662
-6.96523 -28.6368
23.6689 16.9465
23.9327 -20.7465
1.14136 -24.1713
50.1685 -55.8888
-36.0501 -20.2736
-21.01 -35.6703
16.1115 15.5961
14.7341 -10.0462
-36.6139 38.3427
-17.1266 57.3579
-19.3102 -29.4646
90.6666 134.727
-17.4602 -55.5446
80.6512 -313.31
-123.466 -246.044
-154.175 171.432
90.1358 -440.086
-1704.25 -1061.72
301.965 -140.388
