18379 20841
4719.86 -5832.04
-384.276 -36.9535
281.137 87.783
-36.5768 -586.883
-15.7138 159.394
-90.3238 -7.81728
-209.743 -202.482
-52.6993 -228.64
51.5157 -118.714
67.4108 9.76919
-95.6009 10.594
-3.07492 -32.2129
-24.1518 -68.5142
-35.4281 28.051
-48.5453 -16.2722
7.37474 -28.7975
-11.0245 22.2619
-20.1017 -1.26566
-15.7275 -5.89368
-13.8271 8.68233
-0.68545 4.79902
-8.29513 -16.2906
-33.8959 12.516
-0.554804 3.45521
-16.3137 1.82843
-11.164 -0.610745
-9.52569 12.6912
9.3124 0.0220544
3.1354 -3.89511
3.3341 3.69888
4.62015 2.69153
-14.226 0.842505
1.46926 -2.64981
-12.9084 -4.83844
-10.4816 -8.32525
6.23657 -7.0557
-4.92017 -4.40359
6.26421 -9.18755
11.7523 11.3269
-2.61382 -1.04264
1.29887 -3.11098
-2.38707 -5.73991
-7.84718 -4.99529
-2.84345 2.84357
-1.33065 -0.720495
4.68106 1.15975
3.90576 2.46105
-8.42637 5.86532
3.21246 -6.46867
1 7
-1.05237 6.60938
-1.11778 -4.23295
-5.22858 7.21311
-5.55277 -8.21336
9.56193 1.15612
-2.47763 1.82565
4.75933 0.633909
-0.241862 3.44402
4.69871 -10.1306
-2.72233 -2.36598
-0.717915 -1.6331
1.13907 -3.7545
1.57933 -6.6857
-1.65263 -3.77305
0.992124 2.82428
-4.56958 -10.1653
-1.94084 -4.0089
-1.79052 -0.0853981
-1.1318 -1.46449
-10.5357 -1.66444
-0.425353 -3.54273
-4.06227 -3.08186
-6.73271 2.06813
-4.31509 2.72726
0.656854 3.48528
5.37363 6.3331
-3.4187 1.61133
3.14295 1.09084
7.08461 0.978759
-9.13136 2.39941
-3.14852 -2.5897
-2.1843 -1.15605
-5.70681 9.09242
-12.6756 1.92127
6.23679 -0.845043
0.472056 -3.09932
15.2294 -18.761
-3.75272 -5.32609
-6.02012 3.46634
1.22037 -6.62329
-1.00944 -0.853812
0.389216 2.40793
-6.61044 -6.508
-1.48112 -6.08672
1.44357 -5.31334
1.97769 -5.07289
-0.723109 -3.61345
6.36454 -2.24039
-4.25393 -1.58828
-9 1
-5.77512 3.55151
1.17519 -1.16587
0.0910441 4.62039
-0.675877 -0.53343
-1.83823 0.199002
1.6746 -3.66633
-0.997266 -2.83456
13.055 0.423838
5.8993 -1.18764
-3.72721 1.28341
0.747177 0.0957308
11.9102 -1.1491
2.17693 -1.63812
0.222636 -0.850647
-11.1203 19.9166
6.3699 3.90785
-6.22124 3.48672
-1.49104 7.02095
0.154431 -0.532784
1.27726 3.74649
10.6617 5.64264
2.36796 7.79033
-1.49495 -2.95278
-0.895096 0.0913374
6.31371 -3.82843
-6.79124 -11.8837
-3.96547 4.2711
-0.518891 2.05642
-0.278595 1.13114
-10.812 1.17583
2.36148 -7.90292
3.18629 7.61231
0.48425 4.7061
-8.74074 2.9287
-1.65618 -4.01425
4.03375 1.20867
1.62966 0.608192
0.249073 -3.401
3.55752 -5.35056
2.8125 3.51188
9.73323 -4.78358
2.50245 -3.55883
-7.90006 0.773029
0.43599 0.767081
3.3548 4.20937
1.27057 1.72268
-4.12385 -13.5054
5.03251 1.68463
5.89749 0.621416
9 -5
3.63396 2.94096
-6.21927 14.3701
-6.3532 -2.56494
2.00556 -7.60189
6.96572 -2.95408
-5.73617 3.82762
-6.9811 11.6201
-1.87747 1.98928
2.10059 6.59871
1.46792 13.8967
-11.5411 -1.06486
1.67166 -1.49734
-11.7868 -0.726348
-2.84961 -6.48281
0.707141 -2.43166
-4.75098 0.596232
5.31331 -7.68661
15.7071 6.69213
-0.0175664 3.28748
1.18077 8.67828
-13.3666 -4.17748
6.607 -21.5473
-4.94755 12.7263
-1.23295 -0.741755
-10.6569 -13.4853
10.4037 -12.3042
-12.5051 -8.86943
19.308 12.9294
9.88588 16.8124
2.73691 -0.828232
-28.5229 -9.12127
0.0572221 -1.45891
24.9696 -27.1994
20.1269 17.11
-32.4082 29.3704
-40.8278 -33.7775
-11.9191 2.4831
43.8516 0.714876
-6.75018 10.2928
-28.0712 -28.3179
-53.3946 56.8576
-21.7044 -175.515
92.6821 -150.667
337.841 40.1511
133.832 -64.1937
63.1458 66.7096
449.991 -404.226
1726.53 -214.578
-1007.14 -1080.39
