21754 23786
-5155.86 -3605.68
856.615 -600.636
33.311 -137.052
-239.021 -189.877
352.923 -50.735
-63.2967 -359.27
-227.828 -21.1825
-103.236 -59.1485
-59.8493 -75.8028
-15.8428 23.938
-11.9484 9.79589
-1.14677 -43.757
-5.73038 32.2229
6.77734 -1.60267
-38.863 -18.8553
-23.9614 -8.80347
28.8082 4.68164
-24.1542 -11.6217
-9.33563 7.42988
10.4784 -16.4902
-22.266 -6.1668
-22.5378 2.95993
-12.4737 -22.332
-6.22155 -19.3041
-6.41421 11.2426
-2.75411 0.174821
-8.91374 -10.9612
0.268615 2.71554
-9.72481 1.33831
2.68939 4.2638
-1.2629 -6.78845
-1.75824 1.68357
-9.08502 -2.03285
0.129264 0.215842
-6.23447 -2.57332
-7.34419 2.69636
0.775404 5.73534
-5.41964 -4.29481
-2.42472 -0.605899
-1.06378 6.30365
-0.143791 -2.88033
-3.16483 -6.66552
-9.54155 -2.88856
3.10025 1.37634
7.53912 -4.00792
2.58583 1.88859
2.66603 7.04479
4.98513 2.26396
2.74793 -1.85407
-2 2
-2.448 6.48454
5.36406 -2.51711
7.17924 -0.484426
-6.79143 -0.589958
1.01347 -9.33152
-7.2312 -8.8426
-0.128201 -6.81821
-4.05643 -4.20322
-3.18893 1.32504
-2.88049 2.44079
14.4088 0.448872
2.54075 9.46529
8.0867 8.0341
7.37303 -6.11935
-7.87398 2.40575
-2.4686 9.54622
7.12847 -8.51206
-3.95544 -10.7764
3.87683 4.13059
4.3795 -8.00645
15.2115 19.0933
-5.27096 -0.248908
-4.11499 2.6919
4.76446 5.53722
-1.82843 2.65685
-0.741815 7.36906
-2.45456 5.12392
10.1063 13.2745
2.66574 0.0804189
3.46589 -4.2381
-0.50391 -6.60638
0.38221 -1.1759
1.83369 0.487413
0.238123 -2.01386
0.625728 4.3238
1.66902 1.16171
-1.60916 -2.87066
8.54139 6.13315
0.969484 -6.04041
-3.80963 7.09647
-5.89569 8.26928
3.35329 -1.51304
3.32375 3.18636
-1.78392 4.20818
1.91994 -4.40676
6.2683 -0.243483
1.11793 -2.16517
-1.96469 5.37337
6.25291 -3.77592
-4 -4
2.35166 -1.5629
-4.13725 2.14559
7.65368 -0.670176
0.856593 1.30921
-0.306548 4.0621
4.39663 0.434585
0.0385608 -1.04825
5.39924 -2.98388
2.24199 0.940672
-5.02747 -9.69516
-5.17667 -2.91624
3.18456 -5.16751
-8.67133 3.36785
-2.36296 2.19522
-1.63097 0.247897
1.08332 7.40638
5.82518 0.374938
-1.59642 0.405717
4.62721 0.496398
0.388209 -3.23404
4.16981 -2.29818
-3.18849 3.78731
0.079474 -0.314622
6.59513 1.6495
-3.58579 2.75736
4.18968 1.09512
3.49627 6.04824
10.0621 7.59068
4.12623 -2.81322
0.344413 -0.278548
-20.5391 -12.7392
5.17669 0.951677
-1.6904 0.431788
-0.899663 0.911448
-0.576505 -2.43225
3.51471 -13.6919
-0.697482 -4.22255
0.126992 5.52821
1.96398 -1.01743
-2.15395 7.97562
-0.76844 -11.3697
-2.00657 -5.32239
5.48794 10.3164
-1.40757 6.53204
3.20198 -0.26346
-7.18259 -7.89257
4.96539 6.75398
2.65485 -8.55453
4.43982 1.02854
4 0
6.08491 -1.83517
1.32296 -3.17633
2.00769 -13.2882
-4.80958 -0.815351
4.11635 7.96701
6.35822 0.230172
-6.10765 4.27676
-12.9432 2.23907
2.13403 7.89271
-1.79032 -4.83151
0.183165 -4.89768
-3.06161 2.12032
-3.08127 7.14327
3.45559 -4.03589
-2.18985 2.05514
0.623781 3.43106
1.26354 3.43225
7.35826 -9.81628
-9.9295 12.3213
11.3081 2.24411
3.49588 7.0425
4.29986 -8.18972
-0.189245 3.35506
7.2956 -3.74154
3.82843 -8.65685
-1.13211 1.6981
-4.95349 9.54779
-19.5906 -4.03137
-20.0505 -0.243782
13.5561 0.0737902
16.7602 -4.57554
-9.12999 -6.39993
8.32781 7.98603
47.392 -1.07545
6.08053 -41.8404
-31.2822 -46.9231
-22.3498 -45.3814
41.7416 -3.91665
-61.4157 -37.6304
-46.0414 48.4378
1.27482 23.369
44.3596 78.4271
19.0117 -54.4861
-21.3734 -260.948
8.25519 -214.616
-101.88 163.74
189.957 -521.53
-1290.25 -1171.97
-229.981 234.611
