17981 20046
1423.07 -6722.72
626.482 857.769
265.734 87.9913
514.961 -477.053
-170.792 -157.199
-75.0426 -193.623
-29.9194 -40.369
-85.3913 -19.8757
-11.1079 3.82312
-34.9702 -63.8521
-30.4151 -11.1124
-46.7717 24.4699
-7.62172 -37.9889
-24.6064 33.3008
-9.20878 18.4826
-8.72558 -3.29815
-12.7633 -13.6227
-10.5236 6.46529
12.0187 -1.38576
-1.11771 7.38435
-5.35516 2.58416
2.70536 -9.95165
13.2582 -15.2137
-1.59387 9.0449
-7.12132 1.70711
6.94399 -5.11454
4.52366 -1.35004
12.8049 4.77533
0.844028 -1.77854
-3.47436 -1.70071
7.95202 3.69548
8.29055 8.95191
-4.18393 9.75158
3.20511 -9.80016
5.8815 2.87814
-3.15348 4.81742
-5.52858 -3.98631
5.72348 -14.4244
3.80089 1.55778
6.30751 -3.65932
3.75369 0.767577
0.790742 -4.84789
-7.8075 6.63375
-8.71651 -12.4177
-2.62663 2.94464
-5.10827 3.21019
2.75594 6.38059
-0.162387 0.793335
-4.7588 0.420339
-4 1
0.11023 4.88155
-8.70811 2.69575
1.78547 -0.442979
0.00241582 2.82998
3.52381 1.48247
-4.84946 0.623394
4.69241 6.48102
3.7427 -4.22671
5.88216 -0.242631
13.0263 -1.92319
1.18885 -1.72302
2.14551 -0.823495
-4.43727 -3.24073
-7.08371 31.5796
-2.58823 -9.60139
-4.11939 -2.93393
-10.4057 8.33556
-2.28617 2.54392
5.25431 2.03304
1.43992 0.756435
7.59706 6.74996
-1.36936 1.74017
8.97157 6.35226
-1.64918 5.08649
-0.87868 10.1924
-2.78087 -0.571969
2.67442 -1.83261
-1.90416 -2.55078
3.02203 1.14889
1.7192 2.62698
-5.15542 -3.97225
-2.57822 -2.63028
-3.75429 0.826217
3.62651 4.35182
0.557552 -3.63048
1.26822 -2.7377
0.407138 4.87345
5.6662 -0.211497
-3.8991 6.03977
-4.53638 1.78326
0.7569 -3.12986
3.33001 -2.0222
2.2942 7.06757
0.304026 -2.0776
-2.15467 -2.75065
-3.94679 -4.08277
-3.73435 3.12598
-6.87735 7.56265
2.28617 -1.60335
7 6
-2.79429 2.27291
-1.88819 -2.38665
3.96392 -2.05066
-3.72481 5.19704
3.857 -2.59046
4.32979 -3.15009
-0.6388 3.19454
-0.21941 -6.61516
1.3841 0.601467
-3.77331 -0.173129
2.31779 6.19248
-1.05331 5.45062
2.61878 2.16422
-2.31997 -0.0167891
4.63976 0.170814
-2.17328 7.61868
0.011023 -6.49666
-6.62297 2.06383
6.10525 8.02415
3.89883 0.553357
1.51515 -4.87265
1.21538 -3.25117
-4.37554 -2.00748
-3.12654 2.24394
-2.87868 0.292893
5.88705 5.78599
0.931389 -10.3134
-1.69103 2.45662
-0.566285 1.70252
8.65785 -4.02667
-3.27499 -2.85444
-2.28913 -13.0825
-5.89828 -8.09111
-12.7783 3.23831
-4.21418 8.80282
-7.41499 3.23974
5.56101 1.04417
6.18123 -16.9212
7.47817 7.92773
-1.46403 -0.0210794
3.40308 3.11808
-1.90643 -5.37879
-5.11158 -3.95685
5.73849 -3.63471
7.35542 10.5954
7.76067 5.18509
2.89854 -6.9941
1.58565 -8.31279
-2.69304 5.94785
0 -1
-4.2981 1.29996
2.87692 0.0977026
-0.886444 2.21243
-8.6224 -7.05128
-3.5732 6.41721
0.650443 -1.80855
4.85198 3.72986
-2.61671 1.70779
-3.85162 6.84026
-2.92554 -15.521
0.833826 9.5889
-5.94213 4.14165
2.08221 -1.1884
6.16014 -8.36518
14.4229 6.62981
-0.622761 8.13721
0.820614 2.02232
3.51258 -2.10261
-2.03372 2.46331
-10.1513 0.0955566
-0.662111 3.83366
-2.85825 -1.83399
-0.568637 -9.24598
-14.5415 -5.85082
-5.12132 -8.19239
-2.80663 7.88643
-1.03695 7.12859
1.00984 -10.3884
-0.593944 -33.8565
-7.44459 8.55992
-6.48491 7.91876
14.8305 -2.50519
18.4388 5.2215
18.6779 -5.65379
-0.185589 -59.1487
0.406378 10.1746
-23.4473 30.0906
9.27255 21.5458
22.2733 -27.7631
30.8078 17.1174
-1.79246 -25.0139
20.0506 -68.2023
-70.622 95.7879
-74.4354 13.948
111.106 132.517
95.6919 237.021
670.711 110.406
389.772 -1007.96
1709.64 -261.838
