17741 21452
-1653.59 -5935.96
1338.99 783.528
357.495 -333.242
137.028 -735.675
-80.3057 -5.60184
-39.5132 -92.1713
10.81 -37.4553
40.6893 -6.72912
1.67854 -72.9912
-49.7877 -75.6327
-2.49163 -46.4977
-53.8304 -22.0425
-15.8503 1.95827
12.1113 -20.0902
-55.4133 -41.4732
-4.06886 -19.3038
-9.6437 -13.785
-6.66672 -1.94089
2.16232 -8.72636
-17.1841 -7.33363
-20.9568 23.0358
-4.58277 -12.3299
1.20791 -8.49766
-4.0699 5.75216
2 8.07107
-3.86222 4.31115
-9.82603 11.1588
1.0159 -1.06093
2.7472 12.1442
9.64893 8.56929
-5.13125 4.23955
9.54359 -10.9158
-11.6235 -2.20561
-4.55245 6.2134
1.70165 0.536751
-9.6795 2.23376
4.56821 1.68995
2.05509 -1.6715
-2.76092 -11.4168
3.76632 8.61173
6.02766 -10.5431
4.14338 -0.3009
1.05405 7.54851
3.95961 -13.0467
-6.13285 2.50465
0.720365 -1.4571
-5.2306 3.2494
2.41999 8.07038
12.0396 -3.33735
7 2
4.09097 -0.0246311
-2.15421 -11.2554
-0.931445 -5.60832
-4.57914 -1.67859
8.39385 20.9885
-12.6461 -6.75106
-4.0368 6.44808
-5.46998 9.8303
-3.90892 -1.66987
2.15079 5.9688
1.25042 2.93331
-3.99685 0.274122
4.09789 0.393811
-0.199249 4.25074
-2.08839 4.37909
1.05206 1.03718
-7.07089 0.12616
0.160015 2.19385
5.91906 -0.666297
-1.82927 2.75695
0.320492 5.39842
-0.212657 -1.60429
-2.8642 -7.03823
3.24775 4.11118
6.82843 2.41421
-0.0729885 3.08365
-2.86243 1.19987
-3.29374 0.419993
-6.17822 6.94067
-1.40305 2.57034
-0.0444177 -5.05715
1.57973 -4.01851
-6.59846 -8.85065
-2.38413 -1.87161
0.907335 2.01304
0.668565 2.12935
4.55872 5.22469
2.77911 -1.97059
0.528111 -2.78149
-1.33687 -6.4706
1.9091 -1.12001
-3.80083 -0.560531
1.17744 9.62671
-6.78983 -0.475941
-3.65308 6.03934
1.59302 1.35643
1.52533 -2.45439
0.535701 6.88368
-1.6382 0.00713037
1 0
3.88119 -4.319
7.43945 -3.74982
2.97515 6.91456
2.14853 1.87849
-3.28375 4.82323
5.66869 5.22516
1.86023 1.48524
-6.03875 -2.19964
-8.15776 -8.14674
1.55086 10.1476
0.188815 3.39819
7.20515 -6.67798
5.80017 -5.34821
-3.33593 -0.415232
-3.77125 -3.26633
-1.47029 4.07513
-1.1498 -0.75382
3.9437 -2.29638
0.64555 -1.14423
-3.30516 0.0476898
-2.40965 -1.76952
1.18568 -0.011468
-9.1214 2.26637
3.81229 -1.99772
2 -6.07107
8.9429 4.74267
-4.0431 2.00302
1.71048 -3.76598
-4.74895 -1.83102
4.27714 -2.36262
6.71319 1.06846
5.18503 -4.8167
1.42895 2.88694
-6.03369 -9.47415
-4.34685 0.717473
-1.1801 -0.0609885
9.684 6.51706
3.55214 1.82837
-1.56908 -5.40263
2.08528 -6.17042
-8.9503 -7.518
-7.56123 0.299836
-13.1202 -2.11189
0.853259 8.08558
-5.94333 3.98217
-5.62903 -6.72299
-14.8254 -15.5553
14.0221 7.84464
13.5779 -6.66065
7 -2
15.0991 0.438666
-0.568564 2.46476
2.49038 4.39968
3.44843 -1.74667
-5.64069 -1.31538
-0.252911 -0.531176
0.0542919 -11.2197
0.365215 2.42785
5.40361 0.362879
4.94189 -8.22977
-8.95028 -5.91352
16.7612 1.80532
-6.88437 3.19021
-8.59145 -0.905481
1.1048 7.15522
-3.00138 -2.83508
5.91129 2.46048
6.74583 7.04062
5.08622 4.01293
-15.1525 7.46595
7.09129 11.6794
5.99101 6.61494
-5.10158 -13.8357
8.37575 -4.3941
1.17157 -0.414214
12.641 -6.3447
4.96179 8.11002
0.93392 10.1665
3.37506 4.37549
16.948 -17.4647
-7.1692 -5.03356
-33.2178 13.2797
6.7376 2.73643
7.11688 22.7683
11.7419 -21.2556
-11.4116 -6.80146
-30.1191 -4.37188
-16.6237 37.3237
11.8444 9.69868
28.6295 -14.4739
-27.5206 -34.1195
32.4993 -52.5432
-18.0323 35.0722
-60.1674 87.0174
314.73 15.7729
78.7257 7.59339
670.8 -244.952
-102.053 -1150.95
1054.33 -1116.46
