18034 20862
297.585 -6640.42
510.158 903.289
179.323 1.4482
611.614 -278.482
-97.9045 -95.2209
66.5707 -154.913
17.8691 -79.5451
-52.4506 -116.231
-51.6605 -34.7017
-3.14828 -49.1845
-9.00591 -20.4015
31.8003 -23.8175
11.9853 10.0831
-8.46468 -43.3452
-9.02678 -14.8974
-10.8712 -14.5795
-19.8703 -19.5795
-11.6456 14.3492
-19.1139 -13.7628
-17.486 -7.54593
4.97406 7.6226
-4.25339 4.89348
-0.444312 -11.0921
-3.90395 14.0212
-7.19239 5.12132
3.81605 -4.54952
-7.617 0.572683
-15.8199 -3.83431
0.461617 3.89727
-0.373373 3.84356
-3.38879 -6.74435
-3.48124 -4.4348
-1.4467 2.52561
1.78645 4.67124
7.74191 -1.58634
-4.87557 3.54185
-2.38746 -7.79856
5.30162 3.19209
-7.26152 11.0187
1.62132 18.2289
2.10114 1.37483
-1.04717 8.76414
6.13472 -0.465025
6.33014 -0.153145
-3.99956 -4.5542
4.52268 -3.7762
-5.25339 -6.02461
-2.10014 26.8074
0.847148 -5.3604
1 -5
-8.11384 2.06873
0.651616 -1.18955
-1.67871 6.81075
-5.34992 2.56581
4.27449 2.08494
-2.22891 0.639073
0.382414 1.44167
4.71517 5.91292
2.10653 2.49057
3.10002 -6.50348
-0.361692 7.59703
3.62656 0.802527
5.61965 2.13715
0.941081 3.09313
6.88594 -0.685471
2.65 4.87054
3.53761 3.42217
-1.36346 1.53707
-1.32186 0.415169
-4.62663 7.60729
1.52359 -10.9638
-1.31504 2.20658
-1.18812 3.08852
2.8004 -7.22316
2.12132 1.70711
-0.299422 -0.863959
-6.59165 1.69364
0.190071 4.33224
-0.358695 5.87623
-3.74997 3.44513
-9.47824 -1.60424
-3.24509 5.16965
-0.113805 -0.17279
0.316137 3.62251
2.62886 -1.63684
4.40597 -3.09379
-1.80127 -9.07512
-3.62416 -0.990628
1.86711 -3.0998
-4.32385 0.441903
2.59191 0.734121
-4.60119 0.0555668
-3.57408 -3.07815
-8.67004 3.31149
-1.57754 -17.5748
-0.566982 -6.48513
2.35502 -0.374093
1.12558 3.65122
2.76115 6.99729
-2 -4
3.22305 -4.73998
-2.31303 -5.74231
5.32977 -1.34355
-0.133588 3.84181
5.16083 -4.85489
-4.30898 -4.57117
1.51097 19.7836
-1.97795 -4.8117
0.336562 1.90717
-3.81433 4.2124
-2.19319 5.58154
-5.60277 2.54311
-3.52639 2.05064
-1.94536 -5.50214
3.11168 -4.09712
-1.60771 2.11265
7.44823 -1.6182
6.64555 3.71312
3.31995 3.57273
3.13194 -7.86154
5.21538 -0.464128
-7.81311 7.58298
-0.803058 9.87658
-3.88485 0.108278
11.1924 0.87868
3.83072 -2.09867
-2.98929 -0.397019
0.789946 4.17778
5.97443 -2.14369
1.68712 5.6351
-0.0996265 -8.04825
-2.69832 0.69388
-4.77533 2.89334
7.2844 3.62201
5.31407 1.66294
-0.0576812 4.29443
2.35798 -0.299867
-3.40984 4.2089
5.63404 0.508078
-1.77378 -0.968655
6.649 -2.34552
-4.10897 13.5855
2.18041 8.90275
4.87536 -1.52041
2.13332 2.96432
-3.50222 -7.63663
-5.33161 0.874872
-1.50557 4.89368
0.036779 4.07854
-5 3
-5.08864 5.98576
-14.6094 9.52833
2.13939 2.73015
-0.446989 -23.9978
6.9184 4.85502
-1.49343 2.59908
5.52064 -1.20191
8.26918 5.34726
14.485 -5.36266
-0.00328225 4.18754
1.37204 -12.4288
-1.91109 1.29878
0.964923 -4.5292
-0.392074 -5.21811
-5.55681 -8.10639
-5.27586 3.86863
-2.14147 0.612986
1.7058 6.63743
4.90541 -7.74719
-0.214989 -11.8925
-5.85764 -3.73305
-21.4447 4.65032
0.539372 6.03031
1.21179 8.08869
-2.12132 0.292893
-3.54513 4.86039
4.81638 12.016
15.4996 -2.01344
7.86822 -5.39115
3.15975 9.01806
-35.0875 -13.5294
-0.916235 7.58819
-8.18107 4.17568
9.48288 25.8268
26.6519 16.0943
0.475748 -7.32676
-6.81074 -23.4075
16.3768 4.07674
-14.1639 -12.07
-1.18567 -48.6632
-34.8069 4.21522
-48.3042 -19.2358
89.2894 111.47
76.2484 109.052
203.244 -142.447
209.875 -24.5214
454.729 -425.126
-332.507 -871.942
1354.02 -1020.4
