19555 22462
-3626.36 -5477.8
782.605 368.573
221.534 49.498
418.283 -555.808
-97.8022 -225.304
-45.763 -93.9343
14.7644 -95.0671
-52.3509 -49.4779
-51.7213 5.29091
20.8066 -31.707
18.3332 -15.0376
-7.1712 -43.4546
48.7311 -12.5295
2.50492 -8.16189
-20.2415 -22.1952
-22.5148 -16.566
-12.1666 -5.65845
-4.55851 0.897592
13.1604 -2.23161
-16.3127 -7.237
-2.287 -21.8476
-10.6452 0.0538054
-16.735 -0.0714925
-8.13806 -8.18678
3.12132 -5.12132
0.391361 -3.33238
-2.11549 -22.3707
5.91011 2.11654
1.66448 -8.09488
-12.2548 -9.23424
-9.18369 -0.655319
-1.29343 3.8114
-5.45502 -3.28806
-6.40591 2.72228
-6.23132 1.31547
7.70532 -2.45102
-0.588818 4.20052
-11.6275 -8.57644
-6.02663 -6.91035
-10.2005 3.96975
-0.744512 5.38663
0.991978 3.20758
-6.92399 2.62987
-4.75275 -2.16452
-0.362451 -4.5284
-11.473 -4.19803
-6.34403 -4.71431
-0.947079 -0.700991
-2.02316 -5.70105
-6 -3
0.262429 0.878549
0.328178 -0.498421
-5.17726 -4.40153
5.12518 1.148
-3.26959 -10.5842
-2.74584 -3.42597
1.81718 -6.2438
-0.225208 -11.6327
7.91734 11.948
-6.828 -0.673186
-2.2642 1.29164
-6.8886 7.13185
0.805478 1.32896
-1.28763 0.825885
0.857268 3.96218
2.66858 -5.16038
8.70336 -2.58027
-6.91746 -9.15939
-2.9976 -2.67939
3.1991 -6.32807
-6.61665 5.47212
7.33555 20.985
0.186773 -3.64199
1.08086 -1.76425
-8.19239 8.29289
3.29228 8.92279
-0.997393 5.79997
1.02312 -0.705646
-0.88185 6.7237
2.99817 4.66698
4.48884 -0.509156
10.302 -0.498128
-1.05077 2.62015
-2.76397 1.85558
-5.53175 -5.6126
5.21648 7.73521
-5.67498 2.08043
3.90795 2.11948
-1.65182 0.0481339
0.609854 -2.38321
6.18944 4.53717
0.833701 3.98266
-0.580229 -7.10323
2.32752 2.39129
3.75929 1.31832
-0.939628 0.99483
3.04151 -0.92276
4.68931 5.57348
-4.70797 4.17104
-5 8
5.24992 0.0533582
8.11444 -4.66902
-0.0168597 -0.174662
-7.44554 -1.30962
4.04796 2.18721
6.33868 4.84505
0.781072 5.79587
4.38226 -1.18124
5.37833 3.94005
5.41024 -3.87421
-1.09128 -2.06843
-2.77888 -2.89778
-0.535068 -0.108813
-1.1935 -0.882726
2.13414 0.698119
1.99039 5.36365
7.14372 0.781568
7.40599 1.71738
-0.263203 4.42663
0.0919999 6.56909
3.68008 -0.474679
2.22821 6.0575
0.249404 0.203828
3.28708 8.67705
-1.12132 -0.87868
4.71889 11.5182
2.44511 3.89194
-5.69996 19.4457
-3.17976 2.61113
-7.635 -18.1653
8.03491 6.56054
1.79024 7.20805
10.4453 -7.74471
0.751455 0.987391
-3.36953 0.748923
-6.82942 -4.58446
-1.30072 0.196493
-7.49869 3.13024
-2.65307 2.83088
7.27885 2.85353
2.73951 2.5263
-0.907969 -3.26516
-4.01338 -4.12501
-5.42145 0.0930294
2.7429 1.07778
-3.03542 0.0564282
-3.2592 -3.64699
1.63156 -0.316589
3.07266 -1.42375
-4 1
0.905135 -6.80448
-9.54478 1.38162
-9.39767 -0.954869
-4.31559 3.68907
-1.24766 -0.31949
0.883257 5.75754
-10.6907 -8.27713
-1.20911 3.61188
2.52248 -7.23981
2.11028 2.79418
-7.23766 -1.04692
-3.26768 -7.43195
-9.78006 -8.64911
-1.28976 0.188383
4.10708 10.2576
5.59563 -1.58593
0.277272 -11.3087
2.40756 -5.51993
-8.66876 -7.82487
2.21859 -4.74452
-2.06149 -3.47303
-0.000678715 -9.04459
-1.25782 18.8632
9.38985 3.54275
10.1924 9.70711
2.27368 -0.889359
-2.52004 5.04903
3.68498 -22.8113
5.41296 -8.47233
-39.1381 -12.9433
-4.15038 9.12021
-4.8101 10.4817
7.9046 31.5462
4.67991 2.59762
29.9412 -16.0398
-16.761 -24.2085
51.3675 -35.7221
-24.2871 -13.5127
-16.5677 -16.9173
-32.3545 8.43652
8.96643 -0.853765
-67.6672 36.3043
135.01 -45.8918
72.2808 -11.0304
-13.5338 -228.982
231.865 -171.481
-192.132 -724.072
-918.849 -265.223
348.863 -1714.97
