17916 21791
-4522.04 -4771.49
972.994 -50.7223
271.811 174.977
394.739 -735.299
-51.7816 -213.656
-134.398 -130.278
4.60897 -45.1861
-42.6472 -85.5312
-4.40794 31.6925
-12.9481 -55.7338
36.2134 -45.183
-25.5262 -51.9691
-12.4926 -25.9643
-2.60556 -28.1766
-35.2557 -27.392
5.38528 -10.7426
-22.1717 -24.6015
1.55443 -44.0216
-10.2162 -13.9099
-5.89529 -0.445226
-32.578 15.1403
6.08565 -9.96647
-10.4432 -5.81974
12.1373 -19.7034
-6.53553 -19.0208
4.24601 -13.7862
-7.17496 -7.39485
-1.3052 0.730594
-8.01846 2.86073
-7.78939 -0.70288
-1.34896 -5.70284
1.39911 -10.3357
-10.9099 -3.76704
-0.00957334 -6.36866
-13.7435 1.91501
-1.85316 5.58209
-4.59151 0.945495
0.271137 -2.76979
-11.6715 -2.8439
6.45428 1.49469
-1.09374 -2.06832
10.0678 -12.7062
0.397282 -3.43709
-2.67743 4.45283
-7.96158 0.753061
2.25783 1.75946
2.22596 4.7535
3.03478 4.62277
-1.53728 -4.44899
-1 2
-2.51433 -4.39052
-1.40637 3.42757
-5.2174 -1.57346
-0.0493768 7.52517
-1.65374 4.8814
-5.40542 5.71127
-0.928968 -1.25926
-2.95599 3.1588
0.720598 -10.0631
-3.84989 -8.58956
0.417129 -2.86011
-7.93293 0.667
8.97615 -2.33158
-4.05733 6.27061
0.160175 1.064
3.27354 8.98671
3.99733 1.26357
-2.63468 6.29331
1.56517 -1.11832
-1.35651 -0.0823384
1.08529 -2.56731
4.47446 -3.66551
-2.39113 3.87414
8.04735 8.31098
2.29289 -2.77817
1.74604 4.42691
-0.302541 3.44902
-1.27387 0.142638
-0.839528 0.581531
-4.53759 -0.435644
-1.20967 -1.27687
-2.19909 -5.65437
-4.72176 3.54653
3.80895 4.81514
0.217414 -10.1496
-5.29352 -4.37913
1.60014 1.67418
-5.8727 -1.85217
-2.83398 -1.70744
-1.08637 -10.1891
-0.224815 2.2131
23.3484 21.6693
-4.45932 -0.83011
-6.72573 -1.49104
-9.54268 14.2979
4.42288 8.44935
-3.92694 11.5849
3.557 3.23285
6.69177 5.83787
0 -3
3.19798 1.88105
-2.45194 -2.61543
-2.81342 -0.012651
0.719594 3.35298
0.82142 1.16466
-2.50683 7.80978
8.84977 0.132296
7.98379 11.2545
0.369671 8.00554
-11.2292 -17.0989
2.89301 1.59045
0.720275 5.28916
3.8314 -6.09332
3.46509 -8.30131
-11.5206 4.88363
-2.35642 -1.19007
-5.26282 2.00527
1.92571 5.27469
-2.21408 -1.67448
-2.08045 3.81761
-4.59169 -0.966517
6.36088 2.52886
3.44904 -8.41153
-0.816484 -2.82408
0.535534 5.02082
12.7163 4.60251
-1.01965 -2.0053
0.788956 -1.02768
3.6019 -0.182927
8.55403 3.02096
2.19939 -5.59159
3.88737 -4.92573
-1.28014 -11.2445
-2.26492 -4.99431
-1.1459 0.0361012
0.137567 3.4744
4.74643 -4.65732
-3.63014 5.45149
6.48441 3.53306
0.231853 3.44366
-0.0475159 -1.96032
-14.1375 3.89184
7.48629 0.409405
-4.33028 5.6303
0.0889525 -4.64834
0.341561 -11.1816
4.85928 -7.38571
1.27602 4.35415
4.40602 -10.3973
5 -2
-5.13367 -2.17829
2.16441 -3.97412
-1.27147 -4.13413
-5.37837 8.13888
12.0043 8.757
6.08131 -7.944
3.33968 -13.1642
0.0345656 4.72849
2.35653 4.69541
-10.8362 4.12334
7.7976 2.60697
1.26269 4.86235
-2.05207 -6.72168
-3.76244 -6.90031
-7.82956 -9.4984
16.3754 -7.08522
-0.359315 -8.84342
-8.13726 -1.99297
-2.05324 7.42601
6.48041 -4.09797
-1.28071 -1.95857
-7.98959 -12.2544
10.6181 21.3301
10.7425 -5.01536
3.70711 12.7782
5.50571 10.9275
-6.89883 -0.058719
-0.97819 -6.85933
-20.4613 -1.64867
4.51333 -11.4089
-5.36156 -11.1817
-4.69504 7.10502
-56.1962 17.678
44.4766 6.35102
2.28479 -1.02902
34.5642 -45.3919
-20.5626 -31.2116
8.58749 -18.7272
-34.0093 -5.33405
-4.62485 -35.1159
-14.1494 46.9965
-19.9167 28.7461
181.217 -6.8363
67.9238 -82.4872
44.8577 -227.379
203.87 -154.973
-203.218 -793.626
-1048.58 16.0749
358.492 -2083.41
