16633 19523
1309.02 -6603.61
572.618 798.62
168.841 234.917
638.824 -273.273
28.3015 -165.549
83.4766 -202.946
-20.1347 -48.7074
-24.0517 -99.8409
1.01363 12.8472
17.1407 -63.3824
30.984 -6.81469
-47.0624 -6.63672
22.015 -24.49
-43.3705 -27.1363
-28.895 -1.93408
-4.24942 2.1402
-21.0984 -14.8138
-34.38 11.8928
-0.0394842 -8.55695
18.1708 1.41315
-14.8276 -7.22646
-6.93831 11.9019
11.2087 -10.6517
-17.6958 5.09272
-1.58579 -9.24264
0.508816 4.89165
3.58538 -1.79247
-0.283456 6.90147
6.38261 -7.28127
1.90402 -3.74669
-2.05824 -7.53136
-5.911 1.50822
-7.28042 1.98363
-4.02086 3.37983
-5.10168 -8.23091
-8.86774 4.29391
-0.814126 -2.00426
-5.27784 1.47186
-0.0496447 10.8809
-5.74669 -0.556028
12.2301 -0.620437
2.0116 -12.068
6.1409 8.88105
-4.27039 -6.84674
-2.21054 5.37947
-0.746462 6.38062
3.43457 4.65436
4.03483 0.662494
4.78793 4.18398
11 -3
0.187822 -5.20362
6.39459 -1.23319
1.61243 1.61626
-6.00365 24.0907
-5.54292 1.27017
-1.56727 1.8073
-10.0422 6.84451
-7.29477 3.11597
-3.38194 6.2136
-3.52196 -1.0418
9.71619 6.4413
0.0108897 1.57756
-2.11597 5.01506
1.77648 -3.48886
4.14229 -5.48546
-0.225941 4.69275
-3.5056 1.21194
-2.17196 0.717785
-2.24195 2.13098
-0.487611 1.51062
-4.92913 0.731648
-4.35203 -4.41242
-0.932209 2.41772
4.62039 1.71171
-1.10051 2.75736
-2.90878 1.01815
9.13393 0.342414
-2.95184 4.55743
-0.775358 2.34128
-5.13522 3.75586
4.34282 0.50909
-6.83275 1.18369
-3.42718 6.02358
1.59959 6.49877
-0.694014 -0.943408
-2.66868 -0.595205
5.56877 0.812699
0.281041 6.57849
1.23538 2.01309
2.09534 1.07744
2.95828 0.830973
-3.12798 -3.22308
9.90693 -6.99841
-2.83587 -0.568168
-8.67228 13.0058
-1.12104 -0.511627
-1.68891 7.27017
-5.18644 -3.44839
-0.815016 -0.437397
1 -1
4.04091 -4.99613
-0.142548 4.56839
2.49717 0.987927
7.78205 -0.820202
-8.09518 5.8966
3.71366 -1.45013
4.45496 -12.4897
-6.2469 -1.40868
6.59156 0.0877692
13.0031 -3.13522
4.42855 1.59589
4.03073 -9.88292
-2.07238 -0.126569
-6.56974 -1.03338
0.150326 -3.04507
4.80384 -5.59371
-6.3277 2.54325
-2.27366 3.30248
5.09844 -2.30381
3.37129 -2.22799
-3.38248 -1.42976
4.30379 1.26115
-1.12058 0.716761
-7.02303 -5.30755
-4.41421 -0.757359
-3.49632 -2.68431
3.13182 2.30332
-1.84844 -1.48051
-1.65895 6.57211
-3.83895 -0.957582
3.71664 -2.91201
-0.951143 4.48979
-0.139092 -4.98391
0.650395 -1.2345
-1.55377 0.557592
-3.22474 0.554483
-1.42024 2.63968
0.22243 4.42043
1.93533 6.75157
2.63341 -2.6664
1.8745 -2.97118
1.10972 0.969283
4.95401 -0.196268
-9.54886 7.9689
-2.75968 15.4823
-4.72919 3.78836
7.70916 -0.717618
9.17008 -25.6832
4.66813 5.70729
-1 5
8.10874 -6.3215
-5.00053 1.4
2.27846 -0.399502
-0.242834 2.33597
1.75619 -6.88332
-0.526902 -6.73094
-2.60563 -1.92182
2.14617 -5.87965
-11.0348 8.5901
-0.489378 11.0282
-9.97417 -2.39772
3.57863 -2.37069
-4.37432 5.43151
12.3589 -2.02249
-3.91163 -0.053983
3.64331 7.62701
-0.0261266 0.963784
-7.2713 4.13833
-3.73401 5.16607
18.6029 1.26253
-0.474135 0.397283
2.35732 5.53843
5.95376 3.5178
2.25293 -18.7042
-20.8995 11.2426
5.47848 -4.63086
1.00502 10.561
-6.89232 0.164188
4.02189 3.47539
16.7177 8.29506
15.1554 9.56454
-1.03984 -16.9512
11.3475 -20.4722
-0.998698 8.2405
11.2273 15.2731
13.943 17.036
30.4531 41.224
38.7001 -34.2904
2.5297 -16.091
-38.4195 5.37129
-7.75055 8.61476
-61.5428 -50.0233
24.9615 111.291
0.854912 51.8764
249.859 11.2598
134.233 87.791
609.784 -313.892
-65.5444 -869.748
1361.25 -798.457
