19802 21624
-1100.25 -6946.01
1141.23 591.738
526.309 -193.403
204.382 -866.853
-89.4764 -157.754
-139.681 -109.331
14.1531 -115.203
25.7406 -20.4562
-16.4596 -98.9532
-90.3663 -34.2138
-44.3481 -10.7244
-57.0792 10.0041
-31.1832 -28.7571
12.3708 21.5322
-32.1251 -35.2659
-1.32909 -23.2345
-7.63215 37.0244
-3.92585 -9.95391
-26.2105 17.3179
27.3559 4.95048
-11.4118 22.0225
0.00757031 3.00076
2.8604 12.7902
-6.41932 -0.0245453
4.82843 4.58579
5.13304 -8.83627
11.4739 -9.91956
4.78177 6.90787
10.8377 -6.65474
-19.7285 -0.183432
11.3763 -5.18703
10.3291 12.1248
0.0230106 -7.27695
-3.51895 -2.27823
1.65987 -0.341553
-7.32238 6.12413
3.65012 1.16394
0.509588 -1.30063
-3.57747 -10.8895
-3.39149 -4.58872
12.5423 0.131663
-9.03027 2.2512
4.85858 1.09476
-6.79016 2.59935
3.24257 4.31855
-14.8334 -5.74102
6.76864 -9.60037
2.81534 9.73223
1.77654 -4.00034
-2 -10
-6.58234 -5.61735
-4.4191 -2.05149
0.465807 1.53508
3.1589 -1.50433
3.29436 12.4585
4.82101 5.16218
-10.1516 1.28773
-1.14222 6.32546
2.98419 -0.334919
-5.02086 0.0293163
2.29495 1.32832
-1.69373 -4.43215
-2.02659 0.380919
-5.91102 11.2155
1.82699 2.51819
0.523469 -1.87838
5.43887 3.75976
4.01856 -1.13088
6.28595 2.7951
1.74978 -4.47717
-0.988954 -5.92692
0.302533 -2.55311
0.230998 2.32086
0.247611 9.81939
4.48528 -6.58579
-3.91341 1.21434
-4.39038 -3.54495
-0.0425574 3.71667
-4.95463 5.91345
1.19572 2.56851
-1.16021 -7.51888
-3.75004 3.90518
1.02763 -6.36796
2.0561 2.8986
5.9741 6.92757
11.5807 2.61699
-5.03764 2.4176
4.33405 -4.44418
3.15467 -1.99679
7.49904 -6.23709
-4.19066 3.88299
2.36843 27.4432
-9.72455 -9.88148
-2.00199 6.94838
-3.09216 14.3402
4.23986 0.424781
1.42622 3.88328
-7.4252 2.55836
-2.34876 1.97761
2 0
2.20385 5.23402
-1.44532 -0.188889
7.43758 -2.40488
-1.54519 1.21813
-2.08001 -2.76582
-7.82949 8.89723
5.09436 6.04055
-3.08172 -0.561527
0.723606 -2.69376
-0.033761 -21.8706
9.09139 6.02184
2.51175 -1.19637
0.304287 -3.71499
2.05474 -9.45587
-0.71937 -7.60411
-0.891099 1.76637
-4.97515 6.36052
2.02972 -3.66874
-7.27743 -0.325989
-4.95965 -2.86031
0.612846 -0.376337
-5.15664 -6.97646
-2.90157 -3.00145
-5.71059 -4.23926
-0.828427 7.41421
3.34009 6.16301
0.716176 -0.416066
-1.82299 -5.57104
4.82871 -0.242459
-2.68252 8.48472
3.61978 -2.81746
3.97204 -2.63207
-1.80467 -3.42864
-2.19194 0.180599
2.88277 0.5591
2.78231 4.02213
6.62695 1.39432
3.70032 0.0849934
-5.12271 -6.05944
-5.57589 -4.50145
2.01354 7.87811
-6.61655 -1.90747
-1.12329 -0.890107
-5.00901 0.855403
5.00892 2.46668
-3.77133 -8.13361
7.17581 2.68228
7.58866 -4.61249
-0.92483 -11.0885
-6 6
-0.885742 -2.18007
5.89381 7.99561
8.27058 9.48197
2.72596 -4.18536
-7.55931 -13.0464
7.56657 -6.84953
-9.44327 10.079
-2.92592 -6.91047
9.97548 -1.00712
-4.84458 -9.11949
-4.81797 4.05601
-0.184699 -9.86949
-2.96796 7.78466
-10.9367 -2.95379
13.4105 -0.152625
3.78849 -1.83923
6.00445 -6.52132
0.909492 -7.62697
2.2128 6.04572
2.54977 6.96613
12.6746 -14.1526
1.4935 4.49159
-7.53325 -2.32386
-14.5228 17.4587
-12.4853 -9.41421
-9.17335 13.0636
3.00126 -13.0147
12.5101 0.174293
-4.40368 -36.9623
11.2409 -0.478344
-20.7322 11.4163
13.3359 -7.11292
4.94407 -9.60791
40.634 -16.0714
-41.9067 2.44137
14.9882 -76.7561
-45.4024 30.8609
-10.4382 21.5437
48.0188 40.7039
29.0125 -74.4688
28.3503 19.7144
-39.1038 -69.6361
36.5732 73.2174
-102.382 147.569
363.659 -25.0998
117.355 131.891
734.513 -367.884
-19.1668 -972.68
1718.02 -1293.12
