16305 19735
743.175 -5714.15
1072.77 1044.36
473.404 113.871
345.349 -636.652
-140.686 -7.79641
2.44574 -134.693
-22.0082 -97.373
-53.7163 -62.1067
13.0523 -58.5418
-64.9301 -60.0197
-18.6924 -56.4769
23.9773 -19.1235
-30.9373 -9.55637
0.340749 -23.9517
-47.4143 -18.4018
-8.56155 0.900656
8.06831 -9.0096
-12.6094 2.4289
0.418074 9.01609
-22.1121 2.35613
-15.7251 -0.715104
13.0712 12.0577
-16.153 0.402178
-5.59612 5.96061
-0.12132 7.36396
5.36836 5.69815
1.66567 11.6556
-8.58823 -2.99192
10.3307 2.28944
3.84856 -8.50373
2.85326 1.05992
-10.0704 5.14243
-1.51899 5.16024
9.27619 -1.26792
1.63114 -7.14834
-1.34219 0.542941
-1.10667 4.36998
-4.5506 2.5028
10.9621 1.82977
-8.5996 3.344
4.97697 -9.98603
-4.93024 -2.20776
-8.55379 5.83768
1.99632 6.18047
-1.28595 -1.63766
-1.17648 7.10918
3.49622 -1.82529
5.06957 -1.94144
1.44555 -8.83996
-4 -4
-10.852 -1.14949
-1.29253 11.6648
-4.47786 1.63184
11.0992 6.89155
5.46039 -6.7344
5.50688 5.70382
-5.55381 -2.68281
-2.3798 23.0436
-4.33995 -8.95367
-8.07405 -10.4217
-7.46493 15.8264
-3.5799 1.71771
1.40206 11.4937
3.13372 4.48417
-1.53694 -1.3801
-2.38715 -4.12451
1.56213 0.354846
-2.45173 7.02527
-0.872834 -1.12573
1.88093 1.86441
-3.36199 -1.3349
0.022781 -3.12458
2.1123 -0.0565692
-0.278312 4.78895
-0.221825 -1.46447
-0.864309 -0.109583
6.80724 -4.54715
1.11142 -0.381611
-5.10872 1.88138
4.77272 -5.62959
4.42458 -4.99026
-3.05663 -3.06347
2.5377 0.916083
-2.17218 -6.56805
0.992946 6.48439
-4.35266 3.63983
-4.52495 12.9067
-7.90898 -2.98031
-5.28899 1.95023
-2.9929 0.186886
6.68913 -1.42461
-6.56057 5.2744
2.94438 0.321272
0.454909 1.0121
-1.62869 -0.193665
-1.75002 -0.8848
-3.00548 3.78925
-0.979794 0.0134264
-2.32718 3.52416
-1 -9
4.78741 -4.64438
1.03827 1.43217
0.64026 4.97591
-3.39039 0.337203
3.51222 2.84338
5.98604 3.5285
0.151364 0.467166
2.67348 -0.7171
0.304111 -10.0777
3.15702 3.97393
-7.16174 -6.62644
-3.43866 0.98743
3.96521 6.95962
4.12224 3.15769
-0.708399 -7.33143
2.89366 -3.80239
4.15837 6.766
4.80127 -9.94603
2.49401 2.68644
-3.39076 -6.07862
-2.94201 -4.08546
1.24243 0.547415
5.00913 3.70268
1.18218 -0.731845
4.12132 -5.36396
1.93955 -3.45186
-1.31784 -6.23339
-3.95783 1.67657
2.15207 -0.1429
5.77219 -2.87932
3.68503 -5.89777
-5.95937 -2.48494
-4.45463 -2.1446
-7.74695 4.47109
2.6882 -0.380828
7.28516 3.45461
-1.9829 9.13427
-4.43313 -3.21476
3.13395 -0.899294
-1.36365 0.71348
-3.26471 6.23733
-8.19419 -7.33907
2.55515 -7.75411
4.62996 -13.1382
13.8495 13.3546
-1.86061 -0.0802596
6.52215 -9.38874
-3.96315 0.927069
5.18292 -2.43324
0 -2
-2.62759 0.416595
-2.72115 5.01301
2.84241 -5.30154
-4.85306 -2.0656
7.77674 2.28115
3.01304 14.2668
-2.64312 1.03797
5.29413 -1.99212
4.10787 -4.49401
12.2176 -1.6358
0.9159 2.61312
-3.53337 -0.533534
-11.6332 -14.2194
-4.59739 3.24855
-4.45996 14.7781
1.75078 20.7983
17.3671 -1.32015
15.7632 -11.9002
5.62291 -11.9823
-8.8492 -3.28786
-17.6593 16.5929
15.5541 25.6909
22.8697 -1.27215
10.0072 -36.5218
-15.7782 -8.53553
-36.0395 -1.69984
2.08006 8.66899
4.11521 6.01284
3.69993 -2.8318
-7.45022 1.35207
-4.52284 -8.99374
-18.9835 9.06346
-26.1213 19.5107
7.42118 3.42284
5.61386 -8.64633
-23.7751 18.4357
37.1302 18.5449
-11.0943 16.3256
34.6126 10.7409
36.1135 -55.3346
15.4786 -68.9517
78.3184 10.6928
-14.7927 22.7554
37.1959 -0.456472
168.195 127.909
-7.75296 -27.9658
693.724 245.028
550.23 -1067.42
1085.48 -124.491
