17445 21444
-958.184 -5991.3
892.307 804.269
297.654 -2.78778
476.167 -514.133
-44.4229 -59.7968
55.7026 -167.982
60.2858 -69.2503
-57.9881 -55.1055
-52.521 5.595
27.139 -26.2129
7.61045 -41.7504
-23.8216 -38.7936
2.18968 -30.3706
-18.8458 -10.883
-1.67248 -24.6845
7.66458 -5.70306
-17.0036 -5.29021
24.187 5.65184
-2.10677 5.79045
-6.12892 -10.0039
-20.6472 -1.42674
-2.10007 -9.61336
-3.5103 3.43265
0.341578 -7.85531
-6.24264 5.24264
-9.00772 -1.55123
-3.43883 8.39134
-5.46817 4.10744
-2.98597 0.651401
0.105028 -4.07655
-10.5778 -8.10391
-4.74599 1.00409
-1.53624 0.0894071
-6.40306 -6.17603
-5.01422 -1.17567
-2.17141 4.85837
-1.41505 -0.865377
2.63124 3.57318
4.77268 -2.47469
-6.72681 -8.59835
5.5199 -3.03879
-0.933613 3.23281
3.29554 26.2773
-11.3953 -9.82299
-14.3923 4.66823
-8.53868 14.8855
9.31751 -0.794263
-2.48144 11.5432
-0.327713 -2.60297
-1 12
3.37827 -1.19719
-2.48411 1.60298
-0.502764 -3.95529
-1.60746 4.09437
-6.41544 -0.451622
6.73623 -3.53277
1.19116 1.79575
-0.853577 -1.36862
2.2753 -1.89799
-0.412413 0.249074
7.17697 5.64618
1.22699 -1.51721
8.00356 -0.126916
1.81556 1.63349
6.18223 4.43384
-3.45115 1.25932
-0.475835 2.38967
-1.13747 5.39558
-4.86649 -3.32137
4.18677 3.87493
3.34185 2.65652
2.65344 -4.45422
-4.40807 5.85921
1.54737 4.06841
-1.41421 -3.24264
3.94933 -0.377579
0.435095 -2.23457
-0.724777 -5.70791
-1.49838 5.24129
0.997814 -3.4268
1.55258 2.97546
-3.70138 5.54362
-3.63976 2.25824
-0.384888 0.799874
0.885555 -13.5772
-3.26927 5.33368
1.8162 0.304857
5.41887 -7.72668
2.45218 -0.381234
1.51348 -6.2937
2.96474 0.22862
-5.52693 -6.43636
9.37957 0.407655
1.40834 1.26732
-0.175277 5.74046
0.0702556 -0.695231
-0.0482243 -0.723598
4.15092 1.27364
0.789628 0.497237
5 4
1.38557 0.973931
-0.22535 6.82044
2.15532 0.480658
-1.28481 2.67816
-3.37424 -8.05878
-1.41533 -5.08789
-6.31298 -6.4546
3.37594 -3.49588
3.60079 -2.84742
3.64979 -1.71305
8.44061 3.6952
-4.41145 -1.75438
4.39645 -1.01986
-3.59208 -4.19579
4.34407 -7.63737
2.06091 2.85085
-0.123622 11.4972
-6.42623 -2.55393
-0.149213 -2.78711
-4.08798 6.4268
2.48101 2.7411
1.65634 4.05846
-3.16345 -1.17469
-3.61532 -0.287635
2.24264 -3.24264
-2.66788 0.653226
7.92043 14.3296
1.19923 -5.16015
3.32216 2.01199
-3.98765 3.65134
-4.23109 3.62707
-4.07705 4.16449
6.18374 -2.58889
-0.376056 5.54339
2.24743 8.39921
3.31025 0.224425
-9.74748 2.45255
-1.01863 10.7647
5.35879 -9.98351
2.32224 -3.83267
3.00349 2.93345
-1.33251 -0.994956
1.08551 -11.7802
-7.91953 -4.05089
1.17629 -1.35362
-9.33642 -0.697369
5.59008 9.48681
4.60507 -1.59741
2.32869 -3.59647
3 0
1.33204 0.841538
3.91296 -5.14258
-2.53733 -0.603212
-5.03394 -6.05776
-7.77457 6.52621
14.9784 1.18003
6.45631 2.25596
-0.895827 -8.03632
-12.4979 -15.8789
14.817 11.5984
5.29049 -0.0273655
19.6608 -3.87778
-0.547883 -5.02285
-4.95055 -9.22488
-1.1328 3.05755
5.62933 -0.466109
-3.84387 -0.710531
-3.11044 -0.599901
-7.09927 -4.74628
1.33517 1.85523
15.9124 -6.25299
5.58344 -23.9306
5.4245 -2.53388
2.07337 -1.58588
1.41421 5.24264
13.7517 -5.15388
-1.53185 -11.8389
-7.9624 11.035
19.1341 12.3004
19.2191 -20.4125
12.3177 -40.2552
-5.90427 15.1275
-15.1486 3.03735
6.41585 35.2666
9.07816 8.6268
39.2967 5.44636
5.1872 -8.89254
28.262 10.4017
-8.78452 -21.2519
14.0584 -23.0853
-42.0839 -15.8117
-21.3488 -20.4154
107.49 115.542
119.903 37.4096
224.46 -148.717
106.051 -72.2619
500.692 -516.61
-515.758 -872.958
1075.61 -882.134
