17285 21113
1453.44 -5781.2
402.59 811.748
40.6112 102.956
695.781 -233.741
-23.3645 -121.137
7.0935 -151.968
19.0787 -110.729
-13.1849 -107.576
-34.1737 -14.1088
14.9955 -71.0588
10.5071 -50.0207
-31.7159 -21.2533
11.7526 -37.5509
-11.7596 -30.8128
-25.1132 -3.41372
3.22724 21.8901
-2.70026 0.87248
-5.25277 -8.30217
-9.6593 16.9168
1.15745 -6.38014
-8.90938 -3.12524
-7.88061 -8.52326
-13.4189 -1.14435
-1.87954 -10.3992
-4.12132 4.29289
-1.68702 -4.61225
-8.86335 -8.76321
-4.53367 3.86144
1.63595 2.12155
-9.35076 25.2087
0.000341638 -9.03
0.765203 4.44218
-18.4107 4.38533
-2.3168 9.63086
-7.28413 10.9912
1.37585 3.1794
3.43152 -1.9484
-4.68017 -2.41272
2.16201 9.48235
4.20582 4.92409
2.69007 1.23999
-8.29459 2.72013
7.60192 1.8046
-3.95983 -2.50705
4.32595 -2.89158
-4.76349 3.26988
-4.41836 1.48375
0.326175 -0.531159
4.96132 1.57847
-2 -6
2.07628 6.00914
3.08651 -3.11838
-9.7918 9.77943
-2.80562 4.36108
-5.08027 0.888176
1.5251 -1.80904
5.56032 6.22487
-2.46168 -2.68177
6.74297 -17.2108
1.12814 4.58242
-2.08034 -3.22725
4.86367 -4.55677
-4.71218 -6.79725
0.892894 -0.953522
-1.13383 -4.85524
4.50427 8.41156
-4.09912 5.88662
6.71342 -1.9216
0.566954 -4.24725
2.78846 1.20774
5.57178 -2.02472
-0.59743 -3.27107
-0.721415 2.4409
-3.24708 0.815062
5.63604 4.43503
3.04593 -2.78924
1.96351 0.00475019
-1.51123 2.60549
-0.885352 2.87669
0.430909 2.12282
4.01137 7.00395
-3.18599 -4.39345
3.30025 0.175143
4.76329 -1.41687
1.48734 5.56893
3.56093 -5.77239
-3.16269 -0.790455
-3.25331 13.6144
-1.64951 -0.478746
-4.19713 3.80962
-1.02814 -1.44065
-6.03667 4.05036
-2.70854 3.43096
4.03477 4.02738
-2.23207 -7.91899
0.187504 -2.13419
2.27693 5.9613
3.73656 4.83764
5.57463 2.11269
-5 -7
-2.04497 3.09601
4.68556 -1.40123
-4.03101 -2.36251
-4.40315 10.338
-0.0107465 4.31893
1.27987 -5.45051
2.94368 -1.27787
0.106567 1.91409
-0.670687 0.468268
1.7156 5.89416
0.0602975 5.32569
-6.1248 5.76575
-7.09106 -2.62295
1.34828 -11.4271
2.47157 6.91894
-1.26702 -1.60673
1.23927 -8.34761
4.99101 -2.95693
6.30504 2.82521
2.33302 9.73128
-6.60388 -0.669419
3.23245 -5.16862
2.68807 -1.16713
2.3409 3.48729
0.12132 5.70711
-2.55733 -1.8688
-9.98703 -0.76163
1.90915 -2.20606
0.210017 -1.68659
-6.2584 3.47368
-2.50095 1.87099
-6.04705 2.98001
-0.502694 -3.03274
-2.97388 0.136515
5.06665 0.808492
-6.97609 -0.0146459
0.684709 -8.01919
-0.371992 2.34508
5.15813 -1.69073
6.10793 -7.72832
5.90141 -2.80624
4.12634 -4.8522
-6.33215 10.2198
0.613522 2.06849
-3.42279 1.57214
-6.23655 11.3467
5.0065 7.35089
-4.95449 -0.677006
1.03179 9.60498
-2 4
-7.14097 2.97578
4.56893 7.38581
3.3144 -2.09949
3.97001 -2.33966
-2.80452 -0.817239
7.41555 -3.03128
-3.85697 -6.53841
2.75808 4.67336
-3.29251 -0.339125
3.03025 0.221808
-7.94071 3.70128
1.88349 0.757456
17.3505 6.62852
15.2357 0.542448
4.501 -12.9579
-8.11445 -6.5422
0.449189 0.0134219
-11.8262 9.21389
-7.64884 14.6831
-7.53997 9.77554
-0.350729 2.73613
12.561 -14.5909
5.27873 -5.2675
11.8262 -11.8879
18.364 -22.435
-5.11829 -10.0913
-14.0499 -4.46871
-11.8095 -7.1815
9.96877 5.91555
1.60648 -3.47397
14.9356 -2.88938
2.47722 9.17905
-1.46687 -0.273018
-11.8888 11.2775
-18.3824 10.3819
6.10547 26.2572
23.0018 7.33504
29.787 -12.2528
4.83115 -30.3262
11.8467 -6.31057
-4.72797 -16.1651
-18.7631 -52.0098
39.8221 85.2542
-3.78624 57.6874
190.976 -39.4569
146.302 73.891
602.017 -227.193
-83.3709 -1049.7
1333.92 -420.912
