17021 19994
253.93 -6414.09
940.252 1128.47
393.719 36.0517
616.878 -416.112
-146.595 -123.512
19.8403 -169.434
37.1424 -100.5
-24.4999 -61.5759
6.58003 -11.1973
28.359 -74.6572
16.2802 -29.2483
-27.0452 -9.51774
-24.6438 -49.2917
-37.9187 0.106657
-0.355143 -9.04942
1.72936 -17.2514
-12.4282 2.13535
-25.1606 -7.02699
-0.460213 -8.66411
0.0369045 -6.98401
-17.1345 6.85826
-11.5364 5.36017
0.923695 5.33655
-9.18623 -3.96405
-9.65685 -2.75736
-10.5998 11.1184
-0.759234 0.280919
-2.7835 4.90435
-2.72874 -8.86613
-0.552424 -3.92441
4.49807 5.72693
5.9825 6.04036
4.42899 2.09602
-9.52457 -6.3604
7.11146 -0.774127
-11.6322 4.21017
0.14658 4.49184
-10.4893 -3.27036
-3.56898 5.70116
-6.40482 2.03649
-5.70674 -6.6646
-4.77237 3.45764
14.2524 3.50758
1.18727 3.15878
0.928007 9.41021
3.2034 -1.84901
-0.986538 -7.57381
-6.74247 -6.16144
-1.12246 -11.2408
-5 10
1.68243 12.7468
5.90664 0.926608
8.68257 -1.58257
1.62455 1.63229
-1.23654 -13.2176
7.95906 -1.14197
2.95976 -4.93056
1.01679 22.5916
-10.5579 -5.10624
-1.70846 -3.2102
-11.9353 10.995
4.22692 -1.49901
-1.20274 -0.081869
-10.1419 2.15018
6.06969 4.07737
1.48721 -0.936895
3.22125 10.8937
-3.84511 7.56106
4.26539 2.8157
3.08029 7.10475
3.24113 2.03306
-3.85023 5.39406
-1.5532 0.680298
9.56532 5.68807
-3.41421 -2.65685
0.529372 6.91412
2.00525 2.0235
3.97151 -6.15301
1.72329 -0.593528
6.5456 -2.34879
1.47029 0.915485
2.6834 5.39845
9.59534 -1.70729
-0.535252 -3.27178
4.5063 -3.34437
1.31034 2.79435
-3.21805 7.87018
-5.75818 -7.50074
0.390053 3.05639
-11.6508 6.64409
4.29279 -0.834087
-0.334879 2.18835
-2.95914 -0.949757
3.47062 -5.0195
5.37586 -0.607081
-3.32444 4.30579
0.603646 -3.94577
-2.69075 3.23634
-0.293139 3.81965
3 0
-6.91847 1.81442
-3.75508 -3.02436
-3.95786 -0.206148
-6.89663 -1.48734
-1.93793 0.952819
-1.60012 7.88544
-0.892216 -1.62267
6.31422 -4.81961
-2.56968 5.90393
-1.95814 1.45924
-3.57681 -0.402415
0.367888 13.6982
-0.653049 4.18075
5.31641 4.30451
2.16381 -6.82001
6.9048 -5.98274
2.82612 3.37873
6.86275 -5.85424
4.50598 11.1438
-3.6915 -4.97745
1.06914 -0.669706
-4.87728 -1.3486
5.71998 2.6715
-0.93453 -4.68823
1.65685 -11.2426
-2.63573 1.52865
-2.08908 -3.23191
-4.40162 2.2468
0.0774226 -2.77504
6.36842 4.15785
-6.85055 0.0333532
1.87328 -0.784064
-4.11835 2.58655
5.51663 -0.900988
-11.0842 4.82389
-4.83386 -3.93533
1.574 0.501457
-2.14462 -0.521745
-1.5292 -4.94618
-11.5621 6.30037
6.77705 7.21872
-10.2156 0.0334139
-7.68948 -5.7702
0.619233 -20.2969
8.99476 19.7754
6.95495 -2.2903
9.03066 -0.511304
-8.39778 -1.18081
-4.88182 -3.00119
1 -4
7.78193 -1.36633
-0.339989 -9.62509
9.52034 -8.71782
-7.73967 -0.977616
2.0437 -4.77058
-2.10293 -3.52259
5.73189 8.20384
1.40318 6.28633
-4.59084 -6.1806
2.55072 6.28975
12.2967 1.96843
2.47982 -8.41983
2.76769 0.725459
10.5457 -2.18754
-0.600493 14.4429
1.67976 9.82899
1.51305 -12.7157
-4.38691 3.74475
1.85194 4.13294
-3.07663 3.85531
-4.62487 -7.3319
-5.55347 13.7165
-9.39636 -0.934869
2.62205 -3.83494
-0.585786 8.65685
1.46368 -16.0074
-10.429 -6.44513
2.33719 -3.9061
9.20628 22.7954
20.2336 -1.10616
17.2572 15.7023
-18.1449 -15.5011
3.13236 -10.5032
7.33304 13.0792
-23.3656 12.198
8.44798 28.1286
15.8263 -3.68322
46.0949 23.981
39.606 -12.4739
13.4303 -20.6396
-67.285 -13.3047
-61.0925 -46.7118
38.615 107.267
23.5689 111.505
259.981 -15.585
106.931 89.5061
706.514 -321.153
-176.036 -991.231
1264.08 -715.252
