18295 21983
-90.0911 -6196.83
641.779 877.662
259.985 94.8534
603.621 -456.281
-60.1535 -78.1219
4.18956 -152.838
52.2304 -84.6611
-38.3742 -85.4104
-22.0435 -8.43924
41.6069 -75.0816
19.2589 -12.9468
26.7774 -18.3363
8.35134 -14.8747
-23.0838 -14.9399
9.19748 -3.37406
0.547219 -1.07292
-14.7938 -37.494
-7.40175 0.406606
-3.57394 2.96529
0.655102 -8.25715
-0.380547 -12.4219
-0.538529 -5.75199
6.04 -22.973
2.92239 -7.42659
-9.07107 -3.41421
-18.2449 -0.728702
6.54975 10.3619
9.79569 5.35986
7.291 -8.6988
-1.87463 -8.28861
-2.75509 -7.10662
-1.09272 1.75444
-1.89466 -1.35139
-2.916 -7.09463
0.742257 -6.20739
3.93089 0.870368
-4.74721 -0.0397404
12.705 -5.69489
4.90019 -0.713171
-1.29798 -5.58773
-6.46475 -1.00567
9.77053 -0.170678
2.77216 -3.08063
1.01043 25.5068
-10.9957 -15.7585
-5.09908 -6.29226
-9.51677 4.46838
-1.98632 -1.38361
6.60302 9.54421
1 7
-3.41182 5.58651
1.29294 4.50761
-0.385887 5.48259
2.83356 1.01598
-2.64453 1.96937
1.82643 6.27921
-6.09263 9.57478
0.95054 0.377218
0.792074 -5.82869
-5.21258 3.62042
5.8086 0.404293
-3.20438 -0.651078
0.529367 -2.80361
-6.02728 2.53851
-1.19838 2.27135
-3.31709 2.46293
-1.82326 -0.941785
-0.38198 0.42088
7.14972 0.0766917
-5.50734 -2.23925
-1.67954 2.52937
4.77648 -10.0089
1.92384 -2.12615
-2.60584 5.33665
3.41421 -1.41421
-3.43609 -1.2243
-4.7244 1.56451
1.03473 4.06637
-5.03713 0.623385
-3.53295 3.44449
-0.605941 1.49845
-2.19486 2.06065
-8.08394 4.40789
2.24661 0.415775
-4.31456 -0.0230901
-1.24277 1.78583
-0.7998 -17.0666
-1.12698 4.69899
5.87547 2.11668
11.8997 1.06844
-0.380571 -0.517769
4.98559 -0.902495
-4.41202 -5.54074
-1.32114 0.0742167
-3.69054 0.198583
2.61405 2.46002
4.06099 7.94522
4.11336 3.13039
1.25419 9.21185
3 -5
1.38376 -0.338357
2.27135 0.303701
-3.34499 -3.89993
-0.798782 -0.098729
-4.29893 -2.83237
-0.78618 1.17585
4.08669 -7.58378
-0.0461678 6.3294
2.1797 -2.14485
2.88519 1.53785
1.19547 -2.92097
3.02814 4.36775
-7.38953 -0.236544
-2.27839 4.33258
-3.41145 9.12271
-8.85704 -1.81209
-6.80947 -4.92226
-0.830825 1.06808
1.61282 -1.98737
0.442785 4.79158
2.27057 -0.749794
2.71811 5.75501
1.61166 7.15923
2.74325 -0.62366
5.07107 -0.585786
0.165353 1.12162
-2.79683 -0.606455
0.0413132 -3.73696
2.61819 -2.76764
-0.119011 7.45197
1.5679 1.15529
-2.84967 4.748
-10.6282 1.31637
-4.61373 6.37511
7.55686 1.36044
3.53884 7.941
-4.5851 5.83509
5.30577 3.33666
0.898036 -6.62334
3.12241 4.79599
-3.90455 5.4211
-1.56367 7.74244
0.504439 4.52159
-1.02223 2.62714
7.19891 -2.18897
2.60529 12.3785
5.33747 -2.19453
5.14127 2.51592
-5.89989 -5.14381
-3 -5
-7.52429 -0.442285
-6.01412 0.954688
-4.93529 3.8143
-2.29719 15.9289
-4.9495 6.31308
-8.48462 1.19321
4.57948 -4.13512
2.63289 -24.8896
6.73477 10.0309
9.38815 9.35166
16.9939 -12.6051
1.07802 -5.61505
-1.53317 -4.41239
2.43815 2.35751
5.03736 -0.00823831
-7.04584 -6.24729
-10.9203 -10.0501
4.16258 3.96357
5.33939 -5.30318
15.6124 -5.43882
-9.25508 1.68617
-8.22749 0.762308
-6.04389 -5.54011
15.5624 12.6094
0.585786 1.41421
19.8898 -3.6783
-9.01028 3.38176
-3.06887 -4.90131
2.35085 -5.62224
8.43507 -10.1593
8.11993 -24.4436
6.0737 -15.8207
-14.2215 -11.0506
14.3211 -2.4873
12.7248 10.6617
8.78656 16.6561
37.0817 -13.4146
52.3727 -20.3394
33.2484 -33.603
-12.5032 -21.01
-23.802 -27.5417
-26.2257 -42.2817
76.7007 80.6578
48.0042 82.5105
213.199 -119.383
130.927 34.5312
525.345 -457.882
-328.925 -1068.04
1123.17 -892.571
