16308 21675
409.628 -5590.7
634.484 516.159
61.8845 213.945
516.393 -317.602
-45.3107 -155.164
-68.2846 -183.458
11.6672 -51.4426
-26.8124 -77.4097
-36.6041 10.3034
-21.6168 -18.2939
3.85646 -41.4509
-24.4784 -16.3243
-8.02369 -27.7486
-11.7002 -15.6166
-29.1613 6.64184
-14.9078 11.575
-5.79189 4.87287
-5.86575 17.842
1.99732 2.9463
12.6382 4.05899
-3.82176 1.35975
-12.6836 1.2294
3.14666 -3.42353
-10.5779 4.30006
2 1.24264
-5.66828 13.2209
-5.45158 4.04851
-4.25102 14.0123
-4.10179 -2.86293
-0.581343 6.73752
-5.2459 3.8655
4.45462 3.68451
1.92693 6.86586
0.192403 1.41975
2.67836 0.889779
1.0874 -0.0647631
1.5507 -7.16223
1.82988 -1.93323
1.584 7.63221
-0.881966 1.08981
2.71169 -4.77523
-1.92807 -2.06876
-5.11196 -7.93326
-8.00262 3.00401
-3.08846 -1.37477
-5.30814 3.68049
-4.20305 -6.48578
-3.69013 -1.85739
-8.05035 -2.27198
8 9
-0.22285 -4.79684
-1.71716 5.49246
-5.78949 -4.9564
-0.103707 -0.291286
-0.278004 -8.45588
6.0293 1.33063
-3.23532 -0.841087
2.13787 -3.0948
-1.42458 -3.78868
5.08836 -2.43033
0.881788 1.19128
0.31079 -0.70591
-2.86831 -0.22067
0.413498 4.25637
-4.5362 -0.162787
0.375206 3.15309
-6.49834 0.559949
0.318315 -0.22092
0.450506 1.75082
-0.238317 2.20675
-3.69101 -3.15821
-1.88639 2.45684
2.114 -5.84063
4.42657 3.48853
2.82843 2.75736
-4.65322 1.8507
2.09834 1.0683
-5.33962 1.14457
2.01046 -1.53273
-3.11803 4.61653
-1.49965 7.21402
2.80794 3.37299
0.705373 3.25594
0.553674 -2.99783
-0.806555 -3.95519
-0.246352 -0.536537
-1.51953 -1.67847
-4.65329 -3.34951
1.79968 -1.50407
-0.799583 -4.35857
4.55449 -5.67285
-2.86601 0.76756
-0.0329079 3.76839
4.40262 -0.955213
2.92289 -0.146289
-5.03198 -0.748649
-2.5573 -7.0255
2.83303 0.406673
-0.767779 1.97748
-4 7
2.95881 -5.22905
-0.33755 -0.726581
-1.66914 2.86738
-4.20683 -2.76815
0.653638 -1.02504
0.910766 8.69643
3.54558 -0.163408
1.09833 0.927269
7.10775 -3.68421
1.44711 -1.75772
-0.637052 -1.36807
-3.56356 4.52609
-3.12331 -1.13121
2.07982 -2.26854
2.15931 -5.61217
-4.5733 4.87053
6.78517 -2.64202
-0.345024 6.38068
-1.74566 4.46396
-3.11803 -4.61653
-5.81657 5.68303
0.0550463 4.67587
0.186791 -0.19524
-0.130924 0.409292
2 -7.24264
6.12291 2.96988
5.10989 -9.35659
-2.08055 -0.194677
4.978 2.7577
-1.87354 -0.567802
-1.32925 -2.8795
0.846866 5.65974
-4.90445 -3.6132
1.04619 0.242603
2.9235 -2.21125
5.80402 4.79474
-2.29081 4.4593
-0.976345 -5.41943
-1.77276 5.68117
7.4395 -0.805735
-2.66247 4.32684
5.03989 -3.80414
-3.05558 -6.29311
-3.12063 -2.59904
0.620907 -2.17094
7.34478 2.51653
-0.273451 4.1123
4.53146 2.26649
0.883431 -3.45764
4 5
-6.01218 1.04613
-2.25497 -2.36637
-3.25757 -1.37352
-0.0727228 2.75839
-5.01523 -0.300338
5.6452 -7.84372
5.75551 3.3418
4.92295 -5.75398
7.52018 -2.02766
-0.881966 -1.08981
3.89229 1.86385
0.282237 3.35176
2.50964 -7.4383
-4.20246 -3.94475
0.992508 2.88356
-6.25502 -5.43121
5.20261 -1.09513
-0.819754 7.58143
-4.97575 1.73011
6.28994 9.22028
13.3985 3.57396
10.0291 9.31317
3.59794 -9.67313
7.40839 -13.7353
-2.82843 11.2426
8.23372 1.32815
6.80806 4.81633
9.21975 6.02089
-0.56134 0.627994
8.83395 -2.82292
4.39709 -4.38829
-13.9082 -4.65606
-3.27746 18.5528
-14.5453 13.7031
-2.52514 6.96894
-17.7962 28.8491
-17.5879 17.9583
6.52908 6.8195
-20.1407 -27.8658
-24.6274 -7.18655
-15.6119 -31.1983
-1.78379 -43.2435
79.4527 123.56
25.1581 76.9196
253.77 -4.8057
102.843 138.606
526.901 -412.185
-186.572 -808.044
1231.66 -703.515
