18108 23316
-4344.51 -4236.25
980.57 -20.3713
454.941 41.5657
177.41 -708.291
-120.526 -188.656
-48.7266 -53.8153
-24.8778 -116.458
-48.5863 -28.7312
12.4426 3.4641
-23.8679 -21.6093
-24.5276 -94.8974
-19.2593 -10.4557
-11.1724 -75.6564
-16.2672 -24.3693
-24.2506 -9.72127
6.78814 -10.7426
-13.4359 -24.3708
13.4243 -6.45319
-17.6639 -10.9461
-13.6582 -22.2743
-0.450952 2.59393
-0.552742 -10.2789
-6.17638 -8.22037
-14.3249 -10.3001
7.82843 -6.65685
-6.98591 -4.90711
5.36144 -2.14123
-22.1495 13.1174
-7.80827 -2.48739
-4.20336 3.05632
2.45838 -5.53822
-13.0878 6.86997
-7.73647 -0.408992
-1.74037 4.66772
-16.4367 -9.56039
1.71274 2.69731
-3.79516 -2.83751
1.80059 -6.98266
-5.5333 5.70737
-1.36655 -0.854678
4.85419 8.81889
-3.99924 -7.12431
0.212382 -0.143341
-0.449112 -2.38466
8.16379 0.209956
-4.06949 1.30892
2.10239 -4.73065
-1.50833 7.52034
5.7006 -6.30544
-2 2
-0.445836 -8.67697
5.52203 -2.45266
-4.92225 -4.39951
6.80181 5.47502
-12.4485 -6.69974
4.27443 -0.621808
3.89891 0.0148843
1.86778 -1.40294
1.44345 8.66298
3.30856 -2.50167
2.54419 -2.01281
0.00297468 -5.86216
-3.84722 3.14467
1.03486 -15.7241
0.820195 -0.909251
14.8668 19.7871
-10.3708 -9.06768
-13.4438 0.661175
-4.43554 9.21643
-3.34579 9.83223
8.074 1.03135
-2.891 1.90352
-3.34264 -0.107284
0.326579 10.7877
5.24264 2.75736
-5.08573 7.5157
5.71502 2.04784
-2.55879 3.9047
-4.0211 -0.639278
0.593096 -3.23514
4.87766 0.720788
0.721711 2.07599
2.06951 1.70506
0.697712 1.46168
3.13421 1.56979
-7.6588 -1.59781
6.70656 0.243049
7.57011 -0.0932115
-8.13387 0.600592
-3.22222 1.66506
1.22651 3.69909
-0.515337 2.01631
8.01244 -0.00130404
1.18981 -1.62938
-2.81722 1.28294
-4.57218 2.44866
4.96297 -2.82692
3.54283 -3.71247
-5.94118 5.51545
-2 6
1.42854 -7.10901
4.43317 -0.220398
2.0054 4.03078
1.3648 4.06082
-0.110898 -4.26332
-0.394359 0.196996
-2.63092 -2.48825
-3.02538 2.21952
0.732472 11.9353
0.867767 -1.70919
2.96346 -10.2587
3.37956 -1.3953
-0.272105 -3.02429
-2.66299 9.46861
1.64555 -0.0185347
-1.63039 -0.913582
0.123246 5.66829
5.74269 3.45586
2.13351 -0.29192
-3.21113 2.4712
-0.0445824 -1.53832
-1.20523 -1.57089
-0.0555015 -4.15246
-1.61285 -5.7177
2.17157 4.65685
6.13324 2.23317
2.66806 5.08547
-3.83335 -0.679076
-7.77798 7.66358
-5.51802 3.53566
-12.9757 -7.58367
4.99076 11.3179
7.24982 5.07247
3.06619 -4.81709
0.835092 -0.896408
-16.5454 -11.9951
6.35691 -5.09902
-0.966585 -5.85022
6.42076 -17.415
-2.6348 0.682012
7.9262 -0.201279
1.42641 -5.74813
5.15664 1.51738
0.674603 5.99587
1.57174 5.85041
-6.01651 -8.50171
-2.23879 -5.36147
6.85282 7.95161
0.854119 -1.08691
-4 0
4.69222 1.52673
4.26653 2.98446
5.4894 -1.23397
5.302 -3.05515
-3.10061 3.3091
4.9961 1.76618
4.73633 -3.98796
-1.02276 -0.0547233
-6.09153 -2.97477
0.984587 -4.38139
9.11679 2.27679
0.690869 -5.58077
2.63509 4.51876
-2.3085 5.84071
0.488222 -1.77538
-7.58222 -8.81422
-9.35741 -0.0585021
-4.76016 0.558042
3.79851 -7.71529
-10.3918 -5.59139
5.57136 6.23841
-4.24079 -4.89649
12.0602 -26.616
-8.03384 -7.34285
-3.24264 11.2426
5.04041 20.0301
-0.363722 -7.64674
-1.25243 8.35892
5.06359 1.72991
29.9844 -1.90606
-17.8885 -16.349
-3.04359 -19.7859
-19.9307 19.4807
25.2572 9.20899
-3.54093 19.974
16.1354 -7.28079
29.7911 48.8755
-5.2482 -65.5278
-26.9332 11.4325
-64.3186 -21.1794
-4.77471 5.45024
-54.5411 -41.2983
119.974 81.3676
57.7754 15.4678
154.573 -241.696
211.787 -85.9261
-69.831 -893.625
-931.081 -130.059
207.764 -1557.68
