17890 20427
1856.63 -5847.41
664.69 844.837
15.3917 350.556
607.509 -303.446
17.9389 -112.548
-128.342 -111.204
62.6321 -27.6196
-26.9819 -11.1008
-15.1791 -69.983
-3.80001 16.0848
36.121 -60.7311
-0.814271 -19.756
-21.6943 -83.3978
-15.0887 -2.85589
-39.8625 -6.02039
-7.49702 -56.0506
-23.159 -16.4227
-8.12677 -8.97918
6.84617 -0.0801701
-32.1887 -0.232266
-0.916178 1.93395
-3.10571 -20.949
-1.24735 -13.3781
-16.7833 6.52793
-9.70711 1.12132
-10.4067 -8.33686
-12.8593 17.5423
4.46377 2.85398
11.7869 13.9854
-2.88669 -9.32574
5.22508 -5.3072
-1.8636 -5.55937
-9.082 0.738881
-9.34133 4.14323
-4.92041 9.83989
-12.7242 5.42836
-7.16071 3.24692
2.75366 8.11388
-15.1608 6.7537
2.3968 3.55519
-0.0693472 -1.6405
-1.33879 1.63471
2.19256 4.71323
3.45287 -5.87432
0.990377 -8.08194
-1.46078 4.89199
-0.8516 -7.15705
2.13768 0.278177
2.53189 -0.0739213
3 2
6.45522 -3.16717
-4.3749 2.19611
3.33421 6.35332
5.52992 -0.495091
-0.464166 3.05572
-4.63862 3.82825
0.256326 1.76037
2.67654 10.2329
-0.348019 -4.51417
3.59393 0.626306
-0.838901 -1.69879
8.72907 3.36546
-4.86172 -12.6557
3.67734 -2.91385
-4.62107 3.96426
-12.892 20.9792
3.12728 -3.79664
-3.35645 -10.1018
1.81805 -0.31462
-6.16091 -4.30545
0.845889 10.9128
-9.88749 -1.76783
-0.946126 -6.21182
-2.06072 3.79304
-1.12132 -4.87868
1.31348 -4.03289
2.62023 2.28988
6.65984 8.22769
-1.49237 -0.882536
-0.260074 0.230401
3.52386 13.8454
3.66997 4.88521
2.53676 5.08483
-5.80996 1.95193
0.287538 1.97733
-3.89476 0.362125
2.83754 1.61792
1.79736 4.78604
7.46105 -0.385929
7.89018 4.94964
1.39668 -0.794145
-2.99243 -3.52268
1.86123 2.99527
-2.07797 0.225788
-1.0692 -4.88576
-0.263696 -2.65517
10.7392 -8.83588
-2.94677 0.19695
-0.656193 -4.85522
0 -1
1.2652 0.320416
5.98795 4.64587
-0.41023 -3.79731
3.74565 0.0904532
-1.09433 -5.00226
-4.36369 0.826932
1.49403 1.95436
0.961514 3.50989
-8.16589 3.10751
-3.53752 4.47769
-4.65413 1.40872
-9.46881 2.86323
-1.21405 3.45051
2.29409 -1.28137
-2.19533 -0.28174
-4.61639 2.83775
0.0393888 3.48941
-0.440375 2.12612
3.85573 0.21659
1.64204 0.679429
0.823516 -5.06162
2.99393 -1.59001
1.44854 -11.4181
-3.1918 3.30201
-8.29289 -3.12132
2.17596 -0.79325
-7.98887 -4.14103
2.95609 1.71848
-0.65711 7.33558
4.01037 -3.51519
2.72701 -15.7686
-6.50322 -0.605569
3.33587 6.95485
-1.70441 3.59223
-2.68739 -5.20339
4.29487 -24.0192
8.78133 -0.0485606
-0.932498 6.88922
9.38208 -2.046
1.73231 2.69993
-0.571621 3.1142
-0.622043 -3.47793
4.68459 1.61465
-5.56428 -4.81826
0.637238 2.43853
-2.99057 -8.67728
-0.733513 2.94501
-8.63078 -6.78417
3.78817 3.43458
3 4
-9.13338 -5.39397
-6.09946 4.54065
5.19458 1.48435
12.1146 -2.44273
-2.37791 -0.918923
-4.56435 -6.9212
6.81734 -3.68955
6.71069 -0.587491
-0.82605 3.21077
1.22123 8.53498
10.5439 -3.54753
2.8102 13.7895
9.71571 21.975
15.1593 4.71872
4.68272 -13.3303
6.56932 8.29811
-0.474582 0.643473
-6.09376 -17.7724
-14.4326 2.43365
-11.1005 -4.51925
14.2148 -6.38074
-19.3345 1.40277
-5.41438 4.05932
2.84288 -9.63634
3.12132 -9.12132
9.21611 -5.98301
4.67452 -15.598
-9.99593 -32.4941
-12.8525 9.75363
21.8625 -12.094
23.4993 19.8112
-0.700876 -6.56079
34.2587 -12.903
-11.6379 -24.4574
9.17868 -17.4178
12.8087 13.1265
-32.0571 22.7284
-3.82082 93.3403
-12.3629 -9.91643
99.5851 60.1535
-23.7725 7.70431
83.9547 -32.5353
-13.5149 98.3148
-13.6627 23.4672
61.5769 108.415
152.874 174.503
854.055 -80.2255
-105.521 -1142.29
1692.99 -154.548
