17665 21951
-21.1247 -5910.92
1027.19 578.278
337.756 168.498
445.322 -692.358
-88.3977 -56.2863
-57.648 -112.789
62.8032 -59.2319
-24.2557 -25.5641
1.15734 -22.1776
-23.5023 -97.3687
-19.4306 -56.8499
-42.771 28.9068
-12.6823 -51.229
-14.0693 13.1129
-13.8679 -30.0729
-6.95655 0.156773
-16.7144 -2.40513
26.869 19.2891
-12.5085 -9.90953
5.36951 2.97886
-13.1436 19.3572
1.36125 -8.86359
-13.7487 4.69617
-14.0958 1.36649
-10.5355 3.29289
-5.8243 11.3221
-1.19508 0.857984
0.598249 -7.72063
6.93709 -0.145501
0.620762 6.47031
1.19263 4.87094
1.48169 -4.08236
5.24264 -2.28365
6.8963 2.67007
1.24175 -5.21977
1.61885 -3.03866
6.31073 -10.3946
-2.85408 5.7762
3.35579 7.66657
12.2176 7.10793
4.8608 2.48893
4.94899 1.62934
5.36428 -5.26704
8.14976 -1.7812
-4.83465 -1.93843
-0.623876 27.2772
-13.4692 -4.31177
-5.21543 9.25706
-9.00145 12.4837
0 6
6.32598 4.39509
-0.0398335 1.40698
-4.72242 -0.201429
-5.90455 1.44447
6.41486 8.68953
-3.56493 1.6165
6.27356 2.83327
-3.68135 -0.0781966
2.73912 1.18375
-0.947198 -0.358282
2.96324 6.13454
-1.44189 1.523
0.692163 -1.8543
-0.900109 -1.21311
-6.60933 0.651799
1.9444 -8.47292
0.420183 -1.43832
-0.760774 2.99266
-0.145348 -3.16861
0.726763 3.56414
-3.08765 -6.06065
-3.23218 -1.78807
3.51997 10.2712
2.94075 -1.14376
-5.94975 0.949747
-1.04914 -0.54821
-4.3338 -0.786868
0.84672 -1.66149
2.18061 -3.55625
-3.39076 2.60648
3.29699 -3.31624
0.390116 1.30328
2.63926 -1.24999
-2.86034 0.913172
-7.67458 -4.59492
1.87213 3.86302
-2.21259 0.487854
-2.33358 0.306989
-5.3535 -2.30563
2.8498 -0.678918
0.349979 -13.2097
2.78095 1.82971
2.38961 -4.34882
5.19613 -0.312702
-3.32115 -5.98754
-4.12634 -1.22997
-0.640903 3.92978
1.80592 3.45672
-3.54979 5.03026
-5 -9
0.34235 0.574583
-2.82601 -0.291305
2.16166 7.24069
-2.73056 11.5237
-3.27282 -3.02725
-2.74083 -0.10562
1.46431 -8.84206
3.24879 -0.962677
1.97528 -4.24489
5.77886 -3.36185
3.96223 17.1447
1.87164 0.101183
-2.82217 -0.180397
-0.495088 8.56867
-0.083149 4.42347
-0.67978 7.3291
0.0429985 -3.90783
4.40312 -0.964388
-6.458 7.17283
4.77272 2.15745
0.606875 -7.2933
0.159903 4.67505
5.48539 4.53902
3.17821 1.82835
-3.46447 4.70711
-0.440035 -4.67626
3.53523 -1.62911
6.45041 -0.949709
-2.80309 -1.33575
9.52649 1.85871
1.93616 3.49166
1.24477 -0.198136
5.16706 -8.43761
5.74767 2.37472
4.54527 -1.96359
-3.97963 4.67082
-1.80341 -0.981919
-10.077 -0.279849
-2.67023 0.362369
2.85703 4.06649
10.2955 5.31877
1.57406 2.82697
-0.753453 5.02316
0.309606 3.49696
-2.79982 3.83555
-6.78316 3.10644
2.04464 -2.40752
0.896062 -12.4823
0.879485 -0.754322
-4 4
4.25416 7.03568
-6.74679 6.4108
0.873761 8.5058
-11.0618 -2.46438
-0.721738 3.90651
-5.04514 -30.8415
8.34688 10.6166
5.62421 2.75547
4.41222 -4.28427
-8.5996 2.12814
-4.92017 -4.37089
-2.87994 3.15885
5.97414 4.57478
2.2945 7.11324
1.08708 -10.1717
-10.7075 4.5798
-2.14767 -6.30749
-22.7166 -0.538514
-7.88293 -5.02842
1.12598 5.18889
9.53849 1.35141
-1.65107 14.7842
0.00925238 -12.1976
3.03641 2.33931
3.94975 -8.94975
11.5041 -10.2865
2.90688 2.58424
5.46706 0.715554
-9.14379 -6.92811
7.72066 -12.6871
6.861 6.42925
5.36853 1.09516
2.83188 11.1028
16.1714 -3.47044
-23.4982 -16.4687
-1.90064 -20.0915
-27.7605 26.8962
20.0355 25.2225
52.6084 7.19424
26.8736 -15.6726
-4.17471 -39.7372
-31.9347 -54.7845
-15.5427 111.895
-73.173 104.463
257.792 14.2243
80.4893 172.604
739.769 -368.196
-18.5149 -959.41
1398.89 -940.547
