17295 20360
1499.83 -5925.31
665.43 747.309
205.808 269.474
665.314 -299.802
-31.4956 -150.616
-109.775 -153.434
67.935 -82.2368
-54.5082 -58.1798
-1.40304 -41.7244
-35.0224 11.3504
48.2056 -95.8343
-42.8867 -32.7059
2.30285 -32.1257
-9.55567 23.1982
-36.8324 -11.9275
7.09456 -17.1657
-29.4774 -13.2644
-0.0865739 -2.71827
-8.99285 13.5232
0.486525 -0.464384
6.57254 6.67945
9.98153 -10.6584
3.56491 2.44813
-8.86225 8.08706
2.58579 12.6569
-0.780755 -4.73324
-5.26435 3.32212
-1.06317 3.22423
-9.18751 2.81101
-2.74036 -1.99957
-8.55592 1.9702
2.36732 11.3313
0.616316 3.45834
-2.63808 2.10504
5.42432 0.568262
-9.52858 0.132185
-7.13337 8.5893
-0.932955 1.64126
5.23247 -3.27614
5.90154 0.093096
-1.78763 -0.301866
4.01286 0.411983
-5.32291 3.96813
1.9098 -7.51996
2.22017 9.46524
3.7589 7.16567
3.23843 7.70445
3.59716 -7.14784
10.2395 5.57701
-1 -4
-15.6954 14.9007
-3.26101 -13.7507
-1.05715 -1.91726
-9.72911 -2.28928
1.72777 -0.856086
4.64499 -5.32866
-1.93676 -0.88848
0.942115 6.76771
-2.02168 1.73146
0.664826 5.35593
-7.65193 8.53626
-0.718564 -4.25058
0.386782 0.549198
3.1423 0.178877
-2.06373 -0.131334
-0.498242 0.444278
2.33813 4.52859
1.81549 -3.10559
-1.30531 -5.52041
-5.32853 -1.31351
-1.7797 -7.3485
0.64402 -0.142517
-1.79524 2.20793
-0.446311 -4.2153
-3.41421 3
-5.43864 5.25046
-6.71043 3.11558
-3.60596 1.38278
0.652278 1.77336
-3.91367 0.484587
-6.17989 -3.10316
-1.53291 1.2657
0.610439 1.64962
-2.67031 3.9508
-5.13313 2.49477
0.107679 3.56241
0.475127 8.30641
1.34637 0.836566
5.81615 1.95405
-4.86612 -2.96844
-4.40855 1.13716
-0.0271171 -2.97534
0.397859 -0.0234219
-3.3055 4.93967
3.76815 1.33807
0.171816 0.992782
2.92802 -12.251
-8.19992 6.42388
-4.84546 -2.67056
3 0
18.0967 4.74009
-0.408766 0.68481
0.294372 10.2393
3.11786 7.3786
0.199115 1.38603
3.87095 -1.35752
10.1208 5.17307
5.92431 -6.41618
-0.62648 0.20893
-0.452326 -5.76891
4.4755 4.87029
1.6774 1.66429
-1.82875 -6.58089
1.95868 10.2352
-1.65264 4.32698
7.12977 0.887573
1.93722 -8.56251
3.63642 2.09191
-2.42493 -1.61336
-0.558469 -1.86655
2.95233 0.797069
3.15567 -0.828218
6.6428 3.81812
-2.50683 5.05402
5.41421 1.34315
-2.86992 -3.6011
-1.19236 2.70757
0.442737 1.4372
-2.0856 -4.48214
3.3201 -4.37306
2.86307 1.30966
-2.8475 -2.19568
-4.71988 1.28331
3.41597 4.57098
-1.21484 6.01907
-2.33581 -4.7646
4.45435 3.80463
-2.83977 2.5204
6.78129 -0.00107074
5.98765 8.2621
0.442791 8.85121
-4.23574 4.03597
5.60911 -6.06249
1.49971 -0.9961
-8.34012 -5.49737
-2.44912 -10.2723
-2.24192 14.9746
8.81256 4.94562
-6.00223 4.18923
3 -8
-13.0662 -26.5541
13.084 1.8551
7.30534 -2.73813
-2.27083 -14.2666
0.0996904 -5.45145
-7.8734 -1.40092
-4.53722 -4.34399
-0.950742 -3.79034
-4.47705 -5.21565
-1.4294 -3.71113
-6.99773 -0.41385
-7.73379 -9.88669
-7.65758 8.98257
9.13783 -1.27404
1.92325 13.6735
-1.27727 -1.99056
-5.10747 2.997
-7.08627 -3.59923
6.1785 6.37751
-7.43155 14.9911
14.1249 4.16061
2.7821 -3.96481
-0.218719 -3.05104
5.40986 13.46
-0.585786 3
-2.69595 0.131855
-13.426 -6.28249
-7.73731 4.59533
-10.313 13.4964
-25.139 11.8464
27.0111 -3.6283
10.8254 3.09899
8.66047 -22.5949
-26.9576 -1.88292
-5.30998 -4.77457
6.64065 18.0774
-20.6201 44.9042
73.2588 8.57558
-25.2364 -35.4865
50.5212 -57.918
-46.2772 -8.66298
39.6158 -39.6862
3.43836 131.808
-28.7971 33.1219
192.68 79.9826
192.018 168.09
730.788 -172.989
-159.771 -914.819
1762.24 -472.549
