18666 22133
-185.557 -6338.66
298.992 820.726
93.8212 -146.325
529.071 -411.924
-98.8762 -174.979
23.0192 -177.501
-12.409 -38.12
-45.265 11.6986
-60.3315 -38.6414
18.3716 -30.1975
-26.6032 -28.6463
6.62624 4.96993
9.07596 -11.7361
-29.3735 -23.7496
-7.92629 -12.7926
13.3399 14.2434
2.10382 -4.38871
-9.04235 4.7989
-10.7998 -7.32524
2.88197 -1.03118
-9.36577 -4.1378
-19.5072 2.26375
-6.5963 -5.07046
-0.735822 2.50618
2.17157 -1.77636e-15
4.01914 -7.64243
-4.59419 -8.89892
-3.04299 0.397724
3.44795 3.34726
3.99193 0.5
1.78866 9.02421
6.23739 1.93733
-2.48401 -2.30181
5.74928 0.599568
-3.07496 3.41491
-2.97744 -2.52969
-1.63617 -5.72235
-5.64671 25.6047
-1.5733 -4.37541
-4.12866 1.98131
-4.46278 12.0766
-0.116992 3.87389
1.94133 5.50422
-0.806324 2.87056
4.59857 3.53986
2.59188 13.8513
1.05583 10.1244
1.52846 3.39845
-5.28077 0.813391
-2 1
10.7401 -8.0926
2.71997 1.15845
2.62923 -0.0122763
-0.310157 -5.35769
-3.27903 6.84362
2.02068 -5.73102
-3.66803 -1.17223
-2.19226 -2.19489
1.30659 -3.92925
5.11803 3.65984
0.98992 4.53668
-1.62498 0.925234
-1.73208 -0.427938
3.18711 4.48057
-0.345011 0.494751
-0.776398 6.34984
-0.137434 -3.89363
-4.98131 -4.088
1.34936 1.60666
-1.99193 0.5
-1.44312 -1.52666
-4.65709 4.40457
-2.90822 -1.79882
-5.48139 4.25535
1.58579 -15.4142
-2.69357 3.51764
-5.78944 -1.18351
0.383344 -2.57571
5.83043 -2.4607
-5.75325 0.920808
-3.1861 -3.89525
-0.54731 1.04825
-6.38009 -0.295854
-3.17543 -1.50479
-6.96018 -0.35082
-4.14613 2.78552
1.55596 3.65253
-2.0144 0.238446
-0.045134 3.08975
-1.71911 -7.92714
-1.21748 7.97145
3.50561 1.33796
4.01321 -2.78916
3.3615 -0.21925
-6.2135 0.230022
-0.311657 9.07206
-0.391987 -3.06202
-2.87067 -1.54436
1.67814 9.24314
4 -5
-1.63445 -2.61629
-4.28943 1.36878
0.0842972 1.35145
2.503 3.4378
1.92393 2.95087
-4.39605 2.10177
3.58195 -2.38947
0.859918 -0.190024
4.4809 -1.26447
6.7921 0.5
1.80228 1.10478
-3.49271 8.47515
-3.87197 -3.10375
0.462363 0.25881
4.186 4.40611
-6.46108 10.4873
3.08547 -0.158968
-1.74832 0.849799
2.35781 -3.31381
2.75325 -2.15688
9.35885 -0.616436
2.87039 5.30208
2.03175 -6.20281
2.37625 -8.19392
7.82843 1.67644e-14
-0.736778 4.61442
-0.505645 14.5053
0.741719 -0.297539
-0.318293 1.67583
-1.70566 0.0582488
0.321732 4.5916
6.86399 1.8253
2.31477 -3.84784
3.05049 1.07654
1.08074 -0.126692
-2.42821 -0.877634
3.05834 -1.81508
4.73961 0.0106523
0.625398 0.0405822
5.11803 5.28444
3.05795 1.17116
-5.90698 -9.90442
-5.53486 -0.401062
-7.46057 -1.96371
0.396254 -2.66266
2.67785 -1.53231
5.4424 -2.1925
7.84486 3.2333
1.84968 -10.2148
-4 3
4.50177 -16.0293
2.21531 -9.47988
2.77377 -6.63755
0.754244 -10.448
3.74706 -0.557119
-4.06653 0.998129
-1.33282 -8.93023
-7.77544 -9.96695
-10.4309 4.08727
1.12866 1.25476
0.10052 11.9814
-6.21096 8.59755
-10.9384 1.19515
-9.34208 -37.3438
3.91189 -2.205
9.33148 1.68869
5.29268 -5.56573
-9.55619 -3.81934
-4.275 -4.53508
-12.9468 2.06636
4.05563 -1.61078
1.22709 1.9409
-2.64221 -11.6707
-9.81234 -11.6065
4.41421 -12.5858
-9.32156 -5.78138
4.96808 1.97498
-3.08829 1.42297
15.3262 3.38562
2.88197 -7.91309
10.3596 -10.2535
-3.71398 -3.08746
9.61738 5.62763
13.9285 -2.02565
5.35073 23.212
-4.29395 11.974
16.2879 -19.6855
55.3271 -35.7984
-9.21014 -21.7912
-4.7921 0.5
-4.42208 -10.3402
-20.4588 -43.9165
104.755 69.2754
93.752 87.042
165.48 -123.418
201.125 -51.1645
464.619 -404.588
-322.146 -1016.06
1104.27 -954.291
