298
132 70
133 69
134 69
135 69
136 69
137 70
138 71
139 72
140 72
139 73
138 74
138 75
137 76
136 77
135 78
134 78
133 79
132 79
131 80
130 80
129 81
129 82
129 83
128 83
127 83
126 83
125 84
124 84
123 85
122 85
121 85
120 86
120 87
120 88
119 89
118 89
117 89
116 90
116 91
115 92
114 93
113 94
112 95
111 96
111 97
110 98
110 99
111 100
112 100
113 100
114 100
115 101
116 102
117 102
118 102
119 103
119 104
120 105
120 106
120 107
120 108
120 109
120 110
120 111
121 112
122 113
123 113
124 114
124 115
124 116
125 117
126 117
126 118
127 119
127 120
127 121
127 122
127 123
127 124
126 125
125 126
124 127
123 128
122 129
121 130
120 131
120 132
119 133
119 134
119 135
118 136
117 137
117 138
116 138
115 139
114 140
113 140
112 141
111 141
110 142
109 143
108 144
108 145
108 146
107 147
106 147
105 148
104 149
103 149
102 149
101 150
100 151
99 151
98 152
97 153
97 154
96 155
95 155
94 155
93 156
92 157
92 158
91 159
90 159
89 158
88 158
87 158
86 158
85 158
84 157
83 157
82 157
81 156
80 156
79 156
78 155
77 155
76 154
75 154
74 154
73 153
72 153
71 152
70 151
69 151
68 150
67 150
66 149
66 148
66 147
67 147
68 146
68 145
68 144
69 143
69 142
70 141
71 140
72 139
72 138
73 138
74 137
75 136
76 135
76 134
77 134
78 133
78 132
79 131
79 130
80 129
80 128
80 127
80 126
80 125
79 124
79 123
79 122
78 121
78 120
79 119
79 118
78 117
78 116
78 115
78 114
78 113
77 112
77 111
76 110
76 109
76 108
76 107
76 106
75 105
76 104
75 103
75 102
76 101
76 100
77 99
77 98
78 97
78 96
79 95
79 94
79 93
80 92
80 91
81 90
81 89
81 88
81 87
81 86
81 85
80 84
80 83
81 82
81 81
80 80
80 79
79 78
79 77
79 76
79 75
79 74
80 73
80 72
81 73
82 73
83 74
84 74
85 74
86 74
86 75
86 76
87 77
88 78
88 79
88 80
88 81
88 82
89 83
90 84
90 85
90 86
90 87
90 88
90 89
90 90
90 91
90 92
90 93
91 94
92 94
93 94
94 94
95 93
96 92
97 91
98 91
99 90
100 89
101 89
102 89
103 88
104 88
105 87
105 86
106 85
107 85
108 84
109 83
110 82
111 81
110 80
111 80
112 81
113 80
113 79
114 78
115 77
116 77
117 77
118 77
119 77
120 76
121 76
122 75
123 75
124 75
125 74
126 73
127 72
128 72
129 71
130 71
131 70
