289
98 68
99 67
100 67
101 67
101 68
102 69
103 69
104 70
104 71
104 72
104 73
103 74
103 75
102 76
102 77
101 78
100 79
99 80
98 79
97 80
97 81
96 82
97 83
96 83
95 84
95 85
94 86
95 87
95 88
95 89
94 90
93 91
93 92
94 93
94 94
94 95
94 96
93 97
93 98
93 99
93 100
92 101
92 102
93 103
93 104
92 105
92 106
93 107
94 107
95 107
96 107
97 107
98 107
99 107
100 106
99 107
100 108
99 109
100 110
101 110
102 110
103 111
104 112
105 112
106 113
107 114
108 115
109 116
110 116
111 117
112 118
113 118
114 118
115 119
116 119
117 119
117 120
117 121
118 122
118 123
118 124
118 125
118 126
118 127
117 128
117 129
116 130
116 131
115 132
115 133
116 134
117 135
117 136
117 137
117 138
117 139
117 140
117 141
116 142
116 143
116 144
115 145
115 146
115 147
115 148
115 149
114 150
114 151
114 152
113 153
113 154
112 155
112 156
111 157
110 157
109 158
109 159
108 159
107 159
106 159
105 159
104 159
103 159
102 159
101 159
100 160
99 159
98 159
97 159
96 159
95 159
94 159
93 159
92 159
91 159
90 159
89 158
88 158
87 158
86 158
85 158
84 157
83 157
82 157
81 156
80 156
79 156
78 155
78 154
77 153
77 152
77 151
76 150
76 149
76 148
75 147
74 147
73 146
73 145
72 144
71 143
71 142
71 141
70 140
69 139
68 138
67 137
66 136
65 135
64 134
63 133
63 132
63 131
63 130
62 129
61 128
60 127
59 126
59 125
59 124
58 123
57 122
57 121
57 120
57 119
56 118
56 117
56 116
55 115
55 114
55 113
55 112
54 111
54 110
53 109
52 109
51 108
50 108
49 107
48 107
47 106
46 106
46 105
46 104
47 103
47 102
48 102
49 101
50 102
51 102
52 102
53 102
54 103
55 104
56 104
57 104
58 104
59 104
60 105
61 106
62 106
63 107
64 108
64 109
65 110
66 111
66 112
66 113
67 114
68 115
68 116
69 117
70 117
71 117
72 117
73 117
74 116
75 115
76 114
77 113
77 112
77 111
77 110
77 109
77 108
77 107
77 106
77 105
78 104
78 103
79 103
80 102
80 101
80 100
81 99
82 98
83 98
84 97
84 96
85 95
85 94
85 93
85 92
84 91
84 90
84 89
84 88
84 87
85 87
86 86
87 85
87 84
88 83
88 82
89 81
90 81
91 80
91 79
91 78
91 77
91 76
92 75
93 74
94 73
94 72
95 71
96 70
97 69
97 68
