310
89 62
90 61
91 61
92 62
93 62
94 63
94 64
94 65
95 66
95 67
95 68
95 69
94 70
94 71
94 72
94 73
93 74
93 75
94 76
93 77
94 78
94 79
94 80
94 81
94 82
94 83
94 84
94 85
95 86
95 87
95 88
95 89
95 90
96 91
96 92
96 93
96 94
96 95
96 96
97 97
97 98
97 99
98 100
98 101
99 102
100 102
101 101
102 100
103 100
104 99
105 99
106 99
107 99
108 98
109 99
110 99
111 100
112 100
113 100
114 100
115 100
116 100
117 100
118 101
119 101
120 102
121 102
122 102
123 102
124 102
125 102
126 102
127 102
128 102
129 103
130 103
130 104
131 105
131 106
131 107
132 108
131 109
131 110
131 111
132 112
132 113
132 114
132 115
132 116
132 117
132 118
133 119
134 119
134 120
135 121
135 122
136 123
137 124
138 125
138 126
138 127
138 128
138 129
138 130
138 131
138 132
137 133
137 134
137 135
136 136
135 137
135 138
135 139
136 140
136 141
136 142
136 143
137 144
137 145
136 146
136 147
136 148
135 148
134 149
133 150
132 150
131 151
130 151
129 152
128 153
127 153
126 154
125 154
124 154
123 155
122 155
121 156
120 156
119 156
118 157
117 157
116 157
115 158
114 158
113 158
112 158
111 158
110 159
109 159
108 159
107 159
106 159
105 159
105 158
105 157
105 156
106 156
107 155
107 154
107 153
107 152
106 151
105 151
104 150
104 149
103 148
102 147
101 147
100 147
99 146
98 145
97 145
96 145
96 144
95 143
94 143
93 142
92 141
91 140
90 140
89 140
88 139
87 139
86 139
85 139
84 139
83 139
83 138
82 137
81 137
80 137
80 136
79 135
79 134
78 133
77 132
76 131
75 130
75 129
74 128
73 127
72 126
71 126
70 125
69 124
68 123
67 123
66 123
65 122
64 122
63 121
62 121
61 121
60 121
59 121
58 121
57 121
56 120
55 119
54 118
54 117
55 116
56 115
57 115
58 114
59 114
60 114
61 114
62 113
63 114
64 114
65 113
66 113
67 113
68 113
69 114
70 114
71 115
72 115
73 115
74 116
75 117
76 117
77 117
77 118
78 119
79 119
80 120
81 120
82 120
83 120
84 119
85 119
86 118
87 117
87 116
88 115
88 114
88 113
88 112
88 111
87 110
87 109
87 108
86 107
86 106
86 105
86 104
86 103
86 102
86 101
86 100
86 99
85 98
85 97
85 96
85 95
85 94
85 93
85 92
85 91
85 90
85 89
85 88
85 87
85 86
84 85
84 84
84 83
84 82
83 81
84 80
84 79
84 78
84 77
85 76
85 75
85 74
86 73
86 72
86 71
86 70
87 69
87 68
87 67
87 66
87 65
87 64
87 63
88 62
