324
96 56
97 55
98 55
99 55
100 55
100 56
100 57
101 58
101 59
100 60
100 61
101 62
101 63
101 64
100 65
99 66
99 67
100 68
99 69
99 70
98 71
98 72
98 73
97 74
97 75
96 76
97 77
97 78
97 79
96 80
96 81
95 82
95 83
95 84
94 85
94 86
94 87
94 88
95 89
95 90
94 91
95 92
95 93
96 94
97 94
98 95
99 95
100 96
101 96
102 96
103 97
104 96
105 97
106 97
107 97
108 98
109 98
110 98
111 98
111 99
111 100
112 101
113 101
114 101
115 101
116 102
117 102
118 103
119 102
120 103
121 103
122 103
123 103
124 103
125 103
125 104
125 105
126 106
127 107
127 108
127 109
127 110
126 111
126 112
127 113
126 114
126 115
126 116
126 117
127 118
127 119
127 120
127 121
127 122
128 123
127 124
128 125
127 126
127 127
127 128
127 129
126 130
126 131
127 132
126 133
125 134
125 135
125 136
125 137
125 138
125 139
124 140
124 141
124 142
123 143
122 144
122 145
121 146
121 147
121 148
121 149
121 150
121 151
121 152
121 153
121 154
121 155
121 156
120 156
119 156
118 157
117 157
116 157
115 158
114 158
113 158
112 158
111 158
110 159
109 159
108 159
107 159
106 159
105 159
104 159
103 159
102 159
101 159
100 160
99 159
98 159
97 159
96 159
95 159
94 159
93 159
92 159
91 159
90 159
90 158
90 157
90 156
90 155
90 154
90 153
90 152
90 151
90 150
90 149
90 148
90 147
89 146
88 145
87 144
87 143
86 142
86 141
85 140
85 139
84 138
83 137
82 136
81 136
80 135
80 134
79 133
78 132
77 132
76 131
75 130
74 129
73 128
72 128
71 127
70 126
69 125
69 124
68 123
67 123
66 122
65 121
64 120
64 119
64 118
63 117
62 116
61 115
60 114
60 113
60 112
59 111
58 110
58 109
58 108
58 107
58 106
57 105
56 105
55 104
54 103
53 103
52 103
51 103
50 103
49 103
48 103
47 103
46 103
46 102
45 101
45 100
46 99
46 98
47 97
48 97
49 97
50 96
51 96
52 95
53 95
54 95
55 95
56 96
57 96
58 96
59 96
60 97
61 97
62 98
63 98
64 99
65 99
65 100
66 101
67 101
68 102
69 103
69 104
69 105
70 106
71 107
72 108
73 108
74 109
75 109
76 109
77 109
78 109
79 109
80 108
81 107
81 106
81 105
81 104
81 103
81 102
81 101
81 100
81 99
82 98
83 97
83 96
83 95
83 94
83 93
83 92
83 91
83 90
84 89
84 88
84 87
84 86
83 85
83 84
83 83
83 82
83 81
84 80
85 79
85 78
85 77
86 76
86 75
86 74
87 73
88 72
88 71
89 70
89 69
90 68
90 67
91 66
90 65
90 64
90 63
91 63
92 62
92 61
92 60
92 59
93 59
94 58
94 57
95 57
