297
113 61
114 60
115 60
116 60
117 60
118 60
118 61
118 62
119 63
118 64
119 65
118 66
117 67
117 68
116 69
115 70
114 71
113 71
112 72
111 73
111 74
111 75
110 76
110 77
109 78
108 79
108 80
107 81
106 82
105 83
105 84
104 83
103 83
102 84
102 85
103 86
104 86
103 86
102 87
102 88
102 89
101 90
101 91
100 92
100 93
100 94
101 95
102 95
103 95
104 96
105 97
106 98
106 99
107 100
108 100
108 101
109 102
110 103
111 104
112 105
113 105
114 106
115 107
116 107
117 108
118 108
118 109
119 110
120 110
120 111
121 112
121 113
121 114
121 115
120 116
120 117
121 118
121 119
120 120
120 121
120 122
119 123
119 124
118 125
118 126
118 127
118 128
118 129
118 130
117 131
117 132
116 133
116 134
116 135
115 136
114 137
114 138
113 139
112 140
111 141
111 142
110 143
110 144
109 144
108 145
107 146
106 147
105 147
104 148
104 149
103 150
102 151
102 152
102 153
101 154
100 155
100 156
99 157
98 158
97 159
96 159
95 159
94 159
93 159
92 159
91 159
90 159
89 158
88 158
87 158
86 158
85 158
84 157
83 157
82 157
81 156
80 156
79 156
78 155
77 155
76 154
75 154
74 154
73 153
72 153
71 152
70 151
69 151
69 150
70 149
71 148
72 147
73 146
74 145
74 144
75 143
75 142
76 141
76 140
77 139
77 138
77 137
77 136
77 135
77 134
76 133
76 132
76 131
76 130
75 129
74 129
73 128
73 127
73 126
73 125
72 124
72 123
71 122
70 121
70 120
70 119
70 118
69 117
68 116
68 115
68 114
67 113
67 112
67 111
67 110
67 109
67 108
66 107
66 106
65 105
65 104
65 103
65 102
66 101
66 100
67 99
67 98
67 97
67 96
67 95
67 94
67 93
66 92
66 91
66 90
66 89
66 88
65 87
65 86
64 85
63 85
63 84
63 83
62 82
61 81
61 80
61 79
61 78
62 78
63 78
64 78
65 78
66 78
67 78
68 78
69 79
69 80
69 81
69 82
69 83
69 84
70 85
71 86
72 86
73 86
73 87
74 88
75 89
75 90
76 91
76 92
76 93
77 94
78 95
78 96
79 97
80 97
81 97
82 96
83 96
84 95
84 94
84 93
85 93
86 92
87 91
87 90
88 89
89 88
90 87
90 86
89 85
89 84
89 83
89 82
90 81
91 81
92 81
93 80
94 79
94 78
95 78
96 78
97 77
98 76
99 75
100 74
100 73
101 72
102 71
103 70
104 69
104 68
105 68
106 67
107 67
108 66
109 65
110 64
111 63
112 62
112 61
