323
85 56
86 55
87 55
88 55
89 56
90 57
91 58
91 59
91 60
91 61
91 62
92 63
92 64
91 64
90 65
90 66
90 67
90 68
90 69
89 70
88 71
88 72
88 73
88 74
88 75
88 76
88 77
89 78
89 79
90 80
90 81
90 82
90 83
91 84
91 85
90 86
90 87
90 88
90 89
90 90
90 91
90 92
91 93
91 94
91 95
92 96
93 97
94 97
95 97
96 97
97 96
98 96
99 95
100 94
100 93
101 94
102 94
103 95
104 95
105 96
106 97
107 96
108 95
108 96
109 97
110 98
111 99
112 100
113 100
114 100
115 101
116 101
117 101
118 101
119 101
120 101
121 101
122 101
123 102
124 102
124 103
125 104
125 105
126 106
125 107
126 108
126 109
126 110
126 111
126 112
125 113
124 114
124 115
124 116
125 117
126 117
127 118
127 119
127 120
127 121
128 122
128 123
129 124
129 125
129 126
129 127
130 128
130 129
130 130
130 131
130 132
129 133
129 134
129 135
128 136
127 137
127 138
127 139
127 140
126 141
126 142
126 143
126 144
126 145
125 146
124 147
125 148
125 149
125 150
125 151
125 152
125 153
125 154
124 154
123 155
122 155
121 156
120 156
119 156
118 157
117 157
116 157
115 158
114 158
113 158
112 158
111 158
110 159
109 159
108 159
107 159
106 159
105 159
104 159
103 159
102 159
101 159
100 160
99 159
98 159
97 159
96 159
95 159
95 158
95 157
95 156
96 155
96 154
96 153
95 152
94 151
94 150
94 149
93 148
92 147
92 146
92 145
92 144
91 143
90 142
89 141
89 140
88 139
87 138
86 137
85 137
84 136
83 136
82 136
81 135
80 134
79 133
78 132
77 131
76 130
75 129
74 128
73 127
72 126
71 125
71 124
70 123
70 122
70 121
69 120
69 119
68 118
67 117
66 116
65 115
64 114
63 115
62 114
61 113
61 112
60 111
59 110
58 109
58 108
57 107
56 106
55 106
54 106
53 105
52 105
51 105
50 104
49 103
50 102
50 101
51 101
52 101
53 101
54 100
55 100
56 100
57 100
58 100
59 100
60 99
61 99
62 100
63 100
64 100
64 101
65 102
66 102
67 103
68 104
69 105
70 106
69 107
70 108
71 109
72 110
73 111
74 110
73 111
74 112
75 112
74 113
75 114
76 114
77 113
78 113
79 112
78 111
77 111
78 111
79 110
79 109
79 108
79 107
79 106
79 105
79 104
79 103
79 102
79 101
79 100
79 99
79 98
78 97
78 96
79 95
79 94
78 93
79 92
79 91
79 90
79 89
79 88
79 87
79 86
79 85
79 84
79 83
79 82
79 81
79 80
78 79
78 78
79 77
79 76
80 75
81 74
81 73
81 72
81 71
81 70
81 69
81 68
81 67
82 66
82 65
82 64
82 63
82 62
82 61
82 60
82 59
83 58
84 57
