324
93 49
94 48
95 48
96 48
97 48
98 48
99 49
100 49
100 50
101 51
100 52
100 53
101 54
101 55
101 56
101 57
101 58
101 59
100 60
100 61
99 62
99 63
98 64
98 65
99 66
100 66
100 67
100 68
101 69
101 70
100 71
99 72
99 73
99 74
100 75
100 76
100 77
99 78
100 79
101 80
102 80
102 81
102 82
102 83
101 84
102 85
102 86
102 87
103 88
104 88
105 88
106 88
107 88
108 88
109 88
110 87
111 87
112 87
113 87
114 86
115 86
116 87
117 87
118 86
119 86
120 85
121 85
122 86
123 86
124 87
125 87
125 88
126 89
127 90
128 90
129 90
130 90
131 91
132 91
133 91
134 92
135 93
136 93
137 94
138 95
138 96
139 97
139 98
139 99
139 100
139 101
139 102
139 103
138 104
138 105
138 106
137 107
138 108
139 108
140 109
141 110
141 111
141 112
141 113
142 114
142 115
142 116
142 117
142 118
143 119
143 120
143 121
143 122
143 123
143 124
144 125
144 126
144 127
144 128
144 129
144 130
144 131
144 132
143 133
143 134
142 135
142 136
141 137
141 138
141 139
140 140
141 141
141 142
141 143
140 144
139 145
138 146
137 147
136 148
135 148
134 149
133 150
132 150
131 151
130 151
129 152
128 153
127 153
126 154
125 154
124 154
123 155
122 155
121 156
120 156
119 156
118 157
117 157
116 157
115 158
114 158
113 158
112 158
111 158
110 157
110 156
110 155
110 154
110 153
110 152
110 151
110 150
110 149
110 148
110 147
110 146
110 145
109 144
108 143
107 143
107 142
106 141
105 140
104 139
103 138
102 138
101 137
101 136
100 135
99 135
98 135
97 134
96 133
95 133
94 132
93 131
92 131
91 130
90 130
89 129
88 128
87 127
86 127
85 126
84 126
83 125
83 124
82 123
81 122
81 121
80 120
79 120
79 119
78 118
77 117
77 116
76 115
75 114
74 113
73 112
72 112
71 111
70 110
69 110
68 109
67 109
66 109
65 108
64 107
63 107
62 108
61 108
60 107
60 106
59 105
59 104
60 103
61 103
62 102
63 101
64 100
65 100
66 100
67 99
68 99
69 99
70 99
71 99
72 100
73 101
74 101
75 101
76 101
77 101
78 102
79 103
80 103
81 104
82 104
82 105
83 106
84 106
85 107
86 108
87 108
88 107
89 107
90 106
91 105
91 104
92 103
92 102
92 101
92 100
93 99
93 98
92 97
92 96
92 95
92 94
92 93
92 92
92 91
92 90
91 89
91 88
91 87
91 86
90 85
89 84
89 83
89 82
90 81
90 80
90 79
90 78
90 77
90 76
90 75
90 74
90 73
90 72
90 71
90 70
90 69
90 68
91 67
91 66
92 65
92 64
92 63
92 62
92 61
91 60
91 59
91 58
92 57
92 56
92 55
92 54
92 53
91 52
92 51
92 50
