307
96 55
97 54
98 54
99 55
100 56
101 57
102 58
102 59
102 60
101 61
101 62
101 63
101 64
101 65
101 66
101 67
100 68
101 69
101 70
101 71
101 72
100 73
100 74
100 75
100 76
100 77
100 78
100 79
100 80
100 81
100 82
100 83
100 84
100 85
100 86
100 87
100 88
100 89
100 90
100 91
101 92
101 93
102 94
103 94
104 94
105 94
106 94
107 94
108 94
109 94
110 94
111 94
112 94
113 94
114 95
115 95
116 95
117 95
117 96
118 97
119 98
120 98
121 99
122 98
123 97
124 97
125 97
126 98
127 97
128 97
129 97
130 97
131 97
132 98
133 99
134 100
134 101
134 102
135 103
135 104
135 105
134 106
134 107
134 108
133 109
133 110
134 111
135 112
135 113
135 114
135 115
135 116
135 117
135 118
135 119
135 120
135 121
136 122
136 123
137 124
137 125
137 126
137 127
137 128
137 129
137 130
136 131
136 132
136 133
136 134
135 135
135 136
135 137
135 138
135 139
134 140
133 141
133 142
133 143
133 144
133 145
133 146
133 147
133 148
133 149
133 150
132 150
131 151
130 151
129 152
128 153
127 153
126 154
125 154
124 154
123 155
122 155
121 156
120 156
119 156
118 157
117 157
116 157
115 158
114 158
113 158
112 158
111 158
110 159
109 159
108 159
107 159
106 159
105 159
105 158
105 157
104 156
104 155
104 154
104 153
104 152
104 151
104 150
104 149
104 148
105 147
104 146
104 145
104 144
103 143
103 142
102 141
102 140
101 139
100 138
99 137
99 136
98 135
97 134
96 133
95 133
94 132
93 132
92 131
91 131
90 131
89 130
88 129
87 128
86 128
85 127
84 126
83 125
82 124
81 123
80 122
80 121
79 120
78 119
77 118
76 117
76 116
75 115
74 114
73 113
72 113
71 112
70 112
69 112
68 111
67 111
66 111
65 111
64 111
63 111
62 112
61 112
60 112
59 111
58 110
58 109
58 108
59 107
60 106
61 106
62 106
63 105
64 104
65 103
66 104
67 104
68 104
69 105
70 105
71 105
72 105
73 105
74 105
75 105
76 106
77 106
78 106
78 107
79 108
80 108
81 109
82 109
83 109
84 110
85 110
86 110
87 109
88 108
89 107
89 106
89 105
89 104
89 103
89 102
88 101
88 100
88 99
88 98
88 97
88 96
89 95
89 94
89 93
89 92
90 91
90 90
90 89
90 88
89 87
89 86
89 85
89 84
89 83
89 82
89 81
89 80
90 79
90 78
90 77
91 76
91 75
92 74
92 73
92 72
92 71
92 70
92 69
92 68
92 67
92 66
92 65
92 64
92 63
92 62
92 61
92 60
93 59
93 58
94 57
94 56
94 55
95 55
