310
83 57
84 56
85 56
86 56
87 56
88 57
88 58
89 59
89 60
89 61
89 62
89 63
89 64
89 65
89 66
89 67
88 68
89 69
89 70
88 71
88 72
87 73
87 74
87 75
87 76
87 77
87 78
88 79
88 80
88 81
88 82
88 83
88 84
87 85
87 86
87 87
86 88
86 89
85 90
85 91
84 92
85 93
86 94
86 95
87 96
88 97
89 98
90 98
91 99
92 99
93 99
94 98
95 98
96 97
97 97
98 97
99 96
100 96
101 95
101 96
102 97
103 98
104 99
105 99
106 100
107 100
108 99
109 99
110 98
111 98
112 99
113 98
114 98
115 99
116 100
117 99
117 98
117 99
118 100
119 101
120 102
121 102
120 103
120 104
121 105
121 106
121 107
120 108
121 109
121 110
121 111
121 112
121 113
121 114
120 115
119 116
120 117
121 118
122 118
122 119
122 120
122 121
122 122
122 123
122 124
122 125
122 126
122 127
122 128
123 129
123 130
123 131
123 132
123 133
123 134
123 135
124 136
123 137
122 138
122 139
121 140
121 141
121 142
121 143
121 144
120 145
120 146
121 147
121 148
121 149
121 150
121 151
121 152
121 153
121 154
121 155
121 156
120 156
119 156
118 157
117 157
116 157
115 158
114 158
113 158
112 158
111 158
110 159
109 159
108 159
107 159
106 159
105 159
104 159
103 159
102 159
101 159
100 160
99 159
98 159
97 159
96 159
95 159
94 159
93 159
92 158
92 157
93 156
93 155
93 154
93 153
93 152
93 151
93 150
93 149
93 148
92 147
92 146
91 145
90 144
89 143
88 143
87 143
86 143
85 142
84 141
83 141
82 140
81 139
81 138
80 137
80 136
79 135
78 134
77 133
76 132
75 132
74 132
73 131
72 131
72 130
71 129
70 128
69 128
69 127
68 126
67 126
66 125
66 124
65 123
64 122
63 121
63 120
62 119
61 118
60 117
59 116
59 115
58 114
57 114
56 113
55 113
54 112
53 112
52 112
51 112
50 112
50 111
49 110
48 110
47 109
46 109
46 108
46 107
46 106
47 106
48 105
49 105
50 104
51 104
52 105
53 105
54 105
55 105
56 105
57 105
58 105
59 105
60 105
61 105
62 104
63 105
64 106
65 106
66 106
66 107
67 108
68 108
69 108
70 108
71 107
71 106
72 105
72 104
73 103
73 102
74 101
74 100
75 99
75 98
75 97
76 96
76 95
76 94
76 93
76 92
76 91
76 90
76 89
76 88
76 87
76 86
76 85
76 84
76 83
76 82
76 81
76 80
76 79
76 78
76 77
76 76
77 75
77 74
78 73
78 72
79 71
79 70
80 69
80 68
80 67
81 66
81 65
81 64
81 63
81 62
81 61
81 60
81 59
82 58
