312
83 54
84 53
85 54
86 54
87 54
88 54
88 55
89 56
89 57
90 58
89 59
90 60
90 61
90 62
90 63
90 64
89 65
89 66
90 67
91 68
91 69
91 70
91 71
92 72
92 73
92 74
92 75
92 76
92 77
93 78
93 79
94 80
94 81
95 82
95 83
94 84
95 85
95 86
96 87
97 87
98 87
99 88
100 88
101 88
102 88
103 89
104 90
105 90
106 90
107 90
108 90
109 90
110 90
111 89
112 89
113 90
114 90
115 89
116 89
117 90
118 90
119 89
120 89
121 89
122 89
123 89
124 90
125 90
125 91
126 92
126 93
126 94
126 95
126 96
126 97
126 98
127 99
128 99
129 99
130 100
131 100
132 101
133 102
134 103
134 104
135 105
135 106
136 107
137 108
137 109
138 110
139 111
140 112
139 113
139 114
139 115
138 116
138 117
138 118
138 119
138 120
139 121
139 122
139 123
139 124
139 125
139 126
139 127
139 128
140 129
140 130
140 131
140 132
139 133
139 134
139 135
139 136
139 137
139 138
140 139
141 140
141 141
141 142
141 143
140 144
139 145
138 146
137 147
136 148
135 148
134 149
133 150
132 150
131 151
130 151
129 152
128 153
127 153
126 154
125 154
124 154
123 155
122 155
121 156
120 156
119 156
118 157
117 157
116 157
115 158
114 158
113 158
112 157
112 156
112 155
112 154
112 153
111 152
111 151
111 150
111 149
111 148
110 147
109 146
109 145
108 144
108 143
107 142
106 141
106 140
105 139
104 139
103 138
102 137
102 136
101 135
100 135
99 134
98 134
97 133
96 133
95 133
94 133
93 132
92 131
91 132
90 131
89 131
88 131
87 130
86 129
85 129
84 128
83 128
82 127
81 127
80 126
79 125
78 124
77 123
77 122
76 121
75 121
74 120
73 119
72 118
72 117
71 116
70 115
69 114
68 113
67 113
66 112
65 111
64 111
63 111
62 111
61 111
60 111
59 111
58 111
57 111
56 111
56 110
56 109
56 108
57 107
58 106
59 105
60 105
61 104
62 104
63 104
64 104
65 103
66 103
67 103
68 103
69 104
70 104
71 105
72 106
73 106
74 107
75 108
76 108
77 108
78 109
79 110
80 111
81 111
82 111
83 111
84 111
85 110
86 110
87 109
88 108
88 107
88 106
89 105
90 104
89 103
89 102
88 101
88 100
88 99
88 98
88 97
88 96
88 95
88 94
87 93
87 92
87 91
86 90
85 89
85 88
84 87
84 86
84 85
84 84
84 83
84 82
84 81
84 80
83 79
83 78
82 77
82 76
82 75
82 74
82 73
82 72
82 71
82 70
82 69
82 68
82 67
82 66
82 65
81 64
81 63
81 62
81 61
81 60
81 59
81 58
81 57
82 56
82 55
82 54
