321
123 62
124 61
125 61
126 61
127 61
128 61
129 61
130 61
131 62
131 63
131 64
131 65
130 66
129 66
128 67
127 68
126 69
125 69
124 70
123 71
122 72
121 73
120 74
120 75
119 76
119 77
118 78
117 79
116 80
116 81
116 82
115 83
114 84
113 85
112 86
111 86
110 87
109 88
108 89
107 90
107 91
106 92
106 93
106 94
105 94
104 94
103 95
102 96
103 97
104 97
105 96
106 96
107 97
108 98
109 99
110 100
110 101
111 102
112 103
113 103
114 104
114 105
115 106
116 106
116 107
117 108
118 109
118 110
117 111
118 112
119 113
120 114
121 114
122 114
123 114
124 115
125 115
126 116
126 117
127 118
127 119
126 120
126 121
126 122
125 123
124 124
123 125
122 126
122 127
122 128
121 129
122 130
122 131
121 132
121 133
120 134
120 135
119 136
119 137
118 138
118 139
117 140
117 141
116 141
115 142
115 143
114 144
113 144
112 144
111 145
110 145
109 145
108 146
107 147
107 148
107 149
106 150
106 151
105 152
105 153
105 154
105 155
104 156
104 157
104 158
104 159
103 159
102 159
101 159
100 160
99 159
98 159
97 159
96 159
95 159
94 159
93 159
92 159
91 159
90 159
89 158
88 158
87 158
86 158
85 158
84 157
83 157
82 157
81 156
80 156
79 156
78 155
77 155
76 154
75 154
74 154
73 153
72 153
72 152
73 151
73 150
74 149
74 148
75 147
75 146
75 145
74 144
74 143
74 142
75 141
75 140
75 139
76 138
76 137
76 136
77 135
77 134
76 133
77 132
76 131
75 130
74 129
74 128
74 127
74 126
74 125
73 124
73 123
73 122
72 121
71 120
71 119
70 118
70 117
69 116
69 115
69 114
68 113
67 112
67 111
67 110
68 109
68 108
68 107
67 106
66 106
66 105
66 104
65 103
65 102
65 101
65 100
65 99
65 98
66 97
65 96
65 95
65 94
65 93
64 92
63 91
62 90
61 89
61 88
60 87
60 86
59 85
59 84
59 83
58 82
58 81
58 80
58 79
59 78
60 77
61 77
62 77
63 78
64 78
65 79
66 79
67 79
67 80
68 81
69 81
69 82
69 83
69 84
70 85
71 86
72 86
73 87
74 88
74 89
75 90
75 91
75 92
75 93
76 94
77 94
77 95
78 96
79 97
80 97
81 98
82 98
83 99
84 100
85 100
86 100
87 99
88 98
87 97
88 97
89 96
89 95
90 95
91 94
91 93
92 93
93 92
93 91
94 91
95 90
96 89
96 88
97 87
98 86
99 85
99 84
100 83
100 82
100 81
101 81
102 80
102 79
103 79
104 78
105 77
106 77
107 76
108 75
109 74
109 73
110 72
111 72
112 72
113 71
113 70
114 70
115 69
115 68
116 68
117 67
117 66
118 65
119 64
119 63
120 63
121 63
122 62
