295
96 63
97 62
98 62
98 63
99 64
99 65
100 66
100 67
100 68
99 69
98 70
98 71
97 72
97 73
97 74
96 75
97 76
97 77
96 78
95 79
94 80
93 81
93 82
93 83
93 84
93 85
92 86
91 87
90 88
90 89
90 90
90 91
90 92
90 93
90 94
90 95
90 96
91 97
91 98
91 99
91 100
90 101
90 102
91 103
92 103
93 104
94 104
95 104
96 104
97 104
98 104
99 105
100 104
100 105
100 106
99 107
100 108
101 108
102 108
103 109
104 110
105 110
106 111
106 112
107 113
108 114
109 114
110 114
111 114
112 113
113 114
114 114
115 114
116 115
117 116
117 117
118 118
119 119
119 120
119 121
119 122
119 123
119 124
119 125
118 126
117 127
116 128
115 129
115 130
116 131
117 131
118 132
118 133
119 134
119 135
119 136
119 137
118 138
118 139
117 140
117 141
116 142
116 143
115 144
115 145
114 146
114 147
114 148
113 149
113 150
112 151
112 152
111 153
111 154
110 155
110 156
110 157
110 158
110 159
109 159
108 159
107 159
106 159
105 159
104 159
103 159
102 159
101 159
100 160
99 159
98 159
97 159
96 159
95 159
94 159
93 159
92 159
91 159
90 159
89 158
88 158
87 158
86 158
85 158
84 157
83 157
82 157
81 156
80 156
79 155
79 154
79 153
79 152
79 151
78 150
78 149
78 148
77 147
77 146
76 145
75 144
74 143
73 143
72 142
72 141
71 140
70 139
69 139
68 138
68 137
68 136
67 135
66 135
65 134
64 133
63 132
63 131
63 130
62 129
62 128
61 127
61 126
60 125
60 124
59 123
58 122
58 121
58 120
58 119
58 118
58 117
58 116
58 115
57 114
56 114
55 113
54 112
53 111
52 111
51 110
50 110
49 110
48 110
47 109
46 109
45 108
44 107
43 107
42 106
42 105
42 104
42 103
43 103
44 103
45 102
46 101
47 101
48 101
49 101
50 101
51 101
52 101
53 102
54 102
55 102
56 102
57 103
58 104
59 105
60 106
61 106
62 107
63 108
64 109
65 110
65 111
66 112
67 113
68 113
69 113
70 114
71 114
72 114
73 113
74 112
75 111
75 110
74 109
74 108
74 107
74 106
74 105
74 104
75 104
76 103
77 102
78 101
78 100
78 99
78 98
78 97
78 96
79 95
79 94
79 93
79 92
80 91
80 90
80 89
80 88
81 87
82 86
82 85
82 84
83 83
83 82
83 81
83 80
84 79
85 78
86 77
87 76
87 75
87 74
87 73
88 72
89 71
89 70
90 69
90 68
91 67
92 66
93 65
94 64
95 63
