303
105 52
106 51
107 51
108 51
109 51
110 51
110 52
111 53
111 54
111 55
111 56
111 57
111 58
111 59
111 60
111 61
112 62
112 63
112 64
112 65
111 66
111 67
110 68
110 69
110 70
110 71
109 72
109 73
109 74
108 75
108 76
109 77
109 78
109 79
110 80
110 81
111 82
111 83
112 84
112 85
112 86
112 87
113 88
114 89
115 89
116 90
117 90
118 90
119 90
120 91
121 91
122 92
123 92
124 92
125 92
126 92
125 93
126 94
127 94
128 95
129 96
130 96
131 96
132 97
133 97
134 98
135 98
136 97
137 96
138 97
139 97
140 98
141 99
142 99
142 100
142 101
142 102
142 103
143 104
143 105
143 106
144 107
145 107
146 107
145 108
145 109
146 110
146 111
147 112
147 113
147 114
147 115
148 116
148 117
149 118
149 119
148 120
148 121
148 122
148 123
148 124
148 125
148 126
148 127
148 128
148 129
148 130
148 131
148 132
148 133
148 134
147 135
147 136
147 137
146 138
145 139
144 140
143 141
142 142
141 143
140 144
139 145
138 146
137 147
136 148
135 148
134 149
133 150
132 150
131 151
130 151
129 152
128 153
127 153
126 154
125 154
124 154
123 155
122 155
121 156
120 156
119 156
118 157
117 157
116 157
116 156
115 155
115 154
115 153
115 152
114 151
114 150
114 149
114 148
115 147
115 146
115 145
115 144
114 143
114 142
113 141
112 140
111 139
110 139
109 138
108 138
107 138
106 137
105 136
104 136
103 135
102 134
101 133
100 132
99 132
98 131
97 131
96 130
95 129
94 128
93 128
92 127
91 127
90 126
89 125
88 124
87 123
87 122
86 121
86 120
85 119
85 118
84 117
83 116
83 115
82 114
81 113
81 112
80 111
79 110
78 109
77 108
76 108
76 107
75 106
74 106
73 106
72 105
71 105
70 105
69 105
69 104
68 103
68 102
68 101
68 100
69 99
70 99
71 99
72 99
73 98
74 98
75 98
76 98
77 98
78 98
79 99
80 99
81 100
82 100
83 101
83 102
84 103
85 103
86 103
87 104
88 105
89 106
90 106
91 107
92 108
93 108
94 109
95 109
96 109
97 109
98 109
99 108
99 107
99 106
99 105
98 104
98 103
98 102
98 101
98 100
99 99
99 98
100 97
100 96
101 95
101 94
101 93
101 92
100 91
101 90
101 89
100 88
100 87
100 86
100 85
100 84
100 83
100 82
100 81
99 80
100 79
100 78
100 77
100 76
100 75
101 74
101 73
101 72
102 71
102 70
102 69
102 68
103 67
104 66
104 65
104 64
103 63
103 62
103 61
103 60
103 59
102 58
103 57
103 56
103 55
104 54
104 53
