318
97 53
97 52
98 52
99 52
100 53
101 54
102 54
103 54
103 55
103 56
103 57
103 58
103 59
102 60
102 61
102 62
102 63
101 64
101 65
102 66
102 67
102 68
102 69
101 70
101 71
101 72
101 73
100 74
100 75
99 76
99 77
100 78
100 79
100 80
100 81
101 82
101 83
101 84
101 85
101 86
101 87
102 88
102 89
102 90
103 91
104 90
105 90
106 90
107 90
108 90
109 90
110 90
110 91
111 92
112 92
113 92
114 92
115 92
116 92
117 91
118 91
119 91
120 91
121 91
122 91
121 92
122 93
123 93
124 94
125 95
126 96
127 96
128 96
129 96
130 97
131 98
132 99
133 100
133 101
133 102
134 103
134 104
134 105
134 106
134 107
134 108
135 109
136 110
136 111
136 112
137 113
138 114
138 115
139 116
139 117
138 118
137 119
137 120
137 121
137 122
137 123
137 124
137 125
137 126
137 127
137 128
137 129
137 130
136 131
136 132
136 133
135 134
135 135
135 136
135 137
134 138
134 139
134 140
134 141
134 142
134 143
134 144
134 145
134 146
134 147
134 148
134 149
133 150
132 150
131 151
130 151
129 152
128 153
127 153
126 154
125 154
124 154
123 155
122 155
121 156
120 156
119 156
118 157
117 157
116 157
115 158
114 158
113 158
112 158
111 158
110 159
109 159
108 159
107 159
106 159
105 159
104 159
103 159
103 158
102 157
102 156
102 155
102 154
103 153
103 152
102 151
102 150
103 149
102 148
102 147
102 146
102 145
101 144
101 143
101 142
100 141
99 140
98 140
98 139
97 138
96 137
95 136
94 135
93 134
92 134
91 133
90 132
89 132
88 131
87 131
86 130
85 129
84 128
83 128
82 127
81 127
80 126
79 125
78 124
77 123
76 122
75 121
75 120
74 119
74 118
74 117
74 116
73 115
72 114
72 113
71 112
70 111
69 110
68 109
67 108
66 107
65 107
64 106
63 106
62 105
61 105
60 105
59 105
58 104
58 103
57 102
58 101
59 100
59 99
60 100
61 101
62 100
63 100
64 100
65 101
66 101
67 101
68 101
69 101
70 101
71 101
72 101
73 101
74 101
74 102
75 103
76 103
77 104
77 105
78 106
79 107
80 108
81 109
82 110
83 111
84 111
85 111
86 111
87 111
88 110
89 109
89 108
89 107
89 106
89 105
89 104
90 103
90 102
91 101
91 100
90 99
90 98
91 97
92 96
91 95
91 94
91 93
91 92
91 91
91 90
91 89
91 88
91 87
90 86
89 85
89 84
89 83
89 82
89 81
90 80
91 79
91 78
92 77
92 76
92 75
92 74
92 73
93 72
93 71
93 70
93 69
93 68
93 67
93 66
92 65
91 65
92 64
92 63
93 62
93 61
93 60
93 59
93 58
93 57
94 56
94 55
95 54
96 54
