329
90 48
90 47
91 47
92 47
93 47
94 48
94 49
93 50
93 51
93 52
93 53
93 54
93 55
93 56
93 57
93 58
93 59
93 60
93 61
93 62
93 63
92 64
92 65
93 66
93 67
93 68
93 69
93 70
93 71
93 72
94 73
94 74
95 75
95 76
96 77
97 78
97 79
97 80
97 81
96 82
97 83
98 84
99 85
100 85
101 85
102 85
103 85
104 84
105 83
106 83
107 83
108 82
109 83
110 83
111 83
112 83
113 83
112 83
111 84
112 85
113 86
114 86
115 86
116 87
117 87
118 86
119 86
120 86
121 87
122 87
123 87
124 87
125 87
126 87
127 88
128 88
129 88
130 88
131 88
132 88
133 89
133 90
133 91
133 92
133 93
133 94
133 95
133 96
132 97
133 98
132 99
132 100
131 101
132 102
133 103
133 104
134 105
134 106
134 107
135 108
135 109
135 110
136 111
136 112
136 113
137 114
137 115
138 116
139 117
139 118
139 119
140 120
140 121
140 122
140 123
139 123
138 124
138 125
139 126
139 127
139 128
139 129
139 130
139 131
139 132
139 133
138 134
137 135
137 136
136 136
135 137
134 138
134 139
135 140
136 141
137 141
137 142
137 143
138 144
138 145
138 146
137 147
136 148
135 148
134 149
133 150
132 150
131 151
130 151
129 152
128 153
127 153
126 154
125 154
124 154
123 155
122 155
121 156
120 156
119 156
118 157
117 157
116 157
115 158
114 158
113 158
112 158
111 158
110 159
109 159
109 158
108 157
108 156
108 155
108 154
108 153
107 152
107 151
107 150
107 149
107 148
107 147
107 146
107 145
107 144
107 143
107 142
107 141
107 140
106 139
105 138
104 137
104 136
103 135
102 134
101 133
100 132
99 132
98 131
97 131
96 131
96 130
95 129
94 128
93 127
92 127
91 126
90 125
89 124
88 124
87 123
86 122
85 122
84 121
83 120
82 119
81 119
80 118
79 117
79 116
78 115
78 114
77 113
76 112
75 112
74 112
73 111
72 111
71 110
70 109
69 109
68 108
67 108
66 108
65 108
64 107
63 106
62 105
61 105
60 105
59 105
58 105
57 104
58 103
58 102
59 101
60 100
61 100
62 99
63 99
64 99
65 98
66 98
67 98
68 98
69 99
70 99
71 99
72 100
73 100
74 100
75 100
76 100
77 101
78 102
79 102
80 103
81 103
82 104
83 104
84 103
85 103
86 103
87 103
88 102
88 101
88 100
88 99
88 98
87 97
87 96
87 95
87 94
87 93
87 92
87 91
87 90
87 89
87 88
87 87
87 86
86 85
86 84
86 83
85 82
84 81
84 80
83 79
83 78
84 77
84 76
85 75
84 74
84 73
85 72
85 71
85 70
85 69
85 68
85 67
85 66
85 65
85 64
85 63
85 62
85 61
85 60
85 59
85 58
85 57
85 56
84 55
84 54
85 53
86 52
87 51
87 50
88 49
89 49
