316
109 56
110 55
111 55
112 55
113 55
114 56
114 57
114 58
115 59
115 60
115 61
114 62
113 63
112 64
111 65
110 66
109 67
108 68
107 68
106 69
105 69
104 70
104 71
105 72
104 73
103 74
103 75
102 76
102 77
102 78
101 79
100 80
100 81
100 82
100 83
100 84
99 85
98 86
98 87
98 88
97 89
97 90
97 91
98 92
97 93
98 94
99 94
100 94
101 94
102 94
103 94
104 94
105 94
106 95
105 96
105 97
106 98
107 99
108 99
109 100
110 101
111 101
112 102
113 103
114 103
115 104
116 105
116 106
117 107
118 108
119 108
120 108
121 109
122 110
122 111
122 112
122 113
122 114
122 115
122 116
122 117
122 118
121 119
120 120
120 121
119 122
119 123
119 124
119 125
119 126
119 127
119 128
119 129
119 130
118 131
118 132
118 133
117 134
116 135
116 136
115 137
114 138
114 139
114 140
113 141
112 142
112 143
112 144
111 145
110 145
109 146
108 147
107 148
107 149
108 150
108 151
108 152
108 153
107 154
107 155
108 156
108 157
107 158
106 159
105 159
104 159
103 159
102 159
101 159
100 160
99 159
98 159
97 159
96 159
95 159
94 159
93 159
92 159
91 159
90 159
89 158
88 158
87 158
86 158
85 158
84 157
83 157
82 157
81 156
80 156
79 156
78 155
77 155
76 154
75 154
74 154
75 153
75 152
76 151
76 150
77 149
77 148
77 147
77 146
77 145
77 144
77 143
77 142
77 141
77 140
77 139
78 138
78 137
78 136
78 135
78 134
78 133
77 132
76 131
75 131
75 130
74 129
74 128
74 127
73 126
72 125
71 124
70 123
69 123
68 122
67 121
66 120
65 119
65 118
64 117
63 116
62 115
62 114
62 113
61 112
60 111
60 110
60 109
60 108
61 107
61 106
61 105
61 104
60 103
60 102
60 101
59 100
58 99
58 98
57 97
57 96
56 95
56 94
55 93
54 92
53 91
53 90
52 89
51 89
50 88
49 87
49 86
50 85
51 84
52 84
53 85
54 85
55 85
56 85
57 85
58 85
59 84
60 85
61 85
62 86
62 87
63 88
64 88
65 89
66 90
66 91
67 92
68 93
68 94
68 95
69 96
69 97
69 98
70 99
71 99
71 100
72 101
73 101
74 102
75 102
76 101
77 101
78 101
79 100
80 99
80 98
81 98
82 97
83 96
84 95
84 94
84 93
84 92
83 91
83 90
84 91
85 90
86 89
85 88
85 87
85 86
86 86
87 85
87 84
88 84
89 83
89 82
90 81
90 80
90 79
90 78
91 77
91 76
92 75
92 74
93 73
94 72
95 71
96 70
96 69
97 68
97 67
98 66
98 65
99 65
100 64
101 63
102 62
103 62
104 61
104 60
105 59
105 58
106 57
107 57
108 56
