334
87 52
88 51
89 52
90 52
91 52
92 52
93 53
94 54
95 55
95 56
95 57
95 58
96 59
97 60
97 61
96 62
95 63
95 64
94 65
93 66
92 67
92 68
92 69
92 70
92 71
93 72
93 73
94 74
94 75
94 76
94 77
95 78
94 79
94 80
94 81
94 82
94 83
95 84
95 85
96 86
95 87
96 88
97 88
96 89
96 90
97 91
98 91
99 91
100 91
101 91
102 90
103 90
104 89
105 89
106 89
107 90
108 90
109 91
110 91
111 91
112 91
113 91
114 91
115 91
116 90
117 89
118 90
119 91
120 92
121 93
122 94
123 95
124 95
125 96
126 96
127 96
128 96
129 96
129 97
130 98
131 98
132 99
133 100
133 101
132 102
132 103
132 104
132 105
132 106
131 107
131 108
131 109
131 110
131 111
131 112
132 113
133 113
133 114
134 115
135 116
136 117
136 118
135 119
134 120
134 121
134 122
134 123
134 124
134 125
135 126
135 127
135 128
135 129
135 130
134 131
134 132
134 133
134 134
134 135
134 136
134 137
134 138
134 139
135 140
135 141
135 142
135 143
135 144
135 145
135 146
135 147
135 148
134 149
133 150
132 150
131 151
130 151
129 152
128 153
127 153
126 154
125 154
124 154
123 155
122 155
121 156
120 156
119 156
118 157
117 157
116 157
115 158
114 158
113 158
112 158
111 158
110 159
109 159
108 159
107 159
106 159
105 159
104 159
103 159
103 158
103 157
102 156
102 155
101 154
101 153
101 152
101 151
100 150
100 149
100 148
99 147
98 146
97 145
97 144
96 143
95 142
94 141
93 140
92 139
91 139
91 138
90 137
89 137
88 136
87 135
86 135
85 134
84 133
83 133
83 132
82 131
81 130
80 129
79 128
78 127
77 127
76 126
76 125
75 124
74 123
73 122
73 121
72 120
72 119
71 118
71 117
70 116
69 115
68 114
68 113
67 112
66 111
66 110
65 109
64 108
63 108
62 108
61 107
60 107
59 106
58 106
57 105
56 105
55 105
54 105
53 104
52 104
51 103
50 102
51 101
51 100
52 99
53 99
54 99
55 98
56 98
57 98
58 98
59 97
60 97
61 97
62 97
63 97
64 98
65 98
66 98
67 99
67 100
68 101
69 100
69 101
70 102
71 101
71 102
72 103
73 103
74 103
75 104
76 105
76 106
76 107
77 108
78 108
79 109
79 110
80 111
81 111
82 111
83 112
84 111
85 110
86 109
86 108
86 107
85 106
85 105
85 104
85 103
85 102
86 101
86 100
86 99
86 98
86 97
86 96
86 95
86 94
85 93
85 92
85 91
85 90
85 89
84 88
84 87
84 86
85 85
85 84
84 83
84 82
83 81
82 81
82 80
82 79
82 78
83 77
83 76
83 75
83 74
83 73
84 72
84 71
84 70
84 69
84 68
85 67
85 66
85 65
85 64
85 63
85 62
85 61
85 60
85 59
84 58
84 57
84 56
85 55
86 54
87 53
