19201 21421
-851.617 -8235.96
129.395 -94.4999
298.305 -524.752
-206.903 126.333
89.1791 -49.969
16.2325 5.52937
-101.003 41.9082
-54.0854 -1.17227
-89.5442 -51.4173
42.3507 -13.9389
24.7309 11.4417
46.9612 35.1359
-9.28571 6.78072
14.2091 -8.87828
12.281 5.661
-44.3881 -65.5396
-22.6382 -7.68528
-28.0108 -7.21122
-16.5939 -16.6906
-4.02723 -2.22367
4.1387 -13.9512
3.97483 5.98223
4.35264 -0.0425222
3.12246 -3.08768
-2.58579 9.07107
0.745465 3.32559
-0.603862 5.1901
-10.7638 3.85116
6.22841 16.4743
6.54358 26.683
5.22739 2.4346
-11.3788 -5.332
-5.16992 -11.3098
-5.8717 2.28105
4.1266 3.05539
-0.127964 -3.02204
-3.67855 1.21489
6.39893 -0.126042
-9.06404 -2.68373
4.52108 -1.08544
8.17231 15.534
-6.73797 -2.54638
0.589074 5.61166
3.50712 -2.66707
-4.77686 5.16674
1.04911 -4.65772
-0.327806 8.55716
-2.56561 4.75048
-0.513258 -3.0803
-1 -3
2.28059 -3.7885
7.29637 -2.08477
11.5562 5.96318
-5.04535 -0.265428
-7.18832 -4.48947
1.05818 -0.106767
1.35204 -1.87939
2.80614 8.5073
-9.33917 0.491276
1.15339 0.0586675
-0.157927 -1.97577
-6.94554 -3.07053
-1.92562 5.35411
9.19259 4.24938
3.3355 -5.30303
0.622262 -0.548771
-0.668045 5.4375
1.27822 0.923581
2.36287 -0.48419
-2.68947 -0.738683
-0.662728 -3.25053
0.485803 0.304967
3.38742 -5.71014
-1.85885 -6.07265
-2.58579 5.41421
-3.36187 -1.23832
3.44869 2.31225
2.80091 6.46265
-6.02085 -3.00185
-4.05992 2.93658
3.744 31.8827
1.45488 0.457894
-5.2055 9.06977
4.754 1.14796
1.85216 2.60723
-1.6122 -2.56257
1.88694 -9.13713
-0.827656 -3.75692
2.71328 -0.39634
2.68379 5.7028
3.53295 1.19651
0.721872 2.15461
2.7856 -0.790071
-1.10679 -0.189156
0.999841 0.201421
-3.34971 4.9357
4.56322 6.53368
-1.31417 2.07928
-2.87451 -0.720633
1 1
-2.16275 12.5915
6.22105 -0.799145
-1.23215 1.19143
-1.15457 -1.432
-3.40194 6.64774
-0.0177247 2.88939
-1.59313 1.64552
0.779299 4.96455
-0.352308 -3.43684
-2.51686 -3.27032
0.299226 -5.00125
-4.72769 1.66457
0.334984 1.36956
0.171671 0.826107
-6.49721 -4.13353
2.56463 0.78037
-2.68978 3.3592
-0.121558 1.4908
8.29231 6.97448
-2.88435 4.38966
-4.07812 -32.8079
1.64595 -3.38763
8.7786 -7.75163
-3.1854 1.68951
-5.41421 -5.07107
7.36473 3.13667
-3.61805 7.40043
3.63577 -4.03895
-0.781063 0.534071
-0.331971 -5.01265
2.78157 -2.36577
-1.52118 2.94683
-3.13024 -0.874792
-4.15745 5.70328
0.57803 6.29253
-1.33987 -5.67822
-5.08849 -5.29876
-4.28589 4.87506
3.20218 0.169497
3.61054 -0.496362
4.63603 -3.76439
5.34283 -5.32182
11.3276 4.23189
-0.996707 5.2844
-6.34778 8.91843
-11.3945 7.65711
1.85016 -13.2625
3.2016 -3.66531
-2.4779 6.02623
-1 1
-0.551036 -3.03279
-2.62759 -5.37854
-7.32286 -3.23232
-3.3653 0.977718
2.47346 6.60588
7.17492 2.53273
-1.40023 0.811518
2.28128 -0.965444
9.25531 4.31762
6.42319 -7.2408
-7.30997 -19.7172
3.13249 -3.94123
-1.80381 -2.17499
-10.5425 2.99084
-1.09141 -2.48266
-2.04291 -8.64641
7.54555 17.6359
-7.53005 3.36975
-1.20505 -8.82255
16.2975 1.24872
-2.03081 -3.14764
-5.85409 18.7654
13.3689 11.6152
6.39608 24.3055
-5.41421 2.58579
5.6059 4.13384
-1.01347 -4.74361
-1.45445 -6.69387
-2.88118 -3.61925
13.2633 -18.3386
-19.0952 3.83501
-1.72091 -13.0053
12.6412 -30.5714
16.2417 11.0606
39.2513 -19.5855
22.0041 -42.408
-12.5072 20.2134
29.5974 -33.8936
8.2817 -6.32883
-0.337237 11.326
-26.1707 37.5429
-59.3707 -14.2307
-1.95585 -38.503
17.3334 -26.5669
251.227 48.8068
-180.577 12.3546
201.593 85.3338
225.481 335.877
-1600.2 -1433.02
