19370 21633
-373.007 -7427.77
-247.845 -301.891
-470.734 -695.19
50.0669 102.925
-167.479 -58.0174
87.1831 -10.502
49.1348 -23.4316
-71.8157 -61.5099
48.2354 -66.2962
-37.2938 38.9881
-55.3879 2.2657
23.4573 -22.6067
14.1456 -38.9984
-37.5254 0.388181
9.96097 -10.5248
11.612 -4.54057
-25.8151 16.8122
-23.2431 -39.7119
6.70179 -12.369
-11.615 28.8975
-8.48535 -25.8477
2.60363 -3.77386
-1.25362 4.44003
-19.499 2.77834
14.1213 2.70711
6.75942 -15.6188
-3.63343 -6.42216
-12.3754 -10.1165
-5.74771 1.29023
7.19061 -5.4189
-9.67507 1.269
-6.52857 -6.95867
-3.12106 0.540886
6.36433 5.49639
0.258142 0.355668
-2.93809 -9.44512
10.6669 -0.481397
-8.65159 -3.41754
-9.9734 2.08783
11.4116 -5.86978
2.8704 4.16037
-2.45826 -0.352371
11.119 -1.62708
-1.10674 -4.9216
7.29166 -1.923
3.69678 -3.31815
-4.32498 5.13573
6.77824 -4.07894
-3.77774 -1.17618
1 -4
-8.68131 -8.02096
0.846754 5.88905
-1.40676 -6.68742
1.56079 1.83321
-4.55257 -0.621524
-4.05237 -2.02285
-1.99627 0.0502355
0.0517347 -4.14188
-4.12555 -13.2499
3.94497 0.462708
4.14307 12.2163
0.862212 10.0904
1.98494 7.49892
-0.264915 0.856243
-2.60937 -5.44641
3.14619 -3.27942
-4.71303 0.178981
-5.07874 1.06958
5.31592 -8.42871
-0.246333 -0.928622
-7.17024 27.3037
-1.75843 -0.962845
8.1446 8.60849
0.475228 0.887881
0.807612 -0.707107
-0.225406 5.04961
3.1542 0.541246
-3.18932 4.18503
-0.849529 6.8605
-3.63162 6.71847
0.880069 -2.51847
-0.195878 0.694693
2.49259 6.70958
-1.68784 -0.669853
-3.18524 -1.63443
-0.166401 1.73088
0.722246 2.54697
-2.58126 4.34055
7.85301 -1.40142
4.16918 -4.09951
-5.11429 4.57347
1.94911 1.61301
4.00807 11.0038
-6.98648 -4.72486
-0.20293 3.99928
-0.119318 2.29116
6.64421 0.977161
2.29191 -4.70593
1.61859 -4.69374
2 3
0.404041 -5.57281
3.17674 4.67689
-3.96044 0.249121
0.991327 -0.277057
-14.2974 2.37871
-3.73655 2.65768
0.39514 3.29602
-3.76043 -4.67484
1.24999 3.05687
3.39764 6.07274
-5.73397 -1.21748
-4.4511 -4.3485
-5.88053 -0.494973
-2.05256 0.542797
-10.4194 3.99896
0.911663 2.52158
-1.15148 -2.58414
-1.24511 2.14022
4.12816 -3.33757
-3.07659 -0.718469
7.6714 -1.21504
7.29059 1.05224
6.25464 4.07476
3.42037 -3.8427
9.87868 1.29289
2.58447 3.8073
5.64966 1.21805
7.418 1.3911
-3.87472 12.1365
1.91746 4.64153
-4.4968 -31.3545
-2.32173 -1.67511
-5.09925 -1.21331
0.784341 -1.50781
-1.00951 1.54402
-4.29933 4.6976
3.56199 -6.82699
-2.91634 -5.16392
2.35866 0.310759
5.05503 2.77336
0.212466 -6.71062
2.54746 2.70223
8.81302 -10.6892
-5.77557 2.41383
-4.19454 -12.9793
4.25846 -3.26581
2.27781 5.20389
-1.72059 -12.9555
3.82913 -2.13289
-1 4
-9.82734 3.96911
12.8604 2.23447
-0.438718 -9.86282
-4.29579 -3.01789
6.479 -4.20995
-0.05588 5.73094
-3.85576 4.48566
2.67448 -10.0649
-3.25581 3.58714
-4.70338 11.8698
5.30384 -7.25267
-0.588308 1.7945
5.01652 7.42223
-4.82658 -7.05022
4.24724 0.533239
1.36892 4.27257
1.55369 -6.32186
-7.17897 -7.52247
0.430951 14.9587
5.20715 -5.53007
-2.1914 -5.81191
-3.62449 -0.13812
-2.72441 -8.31193
-4.96722 1.38946
19.1924 0.707107
-18.0996 -15.384
3.54551 -5.71773
9.45713 -1.00886
-12.0085 18.8409
20.615 -30.1335
32.5451 15.7433
-3.7794 1.97624
-8.7684 -28.7916
19.9577 -10.3619
6.22615 3.08863
8.76141 -22.8886
-2.45349 30.041
40.997 1.96393
-31.3306 -9.11577
-14.3419 -43.7252
30.2135 -28.8084
-8.19343 1.96439
-83.7985 -37.097
113.476 -13.0797
-150.514 -124.542
73.0728 -53.6667
-313.305 -2.87062
-137.532 63.1165
1477.9 -2087.75
