19603 21814
-3621.8 -6846.75
-49.7568 -5.69427
-530.156 -53.6604
135.539 -62.3037
-76.1874 16.9852
-43.4474 -71.8398
-42.5991 -73.5036
6.08344 12.8496
-74.3809 -72.3404
22.8674 -49.1033
-39.0851 -9.51311
18.9219 -6.2356
29.0748 -9.38292
32.1348 1.18105
-11.3595 -43.6609
-12.1225 3.26778
-13.5503 7.17162
-3.57826 -5.20595
-12.6991 -2.51441
-5.41779 -11.2719
-1.15871 -8.43873
-2.44147 11.2976
-21.9153 6.54199
2.82388 0.913608
5.94975 3.70711
5.80377 0.838496
-1.36804 -3.07151
0.914204 -0.795722
-8.87486 -1.52253
0.603198 8.07964
-8.37749 4.60368
0.142629 -3.81129
-1.52323 3.66283
-9.1006 -5.32446
-6.83794 -3.06061
-0.657717 -0.24521
-6.30162 3.63425
-0.183579 1.69466
-0.331951 -2.17426
2.3728 2.3123
-0.0891693 -7.846
4.053 -1.98048
-1.47625 -1.55103
3.69193 6.13809
-10.1202 0.0911594
-0.248744 9.03104
4.93651 -1.17446
-6.58266 3.72534
0.606855 -5.24487
2 -5
-6.42103 -0.0368935
-1.18066 -3.4616
-4.38587 -3.89765
7.19212 4.54385
-1.63087 -8.32402
-4.23547 2.54021
-2.43709 -1.09275
-0.07102 -2.61151
-9.08157 3.17934
-3.897 -3.0429
-7.83842 -4.60344
-5.15032 -0.528662
0.437924 -10.3831
4.34942 -1.32119
5.8494 13.601
1.014 -0.768343
3.39046 -4.85575
-3.47186 6.77645
8.11649 27.2145
1.77877 2.41379
3.85737 -1.36882
-6.65113 -4.19588
-3.63755 -10.82
-1.08041 1.56725
-0.292893 5.36396
-3.63263 0.860561
4.12818 5.00521
0.0888025 3.42198
-1.78083 -0.669334
-3.27491 -1.94095
0.726765 -9.79925
0.00809413 6.86762
2.21669 4.01188
-1.88512 -4.21051
1.54742 1.95541
2.79279 -0.773737
2.37979 -0.860646
-3.34442 -5.16523
-0.313819 -4.15081
-1.30507 2.59675
11.9223 -0.831706
0.834793 -2.42694
0.423992 -4.533
0.393738 0.867003
1.53551 2.95483
3.91908 2.263
2.93137 -3.49692
-0.739712 0.345174
-0.520627 2.53702
-3 2
-3.3049 -4.71018
1.47313 0.607131
0.438792 1.57317
3.45252 -1.41705
6.95199 -5.56882
1.41353 2.08488
1.64358 -2.39179
3.48854 4.58947
1.33036 -2.39062
3.26007 -1.59675
-4.97864 5.64609
0.267273 1.29652
4.32809 0.872516
-0.18028 -2.076
-1.64356 2.20382
-4.19904 7.63499
-0.64076 1.0258
1.60914 -3.00167
5.10789 8.46809
-0.197226 4.94095
2.73527 -1.21367
3.74742 -2.02948
-2.22899 0.856064
-0.908882 1.18111
-3.94975 2.29289
4.87138 0.276296
7.47157 6.09074
-2.60816 1.11468
7.01159 6.63875
1.13512 -1.41379
-4.83907 10.4687
1.60646 -2.81479
-10.9283 -25.69
6.88106 -0.998544
-5.77202 -4.10843
6.14326 0.514086
-6.66681 -10.7856
-1.43032 1.75954
-6.87494 2.17481
1.1888 2.0429
1.26118 9.36728
2.87019 -1.17235
6.72847 -4.01063
-6.30563 -4.17987
-1.36578 -5.68784
8.35088 -0.394456
-0.337178 0.907257
4.30406 1.51525
-2.94673 -3.46046
-2 1
-5.63353 -1.11847
-11.1945 2.79981
1.81258 -1.04757
2.89311 -2.37371
-7.16652 2.41579
6.9427 -2.57214
2.59478 2.75102
7.30121 4.77647
-0.808169 -0.654894
3.09934 0.687701
-6.04308 -2.74675
3.13054 6.0304
-7.43835 0.430649
8.61467 3.38696
-9.92971 5.74645
-3.97284 3.13313
-3.62097 0.754279
1.89073 2.84759
0.91983 -2.78874
0.302575 -7.07964
-1.77806 -2.45764
3.64548 4.71528
-3.85311 -3.41433
8.29662 -3.6827
-1.70711 -7.36396
-5.95965 3.4419
-17.1853 2.1175
4.18624 7.51895
16.9975 5.96481
16.126 10.2719
-11.2382 -14.1799
1.97941 -6.54397
-4.65202 -17.4096
-7.0649 -9.11264
11.2543 6.87745
35.4921 -19.4043
4.7704 -38.5877
2.67465 -11.411
-68.8508 2.50746
1.35796 50.1033
-29.5054 35.674
6.99681 -3.371
-21.1063 -85.7653
-29.1553 30.8506
-215.125 -166.42
44.7573 -15.321
-248.945 -59.852
-227.44 87.7112
676.208 -1947.08
