16877 22361
-1305.19 -7435.34
153.12 -169.075
-216.587 -482.493
32.0551 51.1265
-25.7834 -66.2051
44.6974 52.1629
117.76 88.2693
16.3332 58.5208
69.5243 9.74006
-59.0767 23.1264
-25.7259 21.5034
-14.8687 -9.50409
-18.5479 -11.863
12.1993 -46.1593
9.81998 -13.0395
-8.92364 -31.3528
-26.1066 -23.1073
-16.5192 -13.6172
-9.29285 -2.24263
11.4054 14.1659
2.96108 -9.86354
-1.9287 -6.22249
-8.41303 10.4311
-4.68474 2.52158
7.94975 1.87868
16.7347 -3.86701
7.2518 -22.9927
-12.7502 -4.60535
-7.83028 1.30051
6.85891 6.02241
9.20745 7.3062
-4.23919 1.76658
3.91141 -14.324
-8.14247 -3.73465
-1.35519 1.48931
-2.09991 -2.80997
-1.89404 2.74888
-0.375735 -7.18893
-3.56004 10.6008
-4.20489 3.4798
2.95979 4.11102
-13.8008 -6.30942
-1.91471 -10.3739
7.78245 -4.46666
-1.12127 -4.58874
-0.220125 8.96479
-9.80158 0.552022
-3.57823 -7.11917
1.38564 -3.04442
-4 2
1.21422 -5.43703
-2.0345 -3.84515
0.407282 15.6217
4.67611 1.85651
-9.14901 3.08918
-2.18911 -1.56292
-1.37705 -3.21519
1.34133 1.60437
0.141897 28.6381
-5.30754 -5.92477
-2.82599 14.1546
1.23491 -2.94196
3.71195 -1.57676
4.69849 -1.74042
-1.29927 -9.40236
3.26333 0.672973
-3.38433 2.1498
0.224862 -0.719156
8.67132 -1.64367
-0.790029 5.81041
-3.16489 11.2199
3.70206 7.66626
-2.36382 2.9613
4.44518 0.557804
-0.292893 3.87868
3.57054 8.03093
6.54809 0.685266
0.377482 -7.69364
-3.45697 -3.35683
-6.04837 -1.05097
-4.51669 -4.94468
2.63936 2.76259
0.904773 1.58632
-2.28124 1.39176
2.79029 19.8601
-0.561357 2.96769
-5.98894 1.18727
0.568359 -0.445624
-1.32879 -4.7092
7.00778 3.76219
-6.81908 5.03301
1.70267 0.787301
3.99801 -0.706931
-0.280517 3.43891
-1.34312 -0.496192
2.17609 3.41613
5.21642 0.85393
-1.64326 1.54241
-4.06981 0.184175
-1 1
-3.18886 -0.640801
-2.97078 3.26094
5.11538 0.973022
2.90716 -1.10575
1.41265 3.14596
-4.03764 -1.84923
1.42977 4.10179
-1.45714 3.896
-1.43664 -0.0918647
3.93009 0.178349
-0.398568 -7.02797
-2.49551 6.17835
-1.35254 -3.11123
-2.1662 2.39735
1.60605 -2.30151
-1.98118 4.66588
6.91506 -18.4103
7.30439 -0.963715
-1.01499 -1.11872
-4.42377 -1.94903
1.57925 -0.315884
-0.311807 5.06588
6.8237 5.80182
-2.56891 -10.2062
-1.94975 6.12132
-5.56935 7.48816
-6.57697 12.6321
0.863973 5.31935
-1.63339 -4.71053
-1.51657 2.71515
2.48436 0.709509
-1.08805 5.46131
-3.73739 -3.73249
0.850252 -1.57958
-2.51666 3.93686
-0.18481 -2.53681
6.74571 4.48628
-3.58401 -0.624323
-4.20138 -5.66407
-4.581 2.92477
5.79124 10.6048
2.98335 -8.92235
-0.546386 -30.7485
-4.26245 -0.148541
1.71497 1.28718
9.40612 -0.909698
8.63476 -8.44116
-1.24374 -0.377668
0.570829 3.34301
-4 0
2.5493 8.11036
2.14453 2.54743
-2.51195 -7.82564
-1.61755 -13.374
1.301 0.591168
16.2086 6.85562
6.64292 0.0765622
-1.7079 -0.48754
-6.56807 -10.315
2.67702 -6.4798
-3.35216 1.39151
9.20899 3.90812
5.2188 2.17068
-0.164973 -0.888243
9.24437 1.27687
-4.49852 4.48321
5.20229 4.721
-0.219334 -7.64837
-0.271239 2.8001
7.58545 -11.6037
-20.6939 5.65419
-11.1877 -1.81429
1.7005 11.6482
14.1577 1.48316
-1.70711 8.12132
-3.47927 1.53247
-10.0229 -13.2504
1.45874 7.20927
3.87066 2.50216
14.4831 -17.1659
9.52663 -20.9974
-6.99371 1.9301
1.76272 -15.1843
7.76193 -3.74427
37.0417 -33.3739
13.4216 -5.69943
-5.53685 0.972932
-16.7403 -21.6396
5.20947 -0.102156
-55.999 -42.0112
35.7004 22.6047
3.10042 -12.0642
12.2648 44.9939
111.783 48.3388
-126.363 174.731
68.9223 -41.339
-293.042 134.425
11.6258 299.123
-441.268 -1732.64
