20602 20325
498.375 -8346.31
110.276 -74.4622
451.494 -639.33
-46.2562 133.088
168.217 -98.1226
-40.1197 -8.93149
-127.612 46.7052
-39.6191 5.9217
-128.295 -26.0666
-26.8164 -2.4786
15.1366 -21.916
53.2244 23.5875
0.326702 -7.8288
-12.3043 -15.4845
-23.0263 13.043
-47.7585 -29.0258
-56.6254 -13.2452
-13.5195 -13.819
-27.9548 14.2157
-14.8609 0.10018
11.74 9.55231
10.1663 12.2534
21.3552 -19.7562
5.96787 -10.3937
-6.41421 15.0711
-4.42436 0.893853
-11.5326 12.0458
-2.67758 -1.58411
-2.4478 -3.93415
-3.14059 -0.736966
3.70976 -3.64142
-4.29461 -10.397
2.28658 1.24982
0.111738 9.52834
7.36509 -7.70684
-0.0846855 -2.25351
-1.70731 1.36623
4.02121 3.22571
-6.63308 -5.47635
0.328644 1.25055
3.92503 -5.89718
-6.03819 -3.64702
-2.17065 2.99834
5.69271 1.74961
3.4498 -4.71152
7.54867 3.76823
-8.60961 -7.63644
-2.80368 -2.45408
6.25758 4.90664
2 1
0.665083 2.50116
0.397234 1.16433
1.20319 2.97028
0.819701 -5.61418
-6.20554 1.89037
5.22955 1.99999
5.96555 6.72036
7.75001 3.36197
5.3918 4.51632
3.62219 -1.72634
5.73441 -2.45275
0.978891 2.48493
-1.16422 -0.697007
1.72127 -6.79733
-4.2524 4.74051
4.82556 1.29411
8.05267 -2.3313
0.223275 0.625606
-0.626264 -1.88432
-5.76924 2.0632
0.223426 0.231487
-5.36324 6.27602
-0.988118 3.55919
5.35775 6.94537
-5.82843 3.17157
0.521795 5.71711
0.708745 -0.865114
-4.07967 2.6767
1.14187 6.41889
-5.34728 6.59252
0.603418 6.81593
3.10393 -0.453015
-4.12193 3.76889
7.21937 -1.59371
1.24896 1.83841
2.18602 -2.01531
-6.08285 0.531421
-1.52036 1.47972
2.67356 -2.97679
-1.7459 -6.90337
-1.51406 1.64041
3.27877 10.9063
3.85089 0.499117
-2.92141 10.3263
-0.410519 8.04657
-4.29735 -6.25703
-0.878567 6.73828
-8.1064 26.1409
4.42512 -1.08125
0 3
5.48799 -0.699798
-2.24222 6.46014
-1.30538 -2.58446
4.40504 -30.6544
-4.32864 -1.05505
4.71486 -9.26156
-0.396578 6.9642
3.85668 4.15512
-4.91602 3.00175
-7.91846 -2.77111
3.22804 1.84694
-5.37982 -1.14835
1.71557 -0.601642
1.38842 1.56171
10.2467 3.3094
3.85794 -15.4985
0.125976 3.1431
2.57657 -1.39542
2.60083 1.75593
1.25711 -0.738418
2.49492 0.307031
0.320748 -7.56036
1.61732 2.33207
-1.95147 0.800056
-3.58579 0.928932
1.78632 6.5678
-0.0899715 4.29212
-8.19822 -4.19759
-2.06788 3.46118
-9.61492 2.02395
-1.53322 3.04156
-4.01285 6.0111
10.0692 2.71585
2.14956 -0.938522
-0.749584 -5.95054
2.05224 8.96088
3.07871 3.00171
-0.589826 -3.78699
4.14071 5.00558
-6.05989 -4.18349
-4.34404 -5.89382
-3.41391 0.883782
-0.230349 -3.79225
-0.399411 -1.16519
-4.72776 2.22359
-5.40689 -8.31022
0.495916 -3.98537
-5.78714 -6.87684
-3.769 2.30549
4 3
3.25373 1.70449
-2.03516 0.232024
-11.6499 1.8424
-5.35605 -4.14679
-0.138612 -2.02285
-10.5539 0.942307
-2.34075 -3.02828
-10.4871 0.667424
10.5775 3.42526
6.76153 -2.10465
6.40771 2.11324
9.342 -0.440443
6.65159 -7.77252
-5.58711 4.68224
3.45227 -3.57279
-9.15038 -4.38223
0.443197 -6.11033
-4.16627 6.04731
11.5626 -6.81979
1.17722 -13.642
0.191821 -16.6709
-0.0346567 6.55921
-13.0664 -5.51434
5.28418 17.8184
-0.171573 8.82843
15.9885 7.22964
20.6541 12.2061
8.36289 -32.416
-1.23994 -29.4323
-7.70144 -17.1904
-17.6453 -16.6071
20.5043 -3.78912
-4.33675 15.5924
-7.45836 10.6521
36.9413 2.65949
14.3708 -3.23957
29.2653 25.5531
67.6058 -47.3597
36.8322 6.185
-12.1717 -11.5551
-25.7894 10.0786
-7.07038 -1.30891
70.3188 -49.6112
-16.4836 31.8168
268.919 57.3909
-93.9324 -29.822
148.969 195.572
26.697 335.418
-1091.74 -2384.95
