22767 23184
-2464.46 -6620.42
-155.983 221.607
-395.93 -161.113
-29.5791 27.0552
-30.0509 -4.91024
-38.0968 -107.413
6.94769 -76.3407
-26.1784 -31.7681
42.5087 -120.382
31.1509 -36.5774
30.1315 -10.1502
20.9661 -3.74537
38.4599 20.86
5.43583 -39.2391
-18.7463 -8.92722
-19.3451 -7.21802
-12.2351 -6.8229
13.1843 13.5643
-1.00462 -0.947009
-2.41071 -7.6814
0.509163 3.31486
2.94965 -4.76002
0.144318 -0.174908
-4.33832 3.40944
12.5355 -0.778175
10.7413 -0.212676
-11.9195 0.147499
-11.1535 -1.55053
0.160727 5.01252
-6.73639 1.89567
6.1251 -3.29802
9.64841 -0.0860305
0.97772 -5.43847
4.4622 -4.25292
-9.86245 1.75404
5.63498 0.557441
3.86728 3.19933
-4.74008 3.24156
6.24336 25.757
-6.03025 -2.80902
2.05502 2.03143
-2.85683 -1.05904
-7.66973 2.38524
-1.61057 -8.48504
-5.12625 3.26644
3.04509 6.18654
0.316933 3.61932
3.61409 1.96393
8.06308 2.08684
-2 1
-1.45524 -3.593
-1.34603 2.52469
-0.755349 -8.95587
-1.19162 -1.04299
0.959345 -3.17644
1.86069 0.814242
-3.12233 5.75696
1.61676 0.63597
-1.13478 -6.70606
-0.756791 1.27523
-0.359319 0.854204
-0.946294 -3.71587
-3.0536 0.0236737
-2.9866 0.691603
3.61368 0.812599
-1.73124 -5.53584
-3.69133 0.76551
1.70597 -1.88733
0.818488 8.6336
-0.409509 -1.07601
1.45193 2.08255
-5.04528 5.14653
3.16662 -0.180144
-3.51213 3.69798
-5.6066 10.7782
4.74354 4.42325
-6.07852 -10.9007
0.118609 -2.21252
-3.71965 -1.92095
-5.33302 -1.69098
1.33533 -2.53228
2.28696 6.25237
0.342957 1.3625
1.5401 4.99841
6.73056 -5.13331
1.19673 2.32193
-1.26015 -10.9593
0.429298 3.19756
2.09797 -4.42658
-0.352502 -1.54726
-0.853579 0.300878
-4.70569 1.65617
-0.714962 2.83742
1.11783 4.60758
-0.477079 -6.09127
-2.30028 2.80846
-3.27162 8.60548
3.88287 -1.46218
1.02318 -0.282248
3 2
1.99765 4.33866
0.236445 8.81586
-1.5388 -1.4414
-1.4711 2.68176
3.71824 -1.09196
1.2713 3.23548
-3.58804 -6.73348
-0.371119 7.27765
1.91582 -2.32583
0.31813 0.67952
-1.49213 -1.92094
-3.23441 -4.35034
2.91758 -8.33809
-1.81475 1.16365
3.18054 13.2307
-1.32098 8.26374
-2.44306 8.31851
7.03336 3.96981
-4.86426 3.1451
-3.43091 -1.69098
-4.76129 -1.1003
-1.54037 1.79553
0.453678 1.80141
4.1668 1.85147
5.46447 14.7782
-4.49379 7.30328
3.29999 5.23798
-0.188895 -0.124344
1.73596 -1.30356
5.19468 -3.88473
-1.21837 0.0498598
6.63014 -2.87144
4.13254 7.08218
0.0135863 2.06106
2.51023 -6.16903
-3.9232 -1.10519
-3.1834 1.6317
1.77003 -0.00218351
-2.75074 -1.14545
-0.479277 -8.12933
2.66137 2.2375
0.486646 -1.34893
1.07897 -4.10242
3.50089 3.21655
9.5704 4.15217
2.1656 5.4253
0.349838 0.52882
-0.349303 -0.61865
-4.0214 -7.99369
-4 1
-3.69054 0.81745
3.03395 1.57084
-4.00506 -7.69646
4.67607 -0.193866
-0.550162 3.69827
0.466458 13.1405
7.16097 0.00150989
-4.49767 0.176773
1.90902 -3.90623
-7.20582 -2.80902
-2.51029 2.53709
-4.39093 -11.0376
-5.94727 -33.6313
6.10861 -6.39758
-0.302119 1.14107
-1.88335 -4.75514
-0.283999 -3.47743
-2.63309 0.768802
0.156514 -1.27698
1.00694 6.00935
-0.315845 -2.06959
2.27958 -3.49142
-5.09357 12.5118
12.1108 -6.21003
15.6066 -4.77817
-7.27354 -6.73629
-4.14858 -8.27738
4.49765 11.5088
-1.26281 11.2052
5.64677 7.5355
9.83869 1.08502
-0.826966 -20.7975
-7.82967 -6.93153
-12.543 5.70796
3.84642 -22.2368
32.3106 -7.5498
22.2199 -49.3759
-6.29541 -41.8429
10.7677 24.6299
-14.1722 22.5008
29.3464 86.4181
-50.626 -5.58933
-81.0021 -33.1644
3.96393 22.4193
-157.014 -30.3191
-27.5105 -145.858
-155.136 133.973
-302.068 -97.1888
725.09 -1125.43
