20972 21673
196.027 -7683.19
-20.4202 -192.917
9.4137 -743.375
20.4274 111.682
-45.4995 -40.5415
-5.16749 94.2185
34.5175 78.918
18.5242 -40.9505
37.7283 58.1165
25.8333 -54.3857
-13.459 6.76237
-5.58605 -3.35953
-21.6056 9.25114
-23.3418 2.35423
16.931 -27.678
-2.5368 -8.42052
7.72731 2.34011
-5.69275 13.1181
-16.7471 -4.54686
-0.209621 -26.136
-0.471552 -22.309
0.661959 -7.76521
-7.7506 -0.489601
-2.56738 -7.00134
-1.29289 9.53553
-4.72916 4.05265
10.6104 7.95586
-3.39638 1.37777
-6.43791 1.29468
0.874715 -1.23273
-4.44214 -6.52348
1.71256 1.23387
-8.79896 -10.4032
-0.181082 0.148078
-2.96 -0.488052
-1.66652 11.1968
1.5582 -3.36578
5.83773 -14.1659
12.9159 4.99595
-0.172288 6.58773
-4.68688 4.97548
-5.22334 -7.46897
1.92516 -4.75295
-1.1841 3.01209
-5.90042 -4.41873
-1.47591 5.35086
0.208168 -6.09701
1.53944 4.60703
1.24991 2.09405
3 -8
5.83806 12.9036
-3.21313 4.52583
-4.77397 1.68544
0.128658 -0.0621535
-1.62157 -1.85737
-5.83677 3.40856
1.12031 15.7877
-2.79725 -1.62049
-1.50679 5.64221
5.27674 -3.17068
-3.07138 3.21133
2.78898 3.70237
-1.99458 -0.723115
-2.47739 0.515009
-1.90403 -5.42089
-0.609794 0.892034
-1.72278 1.5554
0.49927 -2.88018
4.80573 2.87107
-6.41573 10.9065
-1.29611 -6.84474
-1.9872 1.45261
-1.26756 34.1708
7.61108 5.25361
-4.36396 8.70711
-2.40302 -3.3676
2.74187 4.39958
-3.21073 -2.4546
1.84111 -3.17293
-0.229825 -2.44449
-4.12753 -6.33408
-4.4357 -3.48027
-0.140572 1.28291
-3.10839 1.38081
1.11485 -1.66582
2.2748 -0.441071
-1.06956 6.44915
0.637513 4.21849
-5.34922 -5.91055
-1.41686 -2.06511
-0.950677 -5.44807
-1.72999 7.48241
-0.855618 2.4465
0.600826 -5.98513
-1.54389 4.10124
-4.35794 -0.233698
-1.73114 -7.73791
0.0647703 4.42578
-0.10897 -1.37639
2 1
-0.726924 0.887055
0.246063 -2.74928
1.23103 6.08767
-3.30578 2.68202
-0.291714 3.95909
2.19161 3.07578
1.52862 -0.697171
-0.477319 -5.43751
2.0435 5.64739
1.47952 7.59757
-1.07603 -0.161629
-1.85556 2.96308
-0.236622 5.37216
2.05576 4.43378
5.49166 6.74205
1.16416 -1.7489
4.15519 -3.34223
2.77717 -2.65244
-4.41916 6.32972
2.84786 -3.79158
1.41819 -9.07554
2.2203 -1.04929
4.61077 -5.82239
-2.13748 4.63963
-2.70711 2.46447
7.23965 2.59528
0.222282 12.6623
-0.618094 3.8696
2.96814 -29.7473
-0.428661 -6.45019
5.83809 -8.93969
4.71698 8.87272
0.822308 -1.81513
3.17012 5.71547
-0.560912 1.21735
-3.18485 -1.72944
2.33285 6.10212
1.56638 -3.62395
0.570269 2.37801
5.10523 -0.88505
2.72262 -0.701039
-3.54524 -2.19477
0.768669 2.17027
-2.55988 -5.12709
4.09486 -14.5956
5.86516 4.99831
-2.65248 -2.00563
-1.7595 -3.01852
3.04783 -6.75678
-1 10
-3.73486 6.1418
3.43118 -6.10725
-1.61935 1.63483
-2.78642 -4.33803
-10.5257 -1.33659
-0.608367 -0.538243
2.91357 -0.12844
-4.56365 7.45133
-1.54494 -18.7615
0.554254 -8.35166
8.91753 11.3053
-1.5269 16.6621
-5.6008 15.5188
-2.28679 -9.82854
-7.36319 5.01943
-0.682681 -2.0132
-4.73711 -0.731402
5.36317 6.32184
4.10103 10.5978
-1.98775 5.90104
3.72367 -10.2061
-8.67343 1.85192
12.4282 -6.03549
-4.65598 -1.17551
8.36396 7.29289
13.5528 9.6529
-4.6089 -0.132198
15.5152 -12.5868
4.85113 9.10982
12.8277 4.19177
-10.1001 -15.0008
4.56942 -37.5853
18.7246 -12.9148
-9.08668 4.34377
9.74912 -4.33598
-18.0974 -2.52025
-4.6172 -22.368
28.1606 -2.50507
4.10564 -19.2579
60.0615 17.7287
31.6718 -16.3613
-4.38649 9.30103
-7.42084 29.1275
-45.5903 -137.455
-79.2105 153.299
-66.738 -98.338
-17.0453 317.926
-38.6519 337.857
348.561 -2204.54
