18490 21579
-340.97 -7801.76
-52.5235 34.2144
-230.405 -573.143
-37.6266 95.8274
-9.58436 -125.559
92.2056 -29.4054
151.541 49.6272
21.2283 -3.339
13.9951 77.541
-70.595 33.5103
-19.0445 23.0676
-4.08808 -23.871
-4.56097 3.29669
29.8411 -7.25897
-4.30024 -12.3721
0.00157748 6.92285
-7.75146 -27.0114
-8.70174 -35.4053
-32.0239 -18.4182
-11.5705 -4.80751
7.80864 6.2561
11.0749 11.531
20.6877 -16.8721
0.491967 -3.38065
1.53553 -2.56497
-5.06361 -3.37851
2.47024 5.41051
-0.281837 -4.49982
-7.524 4.48325
-1.53771 -4.37843
-11.2696 8.38305
-10.0316 -2.04562
-3.03109 6.48324
0.176026 -6.4212
-3.45194 -6.20547
-0.564756 -9.59359
5.05698 -5.51333
2.62714 -6.092
-9.27085 -4.52787
-3.9712 -1.21264
-5.2532 1.24548
-0.616633 -4.29524
2.24027 8.78604
-14.0608 3.80899
-4.17211 10.4186
4.70458 6.28964
-3.32693 -3.50983
-0.167495 -0.849534
4.98406 8.13252
-7 0
-2.07379 7.40712
4.37535 -1.52665
-3.97419 1.37973
-0.662435 10.3499
2.08337 4.60649
2.97193 4.79118
-4.82245 -8.32597
4.59151 -1.03689
-0.225041 -5.49825
1.6563 -2.39883
-1.34059 -2.54083
2.43491 4.65033
6.06981 -3.49798
1.38457 1.84231
0.927703 -3.68822
0.164767 -2.4851
1.0845 -0.376667
3.62375 1.67794
1.18561 1.58419
3.33608 3.85056
-2.84145 3.3117
-6.73753 -4.55745
-2.07015 1.97019
-1.31523 0.0802511
-1.87868 -7.53553
-0.264305 -0.0484556
-0.320959 29.9554
-2.81632 8.99172
3.08967 3.13516
-0.645322 -2.83833
3.16405 6.9514
-4.29288 -4.33855
-2.9679 -4.24064
-1.40719 5.08723
-1.09325 -0.982915
-0.024978 6.38192
2.15531 5.07802
2.40167 0.766017
8.43142 10.4042
2.19986 -0.621745
2.11469 7.52818
3.10061 -2.45432
-1.13752 -1.23689
-7.98347 -2.78072
-2.39398 0.1194
-4.15931 3.11853
4.59787 7.98463
-2.89118 -2.11158
-0.432439 1.0733
0 3
-2.75814 -5.44516
3.71172 6.13167
-0.154999 0.281215
3.42706 -0.309792
-0.826123 -3.88889
-1.01076 -1.63775
-0.210631 4.94702
3.53148 -4.50838
-5.13545 0.520481
-1.07632 1.92133
-1.59371 4.21368
-3.75984 6.00602
-3.36694 3.15766
0.773442 2.2464
2.58924 8.00378
6.61464 -0.15291
-4.40923 -1.39802
-0.843912 7.67661
-0.188747 -10.5535
2.88139 1.69244
7.72906 -4.2838
2.49673 -8.5708
4.39259 8.16072
5.28904 4.24513
-5.53553 -29.435
1.03127 -3.03168
-5.61015 -8.7992
-1.86278 3.1812
5.76227 3.62997
5.47749 -1.47703
3.58606 0.595911
-3.72331 -1.71993
-4.28274 2.60414
-2.98942 -0.969614
-2.69929 -3.81322
-3.60398 2.75494
0.450065 7.06315
-7.48032 3.60702
-6.23917 -3.06751
-4.9481 -0.219203
-0.817142 -1.7783
3.94978 3.34782
0.0509918 3.08914
-2.9386 3.39535
3.16618 1.36383
-10.8221 -3.0958
0.617384 -0.440482
9.68531 8.93486
4.39553 -0.53993
1 10
3.85315 19.1195
3.10704 8.21644
-0.960943 -12.9521
7.70043 -8.68838
0.307586 -11.5558
-7.46331 -2.084
7.9957 -1.9716
9.26672 3.75246
-0.52429 4.22583
1.73514 -6.64146
1.58143 -1.23412
10.897 -9.17193
18.1107 -4.2788
3.39139 -9.19499
-0.827951 -5.15216
1.81921 -3.59516
-1.081 -8.69997
-10.5706 -7.4693
-7.85441 -7.2992
-0.0823638 -1.41152
4.35965 12.8653
8.91214 -3.84216
6.385 -18.1249
-6.31025 -4.86535
-6.12132 -0.464466
-3.05567 -0.111448
12.4182 8.84048
5.70951 -12.8912
-5.39611 -19.3189
-5.13766 4.42554
-29.652 8.80995
9.51393 14.9808
5.25078 1.50855
-0.699893 -22.1134
16.4099 -0.511068
12.1058 -6.8927
21.4458 -27.4877
-6.5944 13.7193
25.1859 -4.88205
-21.7221 -11.3935
21.3006 -6.6688
22.5732 8.18139
24.0765 57.3386
45.1028 -9.72722
-124.135 189.217
-2.44907 -94.8046
-203.21 206.661
-5.55007 273.915
0.459069 -2022.42
