19855 21466
-1535.69 -7806.71
-168.021 41.7263
-605.132 -285.693
145.644 56.1343
-46.8464 -13.0408
-17.3915 -75.0879
-11.0507 -132.563
-118.877 -3.04753
-26.9351 -61.9827
1.82511 28.1456
23.7185 1.4526
48.9501 -14.1735
57.3422 16.3802
18.9905 7.87267
5.59653 -16.2364
-16.5367 0.264094
0.162554 -25.2801
-11.8357 -2.94302
-23.3577 -10.2189
-11.2595 3.0519
17.9105 2.3506
2.97026 1.00194
14.05 17.66
-3.89616 6.27108
9.48528 -3.65685
7.43504 -2.48382
-5.31208 10.9979
-10.2758 4.01643
1.28655 6.46139
-6.34635 1.77764
2.93966 -10.5014
-0.799734 -9.50564
-5.45587 -0.839985
-2.78048 -1.26427
1.78669 3.97512
-6.95032 -2.68875
-4.56422 3.65533
0.846483 0.602209
2.92687 -0.792767
3.34786 -4.51005
-0.565051 -4.8358
2.4939 1.54546
-11.3265 5.13711
-1.72144 -1.4098
1.51889 -4.04714
3.77639 -11.3917
-0.191515 -8.06222
1.02277 6.69769
1.05138 5.59842
3 2
3.33684 -5.20014
0.984088 0.109808
2.99398 19.1207
-0.499688 9.79183
1.25617 4.48476
1.72015 -0.764685
2.85348 -1.26413
-3.09803 -0.540184
-8.80326 5.09186
-5.2203 -3.57054
-3.29957 6.05021
4.69468 0.225379
-3.85237 -5.69892
-2.64079 2.08392
3.29084 0.621197
1.68227 0.570884
4.49463 4.98971
-3.90478 0.994141
1.604 2.83923
5.96438 -1.19405
-9.27813 -0.562694
2.21276 0.779233
-1.68509 -6.01767
0.0163563 -0.0695549
4.17157 30.1421
-1.65871 2.06938
7.97922 8.27095
-4.52548 1.38034
-1.30346 -2.96147
0.327712 0.717949
-0.656579 -0.213745
5.62827 4.93305
0.350377 -2.09485
1.43363 -3.61756
2.65711 -2.86409
-3.01408 3.20101
-3.87508 -0.477089
-4.90718 -0.896275
-3.12349 -2.85467
0.028995 -0.729157
0.707816 4.57526
-2.14668 -1.15259
6.24119 2.81605
4.25469 -1.97488
-1.96473 -3.00347
4.48247 3.93968
2.31957 -9.72007
1.49446 0.381232
-4.51674 7.09543
3 -2
1.16867 -6.54708
-3.57545 2.09071
4.35581 3.29099
0.279888 2.67915
-0.551889 10.4175
5.61135 5.92217
-0.423074 0.909607
-2.74569 3.55383
1.22539 0.797283
0.144068 2.79755
3.06802 7.83961
-2.44398 4.03283
1.81916 3.39891
-5.46472 -4.90149
-4.02119 -0.561745
-3.67279 0.732844
0.334457 -0.534166
0.679453 -2.33492
0.893441 6.72205
1.05425 3.51812
3.79324 5.7278
0.560025 3.44203
-2.67344 1.1926
-0.902664 -3.45717
-7.48528 7.65685
-2.31939 -5.94979
-10.0955 -30.7806
-1.52997 -1.08491
-6.42794 -6.05174
7.53254 4.51229
4.8718 -5.21066
1.12168 2.9361
4.6759 -5.35234
-1.01042 -0.042744
-4.86359 -6.74741
-5.29521 -2.02121
0.255753 8.44586
7.3549 2.56802
1.89503 -0.662639
-0.689531 2.86234
0.357351 -7.85817
-1.68157 2.34983
2.21865 1.87689
-3.04189 3.83179
1.99085 -3.62141
-3.19797 -10.891
0.0908538 -3.83334
-1.21722 1.55699
0.202145 -13.6983
3 2
-1.33206 -7.04056
6.72881 -2.54322
5.0524 11.8125
3.18663 8.88437
3.0492 0.939928
-6.12324 -5.66347
-0.879895 1.61566
-1.54373 -2.06721
2.10741 3.0897
0.270175 4.27398
5.39642 -4.38757
2.61728 1.82263
-5.71912 6.04177
-3.73702 4.6966
11.0135 4.3662
4.45225 -7.44648
1.67624 -3.75869
-0.398671 1.86012
-2.03734 2.83963
-12.3866 -3.9287
-4.19105 9.95844
-1.83817 -2.43249
7.89743 3.86995
18.3843 -2.68524
9.82843 1.85786
-0.591272 -16.7633
1.75677 -4.77027
1.00222 8.69571
-3.09435 9.51842
-5.83067 9.6563
-12.8466 19.2154
17.7645 -1.47734
14.4982 3.70245
5.6917 -20.7008
-25.0729 -25.8315
13.6569 -28.578
-12.6912 -18.1969
23.5395 44.3126
-27.0545 48.6792
-2.7621 24.6189
-25.8905 37.7338
-46.1802 4.88804
-35.1006 -8.30201
41.658 16.1795
-164.839 -124.851
120.222 -96.5178
-319.358 -72.7274
-191.252 126.942
1215.91 -1804.57
