20609 21815
-291.49 -7430.81
-250.061 -83.0944
-463.802 -551.272
168.594 34.1647
-52.3524 -43.8322
52.9922 -43.4033
51.9457 -76.63
-89.1456 -23.9001
-21.0028 14.1029
-39.4634 74.8563
-9.53987 -14.7384
-22.6062 -30.4752
8.67356 -31.6567
-5.75687 6.20287
3.67591 17.7846
-6.14012 -46.045
-6.81078 -24.9861
-9.50782 -9.53188
-10.5814 -3.10562
-4.26632 9.42403
2.75245 6.68086
2.5028 15.5198
18.0286 -4.39936
15.7536 -5.44343
1.58579 5.82843
-15.5783 3.02824
-1.48662 -4.63561
-4.49656 1.40652
14.1056 5.09005
4.41878 3.20021
0.30604 0.797947
7.42811 -3.34617
-13.408 -12.5956
1.81151 -3.62096
3.85034 2.3935
-4.90743 2.92753
-2.63782 -5.26155
1.77148 -2.00791
-8.8428 4.76635
-1.4434 -3.4472
-0.206276 1.01408
6.08047 0.993186
-4.33558 -8.18667
3.87575 -2.32356
7.00136 -0.934084
-3.98478 0.795322
-4.32519 -1.22664
2.32795 1.46373
2.13128 -7.78281
-7 5
-7.68049 -4.43133
4.05626 2.27159
3.46147 4.06709
-1.83384 2.48959
0.247509 1.78109
-2.6667 5.90551
8.86479 -4.76208
3.31926 0.378812
-2.69151 28.8574
2.80516 3.48864
9.46099 5.02185
-3.04943 -0.208358
3.34824 4.13806
0.778338 2.66098
-1.78748 2.60597
-1.07618 0.858855
-5.92816 -7.488
-1.94758 -3.83912
4.99159 0.0946644
2.34515 -4.27722
-0.533962 4.02294
3.03422 2.03038
0.138239 1.4427
-2.12393 6.94218
-0.414214 0.514719
4.17482 0.993058
-4.33923 1.41564
4.58541 5.63593
-0.716534 -5.10638
3.33338 2.86951
-0.939222 4.98639
-3.55974 5.40003
3.06306 -3.77692
-0.58692 5.90498
-2.92477 15.4391
-2.3439 -2.79467
-3.34883 -3.88968
0.222074 4.65846
5.04367 -2.67141
-2.42517 -0.461184
-2.65058 3.45804
-0.0550428 3.50784
0.914592 2.42384
-3.77189 -2.52677
3.01801 1.56807
-3.16528 -0.951378
1.01909 2.41189
-2.6204 0.401817
-2.99684 -3.64577
1 7
-0.361829 1.51693
4.723 9.53502
-2.73682 -4.64917
4.53641 0.392026
2.01577 4.174
-4.74913 -1.93585
-0.995647 1.93884
-3.18992 -1.93223
0.832905 1.76283
-0.312819 3.52168
5.85079 -8.72716
3.90254 -3.22877
-1.24265 -0.947118
1.09685 4.21415
-9.87031 0.555556
0.0310444 -3.74586
1.95691 -13.3843
-5.17195 1.43058
-3.93063 -9.2166
3.61089 5.22066
1.52105 2.28817
2.36216 0.0701081
-2.56192 3.14157
-0.259849 6.6299
4.41421 0.171573
-3.79927 -0.109506
-0.972102 -1.60484
2.11173 1.59223
0.847656 -8.99249
3.1324 5.94327
0.270757 -5.6113
-1.08227 1.25982
-1.17824 7.41428
-3.71912 -2.7747
3.4261 -6.19264
-0.323391 -1.2848
8.19579 0.500515
-3.39245 0.735009
4.82462 2.61134
0.903045 -0.870611
-9.40027 8.49761
3.18022 3.90614
-1.27549 -28.5812
-3.09852 -1.07462
2.97459 -3.58804
0.548819 5.73765
4.88123 -0.269984
11.3555 2.83743
-3.24576 -4.19366
-3 -3
0.746071 0.650295
4.97283 4.12413
-4.54283 -2.65586
0.640928 4.30413
7.90842 5.07637
7.11928 5.14641
1.40439 7.16399
7.04901 -1.99837
-6.85303 -3.69105
-9.50088 0.357028
-12.1726 -3.53668
-9.69403 9.03323
-4.44111 1.43254
-3.79183 6.08921
14.7195 -7.91546
6.24495 -0.251045
-4.2807 -9.79235
2.17391 -5.12478
-1.89395 -6.53212
-9.24385 -5.33839
2.0957 -2.74055
-18.0828 10.39
0.275759 3.66613
-12.9536 12.9295
2.41421 17.4853
23.5008 3.14395
23.8175 17.9997
-3.7216 -22.9269
0.594858 0.948562
-5.44189 -9.04207
-12.5669 3.16124
3.59165 0.497299
-8.52159 17.0382
11.7266 25.787
-5.64654 -31.9493
14.3024 -31.8064
-2.30522 40.4349
-2.83681 16.4832
15.4119 14.614
11.5489 -69.4447
-19.4052 -72.7078
-7.92951 -6.35924
-14.6898 -5.88384
80.9224 -19.181
-144.256 -60.9666
144.637 -42.6962
-283.692 59.3198
-255.256 117.133
1621.78 -2004.11
