16939 20447
-1894.57 -7595.23
125.496 49.8914
-619.045 -77.0238
156.904 -80.1467
-70.8808 33.0299
-40.7854 -95.7891
-135.377 -78.9825
-37.8784 -8.4648
-57.76 -27.8832
64.7999 -42.7247
19.7634 -43.0211
4.02406 -44.5594
26.6401 13.0259
8.50372 -14.9424
-23.3716 -21.2166
-22.4145 -17.2927
-35.6315 26.7285
-20.5633 4.00707
9.72609 1.78051
8.52488 -8.39352
-0.493148 -5.81804
-0.413106 11.0221
-0.406123 8.48342
-9.94031 -8.53471
-5.53553 -11.9497
-2.02665 -1.1834
2.73389 -7.13309
8.45143 -14.8194
3.57633 -1.42608
0.791775 2.79633
1.51734 -0.929196
-2.37911 11.0149
2.76162 3.26993
8.10611 -3.25258
-5.23891 -0.664615
-11.4395 4.55253
-7.17198 -4.66537
-5.9129 -0.633294
-0.123402 -0.698724
3.8867 -3.11855
5.96176 -3.66527
3.50628 5.4377
6.22008 4.51469
6.7052 -1.95311
2.73265 -4.09762
-4.10552 1.48751
-10.4589 1.10083
-1.60136 -2.58111
-5.86191 -3.83284
-2 6
-2.79232 6.26156
4.30364 1.89704
7.50388 -15.3866
-3.22377 -2.82619
3.74974 1.77084
-2.99479 0.0662272
4.4757 0.418319
0.806193 0.88799
-4.08836 6.19434
-2.49411 -3.89207
1.71251 -4.80892
-3.05591 -0.843954
-3.55298 0.130688
-3.87969 6.42778
5.50154 -10.6378
-4.88258 4.01301
6.60733 31.1527
-1.4456 -0.783705
12.1631 13.0745
-4.46554 0.551192
5.15611 -7.66998
1.95524 5.5901
-0.21962 7.00255
-0.0197955 3.14993
0.707107 -3.6066
-3.52107 -2.29653
-5.88407 -0.823
-6.97485 5.79756
-3.84209 2.42157
-1.03556 -2.47777
-0.671327 4.44172
3.96316 4.0826
-1.60852 -3.2881
0.0854624 3.85673
3.11565 0.439627
-1.91306 -0.2598
-1.62319 2.79481
-1.69871 1.45435
-0.000679042 -3.37247
-1.113 -3.16384
2.42836 7.53795
0.753001 4.43259
7.55596 -3.51839
-0.564373 -0.682577
0.0810947 -0.989922
2.32502 -0.718852
-0.631828 0.589926
1.24909 -6.98809
-5.8533 5.21704
-3 -5
3.19938 2.72427
-5.10691 -3.38217
7.99986 -2.50177
-6.0414 1.04558
1.30501 -3.9292
-6.75841 7.66061
3.61623 -0.695883
-0.119909 -8.55157
-2.46049 -9.56055
-5.40986 4.87675
0.538165 6.84612
-0.163885 0.506653
6.59455 -3.11219
-0.974253 6.62622
-0.42965 4.88797
0.0554286 2.21134
-0.266377 0.839856
0.510733 -2.12712
-6.16381 0.918808
0.417526 6.47777
2.24912 -7.42429
3.52215 -3.77691
2.15191 3.70055
4.35441 0.155656
1.53553 -2.05025
0.424193 1.81539
-1.90899 3.88048
7.21338 1.45838
3.29855 -3.87654
-0.311084 -7.28836
-7.49277 10.4906
2.25606 -0.710628
-9.25291 -10.4988
-3.1137 -2.17723
-9.50084 -27.9247
9.19425 -0.713334
0.697205 12.5377
6.43798 -4.04367
-0.086188 -6.01624
-1.59606 -8.87186
-1.31392 -2.03138
1.17306 -3.56643
6.61387 -3.13097
-2.405 0.0863556
12.4136 0.413351
-1.62388 -1.22545
-0.728901 12.9739
-3.98915 0.736318
-0.0578825 -0.880379
-2 -8
2.68287 2.71018
5.04785 3.50308
3.00466 -7.43278
0.739188 -3.64861
5.09195 -3.40613
3.73628 6.90037
0.286731 0.930266
-1.50984 0.435333
-3.5726 -2.16828
-2.26867 7.11855
-0.291947 5.36651
3.16532 2.31404
-4.45921 -1.91172
0.396344 -6.62883
5.46397 2.42711
14.3806 9.33506
0.134369 2.3104
2.16051 -8.07372
-1.7609 -0.978115
3.62417 -2.8231
-5.61568 0.768727
4.53852 0.0114368
-1.72578 6.95888
3.38112 -1.02649
-0.707107 17.6066
-11.3766 15.1608
4.81212 0.695215
16.8599 -15.6317
-2.51596 0.436532
-1.43471 -8.84255
-11.7093 7.47058
-35.3709 3.50179
-3.89634 13.9284
29.1642 18.7434
34.3484 6.35462
22.1116 -33.5606
43.1176 -50.9416
-40.1246 -23.1036
2.72573 21.4615
-13.9164 29.7757
-30.0341 -13.4813
-69.2867 -23.6783
-43.3706 -26.0931
-49.114 35.2405
19.6182 -176.457
-10.9243 43.7994
-158.111 -395.217
-216.323 264.862
1294.24 -1526.96
