18620 20714
-456.533 -7986.99
-86.477 -133.79
-216.391 -862.813
35.5477 47.516
-18.2617 -176.208
40.7141 87.8586
62.5603 155.557
8.89187 30.1377
60.9874 43.4085
9.77907 -67.5446
42.7149 -17.3059
-30.0306 5.49811
-22.8477 43.0682
-39.0402 15.6807
-39.306 -10.6578
22.6367 -21.3392
-9.35304 -8.73065
3.69222 9.06503
-7.01761 11.431
-4.21821 -12.3891
-18.6666 -25.6713
-18.0132 -23.2025
1.83303 0.76476
-14.5959 6.77449
-5.24264 3.24264
-5.17684 5.61015
15.9849 -8.95925
2.90602 -0.422461
-7.6502 9.91221
-0.69086 4.18229
0.595127 -4.07911
3.75054 -8.67206
3.79958 -2.47982
-7.47769 -6.44491
-5.73593 0.494319
-9.57538 -1.81443
3.90184 14.5149
-3.80263 9.72428
3.96139 3.10358
1.12189 -1.26007
-0.619751 -1.62795
4.35071 -2.89461
-3.15795 1.84076
-9.52237 2.69533
6.13269 -2.03483
-1.23637 -5.71872
-0.507935 -1.98013
3.27905 7.57911
-4.15551 4.16715
-4 2
-0.242994 -0.681205
1.76446 -4.44496
2.92302 7.24977
1.88882 -1.0719
-3.52976 7.28318
-2.44969 8.06043
0.284538 -3.46546
-2.08127 -0.0187801
-2.29852 1.55334
-0.155622 2.6237
-2.29606 2.85194
1.52429 0.598703
1.90008 3.56081
0.536933 -1.8669
-0.439468 -1.26861
3.67686 -5.64342
5.62075 1.90733
6.12528 -2.66209
-1.21204 3.3521
-3.10751 4.67181
1.53608 1.13014
-1.4567 -3.17096
0.521583 5.83045
4.66116 8.3258
6.65685 1
1.70022 6.90341
2.37141 -2.82228
-0.172089 2.1254
-3.36397 -3.75329
4.83927 0.221232
-2.29353 -3.7218
-1.34297 0.548178
0.235026 0.975274
-0.61781 2.95406
0.614074 1.43649
0.0293391 5.89738
-1.11931 -3.76587
1.52041 3.7981
-0.155025 6.87236
-2.98069 -11.1423
0.866409 6.27722
-0.325763 32.0131
-6.32963 -1.46087
1.01833 11.2255
-2.98954 -3.66586
2.50627 5.59344
1.13059 -1.92173
-2.96488 -8.86459
2.1533 -2.53573
-6 0
4.05474 0.339536
1.38307 8.77383
2.58474 0.900811
4.15477 -1.68133
-2.87233 4.46418
1.8597 -2.49434
-1.22222 -0.774253
0.744177 3.5569
5.71605 3.63649
-8.56894 -24.0505
0.627293 -5.81656
-3.29118 -7.74065
3.91238 0.665786
1.45064 -0.703805
4.799 1.85775
-1.09344 8.44822
1.21884 -0.537907
0.0130957 1.20632
2.21077 -2.77672
6.01484 1.3968
-3.07537 2.37306
-7.26752 3.7362
-2.34845 -1.52388
-6.35662 -3.25555
3.24264 -5.24264
-0.954081 7.89512
-3.19213 7.03889
-5.35503 -6.46432
-1.10095 -1.21771
-4.9562 -10.1278
-2.37935 -3.40086
3.77443 -2.23077
5.57525 2.51096
-0.871038 1.41287
-2.09144 4.97445
-7.95525 -2.17053
-0.203769 0.399992
-2.05715 0.826526
2.05295 3.37356
2.30152 2.17467
0.185073 1.78698
-2.13793 1.7931
1.96433 3.13664
1.28752 -4.48805
2.05705 3.75185
0.933323 -8.57814
0.935821 -8.69751
-6.24074 5.14666
2.27007 1.97908
-2 4
4.54833 1.63043
4.22899 -1.22842
-0.133826 2.74477
0.362581 3.26101
9.82677 -0.658449
-1.4883 -5.3536
-6.50659 -0.157253
0.764021 0.637318
-12.8879 2.88517
3.02401 0.64204
5.7633 5.01958
7.33261 -0.521943
4.44009 5.64467
-5.49062 -7.11066
-3.79879 -11.9465
5.17921 -0.723421
13.6151 -4.2759
8.05754 5.4045
-8.13452 1.46176
-12.8422 -8.18524
-15.3302 -10.7485
6.94083 2.25569
22.4269 16.5854
5.18179 2.65037
-4.65685 1
-0.448214 -10.5263
13.8823 -15.0725
13.725 1.46292
1.99831 3.80101
13.0723 -7.40929
-0.82011 -7.75134
-0.436655 -30.9846
10.1472 -30.2029
32.4171 8.55377
8.56846 -6.19511
-23.0024 2.52664
9.03524 -21.5467
-27.2893 7.92102
45.9323 23.0918
29.3673 26.1964
37.321 5.18103
7.28434 -21.5528
-58.3715 7.42345
-39.1972 -70.4081
-152.973 208.372
33.5278 -82.6139
-116.399 292.38
43.9682 389.222
-19.9832 -2586.06
