21647 22988
-1384.22 -6907.94
-130.757 -209.249
-571.368 -375.935
-0.679533 -2.89227
-93.2159 46.9866
16.0088 -4.75538
82.6095 -68.0129
-16.2804 -50.7142
-24.1688 -106.234
-25.1221 3.49318
1.30323 -23.4366
38.7974 -22.6
17.7442 -29.8405
2.17243 -26.4047
11.8101 -11.7656
-12.1005 13.0553
19.463 -2.68937
-1.33892 5.27024
-16.515 3.5445
-11.5335 3.78829
2.80696 13.5969
-3.19455 5.62321
7.22266 2.22199
-7.0798 -1.70977
1.29289 7.53553
8.56449 -0.101115
8.02641 -2.28325
-1.95583 -9.71641
-3.89575 2.49305
-10.466 -4.84653
0.114576 3.49747
-1.52308 -8.2912
4.57052 -1.72266
-7.23418 -3.14711
-7.73773 -2.49856
-2.37873 -3.7917
-3.19861 1.08644
2.94012 -2.03765
-2.81313 -4.34174
1.8968 -4.60657
3.48132 0.270568
2.76316 38.91
1.30525 -1.29156
5.12891 10.0987
0.321318 6.78439
-1.13465 -6.41639
-4.25067 -6.2927
-8.88396 5.37477
-1.58414 2.78294
-6 7
-0.608004 -4.52659
-2.59855 9.00515
4.42203 -0.191543
-4.51032 5.45617
1.44431 3.15824
-1.71631 6.38126
2.95067 -1.44322
-1.06604 -1.87256
-2.92849 -1.50548
-1.93825 4.60169
2.6615 1.30925
-4.70211 -2.11451
2.69087 1.82991
1.40604 -1.82756
-2.20427 3.76893
-2.86948 0.180588
-0.523809 -2.76864
-3.80906 2.40626
1.29637 -1.63731
-4.97168 -3.88296
-0.933472 3.69819
1.95352 3.02439
1.03396 -1.2766
-3.21733 0.19318
2.70711 2.36396
2.39287 3.85056
0.583991 -1.99963
-2.1286 -11.6076
-0.731663 6.45793
-0.760074 0.503062
-1.89176 6.05909
-2.90781 -1.44362
1.19496 -15.4161
-0.656153 -5.36
-5.99984 2.98008
5.33482 -2.98153
-3.1351 -0.897061
-2.86002 6.56907
0.216322 -5.44243
-1.67624 -3.11121
-2.02476 0.547569
0.357495 0.152572
-3.38064 -9.6119
1.94823 3.50044
4.53024 -2.31433
0.785395 -0.645986
4.5719 -1.90606
-1.62254 -2.4763
2.4397 4.84013
1 -4
2.87707 -4.4953
-6.49091 -4.05953
2.27942 1.08979
-5.02729 -5.32358
4.06012 5.2742
0.980142 -3.49622
0.0195419 4.26574
0.127836 1.91802
-0.676095 1.32739
1.55025 0.910558
-0.961448 5.38821
-0.041575 -6.22942
-5.90536 -4.17
2.43945 -4.99694
-3.829 -4.26207
-2.05667 -0.197617
4.26762 -0.98559
-2.23059 -0.667028
0.323724 15.8297
1.14204 -2.46862
6.51271 -1.0612
-2.34857 -1.63696
4.98917 2.20441
3.64293 10.2026
2.70711 0.464466
2.41701 5.40347
-0.552442 2.94217
2.92936 3.03775
-0.657389 -6.72891
-3.05593 4.52546
3.18916 4.59704
1.74412 -5.2171
-2.23502 0.189228
2.0387 6.7576
-0.689156 -2.75242
4.19932 1.19908
3.81628 1.53386
-5.42352 1.12306
0.747594 0.302258
-0.207649 -3.45579
-2.24422 0.310132
-1.36205 5.43264
2.86524 -2.34187
-2.30901 2.73736
1.05733 2.73189
0.577217 1.50207
0.944817 2.81976
3.74136 6.43739
-1.97685 4.67659
6 1
1.63828 -2.08457
3.53358 -6.29689
-4.1592 2.26176
5.9469 8.14623
2.82263 1.23864
4.34754 -3.15776
3.48472 1.03021
-5.46095 5.57324
6.73297 -0.356214
0.721232 -26.4279
2.38422 4.80865
5.47593 -6.28316
-3.13714 2.75746
2.02418 7.03409
-6.84573 -16.6089
-1.07714 3.03047
1.93811 -8.36924
3.91936 1.55394
-2.21849 -2.31462
0.854301 -1.90742
-3.3316 -3.2574
-4.0877 -3.98333
6.8279 -2.89975
-8.30432 -0.0491418
1.29289 -10.364
-18.0749 -2.41284
-3.74713 11.6783
1.15137 -2.9644
4.57088 2.87738
2.67937 4.06581
11.5824 -4.24537
-0.0503042 -18.8144
34.6588 -1.99807
3.73666 -33.3631
-1.17307 0.0828507
31.0595 -4.81478
0.500418 8.31154
33.8633 -2.9517
22.1584 -1.98357
-37.1126 -43.1811
-41.8355 48.2116
3.43357 18.8816
-49.5206 -16.3952
84.8272 27.1572
-152.351 -112.804
32.0543 -96.2374
-184.032 51.7986
-197.214 -60.8694
1073.35 -1613.12
