16506 22326
-412.354 -7125.58
145.393 -2.89119
-151.274 -528.316
84.7608 82.7161
26.7852 90.1395
40.4782 135.002
120.054 -9.29441
-1.51242 -39.3879
29.8253 -20.6301
-41.6752 21.5824
12.5474 22.1082
-31.0011 -10.6283
-28.1491 -22.7511
-2.12403 -31.283
-19.4933 5.30225
-16.2342 -19.5943
5.42944 -25.159
0.170541 -14.7188
-16.5282 11.4227
-11.32 15.2648
-0.242981 -0.0597767
5.42429 -15.3245
0.0878057 0.146176
12.8048 5.74735
-7.82843 -1.58579
-4.34642 -1.3362
4.33081 -2.81949
-7.53067 1.79113
7.39603 6.90298
5.55696 3.35633
1.64273 -14.5643
-3.88997 -6.78146
-4.40777 -0.945541
1.5405 0.536223
0.20473 0.715831
-7.09814 -6.94632
3.55675 7.60244
-10.9493 -3.90154
-2.3952 7.54706
5.74231 -11.4064
-1.66466 -12.5981
-9.99007 26.7246
-3.31719 9.0676
-7.74079 7.70365
-1.59053 8.61776
-2.19664 -9.27395
-8.64557 -11.9123
2.70401 7.0602
8.92266 -2.23164
-8 2
0.078099 -2.61725
2.87647 0.327316
-2.84762 3.00262
-1.10312 3.84373
7.3634 0.419351
-2.4497 -3.36628
1.15109 5.59805
1.44799 2.00944
-0.866087 -1.33285
-0.0821183 -3.83994
-0.546221 1.23833
1.75518 2.12349
1.11932 7.18829
-5.47569 -3.4399
1.91913 8.02775
-5.60056 6.0798
-3.90204 -4.50564
-4.805 -0.420117
0.176327 2.0192
-0.320892 -1.55796
4.0383 -1.32245
0.224904 1.87434
5.25966 5.14038
2.53203 1.72413
4.07107 3
-2.1957 3.38246
-2.9553 -1.41557
6.41298 -8.66878
-2.13142 5.32482
-2.41788 2.70502
2.40365 0.139274
-0.728132 1.15788
4.80722 -12.4792
0.689363 4.91113
0.903599 -3.64883
0.682299 0.329302
4.22748 2.3174
5.64046 8.26011
0.52364 5.81644
3.3145 -4.49219
6.74031 5.64085
7.52453 3.94409
-6.82448 -1.51496
-0.802875 -1.08938
0.936074 1.0092
-4.58708 -7.31354
4.74577 1.51203
-2.59943 -0.67548
2.21926 -6.05261
4 -4
0.444877 -0.966925
1.13645 -0.582542
0.609589 -2.58267
-2.07619 -1.32421
-2.23841 3.72224
-2.98232 -6.19779
-6.22232 7.90845
1.5305 -3.81106
9.33164 2.13322
-4.37332 5.89134
0.096768 0.398347
-2.20757 5.40988
-0.48022 -1.41796
-5.31268 -3.16155
-3.54157 0.923592
-1.9531 -3.93488
4.36235 -0.997285
-1.22131 3.0748
3.99735 21.679
-3.14442 -3.34434
-2.55391 2.37465
4.72313 0.0529597
-6.72959 -2.09666
-4.85216 8.18368
-2.17157 -4.41421
-1.74792 4.81259
-1.96332 1.46148
-4.47069 4.16027
-1.64389 -5.55026
-1.31767 2.7834
-1.77293 -0.738534
-0.0569592 0.374826
-2.97478 4.36211
1.56768 -2.99373
3.44004 2.94687
-0.00258763 7.66602
3.05238 6.23713
4.89405 -3.18123
1.70345 0.465659
0.644424 -0.868261
-1.61429 7.78998
-1.66905 -4.40909
-4.55722 -5.20936
-7.61986 5.36912
1.51587 8.13039
-2.78092 -0.659128
-3.71303 -1.54289
5.77215 -1.18255
0.369651 -4.72494
-6 -4
3.9884 1.90493
2.38947 -5.95371
-14.6136 5.24489
2.13385 16.0315
1.46148 5.82902
4.14711 1.89623
7.82369 -4.66418
0.866291 1.90062
6.31012 11.8338
8.81999 -33.9543
-0.990445 -2.4004
-8.92813 -15.4119
6.77341 3.27975
2.20493 4.67784
8.75097 0.267716
13.4188 -1.57971
1.39901 -2.22855
1.80841 -2.84001
-0.720713 7.39081
7.67835 3.12643
2.07626 -12.9518
-2.13968 -4.65755
1.07624 -0.142352
0.196414 8.51866
-10.0711 3
8.71537 -9.93203
1.45828 -9.0645
-1.57121 8.56488
12.6084 -1.98113
-8.24231 -6.55655
6.9278 -16.4205
13.8712 1.175
29.0706 15.1739
-0.43553 0.00738945
3.95416 -19.2565
18.4974 -21.9364
5.48363 -0.162165
5.7477 -25.1806
43.6491 -17.9695
5.13725 -28.6897
6.29614 16.2092
26.6741 24.3786
-1.73076 40.1351
28.5076 -67.7118
-154.371 -33.1461
44.1197 36.8528
-240.571 172.57
111.004 343.326
-8.2885 -1516.37
