19648 21256
174.359 -7783.85
125.105 -111.804
315.975 -683.202
40.6428 149.493
99.2787 -140.742
-42.4737 -8.86012
-95.3563 51.868
-61.5853 2.11748
-101.957 73.2751
-5.96683 9.22008
-18.6753 -1.71225
80.6939 -33.858
37.8065 -4.55776
-9.66457 -33.3628
17.8177 -5.38459
-38.1612 15.663
-26.8185 12.0247
-1.68735 16.6165
4.02248 8.37619
-23.6788 0.273045
9.18468 -15.9982
-3.42422 -1.92662
-11.5729 -5.14086
12.9215 -7.67864
-10.364 9.12132
4.39573 23.5411
-0.613188 1.52472
-6.84016 -10.7369
-0.520221 -9.90682
-10.7032 8.94151
5.3243 18.1551
-7.32819 -1.97868
0.96132 12.5917
6.90082 -1.57092
2.29463 -1.49084
-4.35298 0.940871
7.04551 -0.245077
-3.77362 9.31752
-1.64577 1.80837
4.81526 -2.61356
10.9609 -4.68559
-8.89849 1.68137
-5.46386 -8.14703
-5.88005 0.402785
-9.71722 5.2301
2.08633 -0.0852382
1.07864 0.145842
1.76812 -1.26365
4.54943 3.70931
-1 -5
0.916106 -2.01856
-2.65846 6.99626
-7.45443 -1.24202
-4.88161 -1.85902
4.42264 0.822226
-1.07155 16.5067
5.47898 8.89972
-1.74006 3.68528
-0.127783 0.21612
-0.0275079 -1.1913
7.05182 8.48743
-3.50458 0.54076
3.50161 3.69043
0.904146 -4.28842
4.69823 -0.451927
-2.05798 -6.05968
-4.4224 -7.5115
-5.62457 -0.257488
-0.125979 2.43685
1.50155 0.329
1.41032 2.27806
1.70674 0.296029
2.74035 4.41162
-1.08741 -0.882801
-1.63604 -5.36396
-5.11567 3.26815
0.974111 -4.38859
1.05374 2.41192
2.17353 4.05187
0.0091693 2.53994
-0.420774 0.154895
3.89787 2.94301
1.88601 4.05302
-5.082 -9.73704
1.67947 0.838631
-4.64158 20.326
-4.34573 2.68249
-4.912 5.57014
-0.536679 -2.70911
-8.59548 3.34223
-2.46837 9.97612
3.91308 -2.46671
7.16863 -0.599495
2.19298 0.327788
1.55219 3.48346
-2.82016 0.223653
-3.82892 5.07635
2.37387 2.93884
1.10792 4.63957
6 0
6.84412 -5.73926
-1.95939 -4.42957
-2.83199 -1.56807
-2.08113 -1.05535
-2.74655 0.284222
-5.84696 3.40295
3.928 8.51297
-2.0332 -0.286133
-7.80423 3.18841
-4.89872 -4.21653
3.70947 -3.32294
4.50121 -0.134499
2.39611 -2.64891
9.12098 10.2882
5.41701 6.06024
2.04671 -32.4824
3.9785 0.930331
6.59891 -11.1548
-3.49268 0.134417
-0.717373 -7.24814
-2.85644 2.74661
-1.64119 -1.27108
-3.09385 4.78133
-7.78481 4.4969
2.36396 4.87868
-4.19181 5.06252
4.79471 -7.09974
3.6765 3.70542
-0.97708 -3.81777
0.654526 0.97413
4.51054 -0.0356275
-1.65963 -3.44042
-4.22263 5.8501
8.21837 -3.32172
-0.13923 -5.28001
0.737408 -2.29322
-5.62575 -0.0186013
-3.30384 -3.81988
-1.89859 7.6374
2.15212 5.13558
0.338746 -5.9731
0.0782992 1.10374
-0.796099 -6.92
1.55628 -1.13598
-1.51001 7.85356
-5.72917 -2.50367
-3.74452 8.79308
3.78239 -2.96122
3.56062 -1.4155
3 5
6.14302 -2.33431
-0.319525 0.194934
1.93005 4.14451
5.54625 0.026399
-1.46349 -6.87707
-2.92519 -6.30411
-1.83275 0.053246
-4.65847 -6.99466
1.42115 5.17066
7.89294 11.3218
-0.297401 3.88814
0.961009 5.05819
10.8203 -0.71124
2.61909 -0.520964
-8.2496 -7.98744
1.77411 5.03155
-11.9536 -10.0427
-8.34514 5.23796
5.81401 11.7604
4.90778 -8.53644
6.06541 -9.2675
5.28924 13.9542
-7.60137 -8.32423
-0.779242 -9.78372
-14.364 7.36396
10.6201 10.0141
7.92539 10.2725
9.65467 3.06965
41.2757 -5.17721
-14.4458 -14.2173
18.4283 -4.72112
18.1335 -14.5631
-28.6612 7.98349
-10.9742 9.49497
24.567 0.974573
-8.38941 22.8267
3.36396 -27.8062
64.1293 0.244916
-65.0387 -16.656
-28.8997 -20.054
-19.576 -16.573
-35.7936 -34.196
58.5251 65.9371
32.4258 -18.1666
146.099 206.667
1.84021 -41.7458
159.897 307.657
-16.1835 312.22
-662.688 -2407.89
