22380 20024
129.055 -8425.98
-360.124 -107.759
410.428 -450.464
-218 -52.3702
192.513 1.64087
-6.94622 89.0475
-87.1628 141.708
-90.1599 61.1043
-28.168 -121.539
11.0042 -39.3346
63.1127 -20.1957
-29.4852 -2.18183
10.0244 38.4726
-46.2171 -2.51681
-20.3244 -35.1101
-29.8971 35.9012
-9.73907 -12.5359
-30.6541 -6.70902
-6.10634 10.5683
-30.6399 13.1663
11.0549 -13.0034
2.30281 5.25855
-18.7303 3.96928
-10.9117 11.638
5.17157 2.58579
-2.19188 2.99438
6.59924 -5.64889
10.6742 12.8363
-5.13975 -4.06972
5.11301 -2.09548
4.92199 -10.9543
0.428985 -13.1502
16.3409 -1.8016
2.68513 7.49855
-6.21721 9.12641
-4.77861 -4.62803
-3.74414 1.81092
-6.7056 -5.62454
15.8397 -7.08733
1.63818 8.35369
4.5547 2.18016
1.24741 -4.26936
1.27435 3.46558
-1.65029 0.662686
6.01882 0.22778
-6.28606 9.32692
-4.00142 -2.22669
-0.400912 5.09835
-2.54794 3.4717
-4 0
3.41891 0.704774
6.64347 1.64927
6.40706 6.05392
-14.046 0.678266
-6.939 3.34842
-6.04393e-05 0.444171
2.44632 -2.27535
-0.465684 -4.67578
-1.22527 -4.03609
2.5784 -1.65578
9.38419 -2.16347
0.418678 -4.68088
-0.987538 5.76378
3.82736 -0.520614
6.23661 3.835
0.172299 -2.93359
-1.01446 3.6557
0.295364 6.70672
-5.46349 0.0355596
-7.09172 0.533175
1.3743 7.68419
-0.0786344 4.68587
0.740263 -0.244548
-0.877887 -0.241461
4.92893 0.828427
1.13314 3.93195
-2.15212 6.38217
-1.15063 -2.32381
-1.00908 -3.45706
-3.5605 8.85916
-2.72023 3.61734
0.962321 0.277815
1.16796 -1.38376
11.4698 1.18137
-4.14803 4.92232
7.7701 -5.85291
-2.54349 4.98414
-8.21928 -7.75835
6.04211 5.77948
1.32208 28.4805
10.9036 -5.32379
-9.12046 3.56036
6.59473 -5.80692
-12.6379 -4.95417
3.07776 -3.05442
-4.2071 -2.2981
3.76586 1.08428
0.504429 10.9625
1.15527 -0.935676
-2 6
-0.891543 2.53876
1.90585 -6.74143
3.99162 -2.03198
3.0478 1.66993
-1.30084 0.853663
-0.959526 2.1349
-4.24559 1.79016
-0.163658 -3.43102
4.70312 -6.22308
10.4889 7.15453
-0.300293 -5.23611
-1.74144 -32.7281
-3.68463 -4.50277
2.28774 -1.25972
-0.208743 -1.05422
2.17657 -0.672641
4.28804 4.04386
-3.86705 0.0863961
3.31393 -0.516363
-5.91164 -3.62309
2.27099 4.83991
-0.397478 6.00499
2.77962 -3.18961
2.13215 -0.500843
10.8284 5.41421
-4.35581 7.71333
-2.03246 0.236733
1.30334 -2.12296
-2.28113 -9.95098
1.91659 0.482462
-5.0345 6.52781
3.89575 1.50349
3.05239 12.9846
2.79334 -11.0647
4.65515 -0.962081
5.27955 -2.02425
-9.06284 0.00302349
-7.09392 -5.70798
7.22129 -4.29997
0.782284 -5.28849
-4.66099 -2.2967
0.763757 -5.41877
6.07331 2.1771
0.797274 -8.13838
5.9203 -1.19445
-6.04577 7.81232
5.37397 4.6551
8.74626 0.754707
1.24803 -0.33288
2 -2
-0.0308945 -9.01962
9.30013 -1.50281
-7.31257 5.33206
-11.4498 -6.56621
5.74992 5.75445
-1.46168 -6.23671
-3.96076 -12.3398
4.28277 14.5678
-7.53305 1.18151
-2.16605 -7.58976
14.0836 2.4632
-2.09363 2.10365
3.53044 -4.87846
1.02592 5.40964
-8.89458 -12.8118
7.93165 -9.5192
-0.325416 -1.53383
0.967652 0.211289
-4.59643 8.02886
-5.24283 -4.62836
-7.12396 -7.85936
3.27803 -12.6648
8.30668 -4.25296
-5.08811 -7.92394
19.0711 -4.82843
-10.5362 -7.80694
-8.25412 12.1485
6.8685 -9.67097
22.409 -19.0852
-10.7207 -2.22207
22.9423 -31.8989
6.37394 33.536
30.3099 -1.16295
20.4117 -3.41423
17.6551 14.5266
24.4861 33.7142
14.1547 -54.343
5.12984 3.73391
47.311 -46.3907
34.4898 11.4078
-8.25215 35.1813
-34.2115 -44.2882
-46.7475 -118.725
3.13978 16.2894
186.207 -34.0485
-26.941 255.756
206.511 -14.9411
52.7575 416.406
-1051.7 -1749.38
