17161 19130
-1815.37 -8011.61
605.786 658.844
-499.078 -255.883
-102.263 -303.065
-492.59 73.1285
-197.461 -24.7397
42.4814 -64.5574
78.3966 -193.849
-63.483 -145.06
-24.7822 -40.1005
20.8795 67.7004
62.5758 -28.6121
36.9708 -3.98595
-17.9798 0.000643608
-8.61813 6.29658
-31.6874 -16.5542
-18.3776 -3.42817
-33.393 -7.15305
-13.2883 34.551
-6.80667 -1.59774
-3.60509 -19.17
18.1045 -2.6607
0.713104 -20.423
-9.39022 -9.39531
8.41421 -15.0711
7.9599 -7.77258
-4.37888 6.57529
24.1903 17.6819
2.84436 -29.385
5.8853 -3.28982
-6.28621 0.605607
-6.0466 7.77846
-8.00169 7.08301
6.63541 2.0491
-0.470607 -4.44224
4.19704 -4.79046
-8.73236 0.682922
-2.55468 1.20995
-2.37683 1.08887
2.27253 -9.60257
2.87744 6.9392
4.25137 -2.75454
1.52135 4.54663
-0.607862 -1.75387
-5.55447 7.40768
-8.6703 2.63527
-1.42249 0.158947
8.29365 -5.16005
1.38581 6.58119
-3 4
-1.27369 -0.608953
-2.07402 -5.92739
-1.77132 -2.90241
0.749719 -4.68085
-1.73905 -1.77487
3.76184 1.47559
8.60636 -10.6063
-9.28883 10.5963
-1.99062 0.00138504
0.149735 -0.57225
5.27673 -0.65936
-3.09464 -0.842171
-3.21589 -7.91125
-8.97271 -5.33136
1.52124 -1.56019
-1.15991 -2.98771
-10.7329 1.66092
-5.28762 1.90979
8.50598 0.175354
-2.49018 2.45701
2.58483 -0.842737
-4.79348 0.114067
-3.92254 4.72736
-0.836045 3.1312
5 -4.68629
2.49724 -11.8795
2.60651 -8.36762
1.21554 -1.46601
-1.42456 12.8433
5.53977 4.3226
4.60667 5.35975
-1.34835 -3.71375
-6.04529 -4.40288
-1.03616 -3.6368
-4.77736 1.03159
1.44878 6.29949
-0.565214 -24.969
6.90619 8.66259
-3.90726 -1.94163
-4.30798 -5.96843
-6.44404 -7.6616
1.53635 2.79049
8.8588 3.64332
0.611696 -4.28032
-4.7043 -1.00987
3.61568 2.37113
-0.617128 3.51672
8.40616 -6.99151
-0.539659 -4.38169
-1 -4
2.6722 -1.17234
2.7471 -2.19996
-2.4212 -2.48931
-2.01377 1.49254
-3.09646 3.20228
-5.36289 6.29824
3.87002 -4.31137
-0.00102757 1.37847
3.93924 -1.73955
-3.69418 -2.96034
-4.30327 -4.37762
-2.86229 -0.52545
4.24383 -0.544515
2.7373 7.18609
6.1442 26.8124
3.08627 -2.91374
6.17708 9.62844
2.2463 -0.334662
8.61613 -3.93493
8.16843 3.76757
0.997085 5.864
-3.39646 7.52189
-4.53138 4.28456
-8.59327 2.95804
5.58579 -0.928932
-1.03046 -2.03557
-0.907319 -3.15422
4.46518 4.2052
2.06868 6.03065
0.000621032 6.0672
1.14422 7.53049
-1.95276 1.38814
0.284997 -0.730326
1.63531 1.30163
3.59701 4.26128
-10.8692 1.29664
1.56903 -1.58438
-1.79407 -8.9272
0.317209 -2.39549
-3.20546 0.537808
5.6278 -7.14914
-4.00633 -7.86053
7.87421 18.1951
-6.47303 -5.14778
-5.01822 16.219
5.02328 5.78555
9.40741 -5.33836
-0.66179 1.16449
2.54576 2.57591
-13 -2
-0.059255 3.40995
2.18779 5.66827
1.7249 0.765776
-5.73197 -6.94628
-4.80316 -8.77038
-1.66286 7.1933
-3.75929 5.1903
1.24242 5.41065
-1.44619 -2.66693
-1.98073 6.5124
2.76928 -5.93201
-1.56091 -4.71875
9.79937 -18.8109
-2.68675 -4.78997
0.455396 -3.81904
-2.58585 8.37077
7.49586 13.7151
14.2602 -4.77575
-0.979444 -13.7539
-17.9105 6.00169
-18.4374 25.2447
10.8785 1.19413
5.46418 1.47587
9.63416 -7.48627
5 -27.3137
5.77821 -0.249364
11.4335 4.0122
22.0192 -1.84273
-17.3354 21.2159
-14.1376 30.6322
12.6004 23.2402
2.29535 20.5486
-24.6319 11.1483
-30.5528 -5.23648
-24.94 10.3902
21.303 -34.276
52.1434 -64.0828
14.6817 -67.3449
-0.520249 -83.2097
-66.7009 55.7932
-1.58023 94.3821
35.9962 53.1604
109.1 -79.3928
-145.249 -58.3286
-19.406 -219.373
-146.816 47.0554
-102.71 -255.163
-399.548 287.81
1185.87 -1395.65
