17217 22134
-1585.43 -7435.57
72.7226 69.0967
-308.44 -525.577
3.90509 -52.8876
-1.54126 -119.828
98.5558 81.3523
160.719 57.093
-24.8509 19.456
15.5318 7.70787
-98.0303 -2.7482
-6.91332 23.9957
35.8483 -8.30385
16.5442 11.2299
-5.84377 -3.43156
-36.7714 -16.6656
-8.81338 -48.7532
-2.46936 -21.6455
-16.3702 -26.1109
-0.760515 11.2179
0.322921 16.8727
-18.0911 19.2054
19.4359 24.828
4.42104 -17.7504
16.4236 -0.245761
6.12132 2.46447
-6.04587 0.584245
15.9186 18.0533
-13.7843 5.6233
-7.13234 -14.7165
-1.48561 4.82484
0.88717 -4.7476
3.34809 -4.43914
0.563506 2.61552
-15.024 -4.46064
1.12292 5.66241
1.39385 1.63906
1.59359 0.819468
8.7188 13.0338
5.62233 4.37332
2.79319 -2.57617
0.115105 3.82381
0.69546 -4.48634
-11.1883 1.38898
-0.3216 4.47986
-2.29123 3.42434
-7.04521 8.43752
-2.58133 5.57544
-5.5529 5.11407
-1.5362 3.63997
-4 -5
4.96035 0.033401
6.54372 -5.95016
5.93573 -0.577858
-0.711977 -3.33627
-2.39272 -9.71538
-8.50832 -6.36786
0.503568 -1.48137
5.71531 -1.28342
-5.07188 2.57274
-1.69427 3.56014
2.11323 -1.37756
-6.45813 1.76373
2.05216 12.9701
-0.863398 3.51049
3.87782 5.65844
1.21644 6.83361
-4.75597 3.07862
-6.47695 -8.50856
-5.45146 -1.37546
6.08236 23.1194
0.160078 -0.892389
2.50735 5.5994
-1.45362 -2.83523
-0.0907415 4.98875
-3.29289 1.29289
-8.3502 -0.637344
4.43817 -11.5168
-4.69208 -0.454807
7.35049 5.00196
4.69311 4.69832
3.96805 3.20081
-0.210593 -4.67891
-0.0263042 5.50615
3.64963 7.12425
-0.143351 -0.230255
2.73093 -0.546528
1.56771 2.21621
-2.44605 4.7357
-4.40545 1.64191
-5.87135 -6.72394
2.13442 -11.7174
3.39793 3.97799
2.51153 -0.781931
-3.64547 5.75256
-2.58423 4.28235
0.579747 -5.17822
0.931171 -1.90889
3.52287 0.225386
-1.53261 3.60752
3 2
-3.09602 8.49266
-5.99039 -0.697181
7.39699 -0.0506755
1.26884 -1.9763
2.88178 -8.61768
-8.30012 2.81752
-1.82647 0.0168103
1.17286 -0.620727
1.77109 0.626549
2.96388 0.688853
0.3849 5.29837
1.26182 -1.64084
2.41693 0.602675
-2.017 1.82908
-2.79081 -0.988098
3.63578 -0.87611
-0.462824 1.59422
-4.08552 0.27292
-3.20886 -0.568695
-3.98491 1.06561
-1.33602 -0.605835
-5.84252 7.22191
1.42678 8.61879
-3.81922 -0.140839
1.87868 9.53553
11.2785 -5.45613
1.76865 -0.816042
3.19499 -8.30535
-1.91422 -4.65972
-0.42865 5.07914
2.54815 -0.536339
-7.6177 -27.3214
0.643231 0.296126
-0.868027 -2.01417
5.70168 0.145284
2.17945 0.678057
6.22323 2.41209
2.96345 3.35595
2.29128 -9.99404
-0.0696668 3.73165
-10.2746 -5.26123
-1.4244 -3.30647
1.78012 -7.84085
-1.56576 -2.75256
4.18678 8.11948
3.9767 6.55066
0.833037 -7.23493
2.08993 -3.37708
0.354812 -12.9301
0 -3
-2.35127 7.42487
-3.67157 2.76246
1.4631 12.0974
-3.96167 3.75645
9.08806 -1.69933
12.0191 -4.73605
3.5996 1.13854
6.25767 5.69704
1.73476 8.05913
-15.5014 12.8122
-7.35929 -3.64918
1.58642 -6.27685
5.65176 4.24454
7.16612 6.95253
3.56163 6.13628
-18.9317 7.6371
-4.19855 -10.0055
11.7639 -5.43966
3.91437 -4.90464
8.33035 -5.607
-5.71913 19.5565
-8.4245 2.89427
6.67119 -14.9988
-4.511 0.0804585
-4.70711 2.70711
7.71621 8.90665
0.719462 26.5533
0.668113 -2.62074
-25.8131 -6.41103
-6.55899 3.83546
15.5605 -3.17615
-1.85637 16.7597
31.7065 -14.0134
15.4027 0.547509
-8.53216 -16.6628
-1.88978 -50.2713
13.3975 2.08525
-8.92963 -25.0449
-1.38606 -12.3312
-47.5606 9.36687
51.8384 29.3513
60.6257 8.78858
39.2659 24.3358
41.6852 -117.071
-193.373 124.978
6.90179 50.7134
-195.556 234.268
184.086 343.628
-314.165 -1733.18
