19642 20843
779.247 -8340.73
-94.4355 116.427
-403.607 -501.036
196.119 -11.9992
-83.1735 -17.874
14.1475 -125.367
-18.1458 -92.6717
-57.647 8.85491
25.8728 -90.7758
46.4619 8.23128
12.4352 -57.6262
0.0209396 -23.9996
29.1238 -9.67942
25.7405 20.1588
28.8727 13.4641
12.9549 -4.87127
4.20262 -41.1998
-20.5569 -27.8702
-24.2796 -2.32307
-23.2541 23.6927
12.6897 6.52127
-0.643774 17.9015
-5.97006 36.2964
-1.17194 2.45833
2.82843 8.41421
-18.5404 -4.20289
4.75962 0.535392
0.832694 10.4882
-3.42296 2.89151
-1.51086 4.63049
-6.79941 -5.44985
-9.30485 0.290475
4.96559 -8.60987
-8.51083 1.06407
5.49918 2.66989
6.62269 -5.76465
-0.679759 3.50995
0.840796 1.05815
0.959851 2.7938
-6.5504 1.91753
0.503738 7.70421
-2.64325 -4.14494
-9.88623 3.47802
-6.5832 1.1259
2.45135 -10.9747
-0.234885 2.00253
-11.6433 -2.56215
-6.51858 0.887884
5.73794 -0.199733
-2 -1
3.76597 -11.5103
6.18611 7.55104
-0.324016 17.9322
4.15781 -5.5375
2.70701 -1.27491
-0.237103 4.13892
5.03459 1.84266
-1.49795 0.139427
6.14569 -4.02131
1.94736 -0.85774
-2.12026 6.25685
0.708749 -3.43194
-4.35963 -1.04347
-2.54335 0.79408
0.678664 -4.47467
-7.02704 0.398695
-4.28148 -0.395319
-3.42958 3.75525
0.482675 3.11903
-0.849825 2.27934
3.95037 1.66972
-1.53102 -4.49944
0.326486 -1.85532
0.154087 1.56233
-8.24264 24.3137
3.57504 -2.84041
4.46487 9.14035
-5.70231 -1.77028
-4.16645 1.26707
-2.89056 5.3867
3.54724 5.50521
-3.43774 7.02751
-7.79492 -1.21755
2.80134 -0.545756
-0.713482 8.55448
0.0422249 3.16059
-2.36668 -0.536997
-1.47068 -7.4967
2.12025 -3.07327
0.190611 0.622825
0.718813 -1.76216
-0.962221 6.8162
2.98639 3.61502
4.34591 2.59244
1.11154 0.742018
-4.2405 -0.431438
-6.21911 -10.5588
0.500343 6.21944
-3.66695 1.77657
0 1
-4.2314 -2.22107
5.0778 0.933896
1.10602 -4.11687
-3.59509 0.296551
6.05327 0.604954
4.94634 3.40314
-1.50249 -8.815
4.67066 -3.71091
-1.10328 2.2083
2.57548 7.14297
-1.24034 5.30486
-2.84838 4.51725
1.86488 3.51686
0.800542 -4.96173
5.27871 -3.94411
-0.969443 3.85245
-0.254099 4.74481
-1.61999 3.73518
1.72096 5.65371
1.36269 -0.768667
4.15809 10.7039
4.20321 0.585637
-1.58441 -3.18482
0.501107 5.2518
-2.82843 5.58579
2.46372 -0.238216
3.19916 -31.487
-7.67147 10.9906
2.33546 -5.03816
2.57545 -1.27819
-5.94798 -4.40856
-2.56314 -0.0592469
-0.392505 3.0598
-0.410037 -2.84677
4.84785 -5.62257
-1.46635 4.91702
1.24955 0.315281
6.81012 0.927851
2.96704 -3.38215
4.23298 -1.41277
5.16442 -2.52477
-5.03616 -4.98966
-0.723009 -7.41829
-0.941513 -5.05476
1.00324 2.42412
-3.18403 5.39638
4.71279 -4.82065
2.84867 -5.87539
0.424571 1.8517
0 5
0.0910686 -3.15859
9.46019 2.36148
-5.81219 -7.0996
4.99247 2.63028
-3.65582 3.99174
0.669571 -8.07824
-5.30561 -3.29645
1.64348 -2.72223
4.69632 -9.60679
-3.92174 0.46444
2.90815 7.54943
4.66775 -2.38518
1.25964 3.47932
12.5442 -3.69085
14.7666 -1.1494
-7.88437 -7.10198
-15.3564 7.88858
-13.8897 13.1405
-1.85084 8.64632
12.7721 3.42409
-6.91851 9.61633
16.4992 7.75362
-2.18243 13.8466
-10.114 6.09518
0.242641 1.68629
-3.09034 -1.27092
-3.01586 5.29461
10.939 -4.56544
-8.17849 0.958981
7.07373 7.57777
8.47042 14.9517
16.1496 16.5355
9.76302 -1.09716
35.6839 -37.1568
18.9339 -51.1108
18.0314 -25.2596
-12.3504 6.49583
-7.53787 38.1825
-20.4575 -5.90403
39.7852 10.9472
-47.6651 10.1777
-44.9311 -42.8666
-51.3435 -69.7217
-31.2117 67.6086
-116.661 -216.026
103.154 -48.2128
-209.166 -282.235
-258.672 -0.168085
1676.18 -1253.74
