19644 23082
-3509.87 -6771.15
-36.977 173.647
-389.722 -5.5188
125.881 -54.0245
67.4812 -95.0943
-30.146 -64.7123
-94.0219 -145.888
-19.6023 0.816952
3.45648 -54.8326
44.9655 -48.1609
35.5955 -27.5843
14.8213 12.1156
9.45791 -31.9407
-7.36419 -10.2603
-6.98686 -30.4203
-14.2614 -14.6414
-33.9158 11.8581
-29.972 -2.37682
-4.99448 -22.501
11.0887 14.2466
-4.15988 -8.42525
-10.2838 -6.73279
2.47872 -8.14403
-20.2845 8.02648
1.87868 -7.70711
-3.58012 -6.31756
10.5036 13.6181
12.4402 0.562793
11.0454 -2.44747
-7.22855 -3.57824
-7.05266 -1.58894
6.19741 -8.86928
-1.90197 0.626983
2.41745 7.74485
-3.81621 5.20856
6.22875 -11.8357
9.43811 -2.34561
-8.69107 5.3148
4.28883 8.62937
8.29506 1.06816
4.80989 -1.49138
-1.09814 -5.61474
-3.48465 0.320663
-7.5064 -5.83148
-10.4276 -2.70499
1.02517 -12.6604
8.54569 3.14524
0.894637 -0.425886
-18.2746 -1.76386
3 1
5.30566 1.31914
6.51097 -1.1756
1.65268 1.55778
-0.90502 3.05802
-0.92041 1.69319
-0.862443 -0.773335
-4.21829 -9.12125
-5.83605 0.887734
-6.51746 -8.12776
-1.38232 -5.61392
0.561298 -6.29917
1.50403 -1.67028
5.96802 25.085
-3.78197 -0.272539
8.54299 5.39215
-5.62516 8.52076
-5.08295 3.35248
3.50022 -0.0214808
0.233475 2.38579
0.485904 4.30773
0.692061 -2.39254
-3.51674 2.49752
-8.48651 2.42415
4.49306 -0.753774
1.05025 -7.6066
0.317388 2.54572
5.44484 18.6451
-1.69655 3.00821
4.78301 3.2094
-1.0418 4.08721
1.03337 3.37028
-2.47884 -6.56484
1.53752 7.62594
3.09529 2.69136
7.58212 4.15997
4.83534 1.20628
-8.13511 -3.87463
-2.95248 -1.77946
-0.91886 -4.47726
-0.750722 5.89035
-9.06933 1.17458
1.9388 0.973513
9.53652 -0.74668
-1.92501 -3.26401
-3.63938 -0.385008
1.79825 1.21816
1.40286 -7.52346
2.09522 2.46106
-1.14294 -2.42612
12 0
-2.57902 -3.08392
-6.96649 10.5604
0.157427 1.39397
6.51953 6.8119
-0.56112 -4.13851
3.11862 3.68899
-0.183903 3.7335
-7.8706 5.11836
0.358374 3.53612
4.9728 10.7554
10.5078 12.5749
-3.22205 1.01447
-2.86659 -4.96401
1.31772 -1.39997
-0.148199 -6.22955
2.77749 4.92865
0.61546 5.37651
-2.25108 11.4981
0.854996 -1.32973
-2.6664 -0.615073
8.01328 3.58836
-4.69439 -0.589548
-1.59343 1.56601
-0.391461 -2.58917
6.12132 -6.29289
4.07818 2.64505
-8.58125 -3.11765
-6.50411 3.4567
5.50351 -1.41758
-0.64822 -3.43393
-4.71303 1.90908
-2.77814 2.70633
4.63743 4.73893
-0.480121 4.5456
5.44971 3.28729
8.58913 -3.0713
3.20344 5.97169
2.04153 -1.615
-14.6565 -25.6031
-3.56195 6.14178
-1.83829 -2.17624
-1.02506 -3.19502
-4.33874 2.37257
1.19776 -0.272133
-10.4925 -12.4918
-1.83324 -6.89096
-8.18035 -3.55844
5.78466 0.407191
2.1754 5.36135
1 5
-7.37161 3.12806
8.91825 -0.139621
22.3729 -1.25001
8.45574 8.57901
-11.4361 2.69328
-10.0028 -7.15663
6.92066 -9.32419
-2.91867 1.87338
4.47746 -3.80235
1.41315 -6.54029
1.66474 -3.78801
-10.2454 -1.04021
3.20818 5.90948
2.13567 -4.08505
0.456169 1.64791
-4.27101 -8.73636
3.15397 -3.96485
0.098067 5.7696
2.00291 -11.5727
-6.56656 -5.29556
-5.78691 4.64011
-17.2669 4.15832
-8.38537 -12.6779
1.0544 10.6456
10.9497 13.6066
-10.4741 -5.24224
11.2042 2.38133
-2.55626 -4.30135
-13.5679 14.607
1.85561 -4.7745
9.35931 39.1958
-1.62623 10.7101
-24.2648 -24.4701
24.6499 -31.7836
29.4187 -22.7705
1.20894 -43.8671
0.101409 -4.73315
10.1079 -23.9434
-5.464 3.74183
30.7698 23.5151
-21.9468 33.1093
1.59917 -42.341
-57.0253 -41.5926
-10.2517 -49.1978
-150.503 -161.847
5.2764 -35.5449
-376.2 -80.3528
-111.947 81.1659
502.249 -973.798
