18365 21843
1489.43 -8140.64
-38.394 316.144
188.09 -149.016
-351.295 71.2343
-160.045 2.47193
-153.995 -85.7573
-204.153 -142.234
37.89 -25.3977
-11.0517 -70.3789
-54.4755 -11.943
-12.6197 -64.1809
27.8571 -83.7936
1.67655 3.2768
24.6795 -7.67447
6.66535 -23.7413
4.49396 8.35831
-11.3063 4.91287
-32.8321 -35.0211
-15.0657 -25.1399
15.358 -24.8356
9.91757 -14.5049
3.45262 -6.7081
-3.07421 2.10657
-1.0232 -1.33488
20.3137 25.7279
8.04934 15.5869
-1.99949 1.51825
7.61978 7.36967
-2.50042 5.36656
7.69615 17.2224
-0.971775 10.3569
-0.415854 -4.97919
5.20133 12.7705
-1.79789 -13.2726
4.22978 -5.85174
-8.78972 2.27864
3.24546 -2.35067
8.87042 -6.83509
2.36036 0.319314
-1.21946 -4.66312
-7.20237 8.5322
-1.49662 3.16898
-0.884608 0.0296907
-0.0101725 11.2448
-4.57678 -5.16559
1.21465 -3.31289
-5.25789 6.79267
6.43408 -9.24871
2.83509 9.10382
3 -3
0.624314 -5.56453
-5.95308 -0.233141
1.94397 -0.872351
7.8568 7.90258
1.16653 6.11613
-5.97711 2.15317
-3.78447 -1.00956
-4.33198 2.52674
2.13584 0.88531
-1.60318 -4.41206
-4.99798 -0.320254
-1.07273 0.527011
-3.31108 1.91434
-0.81823 -4.18319
-7.15906 11.4901
3.42344 2.65852
-0.263926 0.603948
3.72656 2.43918
-2.02939 2.85423
2.22684 -0.320661
1.02547 0.972384
-0.965318 -3.94451
-1.96813 4.31262
0.243098 -0.308027
-7.38478 1
2.89283 4.25301
1.45371 -4.2377
-1.52034 -8.33409
4.42117 12.4326
-8.24576 3.16312
2.18016 -7.10576
-5.31484 6.09378
0.760497 -3.62807
-0.844767 -2.40191
3.13269 6.42205
-3.50255 -0.141537
-0.495685 -3.07837
0.0892254 3.76977
-4.28588 30.4596
0.024699 -4.05702
1.36451 -3.87507
5.30902 -4.948
-2.25868 -5.42106
2.64295 7.73752
2.51324 0.543207
-4.44308 5.9617
-0.498645 6.30875
6.32205 7.46936
2.56723 11.1155
3 9
0.727212 -2.37354
1.08605 4.35375
-1.78686 0.226888
-3.41725 1.30032
1.60165 -5.99279
2.15943 1.63418
-6.27649 2.32088
-2.84106 7.92952
2.75219 0.719189
-2.11348 0.0287311
3.65843 4.48248
4.9503 -3.90296
0.332655 -25.5792
-4.52836 1.01623
-2.19674 -6.98091
-3.61052 -0.510459
-0.283634 1.43858
0.709561 -4.75728
0.706705 2.74915
2.71789 3.16312
-0.780874 -6.17867
6.42425 11.7488
1.3072 5.10381
4.91572 -3.47724
-2.31371 0.272078
-1.88627 0.462557
0.788587 3.23845
-2.86498 1.98612
0.808993 -4.89286
-0.833661 -1.62012
-2.402 -0.459529
-3.51325 -2.69991
3.2345 -0.593952
-1.90999 -2.66239
3.09496 -0.88502
0.00491949 4.36997
6.8142 -8.22322
1.54238 -1.8098
-2.23396 6.96863
2.47856 0.502227
1.84623 2.02548
1.95715 -4.67506
-3.03548 -0.278554
-3.9285 -0.704478
0.229751 1.0897
4.68878 -5.79015
0.415912 -3.49803
-7.02766 2.36406
3.76487 -0.560764
5 3
10.7001 2.92262
7.32085 4.60284
1.24516 -6.36117
0.641285 0.963783
-3.5774 7.8038
-2.58819 -5.85558
-1.40218 -2.32209
-9.54416 -0.351033
-4.0185 -0.309456
-13.2527 -4.66312
7.07938 -5.2598
2.25725 -5.46147
5.53196 -3.06554
-4.4742 -5.40999
2.48538 1.25079
6.26296 14.2756
-2.87403 -7.94356
2.16328 2.81376
-13.8002 8.05889
2.28451 -14.3799
-12.2277 -2.02756
-3.16904 2.73011
-1.50987 -1.75804
3.85021 -10.1001
29.3848 1
8.83191 6.07105
1.30677 -5.1172
13.1843 13.5756
9.85253 11.2765
25.7666 9.74545
6.91609 15.2244
-4.73132 8.10785
19.3949 13.9959
8.46507 -8.45096
-13.6688 22.4338
-40.9798 -13.8285
-47.679 -71.7152
-35.0327 -20.8792
-11.6876 -33.034
-52.8095 -94.9304
26.8891 -23.4435
48.21 -19.2405
-87.8289 -20.0354
-69.26 27.905
186.104 -119.004
-18.1714 -71.6342
324.468 143.767
355.58 -27.0575
-1221.96 -1202.87
