269
109 48
110 47
111 48
112 48
113 49
113 50
114 51
114 52
115 53
115 54
115 55
115 56
115 57
114 58
114 59
114 60
113 61
113 62
113 63
113 64
113 65
113 66
114 67
113 68
112 68
111 69
111 70
112 71
113 72
114 73
115 74
116 74
117 74
117 75
117 76
117 77
117 78
118 79
119 80
120 81
120 82
121 83
122 84
123 84
124 84
125 85
126 85
126 86
126 87
126 88
126 89
126 90
126 91
126 92
126 93
125 94
124 95
124 96
124 97
124 98
124 99
123 100
123 101
122 102
121 103
120 103
119 104
119 105
118 106
118 107
118 108
118 109
117 110
117 111
117 112
117 113
116 114
116 115
115 116
115 117
114 118
114 119
113 120
113 121
112 122
111 123
110 124
109 125
108 126
107 127
106 128
105 129
105 130
104 131
103 132
103 133
102 134
102 135
102 136
102 137
101 138
101 139
100 140
100 141
100 142
99 143
99 144
99 145
98 146
97 147
97 148
97 149
97 150
96 151
96 152
96 153
96 154
96 155
95 156
95 157
95 158
94 159
93 159
92 159
91 159
90 159
89 158
88 158
87 158
86 158
85 158
84 157
83 157
82 157
81 156
80 156
79 156
78 155
77 155
76 154
75 154
74 154
73 153
72 153
71 152
70 151
69 151
68 150
67 150
66 149
65 148
64 148
63 147
62 146
62 145
63 144
63 143
63 142
63 141
64 140
64 139
65 138
66 137
66 136
67 135
68 134
69 133
69 132
69 131
69 130
69 129
70 128
70 127
70 126
69 125
69 124
70 123
70 122
71 121
72 120
72 119
72 118
73 117
74 116
74 115
74 114
75 113
75 112
75 111
75 110
75 109
74 108
74 107
74 106
74 105
74 104
74 103
74 102
75 101
75 100
75 99
74 98
74 97
73 96
73 95
73 94
73 93
74 92
74 91
73 90
73 89
73 88
73 87
72 86
71 86
71 85
71 84
70 83
71 82
72 81
73 81
74 80
74 79
74 78
75 77
75 76
76 75
76 74
77 73
77 72
77 71
78 70
78 69
79 68
79 67
80 66
81 66
82 65
82 64
83 63
83 62
84 61
84 60
85 60
86 59
87 59
88 58
89 58
90 57
91 57
92 57
93 56
94 56
95 56
96 56
97 56
98 57
99 57
100 57
101 57
102 56
103 55
104 54
104 53
105 52
105 51
106 50
107 49
108 48
