275
68 63
69 62
70 63
71 63
72 64
73 64
74 65
75 66
76 67
75 68
76 69
76 70
76 71
75 72
76 73
76 74
76 75
77 76
78 77
78 78
78 79
78 80
78 81
78 82
79 83
80 83
81 84
82 84
83 84
83 85
84 86
85 86
86 87
87 87
88 87
89 87
89 88
90 89
91 90
92 90
93 90
94 91
95 92
96 93
97 93
98 93
99 93
100 93
101 93
102 92
102 91
102 90
102 89
103 89
104 90
105 90
106 91
107 91
108 91
107 92
107 93
108 94
108 95
107 96
107 97
106 98
106 99
107 100
106 101
107 102
107 103
108 104
107 105
107 106
107 107
107 108
108 109
109 110
110 110
111 110
112 111
112 112
112 113
113 114
112 115
113 116
113 117
113 118
113 119
113 120
114 121
113 122
114 123
114 124
115 125
115 126
115 127
114 127
113 128
112 129
113 130
112 131
112 132
111 133
111 134
111 135
111 136
110 137
110 138
110 139
110 140
111 141
110 142
110 143
110 144
111 145
112 145
112 146
112 147
112 148
113 149
114 150
114 151
114 152
115 153
114 154
115 155
114 156
115 157
114 158
113 158
112 158
111 158
110 159
109 159
108 159
107 159
106 159
105 159
104 159
103 159
102 159
101 159
100 160
99 159
98 159
97 159
96 159
95 159
94 159
93 159
92 159
91 159
90 159
89 158
88 158
87 158
86 158
85 158
84 157
83 157
82 157
81 156
80 156
79 156
78 155
77 155
76 154
75 154
74 153
74 152
74 151
74 150
74 149
74 148
73 147
72 146
71 145
71 144
70 143
70 142
70 141
69 140
69 139
69 138
68 137
67 136
67 135
66 134
65 133
64 132
65 131
65 130
64 129
63 129
62 128
61 127
61 126
60 125
60 124
59 123
58 122
58 121
58 120
58 119
58 118
57 117
56 117
56 116
56 115
56 114
56 113
56 112
56 111
56 110
55 109
55 108
54 107
54 106
54 105
54 104
55 103
56 102
57 102
58 103
59 104
60 103
61 102
60 101
60 100
60 99
60 98
59 97
58 97
58 96
58 95
57 94
57 93
56 92
55 91
55 90
54 89
53 88
52 87
51 86
51 85
50 84
50 83
50 82
50 81
51 80
52 79
53 78
54 78
55 78
56 77
57 77
58 77
59 78
60 77
61 77
62 77
63 76
64 75
65 74
65 73
66 72
66 71
67 70
67 69
67 68
67 67
66 66
67 65
67 64
