295
90 58
91 57
92 57
93 57
94 57
95 57
96 57
97 58
98 59
99 60
99 61
100 62
100 63
100 64
100 65
100 66
100 67
99 67
98 68
98 69
98 70
98 71
98 72
99 73
98 74
99 75
100 76
101 77
102 78
103 78
104 78
105 77
106 78
107 78
108 78
109 78
110 78
111 78
112 78
113 78
114 78
115 78
116 78
117 78
118 78
119 77
120 77
121 77
121 78
121 79
122 80
123 81
124 81
125 82
126 83
126 84
126 85
126 86
127 87
128 88
128 89
129 90
129 91
129 92
129 93
129 94
128 95
127 96
127 97
127 98
127 99
127 100
126 101
126 102
127 103
128 104
127 105
127 106
126 107
126 108
126 109
127 110
128 110
129 110
128 110
127 111
128 112
127 113
127 114
127 115
126 116
125 117
126 118
127 118
128 118
129 118
129 119
129 120
130 121
130 122
130 123
130 124
130 125
130 126
130 127
130 128
129 129
129 130
129 131
128 132
128 133
127 134
127 135
126 135
125 136
125 137
126 138
126 139
127 140
128 141
129 142
130 142
129 143
130 144
129 145
129 146
129 147
129 148
129 149
129 150
129 151
129 152
128 153
127 153
126 154
125 154
124 154
123 155
122 155
121 156
120 156
119 156
118 157
117 157
116 157
115 158
114 158
113 158
112 158
111 158
110 159
109 159
108 159
107 159
106 159
105 159
104 159
103 159
102 159
101 159
100 160
99 159
98 159
97 159
96 159
95 159
94 159
93 159
92 159
91 159
90 159
89 158
88 158
88 157
87 156
87 155
87 154
87 153
87 152
86 151
86 150
86 149
86 148
86 147
86 146
86 145
86 144
86 143
86 142
87 141
87 140
87 139
87 138
86 137
85 137
84 136
83 135
82 135
82 134
82 133
81 132
81 131
82 130
82 129
82 128
82 127
82 126
81 125
80 124
79 123
78 123
77 124
76 123
76 122
75 121
75 120
75 119
75 118
75 117
75 116
74 115
73 115
73 114
73 113
74 112
74 111
74 110
75 109
75 108
75 107
75 106
76 105
77 105
78 104
78 103
78 102
78 101
77 100
76 99
75 100
74 100
73 99
73 98
73 97
72 96
72 95
71 94
71 93
70 92
69 91
69 90
68 89
67 89
67 88
67 87
67 86
66 85
66 84
67 83
67 82
67 81
68 80
68 79
69 78
69 77
70 76
71 76
72 76
73 76
74 75
75 75
76 75
77 75
78 75
79 75
80 75
81 75
82 74
83 73
84 72
85 71
85 70
85 69
85 68
86 67
87 67
88 66
88 65
89 64
88 63
89 62
89 61
90 60
89 59
89 58
