305
120 59
121 58
122 58
123 58
124 58
125 59
125 60
126 61
126 62
127 63
127 64
127 65
128 66
127 67
126 67
125 68
125 69
124 70
124 71
124 72
123 73
123 74
122 75
122 76
122 77
122 78
123 79
123 80
123 81
123 82
123 83
122 84
123 85
124 86
125 87
125 88
125 89
124 90
125 91
126 92
127 93
128 93
129 94
130 95
131 95
132 95
133 96
134 97
134 98
135 99
136 99
137 100
138 101
138 102
139 103
140 104
140 105
139 106
138 106
137 107
137 108
136 109
136 110
135 111
135 112
135 113
134 114
133 115
132 116
132 117
132 118
132 119
131 120
130 120
129 121
128 121
127 120
126 121
125 121
124 122
123 122
122 123
122 124
121 125
120 126
119 127
118 127
117 127
116 128
117 129
118 129
119 129
120 129
121 129
122 129
123 129
124 129
125 129
126 128
126 129
126 130
126 131
125 132
124 133
123 133
122 134
122 135
121 135
120 136
119 136
118 137
117 138
116 139
116 140
115 141
114 141
113 142
112 143
112 144
111 144
110 144
109 145
108 145
107 145
106 146
105 147
105 148
105 149
104 150
104 151
103 152
104 153
104 154
103 155
102 156
102 157
102 158
102 159
101 159
100 160
99 159
98 159
97 159
96 159
95 159
94 159
93 159
92 159
91 159
90 159
89 158
88 158
87 158
86 158
85 158
84 157
83 157
82 157
81 156
80 156
79 156
78 155
77 155
76 154
75 154
74 154
73 153
72 153
71 152
70 151
69 151
68 150
67 150
66 149
65 148
64 148
63 147
62 146
61 145
60 144
59 143
60 142
60 141
60 140
61 140
62 139
62 138
62 137
62 136
62 135
63 134
63 133
64 133
65 132
64 131
65 130
65 129
66 129
67 128
68 128
69 128
70 127
70 126
71 126
72 126
73 125
73 124
73 123
73 122
74 122
75 121
74 120
73 119
72 118
72 117
73 116
72 115
71 114
71 113
71 112
72 111
72 110
72 109
72 108
72 107
73 106
73 105
73 104
73 103
73 102
72 101
73 100
74 99
73 98
74 97
75 96
74 95
75 94
75 93
75 92
75 91
75 90
75 89
76 89
77 88
78 87
77 86
78 85
78 84
79 83
80 82
80 81
81 81
82 81
83 80
84 79
84 78
85 77
85 76
86 76
87 75
87 74
88 73
88 72
88 71
88 70
89 69
89 68
89 67
90 66
91 65
92 64
93 64
94 63
95 63
96 63
97 63
98 63
99 63
100 64
101 64
102 65
103 65
104 66
103 67
104 68
105 69
106 68
106 67
107 67
108 67
109 67
110 67
111 67
112 67
113 67
114 66
115 66
116 65
117 65
118 64
118 63
118 62
119 61
120 60
