276
73 57
74 56
75 56
76 57
77 58
77 59
78 60
78 61
79 62
80 62
81 63
82 64
83 64
84 65
85 65
86 66
87 66
88 65
89 65
89 66
90 67
91 67
92 67
92 68
93 69
93 70
94 71
95 72
96 73
96 74
97 75
98 75
99 76
100 77
101 77
102 78
103 77
104 77
105 77
106 76
107 76
108 76
109 76
110 76
111 77
112 78
113 78
114 79
115 79
116 80
116 81
116 82
116 83
117 84
117 85
117 86
117 87
117 88
117 89
117 90
117 91
117 92
117 93
117 94
117 95
118 96
119 96
120 96
121 96
122 97
122 98
123 99
123 100
123 101
123 102
123 103
123 104
123 105
124 106
123 107
123 108
124 109
124 110
124 111
124 112
124 113
125 114
126 115
127 116
127 117
127 118
128 119
128 120
127 121
126 122
126 123
126 124
126 125
125 126
125 127
125 128
126 129
126 130
126 131
126 132
126 133
126 134
126 135
126 136
126 137
126 138
126 139
126 140
126 141
126 142
126 143
127 144
127 145
128 146
128 147
128 148
129 149
130 150
129 151
129 152
128 153
127 153
126 154
125 154
124 154
123 155
122 155
121 156
120 156
119 156
118 157
117 157
116 157
115 158
114 158
113 158
112 158
111 158
110 159
109 159
108 159
107 159
106 159
105 159
104 159
103 159
102 159
101 159
100 160
99 159
98 159
97 159
96 159
95 159
94 159
93 159
92 158
93 157
92 156
92 155
93 154
93 153
93 152
93 151
93 150
93 149
93 148
92 147
92 146
91 145
90 144
90 143
90 142
90 141
90 140
90 139
89 138
89 137
89 136
89 135
88 134
87 133
87 132
86 131
85 130
85 129
84 128
83 127
82 126
81 126
81 125
80 124
80 123
79 122
79 121
78 120
77 120
76 119
75 118
74 118
74 117
73 116
72 115
71 114
70 113
70 112
70 111
69 110
68 109
68 108
68 107
68 106
67 105
66 104
66 103
67 102
67 101
66 100
67 99
67 98
67 97
67 96
66 95
65 95
65 94
64 93
63 93
62 93
61 92
61 91
61 90
62 89
62 88
62 87
62 86
61 85
61 84
61 83
62 82
62 81
62 80
61 79
61 78
60 77
59 76
59 75
59 74
60 73
60 72
59 71
60 70
61 69
62 68
63 67
64 67
65 67
66 67
67 67
68 67
69 66
70 66
71 65
70 64
70 63
70 62
70 61
70 60
70 59
70 58
71 57
72 57
