276
107 54
107 53
108 53
109 53
110 53
111 53
112 54
113 55
113 56
113 57
113 58
113 59
113 60
113 61
113 62
113 63
113 64
113 65
113 66
114 67
114 68
115 69
116 69
117 69
118 70
119 70
120 70
121 70
120 71
121 72
122 72
123 73
123 74
124 75
124 76
124 77
125 78
125 79
125 80
126 81
127 82
128 83
128 84
129 85
130 84
131 85
132 85
133 86
134 86
135 87
135 88
136 89
136 90
137 91
136 92
135 93
135 94
135 95
135 96
134 96
133 97
133 98
132 98
131 99
130 100
131 101
130 102
129 103
128 104
128 105
128 106
128 107
129 108
130 108
130 109
130 110
130 111
130 112
130 113
130 114
130 115
129 116
129 117
129 118
129 119
128 120
128 121
128 122
128 123
127 124
127 125
126 126
125 127
124 128
124 129
123 130
123 131
122 132
122 133
121 134
121 135
121 136
121 137
120 138
120 139
119 140
118 141
119 142
119 143
118 144
118 145
118 146
118 147
118 148
119 149
118 150
118 151
118 152
118 153
118 154
118 155
117 156
117 157
116 157
115 158
114 158
113 158
112 158
111 158
110 159
109 159
108 159
107 159
106 159
105 159
104 159
103 159
102 159
101 159
100 160
99 159
98 159
97 159
96 159
95 159
94 159
93 159
92 159
91 159
90 159
89 158
88 158
87 158
86 158
85 158
84 157
83 157
82 157
82 156
82 155
82 154
82 153
82 152
83 152
84 151
84 150
85 149
85 148
85 147
85 146
85 145
85 144
85 143
85 142
85 141
85 140
86 139
86 138
86 137
87 136
87 135
87 134
87 133
87 132
87 131
87 130
87 129
87 128
88 127
88 126
88 125
88 124
88 123
89 122
88 121
88 120
88 119
88 118
88 117
88 116
87 115
87 114
86 113
86 112
86 111
85 110
85 109
84 108
84 107
83 106
84 105
84 104
83 103
83 102
82 101
81 101
80 101
80 100
80 99
80 98
80 97
80 96
81 95
82 94
82 93
82 92
82 91
83 90
83 89
82 88
83 87
83 86
84 86
85 85
84 84
84 83
84 82
84 81
84 80
84 79
84 78
83 77
83 76
84 75
83 74
84 74
85 73
85 72
85 71
85 70
86 69
86 68
87 68
88 67
89 66
88 65
89 64
89 63
90 63
91 62
92 61
93 61
94 60
95 60
96 59
97 59
98 58
99 59
100 59
101 60
102 60
103 59
104 58
105 57
105 56
106 55
