306
88 48
89 47
90 47
91 47
92 48
93 48
94 48
94 49
95 50
96 51
97 52
97 53
98 54
98 55
98 56
98 57
99 58
99 59
99 60
99 61
100 62
100 63
101 64
101 65
101 66
102 67
103 66
104 66
104 67
105 68
106 68
107 69
108 69
109 69
108 70
109 71
110 71
110 72
111 73
112 73
113 73
114 73
115 72
116 72
117 73
118 73
119 73
120 74
121 74
122 74
123 75
124 74
124 73
124 72
124 71
124 70
124 69
125 69
126 69
127 69
128 69
129 69
129 70
130 71
131 72
132 72
132 73
132 74
133 75
134 75
133 76
133 77
134 78
134 79
135 80
135 81
136 82
136 83
136 84
136 85
136 86
136 87
137 88
138 87
139 87
140 88
141 88
141 89
141 90
142 91
142 92
142 93
142 94
142 95
142 96
143 97
143 98
143 99
144 100
143 101
143 102
143 103
143 104
143 105
143 106
144 107
143 108
143 109
144 110
143 111
143 112
143 113
143 114
143 115
143 116
142 117
142 118
142 119
143 120
143 121
144 122
144 123
143 124
143 125
142 126
142 127
142 128
142 129
142 130
142 131
143 132
144 133
144 134
144 135
144 136
145 137
146 138
145 139
144 140
143 141
142 142
141 143
140 144
139 145
138 146
137 147
136 148
135 148
134 149
133 150
132 150
131 151
130 151
129 152
128 153
127 153
126 154
125 154
124 154
123 155
122 155
121 156
120 156
119 156
118 157
117 157
116 157
115 158
114 158
113 158
112 158
111 158
110 159
109 159
108 159
107 159
107 158
106 157
106 156
106 155
105 154
104 153
104 152
103 151
103 150
104 149
103 148
103 147
103 146
103 145
103 144
103 143
103 142
103 141
103 140
102 139
102 138
101 137
101 136
101 135
100 134
100 133
99 132
98 131
97 130
97 129
97 128
97 127
96 126
96 125
95 124
94 124
93 123
93 122
92 121
91 120
90 119
89 118
90 117
89 116
89 115
88 114
87 113
86 112
86 111
87 110
86 109
85 108
84 107
83 107
82 107
81 106
82 105
82 104
82 103
81 102
81 101
81 100
81 99
81 98
80 97
79 97
79 96
79 95
79 94
79 93
79 92
80 91
81 90
82 90
83 90
84 89
83 88
82 88
82 87
83 86
82 85
81 84
80 84
80 83
79 82
78 82
77 81
76 81
76 80
76 79
75 78
74 77
73 76
72 76
72 75
72 74
72 73
72 72
71 71
71 70
72 69
73 68
73 67
73 66
74 65
74 64
75 63
75 62
76 61
77 61
78 61
79 60
80 61
81 61
82 61
83 61
84 61
85 60
85 59
85 58
86 57
86 56
86 55
86 54
86 53
86 52
86 51
86 50
87 49
87 48
