270
83 60
84 59
85 59
86 60
87 61
88 62
88 63
88 64
87 65
88 66
88 67
88 68
89 69
89 70
89 71
89 72
90 73
90 74
90 75
91 76
91 77
92 78
93 78
94 79
95 79
96 79
97 79
98 79
99 79
100 80
101 81
101 82
101 83
102 84
103 84
103 85
104 86
103 87
102 88
101 89
102 90
103 91
104 92
105 93
105 94
106 95
107 96
108 97
109 98
110 99
111 99
112 100
113 100
114 100
115 99
116 100
117 100
118 101
119 102
120 103
119 104
120 105
120 106
119 107
119 108
119 109
118 110
118 111
118 112
118 113
117 114
117 115
116 116
116 117
116 118
116 119
115 120
115 121
115 122
115 123
114 124
113 125
113 126
114 127
115 127
116 128
117 128
117 129
117 130
117 131
117 132
117 133
117 134
117 135
116 136
116 137
116 138
116 139
116 140
115 141
115 142
115 143
115 144
115 145
115 146
114 147
114 148
114 149
113 150
113 151
112 152
112 153
111 154
110 154
109 155
109 156
109 157
108 158
108 159
107 159
106 159
105 159
104 159
103 159
102 159
101 159
100 160
99 159
98 159
97 159
96 159
95 159
94 159
93 159
92 159
91 159
90 159
89 158
88 158
87 158
86 158
85 158
84 157
83 157
82 157
81 156
80 156
79 156
78 155
77 155
76 154
75 154
74 154
73 153
72 153
71 152
70 151
69 151
68 150
67 150
66 149
65 148
64 147
63 146
63 145
63 144
62 143
61 142
60 141
60 140
61 139
62 138
61 137
61 136
61 135
62 135
63 134
62 133
61 133
62 132
61 131
61 130
61 129
61 128
61 127
60 126
59 127
58 126
57 125
56 125
56 124
55 123
55 122
54 121
54 120
54 119
54 118
54 117
54 116
54 115
54 114
54 113
55 113
56 112
56 111
56 110
56 109
56 108
55 107
55 106
55 105
56 104
56 103
56 102
56 101
57 101
58 100
58 99
57 98
57 97
57 96
56 95
57 94
57 93
57 92
57 91
56 90
56 89
57 88
57 87
57 86
58 85
58 84
58 83
59 82
59 81
59 80
59 79
59 78
59 77
60 76
61 75
61 74
62 73
63 72
64 71
64 70
64 69
64 68
64 67
65 67
66 66
67 66
68 67
69 67
70 67
71 67
72 66
73 67
74 67
75 67
76 67
77 66
78 66
79 66
80 65
80 64
81 63
81 62
82 61
