267
100 53
101 52
102 52
103 52
104 52
104 53
105 54
105 55
105 56
106 57
106 58
107 59
107 60
107 61
107 62
107 63
108 64
108 65
108 66
109 67
110 68
111 68
112 68
112 69
112 70
113 71
114 71
114 72
115 73
114 74
114 75
114 76
113 77
114 78
114 79
114 80
114 81
115 82
116 83
117 84
118 85
119 85
120 85
121 85
122 86
123 87
124 87
125 87
125 88
126 89
127 90
127 91
127 92
126 93
126 94
125 95
125 96
124 97
124 98
123 99
123 100
122 101
122 102
121 103
120 104
120 105
119 106
119 107
118 108
117 109
118 110
118 111
119 112
119 113
120 114
121 115
120 116
120 117
119 118
118 119
117 120
117 121
117 122
116 123
115 124
114 125
114 126
113 127
112 128
112 129
111 130
110 131
109 132
109 133
109 134
108 135
107 136
106 137
106 138
105 139
105 140
104 141
103 142
103 143
103 144
102 145
102 146
103 147
103 148
102 149
101 150
101 151
100 152
100 153
100 154
100 155
101 156
101 157
100 158
100 159
100 160
99 159
98 159
97 159
96 159
95 159
94 159
93 159
92 159
91 159
90 159
89 158
88 158
87 158
86 158
85 158
84 157
83 157
82 157
81 156
80 156
79 156
78 155
77 155
76 154
75 154
74 154
73 153
72 153
71 152
70 151
69 151
68 150
67 150
67 149
67 148
67 147
68 146
68 145
69 144
69 143
69 142
70 141
70 140
70 139
70 138
70 137
70 136
70 135
70 134
70 133
71 132
71 131
71 130
71 129
71 128
72 127
72 126
72 125
72 124
73 124
74 123
74 122
75 121
75 120
76 119
76 118
76 117
76 116
76 115
76 114
76 113
76 112
76 111
76 110
75 109
75 108
75 107
74 106
74 105
73 104
73 103
72 102
71 101
71 100
70 99
70 98
70 97
70 96
71 95
72 94
72 93
72 92
72 91
72 90
73 89
73 88
72 87
71 87
71 86
71 85
71 84
71 83
71 82
72 82
73 81
74 80
74 79
74 78
73 77
74 76
74 75
74 74
74 73
75 72
76 71
76 70
77 70
78 69
78 68
78 67
78 66
79 65
79 64
79 63
80 62
81 61
81 60
82 59
83 58
84 57
84 56
85 55
86 55
87 55
88 54
89 54
90 54
91 55
92 55
93 55
94 56
95 57
96 56
97 55
98 55
99 54
