259
102 55
103 54
104 55
105 55
106 55
107 56
108 56
109 57
109 58
109 59
109 60
109 61
109 62
109 63
109 64
109 65
110 66
111 67
112 68
113 68
114 68
115 68
116 68
115 69
116 70
117 71
118 72
118 73
118 74
118 75
118 76
118 77
118 78
117 79
117 80
117 81
117 82
118 83
118 84
119 85
119 86
120 87
121 88
121 89
122 90
122 91
123 92
124 92
125 92
126 92
126 93
127 94
126 95
126 96
126 97
126 98
126 99
125 100
125 101
124 102
124 103
123 104
122 105
121 106
121 107
120 107
119 108
119 109
118 110
118 111
118 112
119 113
119 114
118 115
118 116
118 117
118 118
117 119
117 120
116 121
115 122
115 123
114 124
114 125
113 126
112 127
111 128
110 129
110 130
109 131
109 132
109 133
108 133
107 134
106 135
105 135
104 136
104 137
104 138
103 139
102 140
101 141
101 142
101 143
101 144
100 145
100 146
99 147
99 148
99 149
99 150
99 151
99 152
99 153
98 154
98 155
98 156
97 157
97 158
98 159
97 159
96 159
95 159
94 159
93 159
92 159
91 159
90 159
89 158
88 158
87 158
86 158
85 158
84 157
83 157
82 157
81 156
80 156
79 156
78 155
77 155
76 154
75 154
74 154
73 153
72 153
71 152
70 151
69 151
68 150
67 150
66 149
65 148
65 147
64 146
65 145
66 144
66 143
66 142
66 141
67 140
68 139
69 138
69 137
70 136
70 135
70 134
71 133
72 132
71 131
71 130
72 129
72 128
72 127
72 126
71 125
71 124
72 123
72 122
72 121
72 120
73 119
73 118
74 118
75 117
75 116
75 115
75 114
75 113
75 112
75 111
75 110
74 109
73 108
73 107
73 106
73 105
72 104
73 103
73 102
72 101
71 101
71 100
70 99
70 98
69 97
70 96
70 95
71 94
72 93
71 92
72 91
72 90
72 89
73 88
73 87
74 86
74 85
75 84
76 84
77 83
78 82
77 81
78 80
77 79
77 78
77 77
77 76
77 75
77 74
78 73
78 72
79 71
79 70
80 70
81 69
81 68
82 68
83 67
84 66
85 66
86 65
87 64
88 63
89 62
90 62
91 62
92 62
93 61
94 61
95 61
96 62
97 61
98 61
99 60
100 59
101 58
101 57
102 56
