287
86 52
87 51
88 51
89 52
90 53
91 54
91 55
92 56
92 57
92 58
92 59
93 60
93 61
93 62
94 63
95 63
96 63
97 64
98 65
99 65
100 65
101 65
102 64
103 64
104 65
105 66
105 67
106 68
106 69
107 70
107 71
107 72
108 73
109 74
109 75
108 76
107 77
107 78
108 79
109 79
109 80
110 81
111 81
111 82
112 83
113 84
114 85
115 85
116 85
117 85
118 84
118 83
119 83
120 83
121 83
120 84
121 85
121 86
122 87
123 88
124 88
124 89
124 90
124 91
124 92
124 93
124 94
124 95
123 96
123 97
123 98
123 99
122 100
122 101
121 102
121 103
122 104
123 104
124 105
125 105
125 106
125 107
125 108
126 109
125 110
125 111
125 112
125 113
125 114
125 115
124 116
123 117
122 118
122 119
122 120
122 121
121 122
121 123
121 124
121 125
121 126
120 127
119 128
119 129
119 130
119 131
119 132
118 133
117 134
117 135
117 136
116 137
116 138
115 138
114 139
113 140
114 141
114 142
114 143
114 144
114 145
114 146
114 147
114 148
114 149
114 150
114 151
114 152
113 153
113 154
113 155
112 156
112 157
112 158
111 158
110 159
109 159
108 159
107 159
106 159
105 159
104 159
103 159
102 159
101 159
100 160
99 159
98 159
97 159
96 159
95 159
94 159
93 159
92 159
91 159
90 159
89 158
88 158
87 158
86 158
85 158
84 157
83 157
82 157
81 156
80 156
79 156
78 155
77 155
76 154
75 154
75 153
75 152
75 151
75 150
75 149
75 148
76 147
76 146
76 145
76 144
76 143
76 142
76 141
76 140
76 139
76 138
76 137
76 136
76 135
76 134
76 133
76 132
76 131
75 130
75 129
74 128
75 127
75 126
75 125
74 124
73 123
72 122
72 121
72 120
73 119
73 118
73 117
73 116
73 115
73 114
72 113
71 112
70 111
69 110
68 109
67 109
66 108
66 107
67 106
66 105
66 104
66 103
66 102
67 101
67 100
66 99
65 98
65 97
65 96
65 95
66 94
67 93
67 92
67 91
68 90
68 89
69 88
70 87
71 87
72 86
73 85
74 84
75 83
76 83
77 83
78 82
77 81
76 80
76 79
76 78
75 77
74 76
73 76
72 75
71 74
70 74
70 73
70 72
69 71
69 70
70 69
70 68
70 67
70 66
70 65
71 64
71 63
71 62
72 62
73 61
74 60
75 59
76 59
77 59
78 59
79 59
80 59
81 59
82 59
83 58
84 58
85 57
85 56
85 55
85 54
86 53
