284
86 48
87 47
88 47
89 48
90 48
90 49
91 50
92 51
92 52
92 53
92 54
92 55
92 56
92 57
92 58
92 59
92 60
92 61
91 62
91 63
92 64
92 65
93 66
94 66
95 66
96 66
97 67
98 67
99 67
100 67
101 68
102 68
103 69
103 70
103 71
103 72
103 73
103 74
103 75
102 76
102 77
102 78
103 79
103 80
103 81
104 82
105 83
106 84
107 85
108 85
109 86
110 86
111 85
112 85
113 84
114 84
115 84
116 84
117 85
118 86
119 87
119 88
119 89
120 90
119 91
118 92
117 93
116 94
116 95
116 96
116 97
116 98
115 99
115 100
115 101
115 102
115 103
115 104
114 105
114 106
114 107
113 108
114 109
114 110
114 111
115 112
115 113
115 114
115 115
114 116
114 117
114 118
114 119
113 120
113 121
113 122
113 123
113 124
112 125
112 126
112 127
112 128
112 129
111 129
110 130
110 131
109 132
108 133
108 134
108 135
107 136
106 137
105 138
104 139
103 140
103 141
102 142
102 143
102 144
101 145
101 146
101 147
101 148
101 149
100 150
100 151
100 152
99 153
99 154
99 155
99 156
99 157
99 158
100 159
100 160
99 159
98 159
97 159
96 159
95 159
94 159
93 159
92 159
91 159
90 159
89 158
88 158
87 158
86 158
85 158
84 157
83 157
82 157
81 156
80 156
79 156
78 155
77 155
76 154
75 154
74 154
73 153
72 153
71 152
70 151
69 151
68 150
67 150
66 149
65 148
64 148
64 147
64 146
64 145
64 144
65 143
65 142
66 141
66 140
66 139
66 138
67 137
67 136
68 135
69 134
69 133
68 132
67 131
66 130
66 129
66 128
65 127
65 126
65 125
66 124
66 123
66 122
66 121
66 120
66 119
66 118
66 117
66 116
65 115
64 115
63 114
63 113
63 112
62 111
62 110
61 109
61 108
61 107
61 106
61 105
60 104
60 103
61 102
60 101
60 100
60 99
60 98
60 97
60 96
60 95
60 94
59 93
60 92
60 91
60 90
61 89
61 88
61 87
62 86
63 85
63 84
64 83
64 82
63 81
62 81
61 81
60 81
60 80
61 79
61 78
62 77
62 76
62 75
62 74
63 73
63 72
63 71
64 70
65 69
65 68
66 67
66 66
67 65
67 64
67 63
67 62
67 61
68 60
69 59
70 58
70 57
71 57
72 56
72 55
73 54
74 54
75 54
76 54
77 54
78 54
79 54
80 54
81 54
82 53
83 52
84 51
84 50
85 49
85 48
