271
88 57
89 56
90 57
91 56
92 56
93 57
93 58
94 59
95 60
95 61
95 62
95 63
95 64
95 65
96 66
96 67
96 68
96 69
97 70
98 71
99 72
100 73
101 73
102 74
103 74
104 74
105 74
106 75
107 74
107 75
108 76
108 77
109 78
110 78
111 79
110 80
110 81
110 82
110 83
110 84
111 85
112 86
113 87
114 87
115 87
116 86
116 85
117 85
118 84
119 85
120 86
121 87
122 87
123 88
123 89
124 90
124 91
125 92
125 93
125 94
125 95
124 96
124 97
124 98
123 99
122 100
122 101
122 102
122 103
121 104
121 105
121 106
121 107
121 108
120 108
119 109
119 110
120 111
121 112
121 113
122 114
123 114
122 115
122 116
122 117
122 118
122 119
121 120
121 121
120 122
120 123
119 124
119 125
119 126
119 127
118 128
118 129
117 130
117 131
117 132
117 133
116 134
115 135
115 136
115 137
114 138
114 139
114 140
114 141
114 142
115 143
115 144
115 145
114 146
114 147
113 148
112 149
111 150
110 151
111 152
111 153
111 154
111 155
110 156
110 157
110 158
110 159
109 159
108 159
107 159
106 159
105 159
104 159
103 159
102 159
101 159
100 160
99 159
98 159
97 159
96 159
95 159
94 159
93 159
92 159
91 159
90 159
89 158
88 158
87 158
86 158
85 158
84 157
83 157
82 157
81 156
80 156
79 156
78 155
77 155
76 154
75 154
75 153
76 152
75 151
75 150
75 149
75 148
76 147
76 146
77 145
77 144
77 143
77 142
76 141
76 140
76 139
76 138
76 137
76 136
77 136
78 135
78 134
78 133
78 132
78 131
77 130
77 129
77 128
77 127
76 126
76 125
75 124
74 123
75 122
74 121
74 120
73 119
73 118
72 117
72 116
71 115
71 114
71 113
70 112
69 112
68 111
68 110
67 109
66 108
67 107
67 106
68 105
68 104
68 103
68 102
68 101
69 101
70 100
70 99
70 98
70 97
69 96
69 95
69 94
68 93
68 92
67 91
67 90
67 89
66 88
66 87
65 86
65 85
65 84
65 83
65 82
65 81
65 80
66 79
66 78
67 77
67 76
68 75
69 74
70 73
70 72
71 71
71 70
72 69
73 68
73 67
73 66
73 65
73 64
73 63
74 62
74 61
75 60
76 59
77 59
78 58
79 58
80 58
81 58
82 58
83 58
84 58
85 58
86 58
87 57
