278
83 59
84 58
85 58
86 58
86 59
87 60
88 61
89 62
90 63
90 64
90 65
91 66
91 67
91 68
91 69
91 70
91 71
91 72
91 73
91 74
91 75
91 76
91 77
91 78
91 79
91 80
92 81
93 82
94 82
95 83
96 83
97 84
98 84
99 85
100 86
101 86
102 86
101 87
102 88
103 89
104 89
105 89
106 90
107 90
107 91
108 92
109 93
110 93
111 94
112 94
112 95
113 96
114 96
115 96
116 96
117 96
117 97
117 98
118 99
119 100
120 100
121 101
121 102
121 103
121 104
120 105
120 106
119 107
119 108
118 109
118 110
118 111
117 112
117 113
117 114
118 115
119 115
120 115
121 115
122 115
123 116
123 117
123 118
123 119
123 120
123 121
123 122
123 123
122 124
122 125
121 126
121 127
121 128
120 129
120 130
120 131
120 132
120 133
120 134
119 135
119 136
118 137
118 138
118 139
117 140
116 141
116 142
116 143
115 144
115 145
115 146
115 147
115 148
115 149
115 150
115 151
115 152
114 153
115 154
115 155
115 156
115 157
115 158
114 158
113 158
112 158
111 158
110 159
109 159
108 159
107 159
106 159
105 159
104 159
103 159
102 159
101 159
100 160
99 159
98 159
97 159
96 159
95 159
94 159
93 159
92 159
91 159
90 159
89 158
88 158
87 158
86 158
85 158
84 157
83 157
82 157
81 156
80 156
79 156
78 155
77 155
76 154
75 154
74 154
74 153
74 152
74 151
74 150
74 149
74 148
74 147
74 146
74 145
74 144
73 143
73 142
73 141
72 140
72 139
73 138
73 137
73 136
73 135
72 134
72 133
71 132
70 131
70 130
69 129
69 128
68 127
67 127
67 126
67 125
66 124
66 123
66 122
66 121
66 120
66 119
66 118
67 117
66 116
65 115
64 115
63 114
62 113
61 112
62 111
63 111
64 110
64 109
64 108
63 107
63 106
62 105
62 104
63 104
64 103
65 103
66 102
66 101
66 100
67 100
68 99
69 99
70 99
71 98
71 97
71 96
70 95
70 94
71 93
70 92
69 91
69 90
68 89
68 88
67 87
66 88
65 87
65 86
65 85
65 84
65 83
64 82
64 81
64 80
64 79
64 78
63 77
63 76
63 75
64 74
65 73
66 73
67 73
68 72
69 72
70 72
71 72
72 71
73 72
74 72
75 73
76 72
77 71
78 70
79 69
79 68
80 67
80 66
80 65
81 64
81 63
82 62
82 61
83 60
