280
100 58
100 57
101 57
102 57
103 57
104 58
105 59
105 60
106 61
106 62
106 63
106 64
106 65
106 66
106 67
106 68
106 69
106 70
106 71
106 72
106 73
107 74
106 75
106 76
107 77
108 77
109 77
110 77
111 77
112 77
113 77
114 78
115 79
116 80
116 81
117 82
118 82
119 82
120 82
121 83
122 83
122 84
123 85
124 86
125 86
126 86
127 87
128 86
129 86
130 86
131 85
132 85
132 86
133 87
133 88
133 89
134 90
135 91
135 92
135 93
135 94
135 95
135 96
136 97
136 98
136 99
136 100
135 101
135 102
135 103
135 104
134 104
133 105
133 106
133 107
133 108
133 109
134 110
135 109
135 108
136 108
137 107
137 108
138 109
139 109
139 110
139 111
138 111
137 112
136 113
135 114
135 115
136 116
136 117
137 118
137 119
138 120
138 121
138 122
137 123
137 124
137 125
137 126
137 127
137 128
136 129
136 130
136 131
136 132
135 133
134 134
133 135
133 136
133 137
133 138
133 139
133 140
133 141
133 142
133 143
133 144
134 145
133 146
133 147
133 148
134 149
133 150
132 150
131 151
130 151
129 152
128 153
127 153
126 154
125 154
124 154
123 155
122 155
121 156
120 156
119 156
118 157
117 157
116 157
115 158
114 158
113 158
112 158
111 158
110 159
109 159
108 159
107 159
106 159
105 159
104 159
103 159
102 159
101 159
100 160
99 159
98 159
97 159
96 159
95 158
96 157
96 156
96 155
96 154
95 153
95 152
94 151
94 150
94 149
94 148
94 147
94 146
94 145
94 144
94 143
94 142
94 141
93 140
93 139
93 138
93 137
93 136
92 135
92 134
91 133
90 133
90 132
90 131
90 130
90 129
90 128
90 127
90 126
90 125
89 124
88 123
87 122
87 121
87 120
86 119
85 118
84 117
83 116
82 115
82 114
82 113
81 112
81 111
81 110
82 109
82 108
82 107
82 106
81 105
81 104
81 103
81 102
81 101
82 100
83 99
83 98
82 97
83 97
84 96
85 95
86 94
87 94
88 93
88 92
88 91
89 90
89 89
89 88
88 87
88 86
87 85
87 84
87 83
87 82
87 81
87 80
86 79
85 79
85 78
84 77
83 78
82 77
81 77
82 76
83 75
83 74
83 73
83 72
83 71
83 70
84 69
85 68
86 67
87 67
88 67
89 67
90 67
91 67
92 67
93 67
94 67
95 67
96 66
97 65
97 64
98 63
98 62
98 61
99 60
99 59
