17889 21831
-297.217 -6248.6
1175.67 47.1137
210.011 -241.265
-280.776 -556.109
44.5704 61.2063
75.7322 91.3657
17.075 -120.523
-73.9392 18.9517
-22.0113 9.09131
32.8377 -17.7114
-38.8388 58.0291
7.41421 -12.4077
29.4457 -27.4215
-16.5028 -36.4839
-30.2779 -4.48584
20.5117 -14.8735
-15.5381 -30.0327
-7.30131 8.20848
-3.67102 12.8133
-3.3022 -8.0066
5.96763 0.531082
11.2968 19.0822
4.51511 1.13588
-11.0203 -7.7205
-8.94975 3.12132
-6.22372 0.554876
-16.3991 -5.47979
-10.5831 8.28548
3.97243 -2.77451
1.83744 -2.18657
-10.53 6.97137
4.57899 3.29622
-1.25758 -3.80994
2.8457 -6.02803
2.92431 0.237859
7.35763 -5.05961
4.63969 -2.4342
-3.89527 -1.00179
-7.0005 -0.323991
0.615593 -6.30896
0.881224 -3.64552
-3.67917 3.69142
-8.17567 6.18389
4.84007 12.3808
7.10423 -1.5227
-7.79286 -7.78325
2.66045 17.0675
2.76955 -0.40175
0.0192224 23.5455
-8 6
6.3209 8.07487
1.64458 4.06745
1.44736 -2.97635
-5.12384 -3.3887
0.412058 2.59901
0.455955 -3.69514
-3.04921 -3.10988
-2.93217 -3.09634
-3.40398 -6.8153
-3.21644 1.882
1.50606 4.25054
2.87195 5.28998
-1.39903 -2.42299
-6.70616 -0.200113
0.560287 3.15352
6.445 4.94138
-1.80487 -2.94983
-3.44548 -1.82696
-4.83354 1.20319
0.106836 -2.01506
-1.44649 -4.2456
1.78453 -1.99473
-3.14132 -1.0023
-0.37921 4.94237
4.94975 4.29289
1.303 -1.64526
-2.86287 4.15692
4.56602 10.3913
-6.91246 -6.85895
0.527644 2.30245
-3.74292 -7.75743
-1.50204 2.16289
-0.765586 2.80421
-6.33427 -1.62412
0.735131 -2.25499
-3.21269 4.59962
4.11578 -2.98554
-3.66684 1.91725
1.58923 -1.52666
5.75907 -2.32301
5.76912 -2.29068
-2.40518 1.52908
-1.49662 1.69279
-1.8038 2.32473
-3.08603 -6.11499
-5.33708 3.35116
-3.91591 -22.0885
5.05274 -0.707075
-3.53933 6.46346
-5 -1
3.73911 -0.653312
2.43635 -0.298518
0.276891 3.97151
-1.22868 8.53325
6.1229 12.9543
2.21128 4.55882
-4.76088 2.62156
5.03116 3.04589
4.95255 -4.22721
-0.865712 -7.88055
-1.03973 -1.52686
6.29037 -0.473291
-4.12026 1.22857
-2.69076 1.39782
-6.11012 -0.0507121
5.15281 1.3064
-0.978401 0.469811
-1.5735 3.87399
3.21204 0.11799
-0.81944 5.55165
6.75352 5.62897
-0.934698 12.4306
4.46046 -1.69914
-2.09748 -4.02951
0.949747 -1.12132
5.92169 -2.64387
2.00784 3.97383
-0.20009 1.7812
-0.319025 2.70028
-11.0375 2.70086
1.82881 4.34087
7.68995 -1.85506
0.980957 -5.70317
-3.89594 -0.926685
2.5032 3.55102
1.74705 0.827257
2.56364 4.1067
1.81446 1.57462
-6.11173 5.29853
3.21644 10.3885
7.4316 -2.5788
-3.08972 -3.08034
0.704803 7.33636
3.4609 -3.29031
-4.20078 15.0277
5.36922 -6.50716
8.47036 -5.78799
3.89317 1.67618
-5.87369 5.84518
4 8
-6.68565 -4.88465
-3.33879 -5.9639
-4.51749 -21.1523
5.78351 7.8975
1.72255 -3.08738
-5.52951 -12.8761
-4.17456 10.1327
7.98657 17.8196
2.33357 -8.77908
-14.3238 7.45486
7.94325 1.29454
13.694 -13.6997
-6.21073 -3.90316
1.82478 0.166131
10.5314 -10.7007
-4.9476 -6.90076
3.88578 2.07477
-3.58027 -13.0951
-3.86475 -16.2624
0.440721 6.33358
6.56527 -3.18959
-8.07133 1.06391
-5.30387 7.54222
0.166677 6.66572
-4.94975 5.70711
8.46423 20.4917
26.9752 0.815884
19.1363 0.411553
0.631814 4.79761
3.3022 -13.2639
6.86948 -16.9083
14.0528 5.52646
20.1899 -14.869
-40.6262 -13.8747
-7.42353 -9.86346
20.2163 -7.23712
14.0603 -14.0873
-10.5449 -82.5044
6.10526 -29.8599
-15.0786 -20.9178
-10.6569 25.7745
-50.4196 41.4332
12.9186 -86.6944
47.4057 42.3894
-258.088 247.351
63.6363 231.417
451.517 -313.012
-63.1931 -1229.43
460.257 1125.04
