17817 21210
-257.349 -6514.09
838.722 286.824
78.9131 -235.178
52.7782 -719.837
-64.6277 3.88553
-71.7773 112.419
86.1229 -41.4997
-74.9639 -97.3389
-66.2248 -2.59944
-8.91898 67.461
-52.2545 -13.219
-25.3023 -5.50625
1.64804 48.5834
0.814623 -16.7399
7.45683 -28.4117
-18.291 -4.79782
13.8091 6.61481
-6.25694 -8.95433
-18.5519 -22.371
5.3867 -9.21493
4.74254 10.3183
4.52126 -12.2032
-10.4217 9.91099
-0.361337 9.73516
-3.70711 -2.53553
-10.375 -5.36533
-7.52665 3.79173
5.33675 12.1025
0.385116 2.81435
2.26425 3.77694
5.91674 3.24823
10.9765 -2.30305
4.10109 -3.4786
-3.93248 2.68007
11.6103 5.35295
4.94677 -1.40326
-5.87865 -5.6203
-8.85597 -1.25196
3.22716 -0.100713
-1.52494 0.587785
-2.82605 4.93418
-1.97419 1.63716
-2.95179 1.87272
-3.44884 2.36393
-10.1724 7.57621
-4.14325 1.0724
3.92136 -2.39394
2.50959 -14.1066
1.16123 13.0908
2 1
-16.7052 23.4962
-6.85356 -16.0689
-8.23599 -1.38266
-10.5813 11.0886
5.99379 1.69119
2.98153 -2.60148
0.195488 2.22615
-4.04896 1.84998
8.70446 1.99311
1.91753 -1.40565
2.10041 6.7401
2.97204 -1.76055
-2.36854 -10.197
0.896588 -4.39528
-3.94315 4.80808
-2.19637 3.17064
-1.99132 -1.32733
-3.0804 -0.755546
4.83709 2.68627
-4.06263 -0.304802
8.8133 -0.152315
2.35788 3.38986
7.19977 -2.20737
2.7365 0.508668
3.94975 -0.292893
3.62528 0.848925
-2.79795 -2.3897
-0.500486 2.39087
4.39812 -0.0818921
1.10262 -0.951057
-1.71914 -2.79521
-0.741818 -2.91369
-7.03994 -1.62462
2.05047 2.47232
-3.47199 3.27922
-6.39256 -0.930209
-3.9688 2.23503
1.40872 5.82629
2.86481 -0.926705
-2.93512 2.55214
-1.18495 -3.63323
1.86273 -0.795788
2.37113 10.8548
1.62688 -0.202027
8.45075 -2.676
5.38839 7.07495
-4.54188 -2.18475
-12.1903 5.8138
5.13939 -1.18471
-7 0
16.0696 -5.88462
2.05505 13.5854
-0.372641 2.10593
14.2383 1.15407
3.28484 2.05397
-5.86896 -0.222206
2.5654 7.41898
3.07609 2.12719
-5.70915 0.813623
4.15401 2.46824
-2.0421 -0.589988
-4.05453 3.79356
1.57526 -3.34069
6.5221 -5.81244
1.7829 -2.29342
-5.23001 4.74997
3.23858 0.0947689
0.790729 1.04338
5.40262 3.15773
-1.24852 0.951057
0.361218 -4.03892
2.6007 1.74438
0.713682 -0.323381
-7.29549 1.44352
-2.29289 4.53553
-1.03373 1.88099
-7.0855 -4.22146
1.19802 -3.73212
-4.62634 -1.74132
3.21915 0.593379
-10.8754 0.74025
4.03546 -4.84218
-2.77037 -4.89703
-4.07026 -0.49626
3.44178 4.57822
1.54501 8.35881
1.73382 2.36057
-1.18643 6.13102
2.79279 3.85098
0.46444 -5.83042
-4.6087 -2.91831
5.10849 -5.44477
5.49569 -1.94599
-0.394298 -1.07967
-12.4422 -3.98785
-5.07813 -2.14101
2.72797 9.62247
5.98433 0.154883
-11.0021 3.79875
4 -3
-17.2606 -14.9315
13.9964 -9.2042
-2.49702 -3.49886
-7.45332 -7.82585
0.549583 9.16184
4.28855 6.1094
7.6613 -5.37194
5.07309 0.797636
-1.02458 1.51482
-5.32916 -0.587785
-3.10737 2.64961
7.87498 5.39525
6.91035 -2.73791
-4.92581 -1.15078
-5.39699 6.3301
1.16227 2.86562
-2.30681 2.60373
2.18932 -0.136765
0.197255 3.1397
-8.36504 -6.60653
-4.93092 -3.39461
-3.94498 0.895745
-2.71887 -0.385418
1.54244 6.14861
-5.94975 -1.70711
1.78642 -1.21246
6.90274 13.5351
2.33258 4.44765
19.6331 9.31383
-0.768667 6.451
-3.96979 -6.40362
-5.1771 -10.475
4.06406 -10.7197
31.9317 6.75558
22.7696 4.05473
24.3569 -44.2171
3.00864 -20.574
-26.4585 -32.0736
8.63626 -23.5599
18.6444 -7.94038
24.2374 18.677
-5.33934 9.82007
-93.3369 -59.9259
66.1572 -7.75105
22.7141 364.597
198.555 134.165
222.128 -555.616
-613.135 -998.789
878.156 1086.85
