20942 22184
2516.43 -6513.47
-685.489 847.336
-347.287 -28.373
-381.05 -480.011
-60.4593 -103.663
-11.4893 -145.848
-68.3213 -57.7813
-88.535 -69.8422
2.49024 -57.2479
-9.98308 -89.9517
-19.3445 4.08641
1.74558 -31.976
-56.1189 -11.575
-26.2198 -19.5649
10.0464 -10.9217
-5.65055 -1.24791
-44.4015 37.3031
-17.1265 -0.729204
-20.6178 -22.5791
-16.9707 -13.1593
-5.69692 -4.17975
-8.87478 -5.3605
-8.45593 -4.94085
-3.87153 0.782187
2.29289 -6.94975
-11.171 -6.24566
-0.562403 -6.44485
-0.477132 -2.51092
11.2379 -8.94719
2.06674 -1.0922
-1.29202 -7.06767
-3.25275 3.54723
-1.6637 -3.97314
-1.14997 -2.94976
4.35792 7.95916
2.73515 -7.17074
-1.81444 0.695095
-5.84401 -9.6748
2.83844 2.4108
-7.52343 -12.9994
3.65542 1.8093
-5.15787 -1.04802
-8.67345 -2.50221
3.0816 3.56036
-0.322383 0.621851
-3.88847 0.937702
-1.72739 11.5327
1.16607 -3.89398
-2.95205 -3.71231
-1 3
-1.57728 7.08273
-4.82555 -7.75485
-0.383516 1.0208
5.29696 4.69194
0.607781 2.19119
2.16703 4.09584
-2.20722 0.134404
-2.11532 1.48448
-5.10149 3.41456
-0.0963998 1.79599
3.32243 -7.63136
-5.21039 -4.99792
0.470544 -11.4951
6.97627 -9.19124
0.0119851 -7.42563
2.28493 5.5095
-15.247 25.7515
5.27832 -5.58415
-4.27443 9.34329
7.49557 -0.0881414
6.26404 -3.53566
8.10031 5.37682
4.94122 4.63405
-1.96647 1.44033
-1.36396 -3.19239
1.03728 4.35301
-3.36186 1.59304
4.69569 1.6492
1.64134 -4.65415
-1.4256 3.58267
-1.86487 3.59697
3.07706 -1.43747
2.86009 -3.56426
2.4542 1.0526
2.52487 -3.20492
0.592058 1.25976
-2.87966 3.97257
1.50714 -0.562949
9.59194 -1.04171
1.60111 1.75823
-2.40314 -0.815717
0.0328199 1.28809
-0.21528 -6.2026
0.52447 -4.65653
-1.06416 7.1984
-1.21047 -5.98966
-1.22394 6.17275
2.79778 2.89028
-4.47897 0.913017
2 2
7.13719 -5.09094
-4.1558 -0.521678
0.679198 3.25829
-1.691 -3.72876
-1.90705 1.21352
3.59758 3.86177
-6.12852 2.11534
4.50755 0.0689567
6.35638 2.4104
-3.01577 5.02259
0.97737 0.70295
4.18526 -4.67971
1.83096 -8.2132
4.12116 3.82803
-0.357763 6.90107
-1.13813 -2.72024
6.911 2.93485
1.1245 -0.599459
-0.101913 0.257572
-5.95637 1.12553
3.21663 1.46515
-4.87955 -1.96914
-1.46844 -4.69921
3.05548 -3.17536
3.70711 2.94975
-3.25578 3.49405
0.775618 8.4883
5.78358 2.03763
0.457674 3.70829
-8.30094 3.20715
-3.74386 9.86778
-1.20464 0.644903
14.9822 -7.56978
-5.89985 4.85374
1.57652 -25.7745
-13.049 5.80466
-8.02004 10.7431
-4.54312 -4.76149
0.605192 -9.00434
0.0751136 0.620419
-1.33736 -6.58015
-1.33502 1.20819
2.09102 -4.30615
-0.727315 4.14023
0.619805 3.57821
-0.118385 -3.19862
-5.32296 -4.18894
-4.00707 3.60484
1.17303 -2.49881
1 -5
-5.12229 3.83793
5.08187 -0.770232
7.05137 -8.38496
1.44898 6.07913
-2.88492 -1.06301
3.01563 1.91771
-4.22306 -0.688578
-2.61625 4.44975
-2.48848 -0.492255
-2.0946 4.29116
0.548966 -3.07517
10.206 0.749845
-1.08948 1.78701
13.0256 7.59318
6.87199 -2.66582
0.456987 1.46026
-2.64375 -1.32658
3.69217 1.3097
1.17886 0.689355
-2.31709 6.98635
8.68169 -4.54203
2.38092 -9.46317
12.628 -2.68465
6.21833 0.069242
11.364 15.1924
-1.72078 3.70535
-2.55193 7.86971
-15.2701 0.427338
-7.65199 7.39038
-30.008 -11.2571
-1.61331 -4.99781
16.6646 -25.6555
-10.0146 -0.496749
-24.3129 2.08015
-13.34 -4.45441
-3.79981 -59.5154
9.47055 -1.93359
39.7252 40.1826
-22.1374 9.12178
-7.54654 16.1578
3.31234 3.28264
30.3615 12.0268
-125.136 3.57267
-29.7466 33.2476
-182.282 -298.491
5.6269 -218.9
136.058 -621.051
918.216 -572.194
-726.921 -915.409
