20677 22344
3271.85 -5780.81
-710.291 627.927
-174.134 -140.157
-400.276 -442.157
49.2263 -186.949
24.9584 -161.602
10.2544 -40.825
-23.9109 -5.00084
7.58329 -52.5957
-48.0835 -75.3129
39.6492 12.4113
-39.0353 -30.1048
-15.0513 -32.6796
18.0529 -25.9124
-7.44174 -17.1336
-34.539 -24.6525
10.9947 -19.8572
7.58807 -25.2045
-9.13912 -5.99149
-9.97063 -10.3027
-15.011 -15.8604
-4.20846 -9.71119
-9.06385 0.839336
-2.61297 -8.22616
-7.41421 0.171573
-12.7377 -5.4445
-6.0088 0.436206
-2.37609 -5.22716
-0.581731 -4.56421
-2.04345 1.85866
2.33316 -8.30338
-10.444 -1.13449
1.91469 0.215411
5.52188 0.532633
0.406751 -2.45981
-0.448021 -2.22273
-2.30541 7.1884
-1.69697 -3.29962
-1.60244 -6.45378
4.86327 -3.77195
5.35765 -4.63773
-7.47119 -7.05594
3.18076 -0.264935
-4.35063 6.63141
-8.10134 -9.19633
-7.67263 -7.53445
1.41612 -1.16839
-2.56772 -1.0089
4.03583 0.998703
-5 8
-1.2622 -5.77182
-0.259637 2.04489
-2.08072 -3.03069
4.95761 1.47806
-8.274 8.85434
-0.667401 -0.07951
-3.66152 -0.728864
-8.72015 -3.28661
5.3385 -0.686525
0.264288 -2.85671
6.1699 -5.1203
-0.288073 -5.79097
0.453234 2.7659
-3.38824 -8.66355
1.87112 -2.53818
-18.9626 25.2629
2.34427 -5.67738
9.64743 -1.57421
3.12269 4.03162
4.77294 4.87083
-3.17526 18.4786
2.10624 2.43391
-1.68238 1.96529
5.21144 4.17945
1.65685 2.41421
-1.40304 -1.75876
-1.70961 5.78241
3.40071 -4.41641
-4.33617 -0.0972681
6.03884 2.04946
2.01363 2.45959
1.40256 0.881291
-1.17445 7.16021
2.06988 2.33779
-2.82888 -0.894867
0.873278 0.602788
-1.97793 -0.696874
-4.94618 2.77402
5.53306 0.425841
-2.36731 -5.31826
5.71958 1.53317
0.642608 3.81013
0.942187 2.64104
-2.72226 3.5178
-1.52698 -0.0596101
0.285495 -4.45142
4.88106 2.40359
-4.03299 7.07305
1.95157 -1.25687
3 2
1.58025 4.89061
-5.55548 -6.52106
3.91549 -3.46178
0.381982 2.89913
2.63294 -2.57472
-4.15045 -3.83368
4.76536 5.83171
-2.63954 -3.47555
-1.38968 4.30536
0.256939 3.43251
5.76648 -1.1887
-3.08675 0.749539
-1.78883 -1.51816
-0.229486 -0.281128
1.81309 -1.31535
-1.64615 0.827027
3.87004 1.11418
-5.80194 3.31568
-2.8108 3.35944
2.96116 -6.28553
5.42142 -0.734554
2.81551 3.00432
2.0288 2.9939
-0.156354 -3.34327
-4.58579 5.82843
-1.75087 2.06198
-0.113949 -3.0235
4.94363 3.36359
5.85336 7.66768
-0.233746 5.98753
5.28064 -7.65187
1.33322 4.00309
-7.50775 2.80226
-4.21298 -1.61359
-0.778096 0.780989
8.61582 -29.8815
-6.54504 -2.80778
5.05764 -1.24988
-8.92316 -3.54457
2.44392 -5.37936
0.870628 1.39418
1.39439 1.8161
-3.97998 -3.09349
6.71142 7.3118
-5.39727 -8.31977
-0.996086 -4.75522
-7.45999 1.19289
3.2493 -11.8418
-0.839702 1.9461
1 -2
1.89387 3.12771
-7.15334 0.20087
2.9256 -6.18102
0.996694 2.24039
1.02074 11.1472
-2.15258 -1.55801
-2.871 2.66838
-11.907 5.18285
7.67228 -3.76854
4.13673 4.00802
7.8402 6.63456
-1.56222 -3.65819
8.00184 -2.60353
3.5247 -0.578897
1.0384 5.752
7.67515 -8.5349
3.64325 3.59495
-8.40139 -1.89194
-2.0005 2.77345
5.6846 -8.35634
13.0281 -0.934786
3.38719 4.33426
5.28646 3.32899
-12.6509 0.347978
-9.65685 -0.414214
-1.59975 -10.7853
-0.92584 -11.2943
10.7048 -0.831929
-0.862981 13.826
-0.737577 6.53879
-4.6105 12.7706
4.13117 -5.0613
15.5611 -3.52024
9.90282 0.627338
-6.44131 18.7205
4.34989 13.5717
-19.2905 -22.4209
-0.7932 -43.9193
74.8102 -34.5389
36.0136 36.838
3.89927 19.4254
25.3703 35.4159
-90.6375 -66.1366
-124.495 -4.07127
2.78023 -321.814
-13.3181 -266.227
308.344 -457.316
853.024 -273.326
-272.781 -1704.41
