20220 22239
4162.05 -5746.55
-887.446 644.896
-342.217 12.5636
-315.69 -530.566
-33.9892 -174.531
29.513 -124.881
-68.543 -15.0416
-103.659 -67.884
0.411397 -30.6086
14.5824 -61.2063
-37.8023 54.0313
-14.5914 -14.0434
-28.0378 -19.6035
-27.0036 -28.707
-2.71152 -23.3741
5.74669 1.67233
-23.5832 17.4173
-12.9963 1.62095
-6.53838 -29.3207
7.51124 15.4308
-12.4682 7.94115
-11.9786 2.08618
-23.2757 -5.17795
-16.4011 -8.42227
-4.41421 5.07107
-24.0731 14.9942
-10.544 -9.99426
-10.014 -1.19292
-5.10495 11.6275
-7.80466 -0.485485
7.6024 -4.49607
-5.59794 3.20973
3.54042 -3.60128
-9.56747 -6.28591
0.428398 1.57043
-5.45192 -6.10821
-1.22959 2.41953
0.722694 -1.41049
7.19699 2.79077
10.6293 -2.14417
1.34893 6.75503
-2.12644 4.61129
-8.9148 15.6749
3.05623 -1.01249
-6.25532 2.66605
5.5267 6.13025
-0.67718 -1.60022
2.28291 -7.42543
-10.0379 4.73395
-2 -1
0.658683 1.72861
-1.47455 0.783931
5.29901 -0.114711
-3.33983 6.04392
3.19119 -1.44951
4.65745 0.315578
-3.79539 -0.306314
-4.57922 -11.304
6.57459 4.60134
-1.4432 -2.27945
-1.92479 2.07082
-9.56105 2.08511
0.0335139 -0.838237
-11.2941 3.58328
0.607812 -3.87692
-2.32418 2.02736
-0.991218 4.40214
-4.11976 -3.5953
-3.26647 0.42802
-0.88226 4.66582
-1.01936 3.39044
-1.59563 -7.35015
-4.60896 1.97752
0.633751 -9.12053
5.24264 -4.24264
4.40348 -6.96042
6.07826 -2.67245
-0.707629 -8.07072
2.06899 1.10979
-12.5289 18.4136
3.08997 -8.53827
6.23338 1.00075
-0.628111 8.81562
-1.01993 9.9397
-4.24679 17.6314
-0.106356 4.73461
1.32521 -0.0623708
-4.05828 2.46653
0.865241 3.28075
2.27168 -9.33471
-4.84579 3.87452
-1.02711 4.3524
-4.31198 -1.19885
-1.49258 7.22578
-2.41178 1.66429
5.08805 -4.85827
3.01192 1.08119
2.34683 3.59541
1.25144 -3.36013
8 -1
3.13642 2.48246
1.60215 -0.342022
-0.791935 3.35583
1.98856 -0.0344244
1.71177 -0.793276
1.64726 -0.427078
-1.59895 2.63166
-7.8877 -1.7913
-3.29442 2.24091
-2.58224 -2.79605
-1.04602 3.75353
-1.34621 -1.15813
-2.9104 0.803151
6.7252 1.29192
2.87546 -2.85994
-2.56301 7.42978
-5.80713 -1.51417
-8.74023 4.59528
-9.70263 3.75356
-0.561231 1.29459
2.32117 -2.07415
15.9049 -23.0763
-8.28372 3.91791
1.29259 -0.151104
-1.58579 -9.07107
-0.181052 -1.2737
-2.36383 1.5658
4.54739 4.83437
-4.5201 -3.84084
6.52603 -5.4152
-0.400631 1.56124
-3.00839 0.573932
-1.69756 -0.976026
-2.5727 -0.402818
-7.39885 -0.519796
-4.12936 -3.63147
2.58896 4.49546
-13.4668 6.62175
0.883345 -0.346333
-13.4109 3.04338
2.40186 -6.1241
-3.20886 -4.19856
-4.95787 1.34443
6.05566 -1.94375
2.06058 -3.0766
-2.47097 -7.31568
8.20872 1.24939
-0.102516 -2.08113
4.64542 -7.13329
2 -1
-0.483164 -2.88
2.65937 6.02249
1.71017 9.85246
-0.541199 1.85806
-6.26749 1.47241
-2.01769 4.49705
-1.6671 3.39436
-2.06718 -0.297391
7.08116 -4.27456
-12.5391 8.43597
-9.7453 -9.79583
-4.47492 -8.4596
-6.23483 -12.7299
7.45593 -23.9091
-3.06507 -2.40637
-0.843563 -1.85678
1.13341 -9.93011
3.42877 1.67557
9.29871 -1.38196
3.61986 1.95622
3.76301 -2.78883
-10.8072 2.13845
-0.359091 5.05006
-8.34487 -3.30033
-3.24264 4.24264
-26.9996 16.3945
-13.9077 4.01851
-6.15841 0.453466
-11.968 18.8873
-15.6571 -10.1947
-12.8505 0.586639
-3.54408 -20.2669
-2.09913 -3.27385
-22.8024 -29.9854
-20.8238 -21.6136
28.3308 -59.7217
56.699 -10.2164
41.7458 23.0771
-3.8925 -39.3802
54.2692 -15.3843
29.5108 8.68602
56.4286 27.5188
-112.079 5.98838
-66.5974 67.74
-99.7054 -326.504
86.8215 -216.381
279.305 -473.229
1001.33 -322.894
-318.064 -1147.36
