20373 21770
4685.95 -5414.59
-1032.43 591.949
-181.139 -314.508
-223.206 -626.016
124.646 -211.169
45.9006 -141.56
-16.4553 -57.7778
-59.9119 -33.6115
-22.1025 -53.1259
-42.0069 -76.1626
-4.09873 17.5226
20.7732 -54.8114
-17.4111 -20.2458
-9.71135 -7.99986
-10.8497 -34.0372
1.63544 -35.5778
-15.3157 39.1238
4.17157 12.1865
-30.5501 10.8863
-12.1405 0.651565
-17.2091 -19.1719
1.03383 0.54999
-13.8449 20.9208
-15.0294 9.92092
-20.8492 -10.1213
10.3345 -13.5331
0.178204 -16.326
-6.49636 5.51377
-19.6175 5.17147
-1.24259 -5.37956
5.82778 -5.69953
0.0530668 9.34614
-7.68431 1.30423
5.73036 6.65691
-5.22054 5.63848
5.35046 11.7576
-2.11598 -2.01381
0.994673 6.78023
0.515291 1.66855
-0.081542 6.87003
6.33489 -1.99765
0.992984 -9.78186
3.22281 -9.23263
5.26814 1.63921
-3.99499 8.70763
3.20269 -0.0320868
-4.2467 -8.08108
-1.14759 1.66497
-4.22886 1.18868
8 -5
-4.36172 1.32245
3.05209 0.456537
2.49169 -4.62143
2.07837 -6.23419
0.490557 0.713485
1.70246 6.91947
0.713272 6.59294
-1.49097 1.88258
-2.45049 -6.35279
0.313553 -0.437153
-2.08122 6.92941
3.83281 3.58719
-0.660353 3.29808
10.8599 0.953651
-2.16176 1.61995
-1.47329 7.36053
-0.084758 -5.57312
4.60843 -1.59288
-3.82309 4.09247
1.08353 1.05332
1.72067 -3.1416
6.49765 -1.51704
10.4832 4.90735
6.12509 -3.86596
-0.707107 -3.53553
-4.16828 -0.96812
-6.01571 1.53132
3.08576 -3.90238
1.277 2.0353
-2.23076 5.95283
6.71378 2.60042
1.43858 5.76409
-5.82603 4.16452
3.389 1.49124
-8.5578 -2.25162
-5.93395 4.18677
7.64541 -7.53777
1.16587 2.31121
6.75765 -3.90753
4.2643 -5.99644
3.01754 -9.58783
1.65393 7.6035
-13.8869 15.4243
8.31467 -5.58159
6.15346 -2.26239
0.99388 7.72538
-2.18845 12.4016
-2.31278 0.548907
1.20091 0.0746184
1 0
-1.47057 8.94618
6.88097 1.41838
-4.65057 10.1384
-3.98344 9.62542
-8.34772 5.10867
0.503097 2.63214
5.69172 7.53221
0.851788 1.45117
11.5906 -20.0494
-8.19777 2.36092
4.5632 -3.54466
0.251477 -6.08669
4.29803 -2.92751
-0.00784525 -6.67221
7.46691 -4.35291
-0.740229 6.25688
0.747635 0.479331
-1.77653 -5.13504
2.38995 10.6368
-4.85941 -6.80693
2.50293 -2.80172
-4.97259 8.18808
-2.82546 1.88082
-7.31155 -7.26832
8.84924 -5.87868
3.00935 4.98651
1.59484 -3.07333
-0.176167 -6.89822
2.70813 -3.27949
7.46963 -5.76718
-4.21388 -2.69435
3.86686 -3.24842
1.42725 -3.94927
8.411 -0.557044
0.465599 8.22064
1.19403 3.85618
6.09566 -3.01662
-1.57286 -5.30751
-4.71446 4.01546
-1.93159 -5.41695
-5.7083 -6.90542
0.47052 0.924744
-2.32708 -7.1326
-4.66162 -8.49549
0.778454 1.43738
0.265285 6.14574
-5.12714 -0.165876
1.68973 -3.80028
-4.42387 -8.29132
6 3
4.00357 1.91811
3.30938 1.16605
1.17491 10.978
0.900243 3.35444
1.42922 -0.0733797
-4.77234 1.37329
-1.75847 2.77986
5.80116 1.03692
3.63455 9.08324
4.17171 -1.01593
-4.94178 -2.93672
-0.055448 2.39306
1.62123 -3.34299
-2.48448 -3.28255
-13.7676 -1.93927
-5.53031 -21.6421
6.59347 -5.13962
11.8435 -2.54958
10.2011 3.72818
-2.72699 -7.07377
5.50815 -4.3727
3.82876 8.54004
-7.79627 17.2863
8.32402 4.60544
0.707107 3.53553
-4.38295 -1.01681
-12.1283 -0.00816191
-5.70058 -12.8637
-9.27869 1.28438
12.7585 0.202537
-14.3974 0.613744
-9.80279 -9.65223
-14.5187 -21.5958
1.67176 -9.36179
3.40512 -5.5142
22.7517 -14.6277
-17.5463 -22.3496
33.2537 -21.8903
77.1351 -91.8515
77.3568 8.96532
25.4054 90.123
28.1148 76.6255
-160.945 -8.60089
-103.194 -7.41016
100.065 -353.847
161.593 -218.205
479.927 -251.783
1031.41 -310.78
93.3092 -1801.28
