17679 19426
-1732.96 -6246.66
1220.75 383.065
219.368 -146.181
-29.9477 -739.897
-91.8447 -44.9239
-194.206 118.156
41.8965 1.92033
-75.8047 -22.2905
-37.6429 -11.2809
40.2487 13.4378
13.7927 -39.7097
8.78945 -72.3375
7.49279 5.36272
20.9932 -32.9161
22.4581 -51.0453
-16.0492 -19.5881
-22.0622 -0.533071
-17.6839 21.9837
-12.6055 12.3456
-5.42325 8.73935
-3.37405 18.0862
2.17815 0.751094
3.79689 -0.220787
-10.7458 -2.01946
-0.585786 -3.82843
1.54843 8.94779
6.61896 -4.87541
4.60448 3.23882
-2.29331 2.07867
-3.53701 0.503592
-8.17974 11.1133
-8.70842 13.4363
4.33808 1.50971
3.72244 3.27393
-1.3506 2.66299
2.28251 5.42593
-4.10264 0.900518
3.64872 -3.58143
7.9898 -6.82193
7.79412 -5.85082
4.93287 -5.67514
-7.75604 1.82612
-6.0673 -6.57164
4.33108 15.3495
-0.506376 -2.45857
-1.74991 0.645304
-13.3232 -0.629006
12.0081 -0.853604
-4.46196 -2.56688
1 30
-3.22381 0.745652
-10.9569 -0.324313
-8.07888 11.26
-5.6587 -3.0715
11.4054 -3.18202
-10.0552 -4.18844
2.1814 0.0194977
1.85812 -4.78386
1.07425 0.442623
-5.68271 8.0139
-0.213763 3.55867
1.36855 -2.18324
1.02203 -2.43471
-2.26938 4.2077
6.2636 -4.10356
1.24912 0.828372
-0.194095 -3.83622
0.436283 -0.515751
0.267314 -3.69431
2.44684 1.9817
-0.945702 2.03537
0.728 3.13669
0.8077 -6.13352
-1.29411 1.27891
2.82843 -4.41421
-1.637 1.97053
3.56369 -5.77055
2.16444 2.34898
1.75974 0.154516
4.07565 -2.27784
1.87649 -2.01698
-0.477732 4.16862
2.73965 2.99629
1.81726 1.86119
3.04925 -2.16957
1.07489 -0.835935
-1.57101 2.21101
-3.81716 1.30223
2.02053 5.20876
-1.21426 0.506498
10.2395 1.38697
6.1719 3.1672
-5.06374 -4.00443
-9.13073 2.89677
-0.21633 -1.51508
8.78531 6.57751
-4.45638 0.561129
1.12523 -0.938688
-2.35444 -11.8445
-3 0
8.8597 -1.4346
-0.609999 -0.698751
0.549859 9.83416
-9.20431 -2.64383
0.552175 6.80282
-2.27577 6.47494
-3.26659 -6.23302
1.21613 -7.82207
5.38438 2.5277
-0.747011 0.359083
0.295092 0.223626
-1.8764 0.766461
-1.23728 -5.6906
-2.49803 0.777995
-2.82745 5.93553
3.07731 7.44381
-3.30541 3.32073
-0.953359 -0.186399
-2.72925 3.91317
-1.07565 4.60407
-7.06402 -2.54636
-1.99402 7.56343
4.29139 5.96622
-2.72623 4.65508
-3.41421 1.82843
2.14127 4.27664
1.55622 -1.25289
-4.15734 1.13016
0.318504 -1.52682
6.62762 8.48949
6.83922 -3.26567
-0.921276 -0.431835
-7.84838 -5.02405
-0.229077 3.55016
5.29034 1.15808
0.80468 -1.08998
4.89212 2.5739
-0.724249 -3.31972
-8.66903 -4.98256
-3.60908 1.13199
-0.377866 -1.03499
3.25085 7.99243
3.21402 4.2286
4.78069 4.65689
-4.74208 2.51077
-8.81092 -4.02186
-7.54387 -1.658
1.53101 15.778
5.78345 0.401823
-9 0
8.12365 9.226
5.07237 -23.5666
8.96275 -4.66202
-7.52453 -0.218854
9.34235 -14.9842
-1.16201 -3.51579
-4.79181 3.85089
2.45539 2.77004
5.24125 -6.63835
-4.79412 -7.47542
0.231881 4.39138
5.25883 7.56191
14.4735 -12.1867
-4.21175 -1.8187
2.96734 -8.23833
16.9271 -2.14377
-14.1946 -0.293185
-1.76993 7.07898
10.8462 1.34266
3.33794 -12.4338
-7.28401 6.8159
-5.41306 0.59996
-3.28214 -7.07276
-1.03869 2.94284
-2.82843 -1.58579
10.0554 -7.09941
2.25796 8.43341
10.295 -6.60998
8.88881 6.86034
-17.285 7.11475
5.88394 12.5803
-4.22777 27.8003
21.464 -1.97137
10.9798 1.18712
-41.7392 34.5803
-6.94768 9.78821
25.4641 28.3502
12.7385 -19.762
54.6326 -60.0886
10.8372 -82.8444
-13.5182 -121.832
-68.7566 -0.140109
-179.196 -24.1393
37.1829 -52.6461
105.898 286.97
269.98 -63.0648
176.273 -516.415
-1063.4 -623.513
1994.97 1102.67
