20567 21282
2339.67 -6611.98
-994.816 897.827
-385.608 -207.363
-506.033 -556.216
77.3698 -200.108
68.9345 -175.943
-6.36269 -30.3056
-76.9021 -24.8514
-5.94527 -108.126
-29.996 -75.9749
-0.814051 15.8927
-35.3718 -30.8846
-34.5169 -22.3518
16.3681 -21.3264
11.8628 -44.113
-16.2388 -9.68603
-8.8021 5.83557
-11.2551 -32.6827
-10.2948 -8.7347
10.2989 30.0773
19.2374 6.13656
1.50083 3.9791
0.221326 -13.5483
8.53147 -8.67585
1.58579 -0.585786
-11.0968 4.92575
-4.5943 -19.2329
-6.81595 2.17759
-5.6118 -6.88766
4.70103 2.28248
-6.09137 -1.87199
-3.06695 -2.89267
1.72601 3.39654
-8.05377 5.70175
7.76158 4.1843
-9.75818 0.652607
-0.682259 -2.02605
2.84548 -4.09335
6.87291 1.53859
-6.39529 -3.53202
3.47147 7.64935
-4.28486 -6.62049
0.858068 2.80023
2.76229 10.1044
-3.28914 -0.872836
-2.98416 1.09315
3.62828 5.92736
-1.20727 -0.24938
1.13068 -0.699389
1 4
-8.06912 4.72002
9.14824 -4.80786
-2.33602 4.71904
-2.31793 0.152231
3.23262 1.43558
-2.34631 -0.311084
-4.46449 -4.31052
-4.97218 -1.24814
2.25112 1.52114
-4.27616 4.02405
4.96575 1.74936
1.48695 1.51307
9.84607 -0.610345
1.40489 2.75373
2.29264 0.867622
-4.89715 0.164362
-1.38194 -0.789993
0.636898 -0.861768
5.30268 0.531683
-4.08299 0.168367
-4.82511 -1.19073
6.53918 0.663904
2.49852 2.77214
-0.956559 1.86438
-1.24264 4.58579
-5.84794 -1.72846
4.31192 1.37581
1.22284 1.85999
-6.88066 -1.49678
-0.268147 3.7707
0.435584 5.87896
-2.50175 -4.80499
-4.58698 -4.86511
-3.5726 2.86235
-2.69409 -1.91571
-3.43245 -5.90684
-4.32555 -6.48192
7.87281 -2.82627
-7.15609 -8.37868
-0.566277 9.57974
-9.9938 26.5806
5.14018 -3.55918
1.09763 4.62977
10.0789 8.56068
-5.67619 8.0048
-0.110496 5.03435
2.85307 3.48806
1.04795 -0.0540528
4.00901 3.04698
3 6
2.83708 1.30638
-0.425592 2.96322
6.13888 -0.729797
1.93151 -1.3275
5.59571 7.35552
5.96947 0.585771
1.46187 10.2619
-0.576449 5.48227
1.61047 1.26456
0.591067 -5.04288
3.08693 -23.2545
-8.65553 9.34619
-1.76783 2.54382
-7.48359 -3.94172
-1.31373 0.923358
4.15113 -5.75417
-9.16428 5.34285
-2.99639 0.626455
1.87965 -1.98862
-4.34989 -3.38873
3.59776 6.80891
-1.03139 -1.10629
0.482272 -2.90108
4.13499 -7.16944
4.41421 -3.41421
8.34343 1.82353
0.833684 6.33797
0.63873 2.852
1.11921 5.42606
-1.38186 2.5345
4.50404 -12.2693
0.269603 -0.889326
1.99319 -0.351825
-4.79987 -2.17976
0.61739 -2.17814
1.80184 1.37797
2.72478 -1.95215
3.95335 0.340836
-1.60653 2.58239
-0.577939 -7.87815
16.3152 -1.54809
-9.2225 3.81122
-2.21607 -0.932683
-3.50353 1.60934
5.3368 -3.41428
-1.36954 4.99055
-1.84129 -0.248147
7.83354 2.62451
4.9762 3.11391
1 -4
-6.70358 -3.94718
2.36884 -0.366709
-6.39228 -4.1962
-2.96896 1.29942
-4.10788 0.824422
-2.59032 -2.84243
5.02579 -3.72586
-6.37694 8.41166
-0.804477 -1.83897
4.01333 6.15006
1.67671 2.00609
-4.28437 2.42565
-1.72489 -3.16457
-7.22156 0.156125
16.6256 -5.96859
-1.72209 7.44566
0.176495 -10.0781
0.6423 14.1276
-2.00446 -0.697797
-9.05583 4.86062
-4.1449 -4.90832
-12.7729 4.85662
2.84069 16.69
-5.7884 -0.112307
7.24264 7.41421
1.23325 4.3986
9.99402 17.4726
-15.979 -6.30561
25.5325 6.01044
-8.44476 -27.2232
5.18913 -32.0041
13.8461 10.2702
20.1043 16.7572
-20.0645 -4.44404
-7.23734 38.0561
15.2681 -34.0686
-8.05964 -10.0129
-29.4419 28.8048
-33.3459 -42.05
-2.2091 -48.408
58.5676 26.0155
89.1307 28.4672
-63.6058 63.6739
-135.288 150.707
-238.377 -351.081
-164.075 -298.008
39.1896 -602.531
740.439 -662.948
-1049.52 -1637.23
