19472 22758
-2355.88 -5490.6
1073.41 286.476
8.37541 -171.383
-98.4933 -592.993
-212.776 -29.1358
-128.425 167.644
9.4628 -7.13212
-3.4299 -78.3886
11.7398 -26.9523
15.6749 2.25148
33.4964 -103.523
30.9048 -41.3633
-15.0671 -5.51028
19.7332 -9.89528
5.7887 -17.2309
-26.8843 6.66193
-16.7384 31.7274
5.53743 3.79128
5.9411 1.20157
-17.9514 -7.27778
-6.96682 -10.4379
4.8977 1.70725
-6.36452 -2.08091
-13.0178 3.45008
8.12132 6.53553
6.98327 1.91283
19.9729 28.9007
-13.125 -1.89675
-0.654668 17.182
1.69439 17.3753
7.03526 1.99862
6.42901 1.51541
5.73933 -1.2921
2.11573 3.32761
3.48186 2.95267
4.19674 5.64224
-6.36565 10.8432
-3.15943 -0.868721
1.03685 0.455681
-6.31578 -2.73279
-1.51817 0.489386
-2.48602 -3.96133
0.759873 0.734512
0.688393 2.25457
2.50059 2.53929
3.1863 -5.22737
-4.88068 -2.92216
-4.8908 -4.45938
-3.9983 -2.17311
5 3
-0.245596 0.714371
-0.00568189 5.05881
-0.824797 -9.22875
4.5808 5.43349
-0.963591 -4.88735
3.37566 -3.85507
-3.68212 -0.483438
-4.23608 4.20828
-1.9793 -0.115231
-0.195938 -0.108187
-8.02684 -2.16352
-1.47441 1.085
0.26661 -5.66774
1.3813 -0.126126
5.62234 7.66355
-2.68893 0.862521
2.78317 6.39773
1.21873 1.46012
-0.433728 -0.261481
-2.34686 1.60339
-8.41411 -8.53114
-0.2621 2.84861
5.04194 -0.254796
2.03759 -1.31714
-1.05025 2.77817
-3.09041 -1.72262
-3.07065 3.1486
-0.942131 -2.26036
-0.700173 10.2079
-3.10497 -1.39587
2.50711 -0.348752
2.78653 7.32296
0.178545 3.06253
3.6964 -3.7878
-2.09918 -0.798061
-4.04136 0.101748
6.36778 2.09611
-0.439271 6.04757
-5.70303 2.42167
-3.96673 4.60262
-1.51962 -2.97892
-1.27412 -5.21786
2.69125 0.631297
-11.874 1.10266
1.40768 3.79099
6.03271 -3.97213
6.20729 3.25709
-0.908905 -4.9424
-1.03796 -0.564788
8 4
0.554443 1.3664
2.38236 3.04651
0.916475 3.2381
2.92073 4.48876
-5.92411 -10.6298
-2.23502 2.36344
4.25678 -1.66483
1.15109 -5.28416
1.87297 5.93792
-7.08285 -1.22959
-3.5457 -4.37268
-0.214015 0.715211
-1.63183 -1.96581
5.14973 -4.87401
-5.65834 0.113084
-3.70528 -2.29427
4.86064 -3.32341
2.49929 1.59615
2.21775 4.49917
6.57711 5.48604
-6.24108 -1.46621
0.116008 5.06528
-12.123 -5.54774
0.443956 5.77059
3.87868 -0.535534
5.97125 -4.5241
2.76686 -0.553326
-4.34008 -3.04235
3.55151 2.35299
2.27658 -1.82916
1.05518 4.9006
-1.05894 2.77006
6.86123 0.0783998
-4.32228 7.08764
2.54181 2.36177
4.25346 2.97449
8.32766 2.18773
-2.02057 1.13449
-4.55836 -1.33319
4.61235 -4.98198
0.357333 1.40886
-2.71771 -4.12784
-1.71171 2.67429
1.73405 -2.40157
1.1598 1.33773
-8.05475 1.64951
1.7941 4.62536
3.4755 -0.146239
13.6627 13.3942
-5 -1
-7.20065 6.89217
4.68501 8.74545
2.59409 0.941764
1.57892 2.86574
1.34905 1.33952
0.555682 -0.813245
-4.0871 -3.22653
2.90238 13.2745
-3.03351 -3.06887
0.843644 -4.35738
-1.20358 2.9317
-10.2629 -2.24019
-8.75059 -5.34157
2.7758 -4.01729
3.8941 -4.7476
-3.44657 -1.53808
2.4123 -8.6136
9.6881 -4.06009
-7.26717 0.229774
-3.98479 1.97506
7.02689 2.77151
8.85925 5.99412
-6.38763 0.206486
-2.86227 6.23384
-10.9497 -12.7782
-1.80411 10.0427
5.44749 -4.13877
3.71558 -13.4196
-16.5684 0.789489
-4.46505 13.3679
9.58308 0.586485
20.9547 -2.57501
25.3388 -3.31724
5.09845 -22.0909
5.6222 -2.22935
-19.3302 15.5663
8.47223 29.4457
31.7642 40.9453
23.1106 21.7025
37.7353 -26.7491
-3.38109 -78.5896
-35.3161 -80.094
-185.945 12.9034
-116.205 -40.7913
134.053 211.56
166.022 -65.3589
-33.0192 -492.105
-828.843 -392.296
1754.08 661.696
