20002 22107
3129.14 -5971.06
-338.739 568.548
-47.8423 -6.85144
-524.349 -318.647
15.2451 -202.795
-5.94347 -202.779
36.6274 -99.4856
1.69097 0.659521
-2.30003 -39.6912
-65.176 -3.05899
10.1571 -38.8538
-6.35454 -37.0707
-18.5489 17.7714
-12.171 -32.9719
3.3586 -26.4125
-14.1304 -12.7461
7.64088 -18.9734
-19.1419 -21.929
-2.63732 -23.4556
-8.79511 -6.38493
-6.07978 -3.50477
4.64032 -4.47445
-13.5656 -18.1308
-7.66681 -24.0183
-2.82843 -12.6569
-5.08694 -5.89857
-12.5573 3.86819
-14.7613 -6.18452
-13.6106 -9.89714
-3.46261 -13.6022
3.30128 -0.700144
-0.439814 -2.269
1.66573 2.53607
-7.11441 -2.38906
-9.13723 -2.75008
1.74524 -2.56363
-12.6956 -3.07946
1.98971 0.849065
-3.55891 -1.78911
0.13969 0.432938
-6.42583 -0.40425
-4.24394 -8.01381
-1.7186 -9.49087
-0.919721 -3.00491
-3.93328 -0.183805
-0.841441 -1.69338
-11.3353 -3.78718
-9.89695 -3.91458
0.121167 -2.4294
0 -1
0.604216 -2.92144
1.04585 -4.30365
-3.39094 -1.52205
-5.93162 1.37491
0.626436 -3.08754
-2.52332 4.71689
2.74535 4.15159
-5.01689 -2.95663
2.46552 4.70809
-8.57623 -0.459706
-4.48101 -10.6153
5.13369 -1.8891
3.33518 -12.8395
-2.71668 -7.81849
-2.62542 10.6672
2.6376 -3.59983
-3.54362 -8.67435
0.462406 0.85964
-13.4056 18.8214
-2.00953 -3.81416
2.99471 4.69255
7.9572 2.65198
6.24682 -3.77001
-2.56841 10.9021
-4.58579 5.24264
-5.13819 -4.01049
-3.00233 3.83379
6.19677 4.11982
1.08862 -2.31727
-1.58872 8.09783
2.01791 -4.31703
-0.792103 3.81432
-4.35196 3.0495
5.60587 -5.42961
5.51063 2.85078
0.0519162 1.86887
-0.903157 2.31896
-3.09395 2.67631
0.638909 -1.57541
1.63498 3.82292
-2.43859 3.84449
7.12 4.48068
-4.40639 -7.57993
-1.32176 -0.559673
1.25404 -3.15725
-3.1509 -2.18649
-0.245873 1.78835
7.40435 5.39587
3.58419 1.45554
0 1
2.29199 -3.06985
7.61834 -3.92223
-1.13576 -0.424712
-2.3058 5.05521
1.9506 5.12049
-2.41877 4.09088
-1.71749 4.11931
5.07667 -1.93473
1.9374 -7.28281
-1.34162 -2.25946
4.35843 5.64946
-6.09776 -3.17147
1.14608 6.73542
-1.78536 -4.65414
5.73931 -0.430743
9.05968 1.63072
-2.06389 -5.89353
5.10996 0.65567
0.607367 9.07246
-6.11949 -1.86176
-1.76292 6.70075
2.36439 -8.90805
6.83301 -3.19277
0.844024 2.71
2.82843 -1.34315
-1.71837 -4.77797
-0.92373 8.16165
4.2213 -1.63391
0.971268 11.1139
-1.24166 3.43033
-0.39351 16.0691
-0.628575 4.10265
9.3912 -23.4372
-6.4609 4.81411
3.18019 3.53453
-8.91277 -0.567858
9.72087 -9.57154
5.55596 -6.16801
-2.06223 -3.61214
-6.95163 -8.06816
0.674174 -3.31304
3.5214 -5.11722
2.89788 -0.103352
7.21945 -4.10097
1.20975 -3.00097
-2.62761 1.78726
-2.03728 -8.19985
-0.0230302 3.74063
-1.69173 -0.941108
2 -7
2.13491 -2.83165
2.29198 0.631127
-2.45316 0.419776
3.79151 8.70086
-1.94817 -4.41459
-3.63417 0.342497
-0.864812 3.03391
2.42492 2.47302
-5.17251 -1.60687
5.56851 1.33099
-0.102425 -7.80542
1.44732 -2.42985
1.48833 -9.54337
4.09481 -5.12339
4.4913 4.54714
0.335428 -3.21865
-1.3741 6.78347
3.02599 -2.43435
-3.37417 -9.79106
4.78268 1.80573
0.862412 -6.28212
-1.56113 3.4057
-7.91064 -4.28588
-2.03207 -2.2294
-7.41421 -3.24264
12.9035 10.4912
3.83275 6.9269
16.7187 13.7871
-3.61428 -1.5878
-15.677 -11.0872
0.0828517 -5.27018
8.9235 -2.52042
13.1717 1.35459
0.554157 13.8142
-1.84864 -13.206
-9.52426 -2.14339
20.8004 -75.9636
43.6813 -9.94789
50.2652 15.4261
4.81375 11.6759
-44.5429 14.1786
-53.9295 34.1651
-94.2523 -118.659
-130.861 -102.936
208.927 -355.282
43.6341 -223.052
402.542 -311.521
790.475 -85.002
-499.886 -2056.68
