19308 22526
2023.71 -6323.93
-826.891 1032.75
-347.884 -324.01
-300.318 -559.691
119.072 -216.768
32.3999 -125.07
-41.9035 -33.9382
-73.74 -6.60026
14.5519 -110.051
-9.39732 4.07862
0.601485 -6.21215
-31.4528 -42.2898
-20.224 -23.1086
-26.0029 -42.7611
2.5028 -15.3562
-12.9718 28.1164
2.58935 -8.34555
-21.6446 -7.36882
-11.4176 -7.56813
-4.66233 -12.3306
-20.6279 -1.60842
-19.4608 -8.94724
-15.003 -3.89921
-12.0813 -6.91994
9.07107 -0.585786
-16.0053 -1.91683
0.65628 -7.95358
-6.02007 -13.2131
2.75827 -3.66669
-1.0931 3.55266
-4.25222 -8.31281
-4.03129 -1.64947
1.3178 -10.5791
-2.13656 -4.81391
-5.86728 9.23075
0.172575 -3.46685
9.79323 -3.40241
1.96011 11.1558
-1.15903 -1.60197
-10.1951 4.05014
4.30914 -1.93969
2.22001 -11.5666
-5.84441 -3.62348
-3.94545 -2.72157
-7.82545 8.51135
-3.55619 -2.00371
4.38808 2.0239
4.57023 -0.305696
1.98827 4.11665
-8 -2
-1.13479 -7.36537
0.802779 0.0289549
4.61635 4.13429
-3.87547 1.06845
4.01252 -5.23596
-3.32806 3.29422
-4.76178 -0.342592
-10.7603 1.31121
-3.30714 -0.793424
-3.03095 3.5531
7.87795 7.4328
2.94205 0.945052
0.346484 3.24676
1.28369 -4.3841
0.823398 8.21365
1.71647 2.37149
-3.49413 5.12127
-3.76807 1.46998
8.17929 -6.85815
2.71113 4.51623
2.15964 6.53931
-1.95315 1.3526
-3.73367 -1.70214
-7.70887 -3.99913
-3.41421 -6.24264
1.50699 -2.86236
2.24507 -2.03205
-0.185018 -3.72885
-4.45198 24.0201
4.93381 -11.2807
5.16415 7.80571
1.58953 7.14089
0.290827 10.2052
-5.2752 0.406348
3.69864 2.46306
5.5613 -1.71413
-0.738909 -3.08496
-1.35325 -0.419102
-4.49546 6.30614
2.01536 3.62959
3.54886 5.70084
1.21152 8.55262
2.45457 1.084
-2.11255 -0.210701
1.93672 -2.83403
-1.73147 -1.4365
-6.06142 1.34706
-9.00205 4.3473
0.319506 0.816059
8 2
0.80652 -0.578706
-5.55679 -7.95581
-6.70939 1.84624
-0.738133 -0.740308
-2.90509 2.55788
-1.97949 -1.96358
0.316025 4.20867
0.810194 2.98654
2.21396 2.71548
-1.48459 -2.98863
2.9294 -1.33819
-4.34896 5.18373
1.04851 -0.296646
-6.31335 1.22181
1.23157 1.77555
-2.14381 0.782873
4.44637 4.45927
0.490667 -3.84032
0.628668 1.00498
-2.22561 4.66271
2.96378 9.24858
-3.15504 2.78937
7.72029 -27.581
-8.89167 8.87595
-5.07107 -3.41421
-10.3917 -8.53227
2.21062 -7.50543
5.43541 -2.15403
-0.125854 -4.75005
-1.28231 -0.364204
0.11498 -4.33054
0.782244 3.95591
0.11759 2.88331
3.04199 -0.270069
-1.54898 -2.49915
5.23526 -6.90747
4.97741 3.79264
7.09508 -3.61426
-0.323892 3.74533
-5.31658 -4.22686
-1.4467 -3.28096
-3.87897 0.245309
-0.432237 -9.57305
1.02399 1.85281
5.03232 -4.50818
0.0150071 2.07739
-3.76306 1.73975
0.611191 -0.333341
0.270349 1.98422
4 2
7.38611 0.870709
6.20319 10.0569
-0.869287 0.0203686
-2.60265 -4.19131
-3.38079 7.15854
-1.54812 5.77176
-3.26547 -6.1295
-4.17362 5.62058
7.627 -5.32671
-0.513063 -8.43211
6.7509 -5.71477
4.32891 -0.676518
-0.240985 -11.4076
-4.9533 6.88607
-1.84117 -11.2519
0.255092 4.04338
10.4368 -3.63569
-0.017017 -3.18103
8.31404 -0.128545
-8.33573 -5.344
-3.71594 -12.025
-12.4831 4.51095
6.65551 -4.85676
2.63917 10.1307
-0.585786 2.24264
4.90684 0.786863
-7.75617 -6.03901
-8.46145 4.00806
-23.1973 2.88861
-34.9901 -3.99562
3.11546 -21.6288
7.66307 3.03247
27.1446 14.9695
2.95013 -1.75212
-10.0547 -35.2181
-13.7182 3.26182
8.68403 -37.2307
-24.9772 36.094
-20.9504 -20.9078
0.866554 -47.0803
56.0576 -32.4752
109.686 20.8065
35.0667 -25.3868
-111.586 153.829
-144.887 -198.239
-185.121 -290.744
116.014 -510.07
767.241 -866.208
-414.594 -1618.16
