18243 21536
-1814.46 -5913.31
1300.99 157.933
-13.7061 -155.489
-386.976 -481.804
-92.0482 237.716
117.886 151.229
-43.5104 -153.815
-10.5481 -20.3502
3.91963 -60.2958
-30.2363 -77.1789
-129.29 12.5791
-50.3992 -7.61176
-19.1917 -18.2799
-47.3473 3.53941
6.21155 7.27198
46.6673 -11.0226
13.6292 -32.2259
-5.07311 1.89621
5.94661 8.99821
13.4961 -6.04155
23.6345 4.55374
14.3545 5.92216
15.3194 -10.6715
23.907 -0.103967
9.65685 -6.07107
-1.10627 -10.9946
-4.62546 3.63647
-1.92388 -1.80022
-7.80865 -3.0262
-11.3621 1.65612
1.64859 11.754
-3.75233 5.68225
-4.11521 4.53516
1.73791 1.13445
1.40508 -1.68555
-4.10184 8.99747
-1.96834 10.3807
-0.0525301 0.119594
8.46421 2.95702
2.56285 0.348435
1.35781 -7.15152
-4.01165 6.94163
0.809872 -0.453413
2.70953 -1.3401
-13.1702 -8.02898
-2.6035 6.30905
3.40307 2.75977
7.15681 23.7002
-10.7982 1.22825
-5 2
3.93569 10.3343
1.89914 0.541334
-2.62949 -8.31436
1.91891 -2.36329
-0.181702 0.420095
1.5889 2.80652
0.973039 2.43363
3.31713 -7.49567
3.00546 -3.20247
-4.3755 -5.23034
9.72312 -0.493883
-5.38846 3.096
-1.42167 -0.483609
-0.852338 6.59979
4.39129 -0.664107
-2.55998 -4.56987
-1.79053 0.350301
-1.85015 3.39549
3.96562 -4.17597
-3.58215 4.21927
-6.00656 -4.82696
-0.364724 -4.16136
-6.18958 7.74888
3.27518 -5.32033
1.75736 7
6.48382 0.876427
3.33149 -1.08235
-2.43042 -2.40163
3.52152 -3.31763
3.65156 6.41695
0.448519 1.48451
-2.26229 4.72876
-0.285638 -5.12213
0.277989 -2.62897
-0.426432 4.97869
-2.69296 -0.928841
1.13135 -2.82451
2.63116 4.71359
1.09565 0.258048
-4.8883 -1.30639
0.184506 -4.87552
2.33809 3.81632
-2.27836 -4.02641
-7.82816 2.34315
-0.147764 -11.7136
0.786579 -1.7123
6.04667 -0.270985
0.982702 1.31471
2.83474 3.98042
-7 6
-1.39078 1.79817
5.43549 3.7554
4.86718 4.36159
-7.07862 -0.243672
-5.25096 2.90608
-5.32744 -1.7478
1.53295 7.70417
-0.306507 -5.84266
4.47296 -0.144024
5.63963 3.86966
5.34722 -2.07165
-4.07877 0.208246
1.6401 7.53909
-1.84776 -1.00387
3.56247 1.66551
-2.37206 0.77911
2.18075 1.94509
4.7795 -2.34841
1.97421 11.2354
3.20254 1.43715
-6.01295 0.720868
-3.21841 -3.82707
-9.03036 -1.40687
-4.69806 -0.189255
-1.65685 8.07107
-2.83855 1.6193
3.97554 3.76549
-2.02622 5.33501
3.03529 -2.07554
1.19498 5.6593
1.96012 -2.14696
0.931425 -1.88725
3.94454 0.148723
1.46852 -1.56329
2.26362 -0.153637
1.89476 0.466498
-0.666707 -5.69706
5.28619 0.692621
-10.6007 -0.727522
0.0492648 8.08445
5.39888 4.95439
2.9527 5.09491
-1.07707 -0.697711
-8.6372 -8.62839
5.16438 4.91852
5.76547 8.66589
2.29944 6.24141
2.52762 -5.70097
-3.94004 2.93374
-3 8
-0.322008 6.91982
-6.46845 -6.93292
-2.65677 1.90985
-1.13125 -19.9639
6.09262 -0.726804
-6.67484 -1.00026
-7.81269 -11.9711
-3.83029 11.7198
6.90501 6.56148
-2.41695 0.797463
-2.21185 -1.60834
0.161007 -9.71722
0.571389 -11.0862
-5.71256 -11.1425
-8.66029 -6.06414
4.82586 -23.6449
0.580548 -3.7567
5.10978 -5.47876
-5.44056e-05 3.51301
3.92963 0.825992
5.90493 3.23289
12.6629 7.69317
10.0882 3.41184
4.81013 3.0349
10.2426 7
3.57559 17.3873
6.96925 13.4423
14.1964 -13.5816
7.46591 -6.89229
-2.16985 2.18745
-12.4002 4.54719
4.70524 -22.7408
-17.4103 -13.6567
-23.0324 30.1803
-37.9996 2.23796
3.33506 -3.1805
-11.5518 -8.1598
-42.8956 -27.7099
-54.6005 26.8284
-2.69536 42.2549
100.409 38.9899
73.5211 66.5544
31.7333 -191.064
22.4895 -181.905
-171.206 130.922
78.0807 217.558
413.547 -331.101
-523.124 -801.791
1146.63 1159.32
