20053 20736
3816.33 -6464.86
-1254.5 878.064
-286.77 -457.815
-226.161 -700.814
123.228 -167.234
43.3401 -174.647
-3.3325 -36.5494
-49.4782 -51.9353
28.1355 -82.4541
-51.3081 -50.883
-54.9134 23.0835
-47.882 -84.8163
-20.4545 -20.9766
-6.87148 -33.8762
13.0304 -10.5335
-9.61434 23.7177
-17.4802 11.2767
-26.175 -34.6341
-14.7079 -7.45014
10.4433 -12.3527
2.34808 -26.9584
-20.0623 -2.0187
-28.838 -3.14872
-11.5386 -10.0025
-16.6066 0.707107
-9.35175 -10.6534
-7.68128 1.11545
-7.65414 11.1361
4.62365 -6.00838
14.5816 8.91993
-8.01065 21.3536
-14.1406 -2.48093
-9.49134 -9.59265
3.3461 -10.2586
5.29597 -9.25921
-9.14609 5.72071
-1.72631 -3.51463
-6.21244 -1.84975
0.667808 -4.96424
2.20472 4.43918
0.818121 3.96059
-4.62343 -1.11335
4.14539 2.01794
-5.22575 -8.01191
8.70316 -9.5405
-7.61489 0.163733
-9.80087 -10.5269
-2.19796 -7.92284
8.70072 -2.02562
2 5
0.381196 0.743345
-1.77991 3.89069
2.27752 1.86079
-0.2429 2.06391
-6.85232 -6.74769
6.60407 -4.06926
2.79494 -1.9836
-3.15185 -0.881165
-3.23525 1.34114
-5.35353 2.28557
-6.77486 -2.08185
-5.25322 -2.93342
-3.0332 -5.05999
-6.15227 4.54941
6.5346 3.73347
-5.59546 -3.04778
2.07812 -7.49569
2.55253 2.88451
-3.87624 7.94828
-5.85212 -6.61498
2.52981 -4.30717
10.2873 -2.36554
-3.58502 0.162401
1.79976 5.63347
-5.77817 8.6066
-10.7036 3.3413
0.823234 6.95407
-0.172911 1.62703
15.7503 -18.9992
-12.2541 8.41602
-6.46068 -0.748652
1.24076 -4.01475
7.16081 -4.31801
-2.57072 -3.42265
-4.46206 4.78712
-6.25539 -1.05719
-2.04901 -5.13618
-3.90344 -8.67599
8.63778 -3.45918
-5.1428 -3.71372
1.11629 -3.12952
-0.958214 -3.33611
6.56885 6.54009
2.06138 -2.90442
-1.26943 6.47828
3.08789 -0.415346
-4.68143 5.25671
-7.50272 0.0603051
-6.7271 2.73199
-3 -2
-3.32041 1.40981
-6.22315 -2.01095
-1.61324 -3.87076
-2.1663 3.06341
-1.18173 -1.34657
-1.84679 -5.8908
6.07375 -5.13459
8.70203 -0.854277
1.46352 0.36512
2.4774 6.19194
1.78938 -10.4766
-0.979668 8.8347
-4.08475 4.05838
3.78108 -1.49453
-5.15892 -5.9123
-0.782054 12.8559
-2.03706 -2.83966
3.29491 -6.10791
0.727937 -8.8706
4.30986 -2.27012
5.15889 -3.06534
2.54591 -2.63369
-10.7013 20.7703
5.84798 0.155886
4.6066 -0.707107
1.21031 7.49274
1.75018 7.26142
-2.18051 4.13768
7.29407 7.44128
-5.72364 -2.58311
3.62035 4.67186
4.78533 0.422806
2.66775 3.92478
1.22559 -0.532987
8.0949 -4.3113
-3.29137 0.503767
-8.26131 -1.00032
2.5287 -3.90545
-0.633527 -0.80578
-1.82681 2.45708
-5.57091 -1.80747
1.20084 -2.00799
-2.11175 10.0904
6.00891 5.80372
-5.9596 5.91409
7.3272 -5.46128
10.6694 -1.42343
-0.984691 -3.20032
3.37989 -0.33504
4 -7
2.58543 -4.9151
-5.82734 -3.71214
7.59488 -9.44283
2.49303 2.66656
3.23195 7.18607
-15.6886 2.69415
-5.66479 4.111
16.0848 -2.29474
1.12766 -3.2854
7.73955 8.41492
3.36413 -2.20714
0.0534184 1.51441
1.1135 1.40837
-2.38602 -1.7279
-2.2233 -4.22972
-0.798184 2.96134
-3.11558 6.91969
2.04132 0.901765
4.98508 6.47122
5.17449 -2.82014
-4.96979 5.1462
-1.08165 -18.7695
4.38067 -2.88484
-13.8912 -1.78648
9.77817 -12.6066
14.2155 0.112846
-10.2265 24.3177
-35.3382 8.40536
-24.7881 0.691159
4.737 -25.39
16.5476 -28.8147
14.0897 15.6894
10.9264 17.0963
1.66617 -8.99324
-22.6395 -2.08422
12.8706 -6.27138
-4.87079 -22.1183
-22.7156 35.3068
-44.5697 -69.9999
39.7931 -66.4969
53.0607 19.3209
87.5594 43.9481
-52.99 -17.4532
-109.905 148.917
-130.373 -282.9
-46.1683 -318.455
332.36 -561.542
1111.09 -680.97
-285.371 -2005.96
