22901 21394
2683.38 -6211.62
-833.189 860.327
-270.772 -241.566
-399.462 -480.984
117.06 -198.663
36.0803 -161.748
19.1097 -19.8975
-75.4093 -2.78496
-24.5585 -84.8037
-60.383 -62.7516
-19.3139 5.4511
-18.8035 -55.4403
-14.3353 -14.2092
-27.4753 -23.2709
-22.1615 -14.9731
0.869037 -11.5439
-1.67722 31.4644
-21.0945 1.29573
-14.3692 -3.1388
8.76101 -18.9649
-0.565167 -3.3478
1.42725 1.21461
-2.89253 -0.549408
-6.49854 -7.89224
-16.7782 5.70711
-5.50757 -9.5923
6.97165 -3.58282
-6.72537 9.15678
-0.904899 -3.18978
-14.2439 6.09681
-7.22751 -14.173
-4.61957 0.897438
-0.563096 -5.50908
-7.57313 1.90105
-9.76111 -6.182
3.97174 1.58368
-2.02148 -0.414724
-4.54422 2.70791
1.90492 4.61824
-2.24852 -0.775486
5.71325 -5.73749
-7.94203 3.45111
1.39184 -7.41326
-4.24352 -2.9519
-1.35452 -12.3857
-3.48847 4.1508
8.08401 2.22616
-4.39035 2.33821
-7.55515 3.51842
-4 1
-2.74846 1.2741
5.69089 -3.98475
0.589483 -3.30601
-3.70145 -10.81
0.269229 -3.41946
-1.80653 -6.07964
-11.4378 11.8759
-0.658253 -4.40032
-2.29585 2.31393
4.01245 11.5976
-0.598584 0.445153
-5.47729 -7.16077
1.00055 3.69379
0.830211 2.57518
-2.37195 -8.46447
-4.6423 3.74258
0.216015 -3.37286
-3.64151 -1.48617
-1.059 2.24295
4.88323 1.35404
-2.92658 -6.2029
1.18021 2.67253
-8.4954 19.5948
7.07626 -5.4909
4.29289 4.53553
4.93428 12.4474
-5.72898 4.67199
0.99344 3.57717
1.40715 -5.18992
-2.52494 -3.4899
2.2968 5.4525
6.30926 0.328756
-4.21794 2.50501
-1.94316 8.97379
1.15632 4.33141
0.156885 -1.73885
3.46159 3.77777
-0.754479 1.81124
4.24026 -2.94177
0.550157 1.53677
10.3712 -4.52127
-0.458206 2.45941
0.591345 2.90456
-4.37604 -2.35139
-6.326 -0.177339
0.00536134 -2.46939
-0.573368 -1.31261
3.02907 6.5948
-0.843872 -1.30276
3 2
2.11033 -5.97027
-1.10527 -5.95663
2.7801 -2.83203
-4.60648 -1.55863
-9.31334 7.73965
-0.822553 -4.29778
-0.0157979 0.224781
3.43475 -0.0752515
4.63225 5.67754
1.25511 -0.416256
-1.12332 -5.72893
-0.995392 0.644566
-2.22391 4.14072
2.91514 1.68424
4.83319 -0.714795
1.04138 0.895455
-7.31076 7.97357
-1.68689 6.86206
-3.32767 -0.5516
-6.32916 1.4899
6.90069 -1.01841
7.10612 1.72167
-1.17389 7.05318
-0.924736 3.17786
-1.22183 4.29289
-6.1966 8.6917
2.83695 9.94411
-4.92022 -3.36542
14.7687 -26.5023
-1.34048 0.515971
-1.41214 -1.43931
-10.991 -4.03103
-0.622395 -6.16626
0.286464 -6.67171
2.86648 5.81108
-2.48925 -0.187367
-0.237972 -0.565837
0.156875 4.11587
6.1768 4.6598
1.66131 0.290933
-4.10512 1.19291
-11.18 -1.45543
2.8847 2.76995
1.60715 1.18044
9.16212 -5.07766
-5.91971 10.8318
-3.73396 0.973782
2.70177 -4.79013
1.4424 -8.05723
4 -9
-3.17113 5.91375
0.655082 -2.4445
0.477076 -10.6461
0.145466 -6.51238
-1.43749 -0.535759
-1.30428 1.71294
6.48797 -1.09343
-4.83447 -4.95566
5.18752 -4.34821
0.102621 -1.22451
1.73057 -4.34834
-1.64083 -0.666698
-0.276138 -2.77143
-0.769623 -5.66718
-2.85814 -1.57027
-0.805516 -5.67318
1.18859 5.47138
-7.7517 -2.27667
-10.8121 12.5553
-4.8267 -10.3012
5.92515 5.79984
-12.3075 -2.09919
6.30821 -5.16647
-6.34129 -2.59456
5.70711 -2.53553
-2.96859 9.03591
1.4609 7.79824
-6.75708 -10.2758
-3.71271 -4.15498
12.5652 -4.92361
5.22005 -7.10366
-1.71891 -14.8095
12.9028 -7.27714
6.23796 -4.69156
-23.4804 -5.90968
-6.95686 -3.52618
-18.8445 1.78764
-17.3756 7.6107
-31.534 -74.2292
34.1056 -48.0346
49.5304 35.9816
65.8254 59.1387
-96.3551 45.2873
-129.034 68.7676
-88.2828 -351.809
27.1752 -251.509
214.929 -569.532
738.987 -428.008
-368.932 -1896.43
