21325 23058
1858.25 -5642.32
-499.94 778.017
-142.633 -105.947
-338.942 -395.401
13.1079 -176.039
7.09429 -176.188
10.3399 1.04418
-62.827 19.1077
-36.7831 -36.8648
-59.951 -67.1629
25.445 -24.6922
-26.2071 -60.5157
0.0461097 -21.2695
-4.05585 -21.614
-9.58246 0.121069
-54.8695 -12.5243
5.64583 -24.8995
-3.19029 -11.579
12.6297 5.28575
-15.5521 -2.67281
-14.5473 -3.64826
-18.391 -8.60741
6.11754 -17.6884
-1.81518 -3.03957
-7.94975 -1.70711
-8.93057 -5.99606
-8.95803 -0.00560506
-0.607357 -4.87238
-11.7881 14.7559
-0.0421999 -1.21818
-0.410685 3.97275
0.74911 6.01438
-2.08169 10.3698
-4.48771 -4.32566
-4.54815 0.699115
0.64925 -4.62538
-7.57344 5.38929
-16.7737 -1.04569
-5.21967 -9.77935
3.48662 -11.818
6.77548 2.9961
0.423309 -12.0954
-7.11125 0.411255
-6.86921 20.3309
6.63022 -9.41269
1.52123 8.89654
2.28667 6.84321
1.0218 7.33084
-2.93831 1.72253
-4 -3
-9.01129 -4.13653
2.60022 2.29998
1.56203 9.66775
-1.88952 0.575509
-2.30712 0.0556011
-5.32672 1.30546
-3.23311 6.58997
3.63264 2.52988
-1.7418 1.85474
0.647508 7.70759
-2.70708 1.61271
1.31894 1.13509
6.01804 -0.347769
7.24575 2.51577
3.87748 -0.908581
-3.02589 4.11449
-4.50995 3.19093
-0.315431 3.26242
-3.49741 4.29483
6.15366 -8.61463
0.556816 0.481296
4.94674 -8.16581
2.51814 -2.41843
1.00134 0.383346
0.535534 0.87868
-2.13011 0.546787
0.884982 1.17999
-2.86771 1.00916
-1.8417 -0.155379
4.35645 5.21201
-0.271113 4.47801
2.69143 -3.16477
-2.88011 2.18386
-7.83214 2.8052
-2.90353 5.09201
0.311991 -1.55044
8.79942 -10.6593
0.626706 0.885887
0.960162 -3.22866
-3.82612 -6.85028
-4.23635 -1.91116
-4.8583 -4.84219
-0.20244 -5.25351
1.18171 3.50906
1.36296 0.316737
-6.42297 -2.93234
3.27188 -3.56748
-2.46436 -7.58668
2.2896 -0.697925
1 -4
-3.13794 0.864784
-6.34512 3.45707
2.08754 -2.627
0.664928 0.128688
1.53212 -0.0972636
1.12061 0.308729
-1.7658 0.361627
-9.56592 2.44152
1.6286 -2.33671
-5.94258 3.17279
1.7795 3.5254
2.40434 -3.10078
1.19518 -1.83411
4.33383 2.416
-8.81694 14.299
-2.5342 -1.82379
1.4925 0.672891
3.96705 7.86807
-0.736903 3.67253
-2.97449 -6.6497
-4.5476 1.11523
-3.84558 -5.98762
3.1336 0.0435547
-0.177264 0.214023
1.94975 -0.292893
3.5364 1.222
3.91099 2.77308
0.933202 -5.40526
-0.495294 -1.86553
-1.1115 11.7582
0.908438 -3.05362
0.795058 -6.00701
-2.03592 7.62808
0.0757168 0.372955
-0.511437 7.8777
5.78849 3.92391
4.79952 -4.9588
0.918468 -0.488377
4.98236 -4.4172
2.20659 -4.32563
-4.29713 4.60776
0.854 -1.96631
-8.47284 9.15503
-0.515991 -0.0564661
1.8544 7.63446
-1.72718 7.19123
2.05904 -2.19517
-0.509584 -3.9762
-7.24612 2.5722
2 1
1.56705 0.210974
6.27032 6.25798
-5.47092 4.28847
-5.45217 3.93772
-2.39847 7.3423
7.8322 2.2507
3.0861 8.02944
15.4787 -24.9777
-4.88584 6.39358
0.131418 -9.74434
-5.56798 -6.35866
-3.40754 -7.77559
-3.59187 -0.430812
-4.14739 11.3979
-11.7132 -3.34202
2.77421 -2.2968
5.45351 -7.67394
14.1366 -5.49412
-1.73286 -1.81038
8.88858 -9.74507
-6.55884 -5.30118
2.80515 -3.47093
-6.56047 -6.32041
-7.14073 -1.85327
-6.53553 5.12132
4.64153 6.10803
-1.37184 8.0923
3.65749 -0.73009
4.74923 -13.9953
11.698 8.29084
2.34168 -9.6641
-1.93248 -20.5375
3.81637 -14.6565
-7.48047 2.21017
-6.38532 9.07344
-23.6911 34.35
-26.6734 -29.6921
-14.5218 -4.53238
93.1291 -56.2224
47.8311 40.66
1.42251 -2.12451
-15.1716 24.9298
-97.42 -101.429
-147.616 51.4805
-87.1984 -306.712
-20.4644 -185.483
287.922 -494.659
721.282 -402.409
-599.114 -1619.22
