18515 22194
2885.54 -5956.53
-352.808 544.489
-103.596 -115.85
-507.505 -246.353
59.3319 -243.095
-27.6615 -159.577
11.0723 -73.1129
-11.9747 3.99585
-50.9649 -40.0542
-55.8739 -11.4164
-15.2999 -41.7021
-8.68677 12.493
-5.16635 -25.3051
-42.5272 -35.037
-2.82728 -9.28366
-0.897612 -2.10864
-23.5671 0.000125651
1.56389 -16.5611
4.64226 -24.2914
-7.5066 4.33223
-1.1377 -1.65017
-33.3328 -1.49702
-11.3472 -14.7479
3.92558 -5.65996
-4.12132 0.707107
-4.3784 8.29886
-18.7734 -9.59139
-12.071 1.07228
-5.96111 -3.68598
7.51957 -3.03486
4.05165 -4.92348
1.0637 3.28967
-2.24869 -7.16465
-4.41374 -2.91289
3.72726 2.27593
9.85625 -10.1204
5.59574 -1.12255
0.781286 2.87609
-5.02305 7.35549
-14.0949 9.60938
-3.36376 -5.43798
-5.42077 -10.2726
-5.54737 -1.46746
-1.25234 -2.6998
-3.32219 -3.87421
-0.699285 5.11769
-1.96566 -3.5831
-5.6138 -2.63607
1.67965 -2.21597
8 3
-4.57464 1.13977
0.270311 0.0918044
-6.54384 -0.294411
1.87007 0.0880176
1.1979 -4.79566
-1.59781 -9.66882
1.68327 -0.524379
-2.55134 -1.84952
4.16243 -1.31691
2.382 -7.20919
-0.814275 3.40778
-11.5303 27.3663
2.53668 -0.762846
-0.202297 4.1827
6.14749 3.66075
-1.92899 4.60654
0.730164 5.89818
1.54693 2.46958
2.00832 2.71714
0.188633 -0.471717
-1.1171 -0.615625
-2.34395 4.91946
-0.0346108 -4.37126
-0.72927 5.93748
5.53553 -1.05025
0.847322 -0.882235
2.74954 -0.919033
0.01391 2.56174
-9.39307 17.3047
4.24376 1.08482
3.97886 4.31469
5.22409 5.37288
6.66056 3.76282
0.498133 7.93463
0.341376 5.53931
4.58152 -0.481922
-0.409296 4.96411
-1.46101 -0.477497
6.61579 -1.63909
-9.43109 -2.90986
0.747248 -3.42355
1.06611 -3.91666
-3.03992 -1.25475
-2.97805 0.350776
3.85396 0.30219
-0.817483 -2.68375
-3.04267 0.278486
-9.05169 -6.52107
-5.09903 2.54564
7 -8
-2.01529 -4.526
-1.4117 -2.64622
-0.373168 9.90983
3.80917 -3.14704
-2.67782 7.15999
-7.85192 7.70819
-8.86875 1.01742
-0.386073 -0.583496
2.73715 2.17891
-4.5317 -1.93935
3.38589 3.15274
2.17803 0.938687
-5.25077 1.01902
8.08209 0.803843
-0.0926378 -1.87249
-1.39097 1.07063
2.47299 3.39957
-0.449062 -2.34815
2.60048 -2.96826
2.79068 -4.79303
-3.36724 2.43047
-0.243313 -1.02322
5.67132 -11.5882
-1.39209 1.63181
0.12132 -0.707107
-3.92135 -2.465
-3.83183 0.63081
-4.5472 0.0489054
0.977514 -2.44487
-2.76785 -1.96554
5.05337 1.1698
1.47517 -1.18199
3.9623 -3.03438
-4.02168 1.29716
-0.541855 2.86396
-5.59562 1.51511
-5.51169 0.624452
-1.95542 3.29032
-1.43072 -3.07279
10.8885 -26.6794
-2.61562 5.9309
-5.57038 -7.32604
-3.98914 -5.97825
0.296301 -1.27507
-0.679375 -2.64689
5.00359 -1.32464
-4.56946 -1.82726
-2.47152 -0.5152
-0.672891 -1.26653
-2 -1
3.97726 2.0486
-4.51731 -4.52411
5.55938 4.03845
2.78426 -2.0724
-6.96292 2.57216
-10.0265 0.777472
-7.06847 6.2858
0.626488 -0.725241
7.10148 10.8171
-7.93954 0.0988194
-4.79068 5.45477
-4.82429 2.20523
3.27596 3.12953
10.3421 1.69792
6.8119 -0.142443
5.46875 2.22836
8.93215 -0.927026
4.07393 6.15096
9.01574 5.45704
0.0728047 3.29177
1.46057 -1.26347
-2.45855 0.642296
-8.52542 11.3849
-9.23474 -7.42263
-1.53553 -10.9497
3.75905 -16.0456
19.9562 2.81111
-10.1053 -1.08071
3.47114 14.8825
-12.7639 -2.44368
2.54022 -6.4547
11.1743 -7.88317
18.8848 -19.4713
-7.95792 19.4402
8.04676 3.39826
-50.4384 -10.8638
21.1306 -24.519
53.8632 -54.1533
33.7091 2.74958
-1.1765 36.4459
-24.124 13.0037
-71.5791 28.745
-55.177 -58.3631
-180.957 -118.231
167.646 -250.062
17.8754 -344.476
340.097 -306.223
843.822 -94.4766
-260.215 -1965.73
