17009 21962
3844.6 -5123.38
-745.659 701.233
-170.444 -250.089
-314.48 -465.554
171.958 -184.867
6.98502 -119.263
-21.0412 -59.7879
29.0585 -19.7457
-0.20235 -90.9627
-2.02932 -31.6986
47.0572 0.424279
-44.9582 -14.706
-12.9868 -10.0074
-32.6357 -27.0437
-30.474 -35.9465
-2.19833 -11.1434
-6.78923 -16.2348
-8.32496 5.36507
-21.8659 -6.23983
-26.2671 -25.0947
-17.0415 -6.25768
-8.28815 -14.0089
0.482945 0.997432
1.11585 2.52441
11.2426 -2
-6.76847 -0.529291
2.86893 -1.92052
-0.422434 -5.36947
6.54878 7.01004
-19.3482 0.784079
-4.87172 2.70328
-10.2103 -2.29318
2.02946 -10.901
-13.7245 0.113755
-9.81624 -12.9313
-6.34272 -6.80282
2.87919 0.860155
-5.86181 -9.06455
-2.92075 7.39682
-4.13969 -2.00953
-6.30425 7.70015
4.63042 9.95099
5.60028 -3.95513
-2.22002 4.56684
3.71155 -2.49804
-5.70964 0.891995
-4.0792 -4.10649
-2.564 4.63141
1.75378 -6.79431
-7 2
-0.0366652 -12.968
-8.95667 -7.75486
-1.00235 -7.58114
7.49627 -0.429747
1.96833 -0.981632
-3.39044 2.09714
-14.4612 20.1891
4.26334 -7.50426
0.893239 0.169737
4.38117 6.63663
-3.28635 4.17666
-8.77163 4.38006
-6.2417 -2.66474
-1.39028 3.0426
-3.30292 1.72066
-2.57715 -0.417151
0.923287 2.49745
2.84852 2.51186
-5.28866 4.10174
-3.19279 -3.02015
1.87611 4.14659
-1.87494 -2.31117
-3.47846 -0.781033
-4.24199 -0.948149
1 -2.92893
-2.5729 -3.27414
4.90924 -2.02941
4.28188 -3.21319
1.67549 -0.872512
-2.41128 4.81375
-4.44443 8.3516
-3.47422 -3.22112
-1.28064 -2.04983
0.740329 2.29146
-1.86618 -2.89553
6.43061 -4.63613
-0.249407 3.91785
0.652651 4.60678
-4.7287 11.8865
2.50145 -2.71784
8.92327 4.40336
5.36218 5.74101
-5.18857 -1.47285
-2.83889 -0.875607
2.16885 6.20089
1.9665 3.34921
2.24693 -3.02693
-0.393509 -0.50845
-5.00533 1.49315
3 4
-3.18094 -2.57688
-1.02605 3.29658
9.17784 6.5446
-0.611931 1.53938
-4.19464 6.49257
-0.565934 -3.68955
-3.71174 5.26157
8.32119 3.62148
4.20001 0.611697
-5.06537 2.2936
5.00469 2.2929
0.223428 -0.927705
4.6306 -13.1424
-2.90685 5.47446
-3.26828 0.742649
-0.10992 -5.59069
1.90505 3.27828
-1.10872 2.53816
3.83504 1.50687
2.11949 -1.34162
5.6817 0.935298
2.09464 5.07787
1.68603 0.512329
-2.05569 -1.99654
2.75736 -2
-0.610911 -0.0055649
-2.80001 -1.03497
-3.91307 2.64815
-1.17547 4.16284
-1.52166 2.53508
-8.86632 4.83725
2.909 2.29191
-5.93522 1.42169
-0.610843 1.57202
-1.23172 3.509
3.92825 -1.20757
1.68357 -6.01616
0.659808 0.112668
4.75828 1.94307
-0.492626 3.59944
-3.11231 1.88021
-4.34272 -1.55361
1.29413 5.37751
-0.445278 -2.58945
13.2044 -28.2785
-2.55596 3.45308
-7.21575 1.37238
-10.7179 -0.0830164
0.0739271 4.94173
3 0
2.46042 -1.75461
2.16531 -0.167162
-1.20036 0.391516
-0.753796 0.190071
8.24134 -5.55525
-5.09355 -6.37138
9.61488 -11.1942
0.878913 -18.4445
5.8031 -13.2169
-9.56851 -3.46261
3.46444 -8.64823
-13.6249 1.94434
-2.50615 1.16552
-1.40831 -6.69758
-5.84958 6.54982
7.20238 2.56761
7.58488 1.05032
-2.96568 5.44104
2.71751 2.64069
-6.95048 -10.1187
12.3366 -7.79063
9.15217 -6.92795
-1.36277 -12.6657
4.26652 -3.78559
1 -17.0711
-14.0129 -2.62701
-10.6334 -13.5111
-9.2289 -5.40837
-0.86404 3.49121
-5.62141 30.8586
-21.6208 21.029
-5.42738 7.40551
-13.2131 -7.99668
0.768026 -15.4362
12.3399 -22.224
-9.1907 -19.7991
25.181 -20.4516
-8.64432 -52.2836
48.7425 -46.6673
49.6064 -0.0575365
-17.606 6.68468
8.69861 43.5683
-57.9771 -8.09189
-222.657 -25.8895
90.4117 -165.038
53.6492 -332.612
293.721 -173.63
1014.69 -245.327
35.397 -1643.29
