18559 21467
3919.9 -5394.3
-1106.93 581.921
-194.473 -273.44
-316.05 -554.146
33.3568 -111.3
38.3587 -247.397
18.5591 -72.8959
-12.8909 -8.18187
36.7516 -8.23735
-46.217 -27.5324
-50.0951 -25.8231
17.5563 -76.0779
-9.58818 19.4785
-31.7242 -10.139
-39.4872 -60.7047
-14.1505 -47.6182
25.5369 -12.0044
5.27725 -0.165972
-14.1741 -3.92381
-4.34599 -21.3131
14.3875 -32.0162
-1.95877 12.8299
-27.4195 -20.4928
-0.533132 -8.9449
0.292893 -10.364
8.06111 12.8353
-9.09745 4.7363
-0.409335 11.2381
-9.06769 9.67251
-17.2829 3.70753
-13.3343 -10.7818
-3.58074 -14.0174
-0.148058 -8.44951
12.4808 -1.01469
-5.34946 7.54373
-1.90253 2.67062
0.489509 2.95531
-7.11919 -5.47671
-4.32628 8.52344
0.709678 -7.49135
-8.31454 -4.53298
3.01233 -16.865
-6.17706 3.17831
1.87047 -3.42952
6.7269 7.07477
-3.96971 0.358716
-2.65743 0.634431
3.52765 0.860964
-5.40045 0.942613
-8 -2
1.68824 6.14329
-8.78033 5.2339
1.85791 -2.67272
3.14863 -0.267446
8.19232 5.35191
-3.23177 -0.962493
-3.36981 -5.09131
-4.77568 5.72081
1.41684 1.17653
-6.23575 -0.364944
-1.97272 -0.472033
-5.81803 1.87434
-0.610654 -9.4883
-2.2568 -2.93259
7.12989 1.37123
-6.9857 -7.80769
-6.7519 -2.0986
1.14051 -0.392845
4.65742 -4.28745
-2.09098 7.85478
9.44696 4.04721
-4.70612 6.27899
-4.21379 2.63738
-2.43129 0.903658
1.12132 -4.12132
3.65469 1.80741
-1.19854 0.41301
-3.81936 0.644734
9.62935 9.26411
2.88821 -1.20286
-2.03424 -1.49953
-7.5542 -3.74809
1.15683 0.710598
-0.811853 -7.94023
-4.26875 -0.246106
8.94023 -4.04922
8.77143 -6.16125
-0.271132 -6.53324
2.41638 5.18678
-16.6158 19.9144
9.90707 -10.5434
-0.249509 5.07185
7.93326 6.37761
0.160796 7.43759
1.67115 1.11103
4.4506 4.57675
-1.70764 0.126884
4.41359 3.44282
4.36829 10.0252
3 1
-6.61163 2.52456
8.99432 -8.38269
-4.85255 1.26009
11.0589 2.06835
2.74577 4.61614
1.81635 0.685343
1.24669 6.74274
1.91896 2.36395
-8.92388 10.8047
1.30522 7.58055
2.93001 -0.828883
14.5778 -14.2358
-1.27704 5.35628
-3.4583 0.384865
-4.79693 -10.6889
-4.83966 -4.47058
9.1591 -2.62245
-2.02118 -1.56238
-0.436942 8.05301
5.96589 4.67499
1.01009 -5.11633
-8.43506 -2.53397
-2.34357 -6.64789
4.19898 -2.10867
1.70711 2.36396
-0.0780045 -4.03588
0.00887688 0.264057
-0.0920977 -2.19486
7.81516 4.39934
-7.26525 1.45627
-6.98931 2.28401
0.156498 -1.376
-0.020949 8.12782
4.0805 -9.08548
7.74509 5.5418
-5.03989 5.44802
-9.21205 2.8343
-1.24299 -4.35114
0.27424 0.06188
-12.5626 3.54528
1.76237 -7.57225
-3.74943 -10.3406
2.82999 6.28136
-0.390776 2.12433
8.00337 -0.0561923
2.10337 1.01079
0.378721 3.84188
-10.5072 -5.12616
1.64968 -9.95756
-2 2
-4.27381 6.14545
-2.03821 -0.683238
-1.06969 -6.76655
8.42301 2.33038
13.7569 14.7318
-1.96499 1.96821
-12.2308 -10.7317
-4.5535 6.0313
2.99905 -1.07717
1.43622 2.01921
-5.28021 -8.09276
6.77153 -8.03869
8.12028 0.956984
9.13829 11.2021
-12.522 -4.46082
-0.532944 5.36606
-3.49455 -7.6926
1.55927 -4.83172
1.75855 7.84194
-1.90194 -6.83824
-0.504288 -9.4476
11.3034 2.62704
-9.83919 -0.602826
-4.58943 -8.46681
-3.12132 0.12132
0.0060191 -12.3797
-4.95426 26.0399
5.89444 -22.9552
29.9146 -5.60179
10.1444 2.13278
32.0259 20.5054
-18.3161 9.61437
-15.0338 1.00036
-6.82259 -33.7403
6.82808 11.0013
12.3541 28.9382
-30.7338 -19.8695
-29.8751 -34.8894
37.9515 -62.551
100.069 -16.1429
9.07426 82.9013
-24.1757 -4.10114
-90.7919 -82.7178
-73.7973 69.3075
-29.7319 -338.887
9.45198 -364.226
340.168 -365.931
1069.57 -364.954
-674.941 -1801.42
