20417 23011
3499.57 -4993.72
-560.185 551.213
-114.125 -60.757
-419.236 -433.589
73.7788 -232.227
33.9257 -195.688
-1.55165 -74.5687
-28.9103 -12.0508
20.7812 -42.8785
-45.4112 -49.6431
17.3978 10.9052
-8.21523 -31.4157
-24.9877 16.0187
-18.1105 -17.5449
-15.9931 -6.09482
-24.4316 -14.9618
0.136528 -7.28816
0.162052 -31.383
-9.01067 13.2389
-12.9106 -0.630486
-7.00224 12.3908
-12.6641 -13.9204
-7.81598 -13.8829
0.185701 -7.38461
-3.70711 4.12132
-5.80404 -9.83397
-13.7524 20.5681
-5.69094 -4.55813
-6.40019 13.0519
-0.684973 -3.94935
-7.84373 -3.11058
-4.93755 3.41683
-5.33801 6.13177
-5.61684 -9.11822
3.09428 0.332559
4.45627 6.12335
-2.7636 2.13528
-1.15677 7.90984
5.60206 10.3217
3.03681 -2.71113
-6.15403 4.49872
4.84365 -5.80478
-8.12689 -1.8547
3.51164 -10.2789
7.074 -3.63457
-4.65834 -17.3777
-0.712817 -2.81094
-15.5522 13.5883
8.02288 2.90752
-2 4
4.13589 8.94359
-1.45681 8.84175
-5.93131 2.65947
-1.4519 7.97093
-5.47883 0.716974
1.15503 5.03859
-1.41343 8.21451
-7.01977 0.350759
7.44894 -3.85827
-0.514159 -6.9472
-1.0617 5.10123
-0.509738 0.068068
0.801714 0.0244518
2.11122 8.67549
2.8177 4.87763
-4.62255 -2.82621
0.183905 -0.588706
1.15507 1.85834
5.50274 -0.332806
-2.20357 3.27559
-1.29639 -1.02982
1.91911 -1.94575
-4.29217 2.10227
1.27674 -10.5153
-3.80761 0.12132
4.3396 -3.72079
2.25476 0.171107
1.79325 0.374061
-0.362612 -1.88691
-3.93085 -0.866554
-1.74546 5.93834
-1.38371 -1.81434
-3.57178 0.205967
-0.0112559 -3.34929
-4.91917 1.97907
-1.75463 -9.08671
-0.696777 1.56971
2.27359 -4.13211
-1.5948 2.10374
-0.421567 -0.571679
-7.63703 0.974381
-3.39376 -0.772436
4.87105 7.65072
2.48784 -4.72443
4.53978 -12.6138
-2.85028 -2.34574
0.0115353 -3.17628
-5.49347 -7.60623
-2.97598 -4.71975
3 -1
4.8051 -8.36081
-5.67798 5.99221
9.0321 2.16667
-2.85704 -0.657106
1.35761 -0.684997
3.19337 8.14501
-2.6063 8.22481
-0.247954 -2.00151
-3.44268 0.923139
2.45594 4.06186
0.601016 6.47251
-3.41994 4.22129
-2.26693 -0.0117031
-2.97047 2.93313
-1.5894 -0.242819
-1.42027 -2.56873
-3.66026 -5.01227
2.45178 -1.93793
0.606677 2.05631
7.93085 1.48459
-1.16391 10.0259
2.85478 7.95655
-0.755043 2.15909
-3.34671 3.25064
-2.29289 -0.12132
-1.04006 0.61253
-1.04622 1.61149
6.01263 -6.63486
-3.84571 0.117542
-0.581605 1.31369
3.57058 1.10858
7.34253 -5.57307
4.49618 4.12433
2.60406 6.81162
-0.121635 2.57241
0.00711444 -4.84941
-3.4711 -1.68705
-2.71114 -3.33003
1.8048 -4.64647
-3.48584 -3.14297
4.77955 0.766277
-7.51246 11.0657
-0.51795 -10.6128
7.86066 2.68065
-0.544734 1.03463
-3.53153 3.31519
1.08984 2.31897
-5.97442 -0.549878
5.06829 6.90842
-10 2
-3.28899 3.03503
-6.20415 13.2421
-3.04887 -0.449547
9.55749 -14.8605
-3.39855 6.06139
3.06381 0.271606
-6.98393 -6.51219
10.2881 0.641953
-0.697271 2.84768
0.963187 1.0931
1.84869 -4.85512
2.05583 -11.1373
-7.12426 3.19265
3.34682 2.978
-2.67875 -11.8113
-3.3682 -5.16482
1.11319 -11.5329
0.785216 -8.98336
0.401852 1.45812
8.41442 -0.0989072
10.5247 -3.36987
-2.36493 14.6281
-18.1716 2.90303
-21.1263 5.20008
-22.1924 -4.12132
1.77344 -12.8446
-5.09862 -16.4324
13.2703 -7.92822
21.7323 -19.2508
8.91065 1.72066
0.640322 1.59926
13.5935 19.0173
2.51692 6.5823
5.86543 17.3781
-20.8854 6.46616
-30.1848 16.8884
-29.4168 -46.1294
-1.08778 -27.8588
35.6794 -61.6943
30.4326 -20.3881
28.9511 -16.7302
59.2139 23.5489
-42.7768 -33.8774
-67.6906 70.3558
114.947 -216.732
5.23055 -176.716
363.744 -303.612
791.887 -135.219
-112.181 -1897.19
