18351 22314
375.494 -6904.82
-533.556 1187.25
-414.459 -126.585
-609.521 -345.616
-26.4482 -153.557
-0.345197 -141.03
-49.7924 -49.7985
-54.9234 5.60921
-12.7706 -84.0956
-16.0175 -3.10996
4.19362 7.71279
-85.9483 -16.4121
-37.328 4.5549
-27.0316 -14.3919
-13.6563 -37.6985
2.66025 5.78148
-0.526927 3.56415
-34.6677 8.91459
-1.0343 2.56153
-12.4409 -15.8288
-18.7288 -2.98821
-4.34225 15.731
-3.32743 -4.42422
-8.53126 -1.93844
5.70711 -3.70711
0.14627 -6.71517
-4.3464 11.0213
0.446769 6.11687
-5.3819 -7.9723
-7.17993 -4.103
3.22749 -3.2443
-8.13738 -2.80716
-2.73677 0.697527
-0.0724425 -2.52649
-1.47474 7.95948
13.1521 -1.18042
2.62617 -3.79974
-10.6205 -1.07776
-6.37579 4.8364
-6.65688 0.333542
-3.10936 -0.702949
2.14299 3.1987
-5.36027 -5.07499
-2.91701 -6.19531
2.27725 -7.53295
-3.33689 -3.25266
7.5337 -7.98017
-1.46112 3.7449
-7.86656 0.970584
6 1
-4.7622 -0.668105
2.86692 -1.71184
3.07866 -2.98581
7.91891 -1.06126
0.993664 1.898
4.14594 2.06355
-5.2785 17.1031
8.55715 -1.15315
1.70724 0.0575919
2.55493 13.2536
1.70202 2.11249
0.646091 -0.928713
2.6383 2.83942
1.09929 7.89073
4.25019 -2.42296
-1.23235 5.18193
-2.71044 -7.96504
-5.54603 -1.01026
-0.887933 -6.89912
8.76352 -9.1888
-6.1447 -4.71959
-4.88018 -4.24947
-9.60279 25.9741
-2.75892 -2.61528
10.1924 -2.29289
8.59614 7.80674
-3.04126 1.17638
-4.48085 1.88467
-2.34095 1.62683
-2.51869 3.80162
3.72922 8.59809
-0.954095 -2.59485
2.11551 -3.53852
4.72841 3.75599
6.71639 -4.49932
1.91967 -0.890064
1.83771 8.69385
-1.86777 7.80965
6.50014 -6.94125
4.07321 2.87389
-2.7559 -0.998299
-9.00506 1.49654
2.50971 5.93873
1.22213 -5.30701
-0.00692245 0.827612
2.74388 4.83634
-1.31869 -3.94114
0.538879 -4.52278
-1.2136 -6.41138
-1 4
1.54573 0.951776
4.55433 7.45334
3.54965 -3.40811
2.96646 -5.57035
-7.50881 14.0525
-1.06933 -2.54044
-4.9867 4.06098
-3.80557 -5.13193
-5.09425 2.319
7.96708 -2.58221
6.14317 -1.51033
-1.51753 -5.25375
-3.68631 8.84883
2.42272 1.653
4.35633 7.86296
9.05535 -0.750729
1.18278 4.12452
-2.85341 4.02956
0.694558 1.76185
-3.24524 -6.32949
0.782874 1.67346
1.02039 1.47797
3.40422 0.418799
4.61269 3.18532
4.29289 -2.29289
-9.67604 -0.53723
-1.81562 3.55347
0.355056 6.60611
4.50768 -20.0393
-2.64845 7.91013
-0.168932 -7.75078
-8.65882 -13.3772
0.218473 -5.87402
3.94437 -2.07582
-1.96288 -6.36309
3.02142 -3.46604
-0.757081 -4.68884
4.39847 0.758272
0.249895 -0.162417
-2.31886 -6.83715
-2.20975 6.27994
-3.57691 2.24269
8.22765 -2.50703
0.435457 -3.01385
9.97152 -14.808
-4.75003 -0.205854
-5.44027 2.46808
-5.96 -0.953012
1.07719 5.63246
0 5
1.41105 3.26436
-2.54035 -2.55382
2.91566 -4.46875
-2.58298 6.50368
-8.57676 -0.485531
-0.297228 10.4679
0.949336 8.10963
0.888828 -0.926364
-3.86049 -4.82835
-3.57919 -11.8057
-10.2068 1.32842
-4.28595 -2.95437
6.5563 8.53221
12.9497 -6.2652
13.7682 -6.3636
2.0085 -5.72245
-9.42091 -4.33464
-4.8561 -3.49393
-12.4021 6.99639
8.59272 -3.67406
7.34907 5.03936
21.3448 -8.75176
6.18693 -9.22545
-6.30453 5.12942
-8.19239 -3.70711
-6.64679 -5.56332
3.16879 4.36541
3.92871 -3.26365
-20.5433 -6.99195
8.20483 -4.58762
27.8946 -29.2437
1.67768 18.5503
-19.5803 34.8673
-24.9848 8.52906
-33.0266 -18.8681
19.317 -17.7185
12.0329 -34.1827
-48.4147 39.6941
-10.9683 -32.5419
20.4493 -24.126
40.3756 16.0222
67.9189 60.0391
-82.4854 -3.61716
-81.5427 76.8759
-161.672 -348.001
-242.679 -280.168
10.3184 -486.476
692.788 -942.82
-1562.81 -1252.25
