19761 21892
-2491.78 -5911.02
1394.35 265.95
235.8 -238.126
38.9513 -750.471
-140.798 -51.5254
-96.1556 143.851
-7.99288 -103.76
-42.7875 -100.859
-20.2751 2.54507
-16.3573 45.9395
13.7633 -59.5086
-8.40191 -11.1341
-18.9336 52.9792
38.4108 6.67797
21.7339 11.2654
-4.68692 -5.89123
-15.109 -1.00056
9.60171 -6.80403
8.51457 -11.5542
-19.1977 11.4463
7.0655 -16.5799
7.1295 -8.88245
3.85429 -9.65432
-4.11786 -25.7872
6.12132 -0.707107
1.88005 -6.70138
-3.43274 -3.43094
-9.7677 4.38352
-2.90598 -5.64435
-14.8444 -5.64747
-2.42855 -5.67838
-3.28624 5.88561
-2.47576 1.38337
8.57211 -2.8237
1.25842 -5.27107
5.47502 -0.102277
-7.05508 -7.47373
-6.40967 -0.694902
1.49613 -0.240806
-0.463187 -6.41898
-3.90595 -11.2013
-8.55926 -0.917049
0.431256 -3.25334
3.32238 3.3094
0.624089 2.53543
-0.492023 1.82289
5.17383 1.11149
-4.77595 -5.05044
-7.96407 -4.64938
-6 5
-0.314665 -0.519947
-10.1132 1.63178
-3.55959 1.8486
1.43298 4.75538
6.98883 -6.4549
-1.48213 -7.87188
-10.9707 -4.51042
2.62382 5.12042
3.0079 -0.948666
2.20171 25.3038
-13.4796 1.7973
-7.27119 7.41819
0.793939 10.5003
4.50631 3.13051
6.32445 -10.2118
-5.67896 8.10068
4.18041 2.6283
-2.15174 2.42655
-0.0558599 -2.66451
-1.12111 1.29995
2.33967 -0.901667
2.97758 0.936084
-6.05483 -4.76691
-0.763245 3.92822
0.464466 2.70711
-1.9171 -2.92847
2.35282 5.96463
3.01657 -4.51378
-3.22371 -6.31835
-7.43085 -5.86504
6.28263 3.11493
2.46357 -0.122539
0.211545 13.394
-0.366887 1.32507
-3.93455 5.4161
2.07526 13.7789
1.39479 -1.33963
3.6597 0.00188561
1.51223 8.46181
-0.96891 3.12941
0.587711 -2.11503
-3.04956 2.99043
1.50919 3.99993
0.552995 0.447243
-4.30485 -1.96645
3.16586 3.28292
-1.50195 -0.0493129
-9.40252 0.289079
4.04357 -3.77589
1 6
-4.26725 -0.0848345
-0.646336 3.78494
-4.56144 8.50809
-0.694693 -2.81222
4.237 1.47386
-3.46432 0.387589
9.36534 -7.19474
3.50948 0.618474
-3.79105 -0.0678474
3.47158 -1.57252
5.38726 -4.6617
8.37425 -1.24915
-2.84369 1.57879
-0.474355 -0.965348
1.03803 5.02801
9.86207 1.03125
-3.03629 -2.47385
0.344556 3.25836
-2.46924 -12.2222
4.43085 5.71915
-0.989302 4.06158
5.54839 3.47105
1.48354 -1.14978
-3.16568 9.07827
1.87868 0.707107
-5.23101 1.02393
3.67913 0.721768
1.04041 -1.36704
-0.419471 -0.074669
-2.65324 4.5801
1.00128 9.77398
7.49434 8.72628
3.11335 -1.59178
-3.55761 -1.33713
1.62524 8.43666
-0.907011 -2.68238
-0.798343 4.75097
-1.98948 7.14611
11.6858 4.45466
-10.7296 -3.50542
-2.33033 3.58484
-13.7776 -19.2575
12.2955 8.09801
5.66088 -2.51128
3.14697 -16.5528
-0.231777 -3.31718
3.09529 1.40124
-2.2844 -7.00019
2.65238 6.28854
-4 5
2.44271 4.60013
0.669228 -4.35171
0.101492 -2.51511
-2.69347 0.534279
7.49583 -11.9343
3.89407 -7.26464
4.36789 -4.64468
-2.93264 -1.29688
-3.44729 1.35976
-2.53681 -0.435124
-2.20426 -0.301312
0.194718 1.63713
4.48494 -6.24897
-1.13451 -2.47098
2.37727 7.86675
-2.87325 6.75374
-6.65766 -9.06944
4.8237 -4.10894
-0.703016 -4.74981
0.979475 -13.649
-4.51708 -4.082
1.96865 -4.0665
9.40624 2.63828
11.3135 -0.175015
7.53553 1.29289
-11.6222 4.14504
6.4682 -10.5575
-4.28552 2.66416
-12.5277 3.34531
1.72555 -14.2447
9.34581 -2.21713
19.8096 -19.1717
-13.5304 -0.734384
-18.6419 -13.7317
10.0231 -9.0022
-30.5971 20.6911
12.029 -8.71421
-3.45005 25.2685
-4.53941 -24.7832
-48.506 -34.08
-93.2266 -49.1731
-21.8755 25.8918
-138.656 98.2038
-7.09068 -43.2688
306.165 106.897
321.325 -200.351
-23.5695 -609.58
-1104.74 -353.243
1805.79 574.479
