20210 21261
3370.07 -6513.77
-942.991 773.476
-358.916 -211.372
-427.559 -599.005
122.398 -219.8
21.8139 -192.063
18.8629 -36.2832
-66.1618 -20.1034
5.09164 -111.708
-39.2757 -43.4595
7.22216 12.6104
-21.614 -62.2494
4.25619 -16.8082
-7.4643 -19.2222
-28.4551 -29.8927
-8.22382 -27.0573
0.277788 -5.45055
-21.9267 -23.9904
-17.5384 13.706
-1.09014 -11.4232
10.2486 -11.0417
10.6281 -4.79877
-14.2689 -2.37659
-9.98215 -14.2556
-2.29289 3.70711
0.421318 -7.58423
-14.5231 -3.93923
4.32765 -13.6164
-10.6975 5.92556
-10.5849 6.64993
-1.345 4.69427
-5.65492 -10.6799
-5.11037 -2.34037
6.94568 -4.22245
-3.73297 5.67846
-3.32205 -2.59187
-1.82665 2.38283
-0.0709853 -3.12798
-1.72502 -6.47201
7.96438 -0.969751
-5.08789 -2.38208
1.8919 0.860178
-2.45343 -1.63714
0.603493 -5.22099
1.714 4.48777
-10.7106 1.31428
0.716234 5.17644
-5.31985 2.34302
6.26072 -8.82437
-1 4
-0.335245 4.6276
-6.31416 1.1921
0.352783 -7.82393
-3.11268 -4.07764
-3.66529 -4.33436
5.77785 -2.51644
2.72685 -1.01731
-6.52611 -3.25189
-2.26968 -2.93656
-7.29177 -0.940079
3.70198 -1.69369
-4.12568 1.29049
-7.81 0.512289
-2.20709 -0.701562
-9.83783 5.96827
3.54813 -3.03425
2.25125 2.40273
3.83457 -2.16419
6.24865 3.38573
2.04386 -0.615492
0.254031 -2.63775
-4.59679 1.7972
2.46741 -3.16232
0.960694 1.90251
-6.53553 -3.12132
-0.182181 -3.92889
-0.119947 -0.862617
-0.519981 1.69317
-0.937488 0.985803
-0.762102 -1.66698
-3.53584 -2.09366
3.20042 -7.44457
-4.44207 -1.98481
7.57361 -3.52593
1.71591 1.81094
-3.48502 3.4943
6.65048 -4.96515
0.442672 1.51788
-5.80111 1.98453
-0.612871 -4.5192
-7.33482 -3.42963
7.55466 -2.70619
5.49649 -0.291939
-1.05649 4.08467
-4.97978 13.1113
4.17066 -3.11403
-7.06287 -3.3978
8.06574 -13.7971
-0.867823 -8.93299
8 -31
-7.48221 -3.52534
-17.0152 16.8776
6.22771 -16.0738
8.93493 -5.71152
10.6919 0.0638765
-6.88937 4.94225
-2.55047 2.74322
-4.34313 -3.8305
3.0649 -5.79854
-0.91854 3.8712
-0.699003 3.36776
-1.88747 -1.36594
3.03911 2.49259
-0.594045 -1.41258
3.88018 -4.27354
0.270772 7.47028
-0.0770411 1.88064
-5.19726 -0.863133
3.21278 5.20967
2.14407 -3.56909
-0.961834 5.46335
-1.27453 0.948899
-3.75107 -0.765066
-3.17757 2.31812
-3.70711 2.29289
-0.603036 -4.61516
3.31236 3.93058
-1.99661 -3.1467
1.9169 3.3975
0.69144 6.26527
4.55305 -3.57924
-2.42503 -1.15536
6.48765 -2.73211
3.37478 -3.42095
-5.15105 1.41581
-2.99261 -2.7691
-8.19305 6.40895
-6.19473 -4.16493
-0.119577 1.18303
-2.03446 -2.11565
-3.35883 1.12125
0.75145 8.82496
-2.18022 2.48412
3.84189 2.63063
-4.59722 3.73672
-2.19859 -4.10012
6.15616 11.6327
-1.47512 -0.577677
-1.4953 0.387457
-5 2
2.0636 -1.59518
-1.42827 -3.58593
6.92096 -8.524
-4.29275 3.93974
-4.13819 -1.41782
3.45383 2.53432
0.783422 -2.2288
2.43017 4.13806
2.00021 2.11133
-4.34635 0.205819
9.4775 0.601404
0.0302735 -2.80221
9.61221 0.175146
0.654768 4.40774
-4.33904 1.00021
3.41336 -2.66337
-4.74078 0.214999
3.69579 -4.91493
7.63501 1.7219
-4.8029 -7.28655
-12.7817 -7.39113
6.38108 4.20442
-1.52469 -0.0994769
4.43618 0.603599
0.535534 1.12132
-0.691154 -5.46575
-10.6196 2.86613
23.2322 -1.05532
4.97572 0.267423
7.41637 -9.52108
-2.51097 -28.0144
2.70408 7.0081
-6.51723 5.27856
21.8223 -0.760727
-31.7457 16.7322
8.67656 6.18777
-11.6359 -12.5301
-23.0492 -15.4242
31.9097 -86.1934
59.4596 -26.9056
26.7778 47.2034
47.4563 67.86
-64.4792 -38.5829
-144.085 129.602
-87.7578 -298.287
-96.1931 -326.131
171.514 -591.656
933.809 -549.477
-385.106 -1881.62
