110 49
111 48
113 48
114 48
115 49
114 51
114 52
114 53
115 54
115 56
116 57
117 58
117 60
117 61
117 62
116 64
115 65
115 66
115 67
114 69
113 70
113 71
114 73
114 74
114 75
114 77
114 78
115 79
115 81
115 82
116 83
116 84
116 86
117 87
118 87
120 87
121 88
122 87
124 88
124 89
125 90
125 92
126 93
127 94
128 95
129 97
129 98
129 99
129 101
129 102
129 103
128 105
128 106
128 107
129 108
129 110
129 111
129 112
129 114
129 115
128 116
129 118
128 119
128 120
128 122
128 123
127 124
127 125
126 127
126 128
126 129
125 131
125 132
124 133
124 135
123 136
122 137
122 138
122 140
122 141
121 142
122 144
121 145
121 146
119 148
119 149
119 150
119 152
120 153
120 154
119 155
118 157
117 157
116 157
114 158
113 158
112 158
110 159
109 159
108 159
106 159
105 159
104 159
103 159
101 159
100 160
99 159
97 159
96 159
95 159
93 159
92 159
91 159
90 159
90 157
90 156
90 155
92 153
91 152
91 151
92 149
92 148
92 147
92 145
92 144
93 143
93 142
93 140
93 139
94 138
94 136
94 135
94 134
94 132
94 131
94 130
93 129
93 127
93 126
94 125
94 123
93 122
93 121
94 119
94 118
94 117
94 115
94 114
94 113
94 112
94 110
94 109
94 108
95 106
95 105
95 104
94 102
94 101
93 100
94 99
94 97
94 96
94 95
94 93
94 92
95 91
95 89
95 88
95 87
96 85
96 84
96 83
96 82
96 80
96 79
96 78
96 76
96 75
96 74
97 72
98 71
98 70
98 68
98 67
98 66
97 65
98 63
98 62
98 61
99 59
99 58
99 57
100 55
101 54
102 53
103 53
105 53
106 52
107 51
109 49
