95 48
96 47
98 47
99 47
100 47
102 47
103 47
103 49
104 50
104 51
104 53
103 54
103 55
103 57
103 58
103 59
102 61
102 62
102 64
102 65
102 66
102 68
102 69
102 70
102 72
102 73
101 74
100 76
100 77
99 79
99 80
99 81
99 83
100 84
100 85
100 87
100 88
102 90
103 91
104 92
104 94
105 95
105 96
105 98
106 99
106 100
107 102
108 103
110 103
111 103
112 104
113 106
113 107
113 108
112 110
112 111
112 112
112 114
112 115
114 117
115 117
115 118
115 120
115 121
115 122
115 124
115 125
115 126
114 128
113 129
112 131
112 132
112 133
111 135
110 136
110 137
109 139
109 140
108 141
109 143
108 144
108 146
109 147
109 148
109 150
108 151
109 152
109 154
109 155
109 156
110 158
110 159
108 159
107 159
106 159
104 159
103 159
102 159
100 160
99 159
97 159
96 159
95 159
93 159
92 159
91 159
89 158
88 158
87 158
85 158
84 157
82 157
81 156
80 156
78 155
77 155
76 154
75 152
75 151
75 150
75 148
75 147
75 145
75 144
75 143
75 141
75 140
75 139
75 137
75 136
74 135
73 134
73 133
73 131
73 130
73 129
72 127
72 126
72 125
72 123
72 122
72 121
72 119
73 118
73 116
73 115
73 114
73 112
72 111
72 110
72 108
73 107
73 106
75 105
76 105
78 104
79 103
79 102
80 100
79 99
78 98
79 96
79 95
79 94
81 93
81 92
81 90
81 89
81 88
81 86
80 85
80 84
80 82
79 81
80 79
80 78
80 77
81 75
81 74
82 73
83 71
83 70
83 69
83 67
83 66
83 64
84 64
85 63
85 61
85 60
85 59
85 57
86 56
86 55
87 53
88 52
90 50
91 49
92 49
94 48
