114 48
115 47
117 47
118 48
119 48
121 48
122 49
122 50
124 52
124 53
125 55
125 56
125 57
123 59
123 60
122 61
122 63
121 64
122 65
121 67
120 68
121 69
121 71
120 72
120 73
119 75
119 76
119 77
117 79
117 80
116 82
117 83
118 83
116 85
116 86
117 87
119 87
120 87
121 88
123 89
124 90
125 90
126 92
126 93
126 94
126 96
127 97
127 98
128 100
129 101
130 103
130 104
130 105
130 107
129 108
129 109
128 111
127 112
127 113
125 114
125 115
125 116
125 118
124 119
123 120
124 122
123 123
123 124
122 126
122 127
121 129
121 130
120 131
120 133
120 134
119 135
119 137
118 138
118 139
117 141
116 142
115 143
115 145
114 146
114 147
114 149
114 150
114 151
114 153
114 154
114 156
114 157
114 158
112 158
111 158
110 159
108 159
107 159
106 159
104 159
103 159
102 159
100 160
99 159
98 159
96 159
95 159
94 159
92 159
91 159
89 158
88 158
87 158
85 158
84 157
83 157
84 155
83 154
84 153
85 151
85 150
85 149
86 147
86 146
86 145
86 143
86 142
86 141
86 139
86 138
87 136
87 135
87 134
87 132
87 131
88 130
88 128
89 127
89 126
89 124
89 123
89 122
89 120
89 119
89 118
89 116
89 115
88 114
89 112
89 111
89 109
89 108
90 107
91 105
90 104
89 105
89 103
89 102
90 102
91 100
91 99
91 98
92 96
92 95
91 94
92 92
93 91
93 90
94 88
94 87
95 85
95 84
96 83
97 81
97 80
97 79
97 77
98 76
98 75
99 73
99 72
100 71
100 69
100 68
99 67
100 65
101 64
101 63
102 61
102 60
104 58
104 57
104 56
106 54
107 54
108 53
109 51
110 50
111 49
113 48
