90 47
91 46
93 47
94 47
95 48
95 50
95 51
95 52
95 54
95 55
95 56
95 57
94 59
94 60
94 61
93 63
93 64
93 65
93 67
92 68
92 69
91 71
91 72
91 73
90 75
90 76
89 77
88 79
88 80
88 81
88 82
87 84
86 85
86 86
88 87
89 87
90 87
92 88
93 89
94 89
96 89
97 89
97 90
98 92
99 93
98 94
98 95
99 97
99 98
99 99
100 101
101 102
101 103
102 105
102 106
102 107
101 109
101 110
101 111
100 113
100 114
99 115
98 117
97 118
98 119
98 120
97 122
96 123
96 124
96 126
95 127
95 128
94 130
94 131
93 132
93 134
93 135
93 136
92 138
91 138
90 139
89 141
89 142
89 143
88 144
89 146
89 147
89 148
89 150
89 151
88 152
88 154
88 155
88 156
89 158
90 159
89 158
87 158
86 158
85 158
83 157
82 157
81 156
80 156
78 155
77 155
76 154
74 154
73 153
72 153
70 151
69 151
68 150
66 149
65 148
64 148
62 146
61 145
60 144
59 143
60 141
60 140
60 139
60 137
60 136
60 135
61 133
60 132
59 131
59 129
59 128
59 127
58 125
58 124
58 123
58 121
58 120
58 119
58 118
59 116
60 115
60 114
60 112
60 111
60 110
61 108
61 107
61 106
62 104
62 103
62 102
62 100
63 99
63 98
64 96
63 95
63 94
63 93
63 91
63 90
64 89
64 87
64 86
65 85
66 83
66 82
66 81
68 79
68 78
69 77
69 75
69 74
70 73
70 72
70 70
70 69
70 68
71 66
71 65
72 65
74 63
74 62
74 61
75 59
75 58
75 57
77 56
78 55
78 54
78 52
78 51
79 50
79 49
81 47
82 47
83 47
85 47
86 48
87 48
89 47
