124 60
125 59
127 60
128 60
129 61
131 61
132 61
133 61
135 60
136 61
137 61
138 61
139 63
139 64
139 65
138 67
138 68
137 68
135 70
134 71
134 72
134 74
133 75
133 76
133 78
132 79
131 80
130 82
130 83
129 84
129 85
127 87
126 88
125 89
123 91
122 92
121 93
119 95
118 95
117 96
115 97
114 97
113 97
111 98
112 99
113 99
114 99
116 101
117 101
118 101
120 102
121 103
121 104
122 106
122 107
122 108
122 110
122 111
121 112
122 114
122 115
122 116
123 118
123 119
124 120
124 121
124 123
124 124
124 125
122 127
121 128
120 128
118 130
117 130
116 131
114 132
114 133
114 134
116 136
115 137
114 138
112 140
111 141
110 141
109 142
107 144
106 145
105 146
103 148
102 149
101 150
99 152
99 153
98 154
96 156
96 157
95 158
93 159
92 159
91 159
89 158
88 158
87 158
86 158
84 157
83 157
82 157
80 156
79 156
78 155
76 154
75 154
74 154
72 153
71 152
70 151
68 150
67 150
66 149
65 148
63 147
62 146
63 145
64 143
64 142
65 141
66 139
67 138
68 137
70 135
70 134
70 133
71 131
71 130
72 129
73 127
73 126
72 125
73 124
74 122
74 121
74 120
76 119
76 118
77 118
78 116
79 115
79 114
81 112
81 111
82 110
83 108
84 107
85 107
87 105
88 104
88 103
87 102
86 101
86 100
87 100
89 99
89 98
89 97
91 96
92 95
92 94
93 93
94 92
94 91
95 90
96 89
96 88
97 88
98 86
99 85
100 84
101 82
101 81
102 80
103 78
104 78
105 77
107 75
107 74
108 74
110 73
111 72
111 71
113 70
114 69
114 68
114 67
116 65
117 64
118 63
119 61
120 61
121 60
123 60
