89 46
90 45
91 45
93 46
94 46
95 45
96 46
98 46
98 47
99 48
99 49
98 51
98 52
98 53
97 54
97 56
97 57
97 58
97 59
96 61
96 62
95 63
95 64
94 66
93 67
92 68
93 69
92 71
92 72
91 73
91 74
91 76
90 77
91 78
91 79
90 81
89 82
90 83
91 84
93 85
94 85
94 86
95 87
96 89
96 90
95 91
96 92
98 94
99 94
100 95
100 96
101 97
101 99
101 100
100 100
99 101
97 102
96 103
96 104
95 105
95 107
94 108
95 109
96 110
96 112
96 113
95 114
95 115
94 117
93 118
92 119
92 120
92 122
91 123
91 124
90 125
90 127
89 128
89 129
88 130
87 132
86 133
85 134
84 135
84 137
83 138
82 139
82 140
81 142
82 143
81 144
81 145
81 147
80 148
80 149
80 150
80 152
80 153
80 154
80 155
80 156
79 156
78 155
77 155
76 154
74 154
73 153
72 153
71 152
69 151
68 150
67 150
66 149
64 148
63 147
62 146
61 145
59 143
58 142
57 141
56 140
55 138
56 137
56 136
56 135
56 133
56 132
56 131
56 130
57 128
57 127
57 126
58 125
58 123
59 122
59 121
59 120
59 118
58 117
58 116
58 115
58 113
58 112
59 111
59 110
61 109
61 108
62 107
62 106
63 104
63 103
63 102
63 101
63 100
63 98
63 97
63 96
64 95
64 93
64 92
65 91
65 90
65 88
66 87
66 86
67 85
68 83
68 82
69 81
70 80
71 78
71 77
71 76
71 75
72 73
72 72
72 71
72 70
72 68
73 67
73 66
73 65
74 64
75 63
75 62
75 61
76 59
76 58
77 57
78 56
79 54
80 53
81 52
81 51
83 49
83 48
84 47
85 46
87 46
88 46
