91 47
92 46
94 46
95 46
96 47
97 49
97 50
97 51
97 53
97 54
96 55
97 57
97 58
97 59
96 61
95 62
96 63
96 65
95 66
95 67
95 69
95 70
95 71
95 73
95 74
94 75
94 77
94 78
93 79
93 81
93 82
93 83
93 85
94 86
95 86
97 87
98 87
99 88
101 89
101 90
101 91
102 93
102 94
103 95
104 97
105 98
106 98
108 99
108 100
109 101
110 103
110 104
110 105
110 106
109 108
109 109
108 110
107 112
107 113
107 114
108 116
108 117
108 118
108 120
108 121
108 122
107 124
107 125
106 126
106 128
107 129
107 130
105 132
105 133
104 134
103 136
102 137
102 138
102 140
102 141
102 142
102 144
102 145
102 146
102 148
101 149
101 150
100 152
100 153
100 154
100 156
100 157
100 158
100 160
99 159
98 159
96 159
95 159
94 159
92 159
91 159
90 159
88 158
87 158
86 158
84 157
83 157
82 157
80 156
79 156
78 155
76 154
75 154
74 154
72 153
71 152
70 151
69 150
69 149
69 148
69 146
69 145
69 144
68 142
68 141
68 140
69 138
69 137
69 136
69 134
69 133
69 132
69 130
68 129
69 128
68 126
68 125
68 124
67 122
68 121
68 120
68 118
68 117
68 116
68 114
69 113
69 112
69 110
69 109
69 108
69 106
69 105
69 104
69 103
68 101
68 100
68 99
69 97
69 96
70 95
71 93
71 92
72 91
73 89
73 88
72 87
71 86
70 85
70 84
70 82
70 81
71 80
72 78
72 77
72 76
73 74
74 73
74 72
74 70
74 69
74 68
74 66
75 65
75 64
75 62
76 61
76 60
77 58
77 57
78 56
80 54
80 53
81 52
82 50
83 49
84 49
86 48
87 48
88 48
90 47
