82 49
83 48
85 48
86 48
87 48
89 49
90 50
90 51
91 52
92 53
91 54
91 55
91 57
91 58
91 59
90 61
90 62
90 63
91 65
91 66
92 67
92 69
92 70
92 71
93 72
92 74
92 75
92 76
93 78
93 79
93 80
94 82
94 83
94 84
95 86
95 87
96 88
95 89
96 91
97 92
98 92
100 94
100 95
101 96
103 98
104 98
104 99
106 101
107 102
108 103
110 104
111 105
112 106
113 107
115 109
115 110
116 111
116 113
117 114
116 115
116 117
117 118
117 119
116 121
116 122
116 123
116 124
116 126
116 127
117 128
116 130
116 131
116 132
116 134
116 135
115 136
114 138
114 139
114 140
113 141
112 143
112 144
111 145
111 147
110 148
110 149
110 151
111 152
111 153
110 155
111 156
111 157
110 159
109 159
108 159
107 159
105 159
104 159
103 159
101 159
100 160
99 159
97 159
96 159
95 159
93 159
92 159
91 159
90 159
88 158
87 158
86 158
84 157
83 157
82 157
80 156
79 156
78 155
78 153
78 152
78 151
78 149
78 148
78 147
78 146
78 144
77 143
77 142
76 140
76 139
76 138
75 136
74 135
74 134
73 132
72 131
72 130
72 129
71 127
71 126
71 125
71 123
71 122
71 121
70 119
70 118
70 117
70 115
70 114
70 113
71 111
71 110
72 109
73 108
74 106
74 105
74 104
73 102
73 101
73 100
73 98
74 97
74 96
73 94
73 93
74 92
73 91
73 89
73 88
72 87
72 85
71 84
71 83
71 81
71 80
71 79
71 77
71 76
70 75
71 74
71 72
71 71
72 70
72 68
72 67
72 66
72 64
73 63
73 62
73 60
74 59
74 58
75 56
75 55
75 54
75 53
77 53
78 52
79 51
81 50
