94 49
95 48
97 48
98 49
98 50
99 52
99 53
100 54
100 56
100 57
100 58
100 60
100 61
100 62
99 64
99 65
99 66
99 68
99 69
99 70
100 72
100 73
99 74
99 76
99 77
99 78
99 80
99 81
100 82
101 84
101 85
102 86
101 88
101 89
101 90
101 92
102 93
103 94
105 94
106 94
107 94
108 95
109 96
110 96
110 98
111 99
112 100
113 102
114 103
115 104
117 105
118 106
118 107
118 109
118 110
118 111
118 113
119 113
119 114
121 116
122 117
123 118
122 120
122 121
122 122
122 124
122 125
121 126
121 128
121 129
122 130
122 132
122 133
121 134
121 136
120 137
120 138
119 140
118 141
118 142
117 144
118 145
117 146
117 148
117 149
116 150
116 152
116 153
117 154
117 156
116 157
115 158
113 158
112 158
111 158
109 159
108 159
107 159
105 159
104 159
102 159
101 159
100 160
98 159
97 159
96 159
94 159
93 159
92 159
90 159
89 158
88 158
86 158
85 158
85 157
85 155
85 154
85 153
84 151
84 150
84 149
83 147
82 146
82 145
82 143
82 142
82 141
80 139
79 138
79 137
79 135
78 134
78 133
77 131
77 130
76 129
75 127
75 126
75 125
75 123
75 122
75 121
75 119
75 118
75 117
75 115
75 114
75 113
76 111
76 110
76 109
78 108
79 107
80 106
81 104
81 103
81 102
82 100
82 99
82 98
81 96
81 95
80 94
80 92
80 91
80 90
80 88
80 87
80 86
79 84
78 83
78 82
77 80
78 79
78 78
79 76
79 75
79 74
79 72
79 71
80 70
80 68
80 67
80 66
80 64
81 63
81 62
81 60
81 59
81 58
82 56
82 55
83 55
85 54
86 53
87 53
89 52
90 52
91 51
93 49
