91 48
91 47
93 47
94 47
95 47
96 47
98 49
98 50
99 51
100 53
100 54
100 55
102 57
102 58
103 59
103 60
103 62
103 63
104 64
105 65
105 66
106 67
106 68
107 70
108 71
108 72
109 74
109 75
109 76
110 78
111 79
112 79
112 80
114 81
115 81
115 82
115 84
116 85
116 86
117 88
118 88
119 89
120 89
122 90
123 89
124 89
126 90
127 91
128 91
129 91
131 93
131 94
131 95
133 96
133 97
132 98
134 99
134 100
134 101
135 102
135 104
135 105
135 106
137 107
138 108
139 109
139 110
140 112
140 113
140 114
140 116
140 117
141 118
142 120
142 121
141 122
141 123
141 125
140 126
140 127
140 129
141 130
141 131
141 132
142 134
142 135
142 136
142 138
142 139
143 140
142 142
141 143
140 144
139 145
137 147
136 148
135 148
133 150
132 150
131 151
129 152
128 153
127 153
126 154
124 154
123 155
122 155
120 156
119 156
118 157
117 157
115 158
114 158
113 158
112 156
112 155
112 154
111 152
111 151
112 150
112 149
111 147
111 146
110 145
109 143
109 142
108 141
107 140
107 138
106 137
106 136
105 134
104 133
103 132
103 130
102 129
101 128
101 127
100 125
100 124
99 123
97 121
97 120
96 119
96 118
96 116
95 115
94 114
94 112
94 111
94 110
94 108
95 107
95 106
95 105
95 103
95 102
94 101
94 99
94 98
93 97
93 96
93 94
92 93
92 92
91 90
90 89
90 88
89 86
89 85
88 84
88 83
88 81
88 80
87 79
87 77
87 76
86 75
86 73
86 72
86 71
86 70
86 68
86 67
85 66
85 64
85 63
85 62
84 61
84 59
84 58
84 57
83 55
84 54
85 54
86 52
87 52
88 51
88 50
90 49
