115 53
116 52
118 52
119 52
120 53
120 55
121 56
121 57
121 58
121 60
121 61
121 62
121 64
121 65
122 66
122 68
121 69
121 70
122 71
121 73
121 74
121 75
120 77
120 78
120 79
119 81
119 82
118 83
118 84
117 86
117 87
117 88
116 89
115 89
114 90
116 92
117 93
117 94
117 95
118 97
119 98
119 99
119 101
120 102
121 103
123 103
124 104
125 105
125 106
126 108
127 109
128 110
129 111
130 112
130 113
131 115
131 116
130 117
130 118
129 120
128 121
128 122
127 124
127 125
127 126
126 128
126 129
125 130
125 131
124 133
124 134
123 135
122 137
121 138
121 139
121 141
120 142
119 143
119 144
119 146
119 147
118 148
117 150
117 151
117 152
118 154
118 155
117 156
117 157
115 158
114 158
113 158
111 158
110 159
109 159
107 159
106 159
105 159
104 159
102 159
101 159
100 160
98 159
97 159
96 159
94 159
93 159
92 159
91 159
89 158
88 158
87 158
85 158
86 157
86 156
87 154
87 153
87 152
87 151
87 149
87 148
88 147
88 145
88 144
88 143
89 141
89 140
88 139
88 138
89 136
89 135
88 134
88 132
88 131
88 130
88 128
88 127
88 126
88 125
88 123
87 122
87 121
86 119
86 118
86 117
86 115
86 114
85 113
85 112
85 110
86 109
86 108
87 106
87 105
87 104
88 102
89 102
90 101
90 100
92 99
92 98
93 98
94 96
95 95
96 94
98 92
99 91
100 90
99 89
99 87
99 86
100 85
99 83
100 82
100 81
100 79
100 78
100 77
100 76
100 74
101 73
101 72
103 71
103 70
103 69
103 67
103 66
103 65
103 64
104 62
104 61
103 60
105 58
106 58
107 57
109 56
110 56
111 56
112 55
114 53
