82 51
83 50
85 50
86 50
87 50
87 52
87 53
87 54
87 55
87 57
88 58
88 59
88 61
88 62
87 63
88 65
89 66
88 67
88 68
90 70
90 71
90 72
91 74
91 75
91 76
91 78
90 79
90 80
89 82
90 83
91 83
90 84
91 86
91 87
91 88
93 89
94 90
95 90
97 92
96 93
97 94
98 96
98 97
98 98
98 99
99 101
99 102
100 103
102 104
103 104
104 105
105 106
106 107
107 108
108 109
110 111
111 112
111 113
111 115
111 116
110 117
110 119
110 120
111 121
111 123
111 124
112 125
112 126
112 128
111 129
111 130
110 132
110 133
110 134
109 136
109 137
108 138
108 139
107 141
107 142
107 143
107 145
107 146
106 147
105 149
105 150
105 151
106 153
106 154
106 155
106 156
107 158
107 159
106 159
104 159
103 159
102 159
100 160
99 159
98 159
96 159
95 159
94 159
93 159
91 159
90 159
89 158
87 158
86 158
85 158
83 157
82 157
81 156
80 156
78 155
77 155
76 154
74 153
74 152
74 151
74 149
74 148
74 147
74 145
74 144
74 143
74 142
72 141
72 140
72 139
71 137
71 136
71 135
70 133
70 132
70 131
70 130
70 128
70 127
70 126
70 124
70 123
70 122
70 120
69 119
68 118
68 116
68 115
68 114
68 113
69 111
69 110
70 109
71 107
71 106
72 105
72 103
72 102
72 101
72 100
72 98
72 97
72 96
72 94
72 93
72 92
73 90
73 89
73 88
71 87
71 86
70 85
70 84
70 82
70 81
70 80
70 78
71 77
71 76
71 74
72 73
72 72
71 70
71 69
71 68
72 67
70 66
70 65
71 64
72 62
72 61
73 60
73 58
73 57
74 56
75 55
77 54
78 54
79 53
81 52
