88 49
89 48
91 48
92 48
93 49
94 51
94 52
94 54
94 55
94 56
95 58
95 59
96 60
96 62
97 63
96 64
98 66
98 67
99 69
99 70
99 71
100 73
100 74
100 75
100 77
100 78
100 79
99 81
99 82
101 84
102 83
102 82
104 82
105 82
106 82
106 84
107 85
109 87
109 88
110 89
112 90
113 91
114 92
116 93
117 93
118 94
118 96
118 97
118 99
118 100
117 101
118 103
119 103
120 103
122 105
122 106
122 107
122 109
122 110
122 112
122 113
122 114
122 116
123 117
122 118
123 120
123 121
123 122
122 124
122 125
123 127
123 128
123 129
123 131
123 132
123 133
123 135
123 136
123 137
122 139
122 140
122 142
122 143
121 144
122 146
123 147
123 148
124 150
123 151
124 152
124 154
123 155
121 156
120 156
119 156
117 157
116 157
115 158
113 158
112 158
110 159
109 159
108 159
106 159
105 159
104 159
102 159
101 159
100 160
98 159
97 159
95 159
94 159
94 158
94 156
94 155
94 154
92 152
92 151
92 150
92 148
91 147
91 145
91 144
90 143
90 141
89 140
89 139
87 138
87 137
87 136
86 134
86 133
85 131
84 130
84 129
83 127
82 126
82 125
83 123
83 122
82 121
82 119
83 118
83 116
82 115
82 114
82 112
82 111
82 110
83 109
84 108
84 107
86 105
86 104
84 102
83 102
82 102
81 100
80 99
80 98
82 97
82 96
82 95
82 93
82 92
82 90
82 89
82 88
82 86
81 85
81 84
80 82
80 81
79 79
78 78
78 77
78 75
78 74
79 73
79 71
79 70
79 69
79 67
78 66
79 64
79 63
79 62
79 60
79 59
79 58
78 56
79 55
79 54
80 52
81 51
83 51
84 50
85 50
87 49
