99 48
100 47
102 47
103 48
103 49
104 51
105 52
105 53
105 55
105 56
105 57
104 59
103 60
103 61
104 63
104 64
103 65
104 67
104 68
104 69
104 71
104 72
104 73
104 74
104 76
104 77
104 78
104 80
104 81
104 82
105 84
105 85
104 86
105 88
106 89
107 90
109 91
110 92
111 92
111 94
111 95
111 96
112 98
113 99
114 100
115 102
116 102
117 102
119 103
120 104
120 105
122 106
122 107
122 108
122 110
122 111
122 112
121 114
120 115
121 116
122 118
123 119
123 120
123 121
124 123
124 124
124 125
124 127
123 128
123 129
123 131
122 132
122 133
121 135
121 136
121 137
120 139
120 140
119 141
119 143
119 144
120 145
120 147
120 148
120 149
121 151
120 152
121 153
122 155
121 156
120 156
118 157
117 157
116 157
114 158
113 158
112 158
110 159
109 159
108 159
106 159
105 159
104 159
103 159
101 159
100 160
99 159
97 159
96 159
95 159
93 159
92 159
91 159
89 158
89 157
89 156
88 154
89 153
89 152
88 150
88 149
88 148
87 146
86 145
86 144
86 142
86 141
86 140
85 138
85 137
85 136
85 134
85 133
85 132
84 130
84 129
83 128
83 126
83 125
82 124
82 122
83 121
83 120
83 119
83 117
83 116
83 115
83 113
83 112
83 111
83 109
84 108
84 107
83 105
83 104
83 103
83 101
83 100
82 99
83 97
83 96
83 95
82 93
82 92
83 91
83 89
83 88
83 87
83 85
83 84
84 83
84 81
84 80
84 79
84 77
84 76
84 75
84 73
84 72
84 71
84 69
84 68
84 67
84 66
83 64
84 63
84 62
85 60
86 59
86 58
87 57
88 56
88 55
90 53
91 52
92 52
94 51
95 50
96 49
98 48
