108 46
109 45
111 45
112 46
113 46
114 48
114 49
113 50
113 52
113 53
112 55
112 56
112 57
112 59
112 60
112 61
112 63
111 64
111 65
110 67
111 68
110 69
110 71
110 72
110 73
110 75
110 76
110 77
109 79
109 80
108 82
108 83
107 84
107 86
107 87
106 88
108 90
109 91
109 92
110 94
110 95
110 96
111 98
112 98
112 99
113 101
113 102
114 103
116 104
117 105
118 107
119 108
119 109
119 111
118 112
119 113
119 115
119 116
118 117
118 119
118 120
118 121
117 123
117 124
117 125
117 127
116 128
116 129
114 130
113 131
112 133
111 134
110 135
109 137
110 138
110 139
109 141
109 142
109 143
108 145
107 146
108 147
107 149
107 150
106 151
106 153
105 154
104 155
104 157
104 158
103 159
102 159
101 159
99 159
98 159
97 159
95 159
94 159
93 159
91 159
90 159
89 158
87 158
86 158
85 158
83 157
82 157
81 156
79 156
78 155
76 154
75 154
74 154
74 152
74 151
74 150
74 148
75 147
75 146
76 144
76 143
76 142
76 140
76 139
76 138
77 137
78 136
78 135
78 133
77 132
76 130
75 129
75 128
75 126
75 125
75 124
75 122
75 121
75 120
74 118
74 117
74 116
74 114
75 113
75 112
75 110
74 109
74 108
74 106
74 105
75 103
75 102
76 101
76 99
77 99
78 98
80 96
81 95
82 95
84 93
85 93
86 92
87 90
87 89
87 88
87 86
87 85
87 84
88 82
88 81
88 79
88 78
88 77
89 76
90 75
90 74
90 72
90 71
91 70
91 68
91 67
91 66
92 64
93 63
93 62
94 60
94 59
95 58
95 56
96 55
96 53
97 52
97 51
99 49
100 48
101 48
103 48
104 48
105 47
107 46
