116 50
117 49
119 50
120 50
120 51
122 53
122 54
122 55
122 56
121 57
120 58
121 59
120 61
119 62
119 63
118 65
118 66
118 67
118 69
118 70
118 71
116 71
115 72
115 73
115 74
116 76
116 77
116 78
116 80
116 81
115 81
114 83
114 84
114 85
114 87
115 88
115 89
115 90
115 92
115 93
115 94
115 96
115 97
115 98
116 100
117 101
118 102
118 104
119 105
120 105
120 107
119 108
119 109
119 110
119 112
118 113
118 114
119 116
119 117
119 118
118 120
118 121
118 122
118 124
117 125
117 126
117 127
115 129
114 130
114 131
113 133
112 134
111 135
110 137
109 138
108 139
107 141
107 142
107 143
106 144
105 146
104 147
104 148
104 150
104 151
104 152
104 154
104 155
104 156
103 158
103 159
102 159
100 160
99 159
98 159
97 159
95 159
94 159
93 159
91 159
90 159
89 158
87 158
86 158
85 158
83 157
82 157
81 156
80 156
78 155
77 155
76 154
74 154
74 153
74 152
75 150
75 149
75 148
75 146
75 145
75 144
75 142
75 141
75 140
75 139
75 137
76 136
77 135
77 133
77 132
77 131
78 129
78 128
78 127
78 125
78 124
79 123
79 122
80 120
80 119
80 118
80 116
80 115
80 114
80 112
80 111
80 110
80 108
81 107
81 106
80 104
80 103
81 102
81 101
81 99
82 98
83 97
85 97
86 96
87 95
89 93
90 92
91 92
92 90
91 89
91 88
92 87
92 85
92 84
93 83
93 81
94 80
94 79
95 77
95 76
96 75
97 73
97 72
98 71
98 70
98 68
99 67
99 66
101 64
101 63
101 62
102 60
103 59
104 58
104 56
105 56
106 55
106 53
107 52
108 52
109 52
111 51
112 51
113 51
115 50
