112 49
113 48
115 48
116 49
117 50
118 52
118 53
118 54
118 56
117 57
117 58
117 60
117 61
116 62
115 64
115 65
115 66
113 67
112 68
112 69
112 71
113 71
112 72
112 74
111 75
110 77
110 78
109 79
109 81
108 82
108 83
108 85
108 86
109 87
110 88
110 89
111 90
113 90
114 90
115 90
116 92
116 93
116 94
115 96
115 97
115 98
116 100
116 101
117 102
118 103
118 104
118 105
117 107
116 108
116 109
115 111
114 112
113 113
113 115
114 116
115 116
113 117
113 118
113 119
113 121
112 122
111 123
111 125
110 126
110 127
108 129
108 130
107 131
106 133
105 134
104 136
103 137
102 138
101 140
101 141
101 142
101 144
100 145
100 146
100 148
99 149
99 150
98 152
98 153
98 154
97 156
97 157
97 158
96 159
95 159
94 159
92 159
91 159
90 159
88 158
87 158
86 158
84 157
83 157
82 157
80 156
79 156
78 155
76 154
75 154
74 154
72 153
71 152
70 151
68 150
67 150
67 149
68 147
68 146
69 145
69 143
69 142
70 141
71 139
71 138
72 136
72 135
72 134
72 132
72 131
72 130
73 128
74 127
74 126
75 124
75 123
75 122
74 120
74 119
74 118
75 116
75 115
75 114
76 112
76 111
76 110
77 108
78 108
79 107
79 105
79 104
79 103
80 101
80 100
80 99
82 98
82 97
82 96
83 94
83 93
83 92
84 90
85 89
85 88
86 86
87 86
88 85
89 83
89 82
90 82
91 80
92 79
92 78
92 76
92 75
92 73
92 72
92 71
93 69
93 68
93 67
94 65
94 64
95 63
96 61
96 60
97 60
98 58
99 57
99 56
101 54
101 53
102 52
103 51
104 50
105 50
107 49
108 49
109 49
111 49
