83 50
84 49
86 49
87 49
88 50
88 52
88 53
89 54
89 55
89 57
89 58
89 59
89 61
89 62
89 63
90 65
89 66
89 67
89 69
89 70
89 71
89 73
88 74
88 75
89 76
89 78
89 79
89 80
88 82
88 83
88 84
89 86
89 87
88 88
90 89
91 89
92 90
93 90
94 92
94 93
94 94
95 96
94 97
95 98
96 100
97 100
98 100
100 102
101 103
102 103
104 104
105 105
105 106
105 107
106 109
105 110
104 111
103 113
103 114
102 115
103 117
102 118
103 119
104 120
105 121
106 122
107 123
107 125
107 126
107 127
108 129
107 130
106 131
104 133
103 134
103 135
103 137
103 138
102 139
102 140
102 142
102 143
102 144
101 146
101 147
100 148
100 150
100 151
100 152
101 154
100 155
101 156
101 158
101 159
100 160
99 159
97 159
96 159
95 159
93 159
92 159
91 159
89 158
88 158
87 158
85 158
84 157
83 157
82 157
80 156
79 156
78 155
76 154
75 154
74 154
72 153
71 152
70 151
69 150
69 149
69 148
69 146
69 145
69 144
68 143
68 141
68 140
68 139
68 137
68 136
68 135
68 133
68 132
68 131
67 129
66 129
66 128
66 127
66 125
66 124
65 123
65 121
65 120
66 119
66 117
65 116
65 115
65 113
65 112
65 111
66 109
66 108
67 107
67 106
68 105
69 104
69 103
68 101
67 101
67 100
68 98
69 97
69 96
69 94
69 93
69 92
69 91
68 89
68 88
68 87
68 85
69 84
69 83
70 81
70 80
70 79
70 77
70 76
70 75
70 74
70 72
70 71
70 70
70 68
70 67
71 66
71 64
72 63
72 62
73 60
73 59
73 58
75 56
76 55
77 55
78 54
80 53
81 53
82 53
83 51
