98 50
99 49
101 49
102 49
104 50
105 51
105 52
105 54
106 55
105 57
105 58
104 59
105 61
105 62
104 64
104 65
104 66
105 68
105 69
105 71
105 72
105 74
105 75
106 76
105 78
105 79
105 81
104 82
104 83
105 85
105 86
105 88
105 89
105 90
106 92
107 91
109 91
110 91
111 91
112 91
112 92
114 93
115 94
115 95
115 97
114 98
114 100
114 101
114 102
116 104
117 105
119 106
120 106
121 107
121 109
121 110
121 112
121 113
121 114
121 116
120 117
118 118
118 119
118 121
119 122
120 122
122 122
122 123
121 125
120 126
121 127
121 129
121 130
121 132
121 133
121 134
120 136
120 137
119 139
120 140
119 141
119 143
119 144
118 146
118 147
117 148
117 150
117 151
117 153
116 154
116 155
116 157
115 158
113 158
112 158
111 158
109 159
108 159
106 159
105 159
103 159
102 159
101 159
99 159
98 159
96 159
95 159
94 159
92 159
91 159
89 158
88 158
87 158
85 158
84 157
82 157
81 156
80 156
78 155
77 155
76 153
76 152
76 151
77 149
77 148
75 146
75 145
74 144
74 142
73 141
73 139
73 138
73 137
74 135
74 134
72 132
73 131
73 130
73 128
73 127
74 125
74 124
75 122
76 121
76 120
77 118
76 117
77 115
77 114
77 113
77 111
78 110
79 108
78 107
78 106
78 104
79 103
79 101
79 100
79 99
79 97
78 96
79 94
79 93
79 92
79 90
80 89
80 87
80 86
80 85
80 83
80 82
80 80
80 79
80 78
81 76
81 75
82 73
81 72
82 71
83 69
82 68
83 67
84 66
84 64
85 63
85 62
85 60
85 59
85 57
86 56
86 55
87 53
88 53
90 52
91 52
92 52
94 51
95 51
97 51
