79 47
80 46
82 46
83 47
84 47
84 49
85 50
85 51
85 53
84 54
84 55
84 57
84 58
84 59
84 60
84 62
84 63
84 64
84 66
84 67
85 68
85 70
86 71
86 72
86 74
86 75
85 76
85 78
85 79
85 80
85 82
86 83
86 84
88 85
89 85
90 86
91 88
92 89
93 89
93 90
95 92
96 93
96 94
97 96
98 97
99 97
100 99
101 99
101 100
102 102
102 103
101 104
101 106
101 107
101 108
101 110
101 111
101 112
101 114
100 115
100 116
100 118
100 119
100 120
100 121
100 123
100 124
100 125
100 127
99 128
99 129
99 131
99 132
99 133
98 135
98 136
98 137
96 139
96 140
95 141
95 143
95 144
95 145
95 147
96 148
96 149
96 151
96 152
97 153
96 154
97 156
97 157
98 158
97 159
96 159
95 159
93 159
92 159
91 159
89 158
88 158
87 158
85 158
84 157
83 157
81 156
80 156
79 156
77 155
76 154
75 154
73 153
72 153
71 152
70 151
68 150
67 150
66 149
65 147
65 146
66 145
65 143
65 142
65 141
63 140
64 139
64 138
64 136
63 135
63 134
63 132
63 131
63 130
63 128
63 127
63 126
61 125
61 124
61 123
61 122
62 120
62 119
62 118
63 116
62 115
62 114
63 112
63 111
63 110
64 108
64 107
64 106
64 104
63 103
63 102
63 100
62 99
63 98
63 96
63 95
63 94
63 92
63 91
64 90
64 89
64 87
64 86
64 85
64 83
64 82
64 81
65 79
65 78
65 77
65 75
65 74
65 73
65 71
65 70
65 69
66 67
66 66
66 65
67 63
67 62
67 61
68 59
68 58
68 57
69 56
69 54
69 53
69 52
70 50
71 49
72 48
74 48
75 48
76 47
78 47
