124 88
125 87
126 87
127 87
128 87
130 87
131 87
132 87
133 88
134 88
135 88
136 88
137 89
138 89
138 90
139 92
138 93
137 94
136 94
135 94
134 95
133 95
132 95
131 96
129 97
128 97
127 97
126 98
125 99
124 99
123 99
122 98
121 99
120 99
118 100
117 100
116 101
115 102
114 103
113 103
112 104
112 105
112 106
114 108
115 108
116 109
116 110
117 111
117 112
117 113
116 114
115 115
115 116
113 118
112 119
112 120
112 121
111 122
110 123
109 124
109 125
108 126
107 128
106 129
105 130
104 131
103 132
102 133
102 134
101 135
100 136
99 137
98 138
97 139
96 139
95 139
94 140
93 141
93 142
92 143
91 144
89 144
88 145
87 145
86 145
85 145
84 146
83 147
82 147
81 147
80 148
78 148
77 148
76 149
75 149
74 149
73 150
73 151
72 151
71 151
69 151
68 150
67 150
66 149
65 148
64 148
63 147
62 146
61 145
60 144
58 142
57 141
56 140
55 139
54 138
53 137
52 136
52 135
51 134
50 133
49 131
49 130
48 129
47 128
48 128
49 127
50 126
51 125
52 125
54 123
54 122
55 121
55 120
56 119
57 119
58 118
58 117
58 116
59 116
61 114
62 114
63 113
64 113
65 112
66 112
67 111
67 110
68 110
70 109
71 109
72 108
73 108
74 108
75 107
76 107
77 106
78 106
79 105
81 105
82 104
83 105
84 105
85 104
85 103
85 102
86 102
87 101
89 100
90 100
91 99
92 99
93 98
94 98
95 97
96 97
97 97
98 96
100 96
101 96
102 96
103 96
104 96
105 96
106 95
107 95
108 94
109 93
110 92
111 92
112 92
113 91
114 91
115 91
116 91
117 91
118 90
120 90
121 90
122 90
123 89
