114 100
115 99
116 99
118 99
119 99
120 99
121 99
123 100
124 100
125 100
126 100
127 100
129 100
130 99
131 99
132 99
133 99
135 100
136 100
137 100
138 100
140 100
141 100
142 100
143 101
143 102
144 104
144 105
144 106
144 107
144 108
142 109
141 110
141 111
140 111
138 111
137 110
137 109
136 108
135 107
133 107
132 108
131 108
130 108
129 108
127 108
126 108
125 109
124 109
122 109
121 110
120 110
119 110
118 110
117 112
117 113
118 114
118 115
118 116
118 118
118 119
118 120
117 121
115 122
114 122
113 122
112 123
111 122
109 123
108 124
107 125
106 126
106 127
104 129
104 130
103 130
102 131
101 133
100 134
100 135
99 136
98 137
96 138
96 139
96 140
95 140
94 140
92 141
91 141
90 141
89 140
87 142
86 142
85 142
84 142
83 143
81 143
80 143
79 144
78 144
76 143
75 143
74 144
73 144
72 144
70 143
69 143
68 144
67 144
66 144
64 145
63 146
62 146
61 145
59 143
58 142
57 141
56 140
55 139
53 137
52 136
52 135
51 134
50 133
49 131
49 130
48 129
47 128
46 126
46 125
46 124
45 123
45 122
44 120
45 119
46 118
47 117
48 117
50 116
50 115
51 114
52 114
54 113
55 112
56 112
57 111
58 110
60 109
61 108
62 107
63 107
64 106
66 106
67 105
68 105
69 105
71 105
72 104
72 103
73 103
74 102
76 101
77 101
78 101
79 101
80 101
82 100
83 100
84 100
85 100
87 100
88 100
89 101
90 101
91 101
93 101
94 101
95 101
96 101
97 101
98 103
98 104
99 105
100 104
101 106
102 106
103 107
104 107
105 106
104 104
103 103
104 102
104 101
105 101
107 101
108 101
109 101
110 101
112 100
113 100
