124 96
125 95
126 95
127 95
129 95
130 96
131 96
132 96
133 96
134 96
136 97
137 97
138 97
139 97
140 97
141 97
143 97
144 97
145 97
146 98
147 98
148 98
149 100
150 101
150 102
150 103
149 104
148 104
146 105
145 105
144 105
143 105
142 105
141 105
139 105
138 104
137 105
136 105
135 104
134 104
132 106
131 105
130 105
129 105
128 104
127 105
127 107
127 108
127 109
127 110
128 111
127 112
126 114
125 115
124 115
123 115
122 116
121 117
121 119
121 120
121 121
121 122
121 123
121 124
120 126
120 127
120 128
119 128
118 127
117 127
115 128
114 128
113 129
112 129
111 130
111 131
111 133
111 134
110 135
109 135
108 136
107 137
106 139
105 140
104 140
103 140
102 141
101 142
99 141
98 142
97 143
96 143
95 144
94 144
92 145
91 145
90 146
89 146
88 147
87 147
85 148
84 148
83 148
82 148
81 149
80 149
79 150
77 151
76 152
75 153
74 154
73 153
72 153
70 151
69 151
68 150
67 150
66 149
65 148
63 147
62 146
61 145
60 144
59 143
58 142
56 140
55 139
54 138
53 137
52 136
52 135
52 134
53 133
53 132
54 131
55 130
55 129
57 127
57 126
58 126
59 125
60 124
61 123
62 121
63 120
64 120
65 119
66 119
67 118
68 116
69 115
70 114
71 114
72 113
72 112
74 111
75 110
76 110
77 109
77 108
78 108
80 108
81 107
82 107
83 106
84 105
85 104
87 103
88 102
88 101
89 100
90 100
91 100
93 100
94 100
95 100
96 100
97 101
98 101
100 101
101 101
102 100
103 100
104 100
105 100
107 101
108 101
109 100
110 100
111 100
112 100
114 100
115 99
116 99
117 99
118 98
119 98
121 97
122 96
123 96
