76 82
77 81
79 81
80 81
81 81
83 82
84 83
85 84
87 85
88 84
89 85
91 85
92 86
93 86
95 86
96 86
97 86
99 86
100 86
100 87
101 89
102 88
102 87
102 86
104 85
105 86
106 86
108 85
109 85
110 85
112 85
113 85
114 85
116 85
117 85
118 86
120 86
121 86
122 86
124 87
125 87
126 87
128 87
129 87
130 87
132 87
133 87
134 88
136 89
137 89
138 89
140 89
141 89
142 89
143 91
144 92
144 93
144 95
144 96
144 97
143 99
142 99
141 99
140 100
138 101
137 102
137 103
136 102
135 101
135 100
134 98
133 97
132 97
130 97
129 96
128 96
126 96
125 97
124 97
122 97
121 97
120 96
118 96
117 95
116 95
114 95
113 94
112 94
110 95
109 96
110 97
110 99
110 100
109 101
107 102
106 103
105 104
103 104
102 104
101 105
99 106
98 107
99 108
100 109
100 111
99 112
99 113
99 115
99 116
98 117
98 119
98 120
97 120
95 122
95 123
94 123
92 124
91 125
90 125
88 126
87 126
86 126
84 126
83 126
82 127
80 127
79 128
78 128
76 128
75 128
74 128
72 128
71 128
70 129
68 129
67 129
66 130
64 130
63 131
62 132
61 134
60 135
59 136
58 136
57 138
56 139
55 139
53 137
52 136
52 135
50 133
50 132
49 131
48 129
47 128
47 127
46 125
46 124
45 123
44 121
44 120
44 119
43 117
43 116
42 115
42 113
42 112
42 111
41 109
41 108
42 108
43 106
44 106
45 105
46 103
47 102
48 102
50 100
51 100
52 99
52 97
53 96
54 95
55 94
57 93
58 92
58 91
60 91
61 91
62 90
64 89
65 89
66 88
68 87
68 86
69 86
71 84
72 84
73 84
75 83
