122 98
123 97
124 97
126 97
127 97
128 98
129 98
130 98
132 98
133 98
134 98
135 97
136 97
138 97
139 98
140 98
141 98
142 99
144 99
145 100
146 100
147 101
148 101
150 101
150 102
150 103
150 104
150 105
148 107
147 107
146 107
145 107
144 108
142 108
141 108
140 108
139 108
138 108
136 108
135 108
134 108
133 108
132 108
130 107
129 107
128 107
127 107
126 107
124 108
123 109
122 110
121 110
120 111
118 109
117 110
116 111
116 112
116 113
114 115
113 116
112 117
111 118
111 119
110 120
109 120
108 120
107 119
106 119
104 120
104 121
104 122
104 123
103 124
103 126
104 127
104 128
104 129
104 130
105 132
104 133
104 134
103 135
102 136
101 138
100 139
99 139
98 139
97 139
95 141
94 141
93 142
92 142
91 142
89 143
88 144
87 144
86 144
85 145
83 145
82 145
81 145
80 146
79 146
77 146
76 146
75 146
74 146
73 146
72 148
71 148
70 149
69 150
68 150
66 149
65 148
64 148
63 147
62 146
60 144
59 143
58 142
57 141
56 140
54 138
53 137
52 136
52 135
51 134
50 132
49 131
49 130
48 129
47 128
46 126
47 125
48 124
49 124
50 123
51 121
52 121
53 120
54 120
55 119
56 117
57 116
58 115
59 114
60 113
62 112
63 111
64 111
65 110
65 109
67 108
68 107
69 106
70 105
71 105
73 104
74 103
75 102
76 101
77 100
79 98
80 98
81 98
82 98
83 98
85 98
86 98
87 98
88 99
89 99
91 99
92 99
93 99
94 99
95 99
97 99
98 99
99 99
100 99
101 99
102 101
103 101
104 101
105 101
106 100
108 100
109 100
110 100
111 100
112 100
114 100
115 100
116 99
117 99
118 99
120 98
121 98
