126 76
127 75
128 75
130 75
131 75
132 75
133 76
135 76
136 76
137 77
138 77
139 78
139 80
139 81
138 81
137 82
135 83
134 83
133 83
132 83
130 83
129 84
128 85
127 85
126 85
124 85
123 86
122 86
121 86
119 88
118 88
117 89
116 89
115 90
113 91
112 92
111 93
110 93
108 94
107 95
108 96
109 97
110 97
112 99
113 100
114 101
115 102
114 104
114 105
113 105
112 106
112 107
110 108
110 109
109 109
108 110
106 110
105 111
104 112
104 113
104 115
103 116
103 117
102 117
101 118
100 119
99 120
98 121
97 121
96 123
95 124
95 125
94 126
93 126
91 126
90 126
89 126
88 127
86 129
85 130
84 131
83 132
82 133
80 134
79 135
78 135
77 135
75 137
74 136
73 137
73 138
72 138
70 139
69 140
68 140
67 140
65 141
64 142
63 143
62 144
61 145
60 144
59 143
58 142
57 141
55 139
54 138
53 137
52 136
51 134
50 133
50 132
49 131
49 130
47 128
47 127
46 126
46 125
45 123
45 122
44 121
44 120
44 119
43 117
43 116
44 115
44 114
46 113
47 112
48 112
49 111
50 110
51 108
52 108
53 107
53 106
54 104
55 104
56 103
56 102
58 101
58 100
58 99
58 98
59 97
61 96
62 96
63 96
64 95
66 95
67 94
68 94
69 94
70 93
71 92
72 92
73 91
74 91
76 89
77 89
78 89
79 88
80 87
82 88
83 89
84 89
85 89
87 90
88 91
89 91
90 91
91 91
93 90
94 90
95 89
95 88
97 88
98 88
99 87
100 87
102 86
103 86
104 86
105 85
106 85
108 84
109 83
110 82
111 82
113 80
114 80
115 79
116 78
117 78
119 78
120 78
121 78
122 78
124 77
125 76
