76 84
77 83
79 83
80 83
81 84
82 84
84 84
85 84
86 84
87 84
89 84
90 83
91 83
93 83
94 83
95 83
96 83
98 83
99 83
100 83
101 83
103 83
104 83
105 83
106 83
108 83
109 83
110 83
112 83
113 84
114 85
115 85
117 84
118 84
119 85
120 85
122 84
123 83
124 83
126 83
127 83
128 83
129 83
131 84
132 84
133 84
134 85
136 85
137 85
138 85
140 86
141 86
142 86
143 87
143 89
144 90
145 91
145 92
144 94
144 95
143 96
142 96
140 96
139 96
138 96
136 96
135 95
134 95
133 95
131 94
130 94
129 94
128 93
126 93
125 93
124 94
122 94
121 95
120 95
119 94
117 92
116 91
115 92
114 93
114 95
114 96
113 96
112 96
110 98
110 99
109 100
108 101
107 102
107 103
106 103
105 105
104 106
104 107
104 108
103 110
102 110
101 111
99 113
100 114
99 115
100 116
100 118
99 119
99 120
99 121
98 122
97 122
96 123
94 123
93 124
93 125
92 126
90 127
89 127
88 127
87 127
85 128
84 128
83 128
82 129
80 130
79 131
78 131
76 132
75 132
74 133
73 133
71 133
70 134
69 135
68 135
66 136
65 137
65 138
63 140
62 141
62 142
61 143
59 143
58 142
57 141
56 140
54 138
53 137
52 136
51 134
50 133
50 132
49 131
48 129
47 128
47 127
46 126
46 124
45 123
45 122
44 121
44 119
43 118
43 117
42 115
42 114
42 113
42 112
44 110
45 109
45 108
45 107
47 106
48 105
49 105
51 103
51 102
52 101
52 100
54 98
55 98
56 97
56 96
58 95
58 94
59 94
60 94
62 92
63 91
63 90
65 89
66 88
67 88
68 88
70 88
71 87
72 87
73 86
75 84
