115 92
116 91
117 91
119 92
120 92
121 93
122 92
124 92
125 92
126 92
127 92
128 92
130 92
131 91
132 91
133 91
135 91
136 91
137 92
138 92
140 93
141 93
142 93
143 93
144 93
145 95
145 96
145 97
146 98
145 100
145 101
145 102
144 103
144 104
142 104
142 103
141 102
140 102
138 102
137 102
136 102
135 101
134 101
132 102
131 101
130 101
129 102
127 102
126 102
125 102
124 101
123 102
121 101
120 102
119 102
118 102
116 103
116 104
117 105
117 106
117 108
117 109
116 110
116 111
115 112
114 114
113 115
112 116
111 116
109 118
108 119
108 120
107 121
106 122
105 124
104 124
103 124
102 125
101 127
100 128
100 129
100 130
99 131
98 133
97 133
96 134
95 135
94 136
93 137
92 136
91 135
90 136
89 138
88 137
87 138
86 138
84 139
83 140
82 141
81 141
79 142
78 141
77 142
76 142
75 142
73 142
72 142
71 142
70 142
68 142
67 142
66 142
65 142
64 143
62 144
61 145
60 144
59 143
57 141
56 140
55 139
54 138
53 137
52 135
51 134
50 133
50 132
49 130
48 129
47 128
47 127
46 126
46 124
45 123
45 122
44 121
44 119
43 118
43 117
43 116
45 115
45 114
46 114
47 113
47 112
49 111
50 110
51 109
52 108
54 107
55 106
56 106
57 105
57 104
59 102
60 102
61 102
62 101
64 100
65 100
66 100
67 100
68 100
70 99
71 98
72 98
73 97
75 96
76 96
77 95
78 94
79 94
81 94
82 94
83 94
84 94
86 95
87 95
88 95
89 95
91 95
92 95
93 94
94 94
95 94
97 93
98 93
99 93
100 93
102 94
103 94
104 94
105 94
106 93
108 92
109 92
110 92
111 92
113 92
114 92
