130 89
131 88
132 88
134 88
135 88
136 88
137 88
138 88
139 88
141 88
142 88
143 88
144 89
145 89
147 91
148 91
149 92
150 91
150 92
148 94
147 95
146 95
145 96
144 96
143 97
141 97
140 97
139 97
138 97
137 97
135 97
134 97
133 98
132 99
131 99
130 99
128 100
127 101
126 101
125 101
124 101
122 102
121 103
120 104
121 105
122 106
122 108
121 109
121 110
120 111
119 112
118 113
116 115
115 116
115 117
114 118
114 119
113 121
113 122
112 123
112 124
111 124
110 125
109 127
109 128
108 129
108 130
109 131
109 133
108 134
107 135
106 136
105 136
103 137
102 138
101 139
101 140
100 141
99 140
97 141
96 142
95 142
94 143
93 144
91 145
90 145
89 146
88 146
87 146
86 146
84 146
83 146
82 146
81 146
80 147
78 148
77 148
76 149
75 149
74 150
72 151
72 152
71 152
70 151
69 151
68 150
66 149
65 148
64 148
63 147
62 146
60 144
59 143
58 142
57 141
56 140
55 139
53 137
52 136
52 135
51 134
50 133
49 131
49 130
49 129
50 129
51 128
51 127
53 126
54 125
55 124
56 123
57 122
58 120
59 119
59 118
60 117
61 117
62 115
63 115
64 115
65 114
66 114
67 113
67 111
68 111
69 111
70 110
71 110
72 108
73 108
74 107
75 107
76 106
77 106
78 104
79 103
80 103
81 103
82 102
84 101
85 101
86 100
87 99
88 99
90 100
91 100
92 100
93 100
94 101
95 101
97 99
98 99
99 99
100 99
101 100
103 99
104 99
105 99
106 98
106 97
107 97
109 96
110 96
111 96
112 96
113 95
115 95
116 94
117 94
118 93
119 93
121 92
122 91
123 91
124 91
125 90
126 90
128 89
129 89
