131 92
132 91
133 91
135 91
136 91
137 91
138 92
139 92
141 91
142 92
143 92
144 92
145 92
146 92
146 94
146 95
146 96
146 97
145 98
143 99
142 100
141 99
140 99
139 99
137 100
136 99
135 100
134 100
133 101
131 101
130 101
129 101
128 101
127 101
126 101
124 101
123 101
122 101
121 101
120 101
118 102
117 103
116 104
117 105
118 106
118 108
118 109
119 110
118 111
118 112
117 113
116 114
116 115
115 115
114 116
113 116
111 118
110 119
110 120
110 121
109 122
108 124
107 125
106 126
106 127
105 128
105 130
104 131
103 132
102 133
101 134
101 135
99 136
99 137
98 137
97 137
96 137
94 139
93 139
92 139
91 139
90 140
88 141
87 142
87 143
86 144
85 144
83 144
82 145
81 145
80 145
79 145
78 145
76 145
75 145
74 145
73 145
72 145
70 146
69 146
68 147
67 147
66 148
64 148
63 147
62 146
61 145
60 144
58 142
57 141
56 140
55 139
54 138
53 137
52 135
51 134
50 133
50 132
49 131
48 129
47 128
47 127
46 126
46 125
47 123
48 123
49 122
49 121
50 120
52 118
53 118
54 117
54 116
55 116
56 115
57 114
58 113
59 112
60 112
61 111
62 110
63 109
63 108
64 108
65 107
67 107
68 106
69 105
70 105
71 105
72 103
73 103
74 102
75 102
76 102
77 102
79 101
80 101
81 100
82 100
83 99
85 99
86 99
87 98
88 99
89 99
91 98
92 98
93 98
94 97
95 96
96 96
98 96
99 96
100 96
101 96
102 96
104 96
105 96
106 96
107 96
108 95
110 95
111 95
112 94
113 94
114 94
116 94
117 93
118 93
119 93
120 93
121 92
123 92
124 92
125 93
126 93
127 93
129 92
130 92
