99 78
100 77
101 77
102 77
103 77
105 77
106 77
107 77
108 77
109 77
110 77
111 77
112 77
113 77
114 77
116 77
117 77
118 77
119 77
120 77
121 78
122 78
123 78
124 78
123 79
122 81
122 82
121 83
120 84
119 84
118 85
117 85
116 85
115 85
114 86
112 85
111 85
110 85
109 85
108 85
107 85
106 85
105 85
104 85
103 86
101 87
100 87
99 87
98 88
98 89
98 90
97 91
97 92
97 93
97 94
96 96
95 96
94 97
93 97
92 98
92 99
92 100
92 101
91 102
91 103
91 105
91 106
90 107
89 108
88 108
87 108
86 109
85 110
86 111
86 112
84 114
84 115
83 116
83 117
82 118
81 118
80 119
80 120
79 121
79 122
77 123
76 124
75 124
74 125
73 126
72 127
71 127
70 128
69 129
68 129
66 130
65 130
64 130
63 130
62 130
61 131
60 131
59 131
58 131
57 132
55 133
54 134
54 135
53 136
52 136
52 135
51 134
50 133
50 132
49 131
48 129
47 128
47 127
46 126
46 125
46 124
45 123
45 122
44 121
44 120
43 118
43 117
43 116
42 115
42 114
42 113
42 112
42 111
41 110
41 109
41 107
41 106
41 105
41 104
41 103
41 102
41 101
40 100
41 99
41 98
43 97
43 96
44 95
45 94
46 93
47 93
48 92
48 91
49 91
50 90
52 89
53 88
54 88
55 88
56 88
57 87
58 87
59 86
60 85
61 84
63 84
64 83
65 83
66 83
67 83
68 83
69 84
70 84
71 83
72 83
74 82
75 82
76 81
75 80
76 80
77 79
78 79
79 79
80 79
81 79
83 78
84 79
85 79
86 79
87 78
88 79
89 79
90 79
91 79
92 79
94 78
95 79
96 78
97 78
98 78
