124 86
125 85
127 85
128 85
129 85
130 85
132 85
133 85
134 85
135 85
137 86
138 86
139 86
140 86
142 86
143 87
144 87
145 87
147 88
147 89
146 90
146 91
144 92
143 92
142 93
140 93
139 93
138 94
137 94
135 94
134 94
133 94
132 94
130 94
129 94
128 94
127 94
125 95
124 95
123 96
122 96
120 97
119 98
118 98
117 98
115 100
116 101
117 102
117 103
119 105
119 106
119 107
118 109
117 110
116 110
115 111
113 113
113 114
112 115
111 116
109 116
108 117
107 118
107 119
105 120
104 120
103 121
102 122
100 123
99 124
99 125
99 126
99 128
99 129
98 130
96 132
95 131
94 132
93 132
91 133
90 133
89 133
88 133
86 133
85 133
84 133
83 133
81 133
80 134
79 135
79 136
77 138
76 138
75 138
74 138
72 138
71 138
70 138
69 139
67 139
66 140
65 140
63 141
62 142
61 142
60 142
58 142
57 141
56 140
55 139
53 137
52 136
52 135
51 134
50 132
49 131
49 130
48 129
47 127
46 126
46 125
46 124
45 122
44 121
44 120
43 118
43 117
43 116
42 115
42 113
42 112
43 111
44 111
46 111
47 111
48 110
49 109
51 108
52 107
53 106
54 105
55 103
56 103
57 102
58 102
60 101
61 100
62 100
63 99
65 99
66 98
67 98
69 97
70 96
71 96
72 96
74 95
75 95
76 95
77 95
79 93
80 93
81 93
82 93
84 93
85 93
86 93
87 94
88 96
89 96
90 96
91 95
91 93
90 92
91 91
93 91
94 91
95 91
96 92
98 91
99 90
100 90
101 90
103 89
104 89
105 89
106 89
108 89
109 89
110 89
111 89
113 89
114 88
115 87
116 87
118 87
119 86
120 86
121 86
123 86
