75 87
76 86
77 87
79 87
80 87
81 86
82 86
83 87
84 87
86 86
87 86
88 86
89 86
90 87
92 88
93 89
94 89
95 89
96 89
97 88
99 86
100 86
101 86
102 87
103 87
105 88
106 88
107 88
108 88
109 88
110 88
112 88
113 88
114 88
115 88
116 89
117 89
119 89
120 89
121 88
122 88
123 88
125 88
126 87
127 88
128 88
129 88
130 88
132 89
133 89
134 89
135 89
136 90
137 91
138 92
138 93
139 94
139 95
139 96
138 98
137 98
136 98
135 99
134 99
132 98
131 98
130 98
129 98
128 98
127 98
125 98
124 97
123 97
122 97
121 97
119 97
118 97
117 97
116 97
115 97
114 97
112 97
111 97
110 96
109 96
108 96
107 97
105 99
105 100
105 101
105 102
104 103
103 105
103 106
103 107
103 108
102 109
102 110
101 112
102 113
102 114
102 115
101 116
101 118
101 119
101 120
100 121
99 122
98 123
97 125
96 125
95 126
94 126
93 126
91 126
90 126
89 127
88 127
87 127
86 128
84 130
83 131
82 131
81 132
80 132
78 132
77 132
76 132
75 132
74 132
73 132
71 133
70 134
69 135
69 136
69 137
68 138
68 140
67 140
66 141
66 142
65 143
63 144
62 145
61 145
60 144
59 143
58 142
56 140
55 139
54 138
53 137
52 136
51 134
50 133
50 132
49 131
49 130
48 129
47 127
46 126
46 125
46 124
45 123
44 121
44 120
45 119
45 118
46 117
46 116
48 115
48 114
49 114
50 113
50 112
52 111
53 110
54 109
54 108
55 107
56 106
57 104
57 103
58 103
59 102
59 101
60 101
62 99
63 98
64 97
64 96
65 95
67 93
68 92
69 91
70 90
70 89
71 89
73 88
74 87
