130 76
131 75
132 75
134 75
135 75
136 75
137 76
139 78
139 79
139 80
139 81
138 83
137 83
136 83
135 83
134 84
132 84
131 85
130 85
129 85
127 87
126 88
125 88
124 89
122 90
121 91
120 92
119 92
118 91
116 92
115 93
114 93
113 93
111 94
110 95
109 95
108 96
106 97
107 98
108 99
109 100
110 99
111 98
112 98
112 99
113 100
114 102
115 103
115 104
115 105
115 107
115 108
115 109
114 110
113 111
112 113
112 114
111 115
111 116
109 118
109 119
108 120
107 121
106 122
104 122
103 123
102 124
102 125
100 127
100 128
100 129
100 130
100 132
99 133
98 133
97 134
96 134
94 134
93 135
92 136
91 137
89 138
88 138
87 139
86 139
84 139
83 140
82 141
81 142
80 142
78 143
77 143
76 143
75 143
73 143
72 143
71 144
70 145
68 145
67 146
66 147
65 148
64 148
62 146
61 145
60 144
59 143
57 141
56 140
55 139
54 138
52 136
52 135
51 134
50 133
50 132
49 130
48 129
47 128
47 127
46 125
46 124
45 123
45 122
44 120
45 119
46 119
47 118
48 118
49 116
50 116
51 115
52 114
53 112
53 111
54 111
55 110
57 109
58 108
59 107
59 106
60 106
62 105
63 104
64 103
65 103
67 103
68 102
69 101
70 101
72 100
73 100
74 99
75 99
76 98
78 98
79 98
80 97
81 98
83 97
84 97
85 97
86 96
87 95
88 94
89 93
89 92
90 91
92 91
93 91
94 90
95 90
97 90
98 89
99 88
100 88
101 88
103 87
104 86
105 86
106 86
108 85
109 84
110 83
111 83
112 81
113 81
114 81
115 81
116 81
118 80
119 80
120 80
121 80
123 79
124 78
125 77
126 77
128 76
129 76
