83 85
84 84
85 85
87 86
88 87
89 87
90 87
92 88
93 88
94 88
95 89
97 90
98 90
99 91
100 90
101 89
102 89
103 89
104 89
105 88
107 89
108 89
109 88
110 88
112 87
113 87
114 87
115 87
117 87
118 87
119 88
120 89
122 89
123 89
124 88
125 88
126 88
128 87
129 87
130 87
131 87
133 88
134 88
135 88
136 89
138 90
139 90
140 90
141 91
142 92
142 93
142 94
142 95
142 96
141 98
140 98
139 98
138 99
137 98
136 97
135 97
134 97
132 97
131 97
130 97
129 97
127 98
126 98
125 97
124 98
123 98
121 98
120 98
119 98
118 98
116 98
115 98
114 98
113 97
111 97
110 98
109 99
109 100
109 102
108 103
107 103
106 104
105 105
103 107
102 107
101 108
101 109
102 111
101 111
100 112
100 113
100 115
99 115
98 116
97 117
97 119
98 120
99 120
100 121
99 122
97 124
98 125
97 125
96 126
94 127
93 128
92 128
91 128
89 129
88 130
87 130
86 131
85 132
83 132
82 132
81 132
80 133
78 133
77 133
76 133
75 133
73 134
72 134
71 135
70 135
69 137
68 138
68 139
67 140
66 141
65 143
64 144
63 144
62 145
60 144
59 143
58 142
57 141
55 139
54 138
53 137
52 136
51 134
50 133
50 132
49 131
49 130
47 128
47 127
46 126
46 125
45 123
45 122
44 121
44 120
46 119
46 118
47 117
47 116
48 115
49 115
50 114
51 114
52 113
53 112
54 112
55 111
55 110
56 108
57 107
57 106
58 105
59 103
59 102
60 101
61 100
63 98
63 97
64 97
65 96
66 96
68 95
69 94
69 93
70 93
72 93
73 92
73 91
74 90
76 88
77 87
78 86
79 85
81 85
82 85
