126 87
127 86
128 87
130 87
131 88
132 87
133 87
135 87
136 87
137 87
138 86
140 86
141 86
142 87
143 87
145 88
146 88
147 89
148 90
147 92
147 93
146 93
145 94
144 95
143 96
142 96
141 96
140 96
138 96
137 96
136 96
135 96
133 96
132 96
131 96
130 96
128 97
127 97
126 97
125 98
123 98
122 98
121 97
120 97
118 99
117 99
116 100
116 101
115 102
114 102
113 103
112 104
112 105
111 107
110 107
109 108
108 109
106 110
105 110
104 111
104 112
105 114
104 115
104 116
103 117
101 118
101 119
101 120
101 121
102 123
102 124
102 125
102 126
100 128
99 128
98 129
97 130
96 131
95 132
94 133
93 133
92 133
90 133
89 133
88 133
87 133
85 134
84 134
83 135
82 135
80 135
79 136
78 137
77 137
75 138
74 138
73 139
72 139
70 140
69 141
68 141
67 141
66 142
64 144
64 145
63 146
63 147
61 145
60 144
59 143
58 142
56 140
55 139
54 138
53 137
52 135
51 134
50 133
50 132
49 130
48 129
47 128
47 127
46 125
46 124
45 123
45 122
44 121
44 119
45 118
46 117
46 116
48 116
49 115
50 114
51 113
52 112
53 111
54 110
55 109
57 108
57 107
57 106
58 106
59 104
60 104
61 103
61 102
63 100
64 99
65 99
66 98
67 97
69 96
70 95
71 95
72 95
74 93
75 93
76 92
77 91
79 89
80 89
81 89
82 89
84 89
85 89
86 89
86 90
88 91
89 92
90 91
91 91
93 91
94 90
95 90
96 90
97 90
99 90
100 91
101 91
102 91
104 91
105 91
106 91
107 91
109 91
110 91
111 90
112 90
114 90
115 89
116 89
117 89
119 88
120 88
121 87
122 87
124 87
125 87
