76 78
77 77
79 77
80 77
81 77
83 77
84 78
85 78
87 78
88 78
89 79
91 80
92 80
92 81
92 82
94 84
95 84
96 84
98 83
99 82
100 82
102 81
101 80
100 80
102 79
103 78
104 78
106 77
107 78
108 78
110 78
111 78
112 78
114 78
115 78
116 78
118 78
119 79
120 79
121 79
123 78
124 78
125 78
127 78
128 78
129 78
131 79
132 79
133 79
135 79
135 80
136 81
138 81
139 81
139 82
141 84
140 85
140 86
139 87
138 88
137 88
135 89
134 88
133 88
132 88
130 88
129 88
128 88
126 88
125 87
124 87
122 87
121 88
120 88
118 89
117 89
116 90
114 89
113 89
112 88
110 88
109 87
108 87
106 86
105 86
104 86
104 88
104 89
104 90
104 91
104 93
104 94
104 95
102 96
101 97
101 98
102 100
102 101
101 101
100 103
100 104
99 105
100 107
100 108
100 109
100 111
100 112
100 113
98 115
97 115
96 116
94 116
93 116
92 116
91 117
89 117
88 118
87 118
85 120
84 121
83 122
81 122
80 123
79 123
77 124
76 124
75 124
73 125
72 125
71 126
69 128
68 129
67 129
65 131
65 132
64 132
63 134
62 135
62 136
61 137
60 139
60 140
59 140
57 141
56 140
55 139
53 137
52 136
52 135
50 133
50 132
49 131
48 129
47 128
47 127
46 125
46 124
45 123
44 121
44 120
44 119
43 117
43 116
42 115
42 114
42 112
42 111
43 110
45 109
45 108
46 107
48 106
49 105
49 104
51 102
52 102
53 101
54 100
55 99
55 98
57 97
57 96
57 95
58 93
59 92
60 92
61 90
62 89
63 88
63 87
64 85
65 84
66 83
68 81
68 80
69 80
71 79
72 78
73 78
75 78
