134 102
135 101
136 102
138 103
139 103
140 103
141 102
142 103
143 103
145 102
146 102
147 102
148 102
148 103
149 105
150 106
150 107
150 108
150 109
150 110
148 111
147 111
146 111
145 111
144 111
142 112
141 112
140 112
139 111
138 112
137 112
135 112
134 111
133 111
132 112
131 112
130 112
128 112
127 112
126 112
125 112
124 112
122 112
121 111
120 112
119 112
118 112
117 113
117 115
117 116
117 117
116 118
116 119
114 121
113 121
112 122
111 123
110 123
109 124
107 126
106 127
105 128
105 129
104 129
103 131
102 132
103 133
104 133
105 134
106 134
106 136
106 137
106 138
106 139
106 140
104 141
103 142
102 143
101 144
100 144
99 144
97 146
96 145
95 146
94 146
93 146
92 146
90 146
89 146
88 146
87 147
86 147
84 149
83 150
82 150
81 151
80 151
79 151
77 151
76 151
75 151
74 151
73 151
71 152
70 151
69 151
68 150
67 150
66 149
64 148
63 147
62 146
61 145
60 144
58 142
57 141
56 140
55 139
54 138
53 137
52 135
51 134
50 133
50 132
49 131
50 129
51 128
52 127
53 126
53 125
54 125
55 123
56 122
57 121
58 120
59 119
60 118
62 116
63 115
64 114
65 114
66 113
68 111
69 110
70 110
71 109
72 108
73 107
75 107
76 106
76 105
77 104
78 104
80 104
81 103
82 103
83 103
84 102
85 102
87 102
88 102
89 103
90 103
91 103
93 103
94 103
95 103
96 103
97 103
98 103
100 104
101 104
102 104
103 104
104 104
106 104
107 103
108 102
109 102
110 102
111 103
113 102
114 102
115 103
116 103
117 103
118 103
120 103
121 104
122 104
123 103
124 103
126 103
127 104
128 103
129 103
130 103
131 103
133 104
134 103
