128 98
129 97
130 97
131 97
133 97
134 97
135 97
136 97
137 97
138 97
140 98
141 97
142 97
143 97
144 97
145 97
145 98
146 100
146 101
146 102
145 103
145 104
144 105
143 105
141 105
140 104
139 105
138 104
137 105
136 105
134 106
133 106
132 107
131 107
130 107
129 107
128 108
126 108
125 109
124 109
123 109
122 110
121 110
120 110
118 111
117 112
118 113
119 113
120 114
121 115
123 115
123 116
123 117
124 118
124 119
123 120
122 121
120 123
120 124
119 125
118 126
118 127
117 128
116 129
114 130
113 131
112 132
111 133
110 134
109 135
108 137
107 138
107 139
107 140
106 141
105 142
104 143
102 144
101 145
100 145
99 146
98 147
97 147
96 147
94 148
93 148
92 149
91 149
90 149
89 150
87 150
86 151
85 151
84 151
83 152
82 152
81 152
79 151
78 150
77 151
76 150
75 151
74 151
73 152
71 152
70 151
69 151
68 150
67 150
66 149
64 148
63 147
62 146
61 145
60 144
59 143
58 142
56 140
55 139
54 138
53 137
52 136
52 135
51 134
50 132
49 131
49 130
48 129
48 128
49 128
51 127
52 126
53 125
54 125
55 124
56 124
57 123
59 121
60 121
61 120
62 119
63 119
64 119
65 119
67 117
68 116
69 115
70 115
71 114
72 113
74 112
75 112
76 112
77 111
78 110
79 109
80 109
82 108
83 108
84 107
85 108
86 108
87 108
88 108
90 108
91 108
92 108
93 108
94 109
95 109
97 109
98 108
98 107
98 106
98 105
99 105
100 104
102 104
103 104
104 104
105 103
106 103
107 103
108 103
110 103
111 102
112 102
113 102
114 102
115 101
117 100
118 100
119 99
120 99
121 99
122 99
123 99
125 98
126 98
127 98
