86 44
87 43
89 44
90 45
92 47
92 48
93 49
94 51
95 52
97 53
98 53
98 54
99 56
99 57
99 58
99 60
99 61
99 63
100 64
101 65
103 67
104 68
106 70
107 70
107 71
107 73
107 74
108 76
109 77
109 78
108 80
109 81
109 82
108 84
109 85
109 87
109 88
110 89
110 91
110 92
109 94
109 95
109 96
108 98
108 99
108 101
109 102
109 103
108 105
109 106
110 108
110 109
110 110
109 112
109 113
109 114
109 116
109 117
109 119
109 120
109 121
108 123
108 124
107 126
107 127
107 128
107 130
107 131
107 133
107 134
107 135
106 137
106 138
105 139
104 141
104 142
103 144
103 145
103 146
102 148
102 149
102 151
101 152
101 153
100 155
101 156
101 158
101 159
100 160
98 159
97 159
96 159
94 159
93 159
91 159
90 159
89 158
87 158
86 158
84 157
83 157
82 157
80 156
79 156
77 155
76 154
75 154
73 153
72 153
70 151
69 151
68 150
66 149
65 148
64 148
63 146
62 145
61 143
60 142
60 141
58 140
57 139
57 137
56 136
56 135
55 133
55 132
53 131
53 130
53 129
52 127
52 126
51 125
50 123
50 122
49 120
49 119
49 118
49 116
50 115
50 113
50 112
50 111
50 109
50 108
50 106
49 105
49 104
48 102
49 101
50 99
50 98
51 97
52 96
53 95
54 94
54 92
55 91
56 89
56 88
57 88
59 88
60 87
62 87
63 87
64 87
65 85
66 84
67 82
67 81
67 80
67 78
67 77
67 76
67 74
68 73
68 71
68 70
69 69
69 67
70 66
70 64
70 63
71 62
71 60
71 59
72 57
72 56
72 55
74 53
74 52
75 51
76 49
77 49
79 48
80 48
81 48
83 46
84 45
85 44
