94 50
95 49
97 50
98 50
99 51
101 52
102 53
103 53
105 55
106 56
107 57
109 59
109 60
110 61
109 63
109 64
110 65
112 67
113 68
114 68
115 70
115 71
116 72
117 72
118 74
118 75
117 76
117 78
117 79
117 80
117 82
117 83
118 84
118 86
118 87
118 88
119 90
119 91
118 92
118 94
117 95
117 96
117 98
117 99
117 100
117 102
118 103
118 104
120 106
120 107
119 108
119 110
119 111
119 112
118 114
119 115
119 116
119 118
119 119
119 120
119 122
118 123
118 124
118 125
118 127
117 128
117 129
117 131
116 132
116 133
115 135
115 136
114 137
113 139
113 140
113 141
112 143
112 144
112 145
111 147
111 148
111 149
111 151
110 152
110 153
110 155
110 156
110 157
110 159
109 159
108 159
106 159
105 159
104 159
102 159
101 159
100 160
98 159
97 159
96 159
94 159
93 159
92 159
91 159
89 158
88 158
87 158
85 158
84 157
83 157
81 156
80 156
79 156
77 154
77 153
77 152
77 150
77 149
77 148
76 146
75 145
75 144
74 142
74 141
73 140
71 139
70 138
70 137
68 135
67 134
67 133
67 131
67 130
67 129
66 127
66 126
66 125
65 123
64 122
63 121
63 119
63 118
62 117
63 116
63 114
62 113
62 112
63 110
63 109
63 108
63 106
63 105
63 104
63 102
63 101
63 100
63 98
63 97
64 96
65 94
66 93
67 92
67 90
68 89
69 88
70 86
70 85
71 85
73 84
73 83
74 83
76 82
77 81
77 80
77 78
78 77
78 76
79 74
79 73
79 72
79 70
79 69
79 68
80 67
80 65
81 64
81 63
81 61
81 60
81 59
82 57
82 56
83 55
85 54
86 54
87 54
89 54
90 53
91 52
93 50
