106 46
106 45
108 45
109 45
110 45
112 47
113 48
114 50
115 51
116 52
118 54
118 55
118 56
119 58
120 59
120 61
121 62
121 63
123 65
124 65
125 66
126 68
126 69
126 71
126 72
127 73
128 75
128 76
127 77
127 79
126 80
126 81
126 83
126 84
127 86
127 87
127 88
126 90
126 91
126 92
125 94
125 95
124 97
124 98
124 99
124 101
124 102
124 103
125 105
125 106
125 108
125 109
125 110
125 112
125 113
125 114
124 116
124 117
124 118
124 120
124 121
123 123
123 124
123 125
123 127
122 128
122 129
121 131
120 132
120 134
120 135
119 136
118 138
118 139
117 140
116 142
117 143
117 144
117 146
117 147
118 149
118 150
119 151
119 153
119 154
119 155
118 157
117 157
115 158
114 158
113 158
111 158
110 159
109 159
107 159
106 159
104 159
103 159
102 159
100 160
99 159
98 159
96 159
95 159
94 159
92 159
91 159
89 158
88 158
87 158
85 158
84 157
84 156
84 154
85 153
85 151
85 150
85 149
84 147
84 146
84 145
83 143
82 142
82 140
81 139
80 138
80 136
80 135
79 134
78 132
79 131
79 130
79 128
79 127
79 125
79 124
78 123
78 121
78 120
78 119
78 117
78 116
78 114
78 113
78 112
78 110
79 109
79 108
81 106
81 105
83 103
83 102
82 101
81 100
81 99
80 98
82 97
82 96
83 95
84 93
84 92
84 90
84 89
84 88
84 86
84 85
84 84
84 82
85 81
85 79
84 78
85 78
86 76
86 75
86 74
87 72
88 71
88 70
89 68
89 67
89 65
89 64
89 63
90 61
90 60
91 59
91 57
92 56
93 54
93 53
93 52
94 50
95 49
96 49
98 49
99 49
101 48
102 48
103 48
105 47
