106 50
106 49
108 49
109 49
110 49
112 51
113 52
114 53
115 54
116 54
118 55
119 56
120 56
122 58
123 59
123 60
123 62
123 63
124 64
125 65
125 66
125 68
126 69
127 69
129 70
129 71
129 72
131 74
131 75
132 76
134 78
134 79
135 81
135 82
135 83
134 85
134 86
134 87
134 89
134 90
133 91
133 93
133 94
133 95
133 97
133 98
133 100
133 101
133 102
132 104
133 105
133 106
134 108
135 109
135 110
135 112
136 113
136 115
136 116
136 117
134 119
134 120
134 121
134 123
134 124
134 125
135 127
135 128
134 129
134 131
133 132
132 134
132 135
131 136
131 138
130 139
130 140
129 142
128 143
128 144
127 146
127 147
128 149
127 150
127 151
127 153
126 154
125 154
123 155
122 155
121 156
119 156
118 157
117 157
115 158
114 158
112 158
111 158
110 159
108 159
107 159
106 159
104 159
103 159
102 159
100 160
99 159
97 159
96 159
95 159
93 159
92 159
91 159
90 158
89 157
89 156
90 154
90 153
90 152
90 150
89 149
88 147
87 146
86 145
85 143
84 142
85 141
84 139
83 138
82 137
80 135
80 134
79 132
79 131
78 130
78 128
78 127
78 126
77 124
77 123
78 122
78 120
77 119
77 118
78 116
78 115
79 113
79 112
80 111
80 109
80 108
80 107
79 105
79 104
79 103
79 101
80 100
80 98
80 97
80 96
80 94
80 93
80 92
82 91
82 90
83 89
84 88
85 87
86 87
88 87
89 86
91 85
91 84
92 84
93 82
94 81
94 80
94 78
94 77
94 76
94 74
94 73
94 71
94 70
94 69
94 67
94 66
95 65
95 64
96 63
96 62
97 60
97 59
97 58
98 57
99 56
101 54
102 53
103 52
105 51
