100 52
101 51
102 51
104 51
105 52
106 53
107 54
108 56
109 57
110 58
111 59
112 60
112 62
111 63
110 64
110 65
110 67
110 68
110 69
111 70
112 71
113 72
113 73
114 74
114 75
114 77
113 78
113 79
113 80
112 82
112 83
111 84
111 85
111 86
110 88
109 89
109 90
109 91
108 93
107 94
107 95
107 96
106 97
106 99
106 100
107 101
106 102
105 104
105 105
105 106
104 107
104 108
104 110
103 111
103 112
103 113
102 115
101 116
101 117
100 118
98 120
98 121
98 122
97 123
98 124
96 126
96 127
95 128
94 129
94 131
93 132
93 133
92 134
91 135
89 136
89 137
89 138
88 139
87 141
87 142
86 143
86 144
85 145
84 147
84 148
83 149
83 150
82 152
82 153
81 154
81 155
80 156
78 155
77 155
76 154
75 154
73 153
72 153
71 152
70 151
68 150
67 150
66 149
65 148
64 148
62 146
61 145
60 144
59 143
57 141
56 140
57 139
57 138
57 137
57 135
56 134
56 133
55 132
56 130
56 129
56 128
56 127
57 126
56 124
56 123
56 122
55 121
55 119
54 118
54 117
54 116
54 115
53 113
53 112
53 111
53 110
51 108
50 107
50 106
50 105
51 103
51 102
52 101
52 100
53 99
54 98
55 97
55 96
55 95
55 93
55 92
55 91
55 90
55 89
56 87
57 86
58 85
58 84
60 83
60 82
61 82
62 81
62 80
64 79
64 78
65 77
66 77
68 76
69 76
70 76
71 76
72 76
74 74
75 73
76 73
77 72
77 70
78 69
78 68
79 67
80 65
81 64
81 63
82 62
83 61
84 60
85 59
85 58
86 57
88 55
88 54
89 53
90 53
91 53
93 52
94 52
95 52
96 52
98 52
99 52
