94 50
95 49
97 49
98 49
99 50
101 52
102 53
104 54
105 55
106 55
108 56
109 56
110 57
111 59
111 60
112 61
112 63
112 64
113 66
114 67
115 67
117 69
118 69
119 70
120 72
121 73
121 74
122 76
123 77
123 79
123 80
123 81
123 83
124 84
124 85
124 87
125 88
126 90
126 91
126 92
124 93
125 94
125 95
125 97
126 98
126 99
126 101
126 102
127 104
126 105
126 106
127 108
128 109
128 110
128 112
129 113
129 114
129 116
129 117
128 119
128 120
129 121
129 123
129 124
129 125
129 127
129 128
128 129
128 131
128 132
129 134
129 135
129 136
129 138
129 139
128 140
127 142
127 143
127 144
127 146
127 147
128 149
128 150
128 151
128 153
127 153
126 154
124 154
123 155
122 155
120 156
119 156
117 157
116 157
115 158
113 158
112 158
111 158
109 159
108 159
106 159
105 159
104 159
102 159
101 159
100 160
98 159
97 159
96 159
94 159
93 159
91 159
91 158
90 157
89 155
88 154
87 153
85 152
85 151
84 150
83 148
82 147
82 145
81 144
80 143
79 141
78 140
78 139
77 137
77 136
77 135
75 133
74 132
73 130
72 129
72 128
72 126
72 125
72 124
72 122
72 121
72 120
72 118
72 117
72 115
71 114
71 113
71 111
70 110
70 109
71 107
71 106
71 105
71 103
71 102
70 100
70 99
70 98
72 97
72 96
73 95
74 93
74 92
75 92
77 91
78 91
80 92
81 91
82 90
82 88
82 87
82 86
82 84
83 83
83 81
82 80
82 79
82 77
82 76
82 75
83 73
83 72
83 71
83 69
83 68
83 66
82 65
83 64
84 62
84 61
84 60
86 58
87 58
88 57
90 57
91 56
92 54
92 53
92 52
93 50
