104 51
105 50
107 50
108 50
109 50
110 52
110 53
111 55
112 56
113 57
115 59
116 60
117 61
117 63
117 64
117 65
117 67
117 68
118 69
119 70
119 71
121 72
121 73
122 74
123 76
124 77
125 77
127 79
127 80
127 81
129 82
129 83
128 85
127 86
128 87
127 89
127 90
127 91
126 93
127 94
126 95
127 97
127 98
127 99
128 101
128 102
128 104
128 105
128 106
126 108
126 109
126 110
126 112
127 113
126 114
127 116
126 117
127 119
127 120
127 121
127 123
128 124
128 125
128 127
128 128
128 129
128 131
127 132
127 133
127 135
127 136
126 138
126 139
126 140
124 142
124 143
124 144
124 146
124 147
124 148
123 150
124 151
122 153
121 154
121 155
120 156
119 156
118 157
116 157
115 158
114 158
112 158
111 158
110 159
108 159
107 159
105 159
104 159
103 159
101 159
100 160
99 159
97 159
96 159
95 159
93 159
92 159
90 159
89 158
88 158
86 158
85 158
84 157
82 157
81 156
80 156
80 154
79 153
78 153
78 151
77 150
76 148
75 147
75 146
73 144
72 143
72 142
72 140
72 139
72 138
70 136
69 135
68 133
67 132
67 131
67 129
67 128
67 127
66 125
66 124
66 123
66 121
66 120
67 119
68 117
68 116
68 114
68 113
67 112
67 110
67 109
67 108
67 106
68 105
69 104
70 102
71 101
72 99
72 98
72 97
73 95
74 94
75 94
76 92
77 92
78 91
80 91
81 91
82 91
83 89
84 88
84 86
85 85
85 84
85 82
85 81
86 80
86 78
86 77
87 76
88 74
88 73
88 71
88 70
88 69
89 67
89 66
89 65
90 63
91 62
91 61
92 59
93 58
94 57
96 56
97 56
99 55
100 54
101 53
103 52
