107 55
108 54
110 55
110 56
111 57
112 58
112 60
113 61
114 62
114 63
116 65
117 65
118 66
118 68
118 69
118 70
118 71
118 73
117 74
118 75
120 77
121 78
121 79
122 80
124 82
125 83
125 84
125 85
126 87
125 88
125 89
124 91
125 92
124 93
125 94
126 96
125 97
124 98
123 99
123 101
123 102
123 103
122 105
122 106
122 107
122 108
122 110
122 111
122 112
122 113
122 115
122 116
121 117
121 119
121 120
121 121
120 122
119 124
119 125
119 126
118 128
118 129
118 130
118 131
118 133
118 134
117 135
117 136
116 138
116 139
115 140
113 142
112 143
112 144
111 145
110 147
109 148
109 149
109 150
108 152
108 153
107 154
107 156
107 157
107 158
107 159
105 159
104 159
103 159
102 159
100 160
99 159
98 159
96 159
95 159
94 159
93 159
91 159
90 159
89 158
87 158
86 158
85 158
84 157
82 157
81 156
80 156
79 156
77 155
76 154
75 154
73 153
73 152
73 151
73 150
73 148
73 147
73 146
73 145
72 143
72 142
72 141
70 139
70 138
70 137
69 136
69 134
69 133
69 132
69 131
69 129
68 128
68 127
66 125
66 124
66 123
66 122
66 120
67 119
67 118
67 116
68 115
68 114
67 113
67 111
67 110
68 109
68 108
68 106
69 105
69 104
70 102
71 101
71 100
72 99
73 97
73 96
74 95
74 94
74 92
75 91
76 91
78 90
79 90
80 90
81 90
83 89
84 88
85 88
86 87
87 85
87 84
87 83
87 81
87 80
87 79
88 78
87 76
88 76
89 75
91 73
91 72
91 71
92 70
92 68
92 67
92 66
92 65
93 63
94 62
94 61
96 59
97 58
98 58
99 58
101 58
102 58
103 57
104 56
106 55
