114 61
115 60
116 60
118 60
119 61
119 62
119 63
120 65
121 66
122 67
123 67
124 67
125 69
125 70
125 71
125 72
125 74
125 75
125 76
126 77
127 78
128 80
128 81
128 82
129 83
129 85
130 86
130 87
129 88
130 89
129 91
129 92
128 93
128 94
127 95
127 97
126 98
126 99
125 100
126 102
126 103
125 104
125 105
126 106
125 108
125 109
124 110
124 111
124 113
123 114
123 115
123 116
123 117
124 119
124 120
123 121
123 122
122 124
122 125
121 126
122 127
121 128
121 130
121 131
120 132
119 133
118 135
118 136
117 136
116 137
116 138
115 140
115 141
114 142
114 143
114 145
113 146
112 147
112 148
111 149
109 151
109 152
109 153
109 154
109 155
110 157
110 158
109 159
108 159
106 159
105 159
104 159
103 159
102 159
100 160
99 159
98 159
97 159
95 159
94 159
93 159
92 159
91 159
89 158
88 158
87 158
86 158
84 157
83 157
82 157
81 156
80 156
81 154
81 153
81 152
81 151
82 149
82 148
82 147
82 146
82 145
82 143
82 142
83 141
82 140
82 138
82 137
81 136
80 135
80 134
78 132
78 131
78 130
79 129
79 128
78 126
78 125
78 124
78 123
76 121
75 120
75 119
74 118
74 117
74 115
74 114
75 113
75 112
76 110
76 109
77 108
77 107
77 106
77 104
78 103
78 102
78 101
78 99
78 98
79 97
79 96
80 96
81 94
82 94
83 93
83 92
84 90
85 89
86 88
86 87
87 87
89 87
90 87
91 86
92 86
94 84
94 83
94 82
95 81
96 80
97 78
97 77
98 76
98 75
99 74
99 72
100 71
100 70
101 69
102 67
103 66
103 65
104 64
105 63
107 62
108 62
109 62
110 62
112 62
113 61
