107 59
108 58
110 59
111 60
112 61
112 62
114 63
114 64
115 65
116 65
118 66
118 67
118 68
119 70
118 71
118 72
118 73
120 75
121 74
122 74
123 74
124 74
124 75
123 76
124 77
123 79
123 80
124 81
123 83
123 84
123 85
122 86
122 88
122 89
122 90
121 91
121 93
121 94
120 95
120 97
120 98
119 99
119 100
119 102
119 103
119 104
119 105
119 107
119 108
119 109
118 111
119 112
119 113
119 114
118 115
117 116
117 117
117 118
117 120
117 121
117 122
116 123
116 125
116 126
115 127
115 129
114 130
114 131
114 132
113 134
112 135
112 136
111 137
111 139
110 140
109 141
109 143
108 144
108 145
108 146
107 148
106 149
106 150
106 151
105 153
105 154
105 155
105 156
105 158
104 159
103 159
101 159
100 160
99 159
98 159
96 159
95 159
94 159
93 159
91 159
90 159
89 158
87 158
86 158
85 158
84 157
82 157
81 156
80 156
79 156
77 155
76 154
76 153
76 151
76 150
76 149
75 148
75 146
75 145
75 144
75 143
75 141
74 140
74 139
73 138
72 136
72 135
72 134
70 132
70 131
69 130
69 129
68 127
68 126
69 125
69 124
69 122
68 121
67 120
66 118
66 117
66 116
67 115
68 113
68 112
68 111
68 110
67 108
68 107
68 106
68 104
68 103
68 102
69 101
69 99
69 98
70 97
70 96
71 94
72 93
72 92
73 91
75 89
76 88
77 88
79 88
80 89
81 88
82 88
83 86
84 85
84 84
85 84
86 82
86 81
87 80
87 78
88 77
88 76
89 75
90 73
90 72
91 71
91 70
93 68
92 67
93 66
93 65
94 63
95 62
95 61
97 61
98 61
99 60
99 59
101 59
102 60
103 60
104 59
106 59
