99 51
100 50
102 51
103 52
104 53
105 54
107 55
107 56
108 57
110 58
111 59
112 60
112 62
112 63
112 64
112 65
114 67
115 68
116 69
117 70
118 71
118 72
119 73
120 74
120 75
120 76
120 78
121 79
120 80
121 82
121 83
121 84
121 85
121 87
121 88
121 89
121 91
120 92
120 93
120 95
120 96
120 97
120 98
119 100
119 101
119 102
120 104
121 105
120 106
120 107
121 109
120 110
119 111
119 113
119 114
119 115
119 117
120 118
120 119
120 120
119 122
119 123
119 124
119 126
119 127
118 128
118 129
118 131
118 132
117 133
117 135
117 136
117 137
116 139
115 140
115 141
115 142
115 144
114 145
115 146
116 148
116 149
116 150
116 151
116 153
116 154
116 155
116 157
115 158
114 158
112 158
111 158
110 159
109 159
107 159
106 159
105 159
103 159
102 159
101 159
99 159
98 159
97 159
96 159
94 159
93 159
92 159
90 159
89 158
88 158
87 158
85 158
84 157
84 156
83 154
83 153
83 152
83 150
83 149
82 148
82 147
82 145
82 144
81 143
81 141
81 140
80 139
80 138
79 136
79 135
79 134
79 132
79 131
78 130
78 128
78 127
77 126
77 125
76 123
76 122
76 121
75 119
75 118
75 117
75 116
75 114
75 113
75 112
75 110
76 109
76 108
78 107
78 106
79 105
79 104
80 102
79 101
78 100
79 98
80 97
80 96
79 95
80 93
80 92
81 91
81 89
81 88
81 87
81 85
81 84
81 83
81 82
81 80
81 79
81 78
80 76
80 75
81 74
81 72
82 71
82 70
83 69
84 67
84 66
85 65
85 63
86 62
86 61
86 60
86 58
87 57
88 57
89 55
90 55
91 55
93 54
94 53
95 53
96 53
98 51
