99 48
100 47
102 47
103 47
104 48
104 50
105 51
106 52
107 54
108 55
109 57
110 58
111 58
113 60
113 61
113 62
113 64
112 65
112 66
113 68
114 69
115 69
117 71
118 71
120 72
121 73
121 74
120 76
121 77
121 78
120 80
120 81
120 82
121 84
120 85
120 86
121 88
121 89
121 90
120 92
120 93
120 95
121 96
121 97
120 99
121 100
121 101
121 103
120 104
120 105
119 107
119 108
119 109
118 111
119 112
118 114
119 115
119 116
119 118
119 119
118 120
118 122
118 123
118 124
118 126
118 127
118 128
118 130
117 131
117 132
117 134
117 135
115 137
115 138
115 139
115 141
115 142
115 143
115 145
115 146
114 147
114 149
114 150
113 150
112 152
111 153
110 155
109 156
109 157
108 159
107 159
106 159
104 159
103 159
102 159
100 160
99 159
98 159
96 159
95 159
93 159
92 159
91 159
89 158
88 158
87 158
85 158
84 157
83 157
81 156
80 156
79 156
77 155
76 154
75 154
73 153
72 153
72 151
72 150
71 149
69 147
69 146
69 145
68 143
68 142
68 141
68 139
68 138
67 137
66 135
65 134
63 132
63 131
62 130
61 128
60 127
60 126
59 124
60 123
60 122
60 120
61 119
61 118
60 116
60 115
59 114
59 112
60 111
60 109
61 108
61 107
62 105
62 104
63 103
64 101
64 100
65 99
66 97
66 96
66 95
67 94
68 93
69 91
70 91
71 90
73 90
74 90
75 89
77 88
78 87
78 86
78 84
78 83
78 82
79 80
79 79
79 78
79 76
80 75
81 73
81 72
81 71
82 69
83 68
83 67
83 65
83 64
84 63
85 61
85 60
86 59
88 57
88 56
90 54
91 54
92 53
94 51
95 51
96 50
98 49
