106 50
107 49
108 49
109 50
110 51
111 51
112 52
112 54
112 55
112 56
113 57
114 59
115 60
115 61
116 62
115 64
115 65
114 66
114 67
113 69
113 70
114 71
114 72
115 74
115 75
115 76
116 77
115 78
115 80
115 81
114 82
113 83
113 85
113 86
112 87
111 88
110 90
110 91
110 92
109 93
108 95
108 96
107 97
107 98
106 100
106 101
105 102
105 103
103 105
103 106
102 107
102 108
101 109
101 111
100 112
100 113
100 114
99 116
98 117
98 118
98 119
97 121
96 122
96 123
96 124
94 126
93 127
92 128
91 129
90 131
89 132
88 132
87 132
85 132
84 133
84 134
84 135
83 136
82 138
82 139
82 140
82 141
80 143
79 143
78 144
78 145
76 147
75 148
75 149
74 150
74 152
74 153
73 153
72 153
70 151
69 151
68 150
67 150
65 148
64 148
63 147
62 146
61 145
59 143
58 142
57 141
56 140
54 138
53 137
52 136
52 135
50 133
50 132
49 131
49 130
48 128
48 127
48 126
48 125
48 123
49 122
49 121
49 120
50 118
49 117
49 116
49 115
49 114
48 112
48 111
48 110
48 109
47 107
47 106
47 105
47 104
47 102
47 101
47 100
48 99
49 97
49 96
49 95
49 94
50 92
50 91
51 90
52 89
53 87
53 86
54 85
54 84
55 83
56 81
56 80
57 80
58 79
59 77
60 77
61 76
62 76
64 75
65 74
65 73
66 72
68 71
69 71
70 71
71 71
73 71
74 71
75 71
76 70
78 69
79 68
80 67
81 67
82 66
83 64
84 64
85 63
86 62
87 60
88 59
88 58
89 57
90 55
91 54
91 53
92 52
94 51
95 51
96 51
97 51
99 51
100 51
101 51
102 51
104 51
105 51
