107 59
108 58
109 58
111 59
112 60
113 61
114 62
115 64
116 65
117 66
118 66
119 68
119 69
119 70
119 71
119 73
119 74
119 75
120 76
122 78
123 78
123 79
123 80
124 82
124 83
124 84
124 85
124 86
123 88
123 89
123 90
124 91
123 93
124 94
123 95
123 96
123 98
122 99
122 100
122 101
122 103
122 104
123 105
122 106
122 108
122 109
122 110
121 111
121 113
121 114
121 115
121 116
121 117
121 119
121 120
121 121
122 122
121 124
120 125
120 126
120 127
119 129
119 130
119 131
118 132
118 134
117 135
116 136
116 137
115 139
114 140
114 141
113 142
113 144
113 145
112 146
113 147
113 148
112 150
111 151
110 152
110 153
109 155
109 156
109 157
109 158
108 159
107 159
106 159
105 159
103 159
102 159
101 159
100 160
98 159
97 159
96 159
95 159
93 159
92 159
91 159
90 159
89 158
87 158
86 158
85 158
84 157
82 157
81 156
80 156
81 155
80 153
80 152
80 151
80 150
81 148
81 147
81 146
81 145
80 143
80 142
79 141
79 140
78 138
77 137
76 136
76 135
76 134
75 132
75 131
75 130
74 129
74 127
74 126
73 125
72 125
72 123
71 122
71 121
71 120
71 118
71 117
71 116
72 115
71 113
71 112
72 111
72 110
72 108
72 107
72 106
73 105
73 104
73 102
73 101
73 100
74 99
75 98
76 97
76 96
77 95
78 93
78 92
79 91
79 90
81 89
82 89
83 88
84 88
86 88
87 87
88 86
88 85
89 83
89 82
90 81
90 80
91 80
92 78
93 77
93 76
93 75
93 73
93 72
94 71
93 70
94 68
94 67
94 66
95 65
96 63
97 62
97 61
98 60
100 60
101 59
102 60
103 61
105 60
106 59
