105 56
106 55
108 56
109 56
110 56
111 57
113 58
114 59
115 60
116 62
117 62
118 62
119 63
120 65
119 66
119 67
119 69
118 70
119 71
121 73
122 73
122 74
122 75
123 77
124 78
125 78
125 80
125 81
125 82
126 83
125 85
124 86
124 87
125 89
126 90
126 91
126 92
126 94
126 95
126 96
126 98
125 99
125 100
125 101
126 103
125 104
125 105
126 107
126 108
126 109
125 111
125 112
125 113
124 114
124 116
124 117
125 118
125 120
125 121
126 122
126 123
125 125
125 126
125 127
125 129
124 130
124 131
124 132
124 134
123 135
122 136
122 138
121 139
120 140
120 141
119 143
119 144
119 145
118 147
118 148
118 149
118 150
118 152
118 153
118 154
118 156
118 157
117 157
115 158
114 158
113 158
112 158
110 159
109 159
108 159
106 159
105 159
104 159
103 159
101 159
100 160
99 159
97 159
96 159
95 159
94 159
92 159
91 159
90 159
88 158
87 158
86 158
85 158
85 156
85 155
85 154
85 152
86 151
86 150
85 148
85 147
84 146
84 145
82 143
82 142
81 141
80 139
79 138
79 137
79 136
78 134
78 133
77 132
76 130
75 129
74 128
73 127
73 125
72 124
72 123
72 121
72 120
73 119
73 118
73 116
74 115
74 114
74 112
74 111
74 110
74 108
75 107
75 106
75 105
75 103
75 102
75 101
76 99
76 98
76 97
76 96
77 94
78 94
79 93
80 91
80 90
81 90
82 90
84 89
85 88
86 87
87 85
87 84
88 84
89 83
89 81
89 80
89 79
89 77
89 76
89 75
89 74
91 73
91 72
92 72
94 70
94 69
94 68
94 66
94 65
94 64
94 63
96 61
97 61
98 61
100 59
101 59
102 58
103 57
104 56
