116 57
117 56
119 56
120 56
121 56
122 56
123 57
124 58
125 59
126 61
127 62
127 63
127 64
129 65
129 66
129 67
129 69
129 70
128 71
130 73
130 74
131 75
132 75
133 77
134 78
134 79
134 81
134 82
134 83
135 84
135 86
134 87
134 88
134 90
134 91
134 92
133 93
133 95
133 96
132 97
132 99
132 100
131 101
131 102
131 104
131 105
131 106
131 108
131 109
130 110
130 112
129 113
129 114
129 115
129 117
129 118
128 119
128 121
128 122
128 123
128 124
128 126
128 127
127 128
126 130
125 131
124 132
124 133
123 135
123 136
122 137
121 139
121 140
120 141
120 142
120 144
120 145
120 146
119 148
118 149
118 150
117 150
116 152
116 153
116 154
115 156
115 157
115 158
113 158
112 158
111 158
110 159
108 159
107 159
106 159
104 159
103 159
102 159
101 159
99 159
98 159
97 159
95 159
94 159
93 159
92 159
90 159
89 158
88 158
86 158
85 158
84 157
84 156
84 154
84 153
85 152
85 150
85 149
85 148
85 146
85 145
85 144
85 143
85 141
84 140
85 139
84 137
83 136
83 135
83 134
81 132
80 131
80 130
80 128
79 127
78 126
78 125
78 123
78 122
77 121
77 119
77 118
77 117
77 116
77 114
77 113
77 112
77 110
77 109
77 108
77 106
78 105
78 104
78 103
79 101
79 100
79 99
80 97
80 96
80 95
81 94
82 92
83 91
84 90
85 88
85 87
85 86
86 85
88 84
89 84
90 85
92 85
93 85
94 85
95 85
97 84
98 83
98 82
99 80
99 79
99 78
100 77
101 75
101 74
101 73
101 71
101 70
102 69
104 67
104 66
105 65
105 64
106 62
107 61
108 60
110 59
111 59
112 58
113 58
115 58
