103 55
104 54
106 54
107 54
108 54
109 55
111 57
112 58
113 58
115 60
116 61
117 61
118 61
118 63
118 64
118 65
118 66
118 68
119 69
120 70
122 71
123 72
123 73
124 74
125 76
125 77
125 78
125 80
126 81
125 82
124 83
125 85
126 86
126 87
127 89
127 90
127 91
127 92
126 94
126 95
126 96
126 97
125 99
126 100
126 101
125 103
125 104
125 105
125 106
125 108
125 109
124 110
124 112
124 113
124 114
124 115
125 117
125 118
126 119
126 121
126 122
126 123
126 124
125 126
125 127
125 128
125 129
125 131
124 132
123 133
123 135
123 136
122 137
122 138
121 140
120 141
120 142
120 144
120 145
120 146
120 147
120 149
119 150
119 151
120 153
121 154
120 155
120 156
118 157
117 157
116 157
115 158
113 158
112 158
111 158
109 159
108 159
107 159
106 159
104 159
103 159
102 159
100 160
99 159
98 159
97 159
95 159
94 159
93 159
91 159
90 159
89 158
89 157
89 155
89 154
89 153
89 152
88 150
87 149
87 148
87 146
87 145
86 144
85 143
84 141
83 140
83 139
82 137
82 136
81 135
80 134
79 132
78 131
77 131
77 129
77 128
76 127
76 126
75 124
74 123
74 122
74 121
74 119
73 118
74 117
75 115
75 114
74 113
74 112
74 110
74 109
74 108
74 106
74 105
74 104
74 103
75 101
75 100
75 99
76 97
77 96
77 95
78 94
79 92
80 91
80 90
81 89
83 88
84 88
85 88
87 88
88 87
89 86
89 85
89 83
89 82
90 82
91 80
91 79
91 78
92 77
92 75
92 74
92 73
92 71
92 70
92 69
92 68
93 66
93 65
93 64
93 63
94 61
95 60
96 59
98 58
99 58
100 57
101 57
103 56
