278
79 75
80 74
81 74
82 74
83 74
84 75
85 76
86 76
87 76
88 77
89 77
90 77
91 77
92 77
93 77
94 77
95 77
96 77
97 77
98 77
99 78
99 79
100 80
101 80
102 80
103 80
104 80
105 80
106 79
107 78
108 78
109 77
110 77
111 77
112 77
113 76
114 76
115 76
116 76
117 76
118 76
119 76
120 76
121 77
122 77
123 77
124 77
125 77
126 77
127 77
128 77
129 77
130 77
131 77
132 77
133 78
134 77
135 78
136 78
137 79
138 79
139 80
140 80
141 80
142 80
143 80
144 79
145 80
146 80
147 80
148 81
148 82
148 83
148 84
148 85
148 86
148 87
147 88
146 88
145 89
144 89
143 89
142 89
141 89
140 88
139 88
138 87
137 87
136 87
135 87
134 87
133 87
132 87
131 87
130 87
129 87
128 87
127 87
126 87
125 88
124 88
123 88
122 88
121 88
120 88
119 88
118 88
117 88
116 88
115 87
114 87
113 88
113 89
112 90
112 91
112 92
112 93
111 93
110 94
110 95
109 95
108 95
107 95
106 95
105 95
104 96
103 97
103 98
104 99
104 100
104 101
103 100
102 101
102 102
101 103
101 104
100 105
100 106
99 107
99 108
100 109
101 109
102 109
103 110
102 111
101 112
102 113
102 114
101 114
100 115
99 116
98 117
97 118
96 119
95 119
94 118
93 118
92 119
92 120
91 119
90 119
89 120
88 120
87 120
86 120
85 120
84 121
84 122
83 123
82 124
81 125
81 126
80 126
79 126
78 127
77 126
76 126
75 126
74 126
73 126
72 125
71 126
70 126
69 126
68 127
67 128
66 129
65 129
64 130
63 131
62 132
62 133
61 134
61 135
60 136
60 137
59 138
58 139
58 140
58 141
57 141
56 140
55 139
54 138
53 137
52 136
52 135
51 134
50 133
50 132
49 131
49 130
48 129
47 128
47 127
46 126
46 125
46 124
45 123
45 122
44 121
44 120
44 119
43 118
43 117
43 116
42 115
42 114
42 113
42 112
42 111
41 110
41 109
42 108
43 107
44 106
44 105
45 104
46 103
47 102
48 101
49 100
50 100
51 99
51 98
52 98
53 97
53 96
54 95
55 95
56 94
57 94
58 93
58 92
59 91
59 90
60 90
61 89
61 88
61 87
62 86
63 85
63 84
64 84
65 83
66 83
67 82
68 81
69 81
70 80
71 79
72 78
73 78
74 77
75 77
76 76
77 75
78 75
