248
76 98
77 97
78 97
79 97
80 97
81 97
82 97
83 97
84 97
85 98
86 99
87 98
87 99
88 100
89 100
90 100
91 100
92 100
93 100
94 101
95 101
96 101
97 101
98 102
99 102
100 101
99 100
99 99
100 98
100 97
101 97
102 98
103 98
104 98
105 98
106 98
107 98
108 98
109 98
110 98
111 98
112 98
113 98
114 98
115 98
116 98
117 98
118 98
119 97
120 97
121 97
122 97
123 97
124 98
125 98
126 98
127 98
128 99
129 99
130 99
131 98
132 99
133 99
134 99
135 100
136 100
137 99
138 99
139 99
140 99
141 99
142 100
143 100
144 100
144 101
145 102
145 103
146 104
147 105
148 105
148 106
148 107
148 108
148 109
147 109
146 110
145 109
144 110
143 110
142 110
141 110
140 110
139 110
138 110
137 110
136 109
135 110
134 109
133 109
132 109
131 109
130 109
129 108
128 109
127 108
126 108
125 108
124 108
123 108
122 109
121 109
120 109
119 109
118 108
117 108
116 108
115 109
115 110
115 111
115 112
115 113
114 114
113 115
112 115
111 115
110 116
109 117
108 117
107 118
106 118
105 119
104 119
103 120
103 121
102 122
102 123
102 124
102 125
101 126
101 127
101 128
101 129
100 130
100 131
100 132
100 133
100 134
100 135
99 136
98 137
97 137
96 137
95 137
94 137
93 138
92 138
91 139
90 139
89 140
88 140
87 141
86 142
85 142
84 143
83 143
82 144
81 144
80 144
79 145
78 145
77 145
76 145
75 145
74 146
73 146
72 146
71 147
70 146
69 147
68 147
67 147
66 147
65 147
64 148
63 147
62 146
61 145
60 144
59 143
58 142
57 141
56 140
55 139
54 138
53 137
52 136
52 135
51 134
50 133
50 132
49 131
49 130
48 129
47 128
47 127
46 126
46 125
46 124
45 123
45 122
44 121
44 120
45 120
46 119
46 118
46 117
47 117
48 117
49 116
50 115
51 114
52 114
53 113
53 112
54 111
55 111
56 110
57 109
58 108
59 108
60 108
61 107
61 106
62 105
63 104
64 103
65 103
66 103
67 102
68 101
69 101
70 101
71 101
72 101
73 100
73 99
74 99
75 99
