238
129 88
130 87
131 87
132 87
133 88
134 88
135 88
136 88
137 89
138 89
139 89
140 90
141 90
142 91
143 91
144 91
144 92
144 93
143 94
142 95
141 95
140 96
139 96
138 97
137 97
136 97
135 97
134 97
133 97
132 97
131 97
130 97
129 97
128 97
127 97
126 98
126 99
125 99
124 99
123 100
122 100
121 100
120 100
119 101
119 102
119 103
120 104
120 105
121 106
120 107
120 108
119 109
118 110
118 111
117 111
116 112
115 112
114 113
113 114
113 115
112 116
111 117
110 118
109 119
109 120
109 121
108 122
107 123
107 124
106 124
105 125
104 126
104 127
104 128
103 129
102 130
102 131
101 131
100 132
99 132
98 133
97 134
96 135
95 135
94 136
93 136
92 137
91 138
90 138
89 137
88 138
87 138
86 139
85 140
84 140
83 140
82 141
81 141
80 141
79 141
78 141
77 141
76 141
75 141
74 141
73 141
72 142
71 142
70 142
69 142
68 142
67 143
66 143
65 144
64 144
63 145
62 146
61 145
60 144
59 143
58 142
57 141
56 140
55 139
54 138
53 137
52 136
52 135
51 134
50 133
50 132
49 131
49 130
48 129
47 128
47 127
46 126
46 125
46 124
45 123
45 122
44 121
44 120
44 119
44 118
45 117
46 118
47 118
48 117
49 116
50 116
51 115
51 114
52 114
53 113
53 112
54 112
55 111
55 110
56 109
57 109
58 108
59 107
60 106
61 106
62 105
63 105
64 104
65 104
66 103
67 103
68 102
69 102
70 101
71 100
72 100
73 99
74 99
75 98
76 98
77 97
78 97
79 97
80 97
81 97
82 97
83 96
84 95
85 95
86 95
87 95
88 95
89 94
90 94
91 95
92 95
93 95
94 95
95 95
96 95
97 95
98 95
99 94
99 95
98 96
99 97
100 97
101 98
102 98
103 98
104 97
105 97
106 96
105 95
105 94
106 94
107 93
108 93
109 93
110 93
111 92
112 91
113 91
114 91
115 90
116 90
117 90
118 90
119 89
120 89
121 89
122 88
123 88
124 89
125 89
126 88
127 88
128 88
