249
124 74
125 73
126 74
127 74
128 74
129 74
130 74
131 74
132 74
133 74
134 73
135 74
136 74
137 74
138 75
139 75
140 75
141 76
142 76
142 77
142 78
142 79
142 80
141 80
140 81
139 81
138 82
137 82
136 82
135 82
134 82
133 82
132 82
131 82
130 82
129 82
128 82
127 82
126 81
125 82
124 82
123 82
122 82
121 82
120 83
119 84
118 85
119 86
120 87
121 88
121 89
121 90
121 91
120 92
120 93
119 93
118 93
117 93
116 94
115 95
114 96
114 97
114 98
114 99
113 100
113 101
113 102
112 103
111 104
110 104
109 105
108 105
107 106
106 107
105 108
105 109
104 110
104 111
103 112
102 113
102 114
102 115
101 116
100 117
99 118
98 119
97 119
96 120
95 120
94 121
93 121
92 122
91 122
90 123
89 124
88 124
87 125
86 125
85 125
84 126
83 127
82 127
81 127
80 128
79 128
78 128
77 129
76 129
75 129
74 130
73 131
72 131
71 132
70 133
69 134
68 135
68 136
67 137
67 138
66 139
66 140
65 141
65 142
64 143
64 144
63 145
63 146
62 146
61 145
60 144
59 143
58 142
57 141
56 140
55 139
54 138
53 137
52 136
52 135
51 134
50 133
50 132
49 131
49 130
48 129
47 128
47 127
46 126
46 125
46 124
45 123
45 122
44 121
44 120
44 119
43 118
43 117
43 116
44 115
45 114
46 113
46 112
47 111
48 111
49 110
50 110
51 109
51 108
51 107
52 107
53 106
54 105
54 104
55 104
56 103
56 102
57 101
57 100
58 100
59 99
59 98
60 98
61 97
61 96
62 95
62 94
63 93
63 92
64 91
65 91
66 90
67 90
68 90
69 89
70 89
71 89
72 89
73 88
73 87
74 86
75 85
76 84
77 83
78 83
79 82
80 82
81 81
82 80
83 81
84 80
85 80
86 80
87 79
88 79
89 79
90 79
91 79
92 79
93 79
94 79
95 79
96 79
97 78
98 78
99 78
100 78
101 78
102 78
103 78
104 78
105 78
106 78
107 78
108 78
109 77
110 77
111 77
112 77
113 76
114 76
115 76
116 75
117 75
118 75
119 75
120 75
121 74
122 74
123 74
