250
135 79
136 78
137 78
138 78
139 78
140 78
141 78
142 78
143 79
144 79
145 79
146 79
147 80
147 81
147 82
147 83
147 84
147 85
146 86
145 87
144 87
143 88
142 88
141 88
140 88
139 88
138 88
137 88
136 88
135 88
134 88
133 88
132 88
131 88
130 88
129 89
128 89
127 89
126 90
125 89
124 90
123 91
122 91
121 91
120 91
119 91
118 92
118 93
118 94
119 95
119 96
119 97
119 98
118 99
118 100
117 101
116 102
115 103
115 104
114 104
113 104
112 105
112 106
112 107
112 108
112 109
111 110
111 111
110 112
110 113
109 114
108 115
107 116
107 117
107 118
107 119
107 120
107 121
107 122
107 123
107 124
106 124
105 125
104 126
104 127
103 127
102 128
102 129
101 130
100 130
99 130
98 131
97 132
96 132
95 133
94 133
93 133
92 134
91 134
90 135
89 135
88 135
87 135
86 135
85 135
84 135
83 135
82 135
81 134
80 135
79 136
78 137
77 137
76 138
76 139
75 139
74 140
73 141
72 142
71 143
70 144
70 145
69 146
68 147
67 148
66 149
65 148
64 148
63 147
62 146
61 145
60 144
59 143
58 142
57 141
56 140
55 139
54 138
53 137
52 136
52 135
51 134
50 133
50 132
49 131
49 130
48 129
47 128
47 127
46 126
46 125
46 124
47 124
48 123
49 122
49 121
50 120
51 119
51 118
52 117
52 116
53 115
53 114
54 114
55 113
55 112
56 112
57 111
57 110
58 110
59 109
59 108
60 107
61 106
61 105
62 104
63 104
64 103
65 103
66 102
67 101
68 101
69 100
69 99
70 99
71 98
72 97
73 97
74 96
75 96
76 95
77 94
78 94
79 93
79 92
80 92
81 91
82 91
83 91
84 91
85 91
86 91
87 91
88 90
89 90
90 90
91 90
92 89
93 89
94 89
95 88
96 88
97 88
98 88
99 87
100 87
101 87
102 88
103 89
104 89
105 89
106 88
107 87
108 86
109 86
110 85
111 84
112 83
113 83
114 83
115 82
116 82
117 82
118 81
119 81
120 81
121 81
122 81
123 80
124 80
125 80
126 80
127 80
128 80
129 80
130 80
131 80
132 80
133 80
134 79
