258
117 85
118 84
119 84
120 85
121 85
122 85
123 86
124 85
125 85
126 86
127 86
128 86
129 86
130 86
131 86
132 86
133 86
134 86
135 86
136 86
137 87
138 87
139 86
140 87
141 87
142 87
143 87
144 87
145 87
145 88
144 89
144 90
144 91
144 92
144 93
144 94
143 95
142 95
141 96
140 96
139 96
138 96
137 96
136 96
135 95
134 95
133 94
132 94
131 94
130 94
129 94
128 94
127 95
126 95
125 95
124 96
123 96
122 96
121 96
120 97
119 97
118 97
117 96
116 96
115 97
114 98
114 99
115 100
116 101
116 102
117 103
117 104
117 105
117 106
116 107
116 108
116 109
115 109
114 110
113 110
112 110
111 110
110 110
109 111
108 112
107 112
106 113
105 114
104 115
104 116
103 117
102 117
101 118
101 119
100 119
99 120
98 121
98 122
97 123
96 124
96 125
96 126
96 127
96 128
97 129
97 130
96 130
95 130
95 129
95 128
95 127
94 126
93 126
92 126
91 126
90 126
89 126
88 127
87 128
86 129
85 130
84 131
83 131
82 131
81 131
80 131
79 131
78 131
77 130
76 130
75 131
74 131
73 130
72 130
71 131
70 131
69 131
68 131
67 131
66 131
65 132
64 132
63 133
62 134
61 135
60 136
59 137
58 138
57 139
56 139
55 139
54 138
53 137
52 136
52 135
51 134
50 133
50 132
49 131
49 130
48 129
47 128
47 127
46 126
46 125
46 124
45 123
45 122
44 121
44 120
44 119
43 118
43 117
43 116
42 115
42 114
42 113
42 112
42 111
41 110
41 109
41 108
42 107
43 106
44 106
45 105
46 104
47 103
48 103
49 102
50 102
51 101
52 101
53 100
54 99
54 98
55 97
56 97
57 97
58 96
59 95
60 95
61 95
62 95
63 94
64 94
65 93
66 93
67 92
68 91
69 91
70 91
71 90
72 90
73 90
74 90
75 89
76 89
77 89
78 89
79 88
80 88
81 88
82 87
83 87
84 87
85 87
86 87
87 87
88 87
89 87
90 87
91 87
92 88
93 88
94 89
95 89
96 89
97 88
98 87
99 87
100 87
101 87
102 88
103 88
104 88
105 89
106 88
107 88
108 88
109 88
110 87
111 87
112 87
113 86
114 86
115 85
116 85
