242
142 94
143 93
144 93
145 94
146 94
147 95
148 95
149 95
149 96
150 97
151 97
151 98
151 99
151 100
150 100
149 101
148 102
147 102
146 103
146 104
145 104
144 103
143 103
142 104
141 104
140 104
139 103
138 103
137 103
136 103
135 103
134 103
133 103
132 103
131 104
130 105
129 105
128 105
127 105
126 105
125 105
124 106
123 106
122 106
121 105
120 106
119 106
118 106
117 107
116 108
117 109
118 110
118 111
118 112
118 113
117 114
116 115
115 116
115 117
114 118
113 118
112 119
111 120
110 120
109 121
109 122
108 123
107 124
107 125
106 126
105 127
105 128
106 129
106 130
107 131
107 132
107 133
107 134
106 135
106 136
105 136
104 137
103 137
102 138
101 139
100 140
99 140
98 140
97 141
96 141
95 141
94 142
93 142
92 143
91 142
90 142
89 142
88 143
87 144
86 144
85 144
84 144
83 144
82 145
81 145
80 145
79 145
78 146
77 146
76 146
75 147
74 147
73 148
72 149
71 149
70 150
69 151
68 150
67 150
66 149
65 148
64 148
63 147
62 146
61 145
60 144
59 143
58 142
57 141
56 140
55 139
54 138
53 137
52 136
52 135
51 134
50 133
50 132
49 131
49 130
48 129
47 128
47 127
47 126
48 126
49 125
49 124
50 123
50 122
51 122
52 121
52 120
53 119
54 118
55 118
56 118
57 117
58 116
59 115
60 114
61 113
62 112
63 112
64 111
65 111
66 110
67 109
68 109
69 108
70 108
71 107
72 106
73 106
74 105
75 105
76 105
77 104
78 103
79 103
80 102
81 101
81 100
82 99
83 99
84 99
85 98
86 98
87 98
88 98
89 99
90 99
91 99
92 100
93 100
94 100
95 100
96 100
97 100
98 100
99 100
100 100
101 99
102 99
103 100
104 100
105 100
106 100
107 100
108 101
109 101
110 101
111 101
112 101
113 101
114 101
115 100
116 100
117 99
118 99
119 99
120 98
121 97
122 96
123 96
124 96
125 95
126 95
127 95
128 95
129 94
130 94
131 94
132 94
133 94
134 94
135 94
136 94
137 94
138 94
139 94
140 94
141 94
