239
114 88
115 87
116 87
117 88
118 88
119 88
120 88
121 88
122 89
123 89
124 88
125 87
126 87
127 87
128 87
129 87
130 87
131 87
132 88
133 89
134 88
135 88
136 88
137 89
138 90
139 91
140 91
141 90
142 90
142 91
142 92
141 93
141 94
141 95
140 95
139 96
139 97
138 98
137 98
136 97
135 98
134 97
133 97
132 96
131 97
131 98
130 97
129 96
128 97
127 97
126 96
125 97
124 97
123 97
122 96
121 97
120 97
119 97
118 98
117 98
116 98
115 99
114 99
113 100
112 101
113 102
114 103
115 104
116 105
116 106
116 107
116 108
116 109
115 110
114 111
113 111
112 111
111 111
110 112
110 113
109 114
108 115
107 116
107 117
107 118
106 119
105 120
104 120
103 121
102 122
101 123
100 123
99 124
99 125
99 126
99 127
99 128
98 129
97 129
96 129
95 129
94 129
93 129
92 129
91 130
91 131
90 131
89 132
88 133
87 134
86 134
85 134
84 134
83 133
82 133
81 134
80 134
79 135
78 135
77 135
76 135
75 136
74 137
73 137
72 137
71 137
70 137
69 138
68 138
67 138
66 139
65 138
64 139
63 140
62 141
61 142
60 143
59 143
58 142
57 141
56 140
55 139
54 138
53 137
52 136
52 135
51 134
50 133
50 132
49 131
49 130
48 129
47 128
47 127
46 126
46 125
46 124
45 123
45 122
44 121
44 120
44 119
43 118
43 117
43 116
42 115
43 114
44 114
45 113
46 112
47 112
48 111
49 110
50 109
50 108
51 108
52 107
53 106
54 105
55 105
56 104
57 103
58 102
59 101
60 101
61 101
62 101
63 100
64 99
65 98
66 98
67 97
68 97
69 97
70 96
71 96
72 96
73 96
74 95
75 95
76 94
77 94
78 94
79 94
80 93
81 92
82 92
83 92
84 92
85 92
86 92
87 91
88 92
89 93
90 93
91 93
92 93
93 93
94 92
95 92
96 91
96 90
97 90
98 90
99 90
100 90
101 89
102 90
103 90
104 89
105 89
106 89
107 89
108 89
109 89
110 88
111 88
112 88
113 88
