241
123 79
124 78
125 79
126 79
127 79
128 79
129 79
130 79
131 79
132 80
133 79
134 80
135 79
136 80
137 80
138 80
139 81
140 82
141 82
142 83
143 84
143 85
142 86
141 87
140 87
139 88
138 88
137 88
136 88
135 87
134 87
133 88
132 88
131 87
130 87
129 87
128 87
127 87
126 87
125 87
124 87
123 88
122 88
121 88
120 88
119 88
118 88
117 89
118 90
118 91
118 92
118 93
118 94
118 95
117 95
116 96
115 96
114 96
113 97
113 98
113 99
112 100
111 101
111 102
111 103
110 104
110 105
109 106
109 107
109 108
108 108
107 109
106 109
105 110
104 110
103 111
102 111
101 112
101 113
101 114
101 115
101 116
100 117
100 118
99 119
98 119
97 120
96 120
95 121
94 122
93 123
92 124
91 124
90 125
89 126
88 127
87 127
86 127
85 128
84 128
83 129
82 129
81 129
80 130
79 130
78 131
77 131
76 131
75 131
74 132
73 132
72 132
71 132
70 133
69 134
68 135
68 136
68 137
67 138
67 139
66 140
65 141
64 142
64 143
63 144
62 145
61 145
60 144
59 143
58 142
57 141
56 140
55 139
54 138
53 137
52 136
52 135
51 134
50 133
50 132
49 131
49 130
48 129
47 128
47 127
46 126
46 125
46 124
45 123
45 122
44 121
44 120
44 119
43 118
43 117
43 116
44 115
45 114
46 113
46 112
47 112
48 111
49 110
50 109
50 108
51 107
52 107
53 106
54 105
54 104
55 103
55 102
56 101
57 101
58 100
58 99
59 98
60 97
61 96
62 95
63 94
64 93
65 92
66 92
67 92
68 92
69 91
70 91
71 90
72 90
73 89
74 88
75 87
76 86
76 85
77 85
78 84
79 84
80 84
81 84
82 84
83 84
84 84
85 84
86 84
87 84
88 84
89 84
90 83
91 83
92 83
93 83
94 83
95 84
96 84
97 84
98 84
99 83
100 83
101 82
102 82
103 81
104 81
105 81
106 81
107 80
108 80
109 80
110 80
111 80
112 79
113 79
114 79
115 79
116 79
117 79
118 79
119 79
120 79
121 79
122 79
