241
121 88
122 87
123 88
124 88
125 87
126 87
127 87
128 87
129 87
130 87
131 87
132 87
133 87
134 87
135 87
136 87
137 87
138 87
139 87
140 88
141 88
142 88
143 88
143 89
143 90
143 91
142 92
141 93
140 94
139 95
139 96
138 96
137 96
136 96
135 96
134 96
133 96
132 95
131 95
130 94
129 95
128 95
127 95
126 96
125 96
124 96
123 97
122 97
121 98
120 98
119 98
118 98
117 98
116 98
115 98
114 99
113 100
112 100
111 100
110 100
109 100
108 101
109 102
109 103
109 104
109 105
108 106
108 107
108 108
107 109
106 109
105 109
104 110
103 110
102 111
101 111
100 112
100 113
99 114
99 115
99 116
99 117
99 118
98 119
97 120
96 121
96 122
97 123
98 124
99 125
100 126
100 127
99 128
99 129
98 130
97 131
96 131
95 132
94 132
93 132
92 133
91 134
90 134
89 134
88 135
87 135
86 135
85 135
84 135
83 135
82 135
81 135
80 135
79 135
78 136
77 136
76 136
75 137
74 138
73 139
72 139
71 140
70 139
69 140
68 140
67 141
66 142
65 142
64 143
63 144
62 145
61 145
60 144
59 143
58 142
57 141
56 140
55 139
54 138
53 137
52 136
52 135
51 134
50 133
50 132
49 131
49 130
48 129
47 128
47 127
46 126
46 125
46 124
45 123
45 122
44 121
44 120
44 119
43 118
44 117
44 116
45 115
46 115
47 115
48 115
49 114
50 113
51 112
51 111
52 111
53 110
54 110
55 109
55 108
56 107
56 106
57 105
58 104
59 103
60 102
61 102
62 101
63 100
64 99
65 98
66 97
67 96
68 96
69 95
70 95
71 94
71 93
72 93
73 94
74 93
75 93
76 92
77 92
78 92
79 91
80 91
81 91
82 92
83 92
84 93
85 93
86 93
87 93
88 93
89 93
90 94
91 94
92 94
93 94
94 93
95 93
96 94
97 94
98 94
99 94
100 93
101 92
102 92
103 92
104 92
105 91
106 91
107 91
108 91
109 90
110 89
111 89
112 89
113 89
114 89
115 88
116 88
117 89
118 89
119 89
120 88
