101 65
102 64
103 64
105 64
106 65
107 66
108 66
109 66
111 66
112 67
113 68
114 69
114 70
115 72
116 73
117 73
118 74
119 75
121 76
122 76
123 77
123 78
124 79
124 80
124 82
124 83
125 84
126 85
125 86
125 88
125 89
126 90
127 91
127 92
127 94
127 95
127 96
127 97
127 98
127 100
127 101
127 102
127 103
127 104
128 106
129 107
129 108
130 109
131 110
131 112
131 113
132 114
131 115
131 116
132 118
132 119
132 120
133 121
133 122
133 124
134 125
134 126
135 127
135 128
136 129
136 131
136 132
136 133
137 134
137 135
137 137
137 138
136 139
136 140
136 141
136 143
136 144
137 145
138 145
138 146
136 148
135 148
134 149
133 150
132 150
130 151
129 152
128 153
127 153
126 154
124 154
123 155
122 155
121 156
120 156
118 157
117 157
116 157
115 158
114 158
112 158
111 158
110 159
109 159
108 158
108 157
107 155
106 154
106 153
106 152
105 151
103 150
102 149
101 149
101 148
100 147
98 145
97 144
97 143
96 142
95 141
94 139
94 138
95 137
95 136
95 135
95 133
94 132
94 131
94 130
94 129
93 127
93 126
93 125
93 124
93 123
92 121
92 120
92 119
92 118
93 117
92 116
92 114
91 113
90 112
89 112
88 112
89 110
88 109
87 108
86 108
86 107
86 105
86 104
86 103
86 102
87 101
89 99
90 99
91 99
92 100
93 101
94 103
94 104
95 105
96 105
97 105
99 103
99 102
99 101
100 100
100 99
100 97
100 96
99 95
99 94
99 93
99 91
99 90
99 89
99 88
99 87
99 86
99 84
99 83
99 82
99 81
98 80
99 78
99 77
100 76
99 75
100 74
100 72
100 71
100 70
100 69
100 68
100 66
100 65
