108 68
109 67
110 68
111 68
113 70
114 70
114 71
115 72
116 72
116 73
118 75
118 76
118 77
119 78
120 79
121 79
122 81
121 82
122 83
121 84
122 85
122 86
123 88
123 89
124 90
124 91
125 92
125 93
125 95
125 96
125 97
125 98
125 99
126 100
124 102
124 103
124 104
124 105
124 106
125 107
124 109
124 110
124 111
125 112
124 113
124 114
125 116
124 117
125 118
125 119
124 120
124 121
124 123
124 124
124 125
125 126
125 127
125 128
126 130
126 131
126 132
126 133
127 134
127 135
127 137
127 138
127 139
127 140
127 141
127 142
127 144
127 145
127 146
127 147
127 148
127 149
126 151
126 152
126 153
125 154
124 154
123 155
121 156
120 156
119 156
118 157
117 157
116 157
114 158
113 158
112 158
111 158
110 159
109 159
107 159
106 159
105 159
104 159
103 159
102 159
100 160
99 159
98 159
97 159
96 159
95 159
94 158
93 156
93 155
92 154
91 154
90 153
90 152
90 150
90 149
89 148
88 147
88 146
87 145
86 143
85 142
84 141
84 140
83 139
83 138
84 136
84 135
84 134
85 133
86 132
86 131
86 129
86 128
86 127
85 126
86 125
85 124
86 122
87 121
87 120
86 119
86 118
86 117
85 115
85 114
85 113
85 112
84 111
83 111
83 109
83 108
82 107
82 106
83 105
83 104
84 102
85 101
86 101
87 101
88 101
89 101
91 102
91 103
92 104
93 105
94 105
95 105
97 104
98 103
98 102
97 101
97 100
98 99
97 97
97 96
98 95
98 94
98 93
98 92
99 90
100 89
100 88
100 87
100 86
101 85
101 83
101 82
102 81
103 80
103 79
103 78
103 76
103 75
103 74
103 73
103 72
103 71
105 69
106 68
107 68
