94 59
95 58
97 58
98 59
99 60
100 61
102 62
103 62
103 63
104 64
106 66
106 67
105 68
105 70
105 71
106 72
106 73
107 75
108 75
109 75
110 75
111 77
110 78
111 79
110 80
110 82
110 83
109 84
108 86
108 87
108 88
108 89
108 91
108 92
107 93
107 94
106 96
106 97
106 98
105 100
105 101
105 102
104 103
105 105
104 106
104 107
104 108
104 110
104 111
104 112
104 114
104 115
104 116
103 117
103 119
103 120
103 121
103 122
103 124
104 125
104 126
104 127
103 129
103 130
103 131
102 133
102 134
101 135
101 136
100 138
100 139
100 140
99 141
99 143
99 144
99 145
98 147
98 148
98 149
97 150
97 152
96 153
96 154
96 155
96 157
96 158
95 159
94 159
92 159
91 159
90 159
88 158
87 158
86 158
85 158
83 157
82 157
81 156
80 156
78 155
77 155
76 154
74 154
73 153
72 153
71 152
70 150
70 149
71 148
71 147
71 145
71 144
71 143
71 141
70 140
69 139
69 138
68 136
67 135
66 134
66 133
64 131
64 130
64 129
64 128
64 126
64 125
64 124
64 122
64 121
64 120
64 119
64 117
64 116
64 115
64 114
64 112
64 111
64 110
65 108
66 107
67 106
67 105
68 103
68 102
67 101
67 100
68 98
69 97
68 96
68 94
69 93
69 92
69 91
69 89
69 88
70 87
71 86
72 84
73 85
74 85
75 85
77 85
77 86
77 87
78 89
78 90
78 91
78 92
79 94
80 95
81 95
82 94
83 92
83 91
83 90
82 88
82 87
82 86
83 86
84 84
84 83
84 82
84 81
84 79
84 78
85 77
86 76
87 74
88 73
88 72
88 70
89 69
89 68
89 67
90 65
91 64
91 63
92 62
93 60
