108 47
109 46
111 46
112 46
113 47
114 48
115 49
116 49
117 50
117 51
118 52
119 54
119 55
119 56
119 57
119 59
119 60
119 61
119 63
119 64
119 65
120 67
119 68
120 69
120 71
120 72
120 73
120 75
120 76
119 77
119 79
119 80
118 81
118 83
117 84
117 85
117 87
116 88
116 89
116 90
115 92
114 93
114 94
113 96
113 97
112 98
112 100
112 101
112 102
112 104
112 105
111 106
110 108
110 109
110 110
109 112
109 113
109 114
108 116
108 117
108 118
107 120
107 121
107 122
107 123
106 125
106 126
105 127
104 129
103 130
103 131
102 133
102 134
101 135
100 137
99 138
99 139
98 141
98 142
98 143
97 145
96 146
95 147
95 149
94 150
94 151
94 153
94 154
93 155
93 156
93 158
92 159
91 159
89 158
88 158
87 158
85 158
84 157
83 157
81 156
80 156
79 156
77 155
76 154
75 154
73 153
72 153
71 152
69 151
68 150
67 150
67 148
68 147
68 146
68 145
67 143
68 142
68 141
68 139
68 138
68 137
69 135
70 134
70 133
71 131
71 130
71 129
71 127
70 126
70 125
69 123
69 122
69 121
69 119
69 118
69 117
69 115
69 114
70 113
70 112
70 110
71 109
72 108
73 107
74 106
73 105
72 104
71 103
71 102
71 100
71 99
71 98
71 96
72 95
72 94
72 92
73 91
73 90
74 88
74 87
74 86
76 84
77 83
77 82
77 81
78 79
79 78
79 77
81 75
81 74
82 73
84 71
84 70
85 69
87 69
88 70
89 70
91 71
92 71
93 72
95 71
95 70
96 69
96 67
97 67
98 66
99 64
99 63
100 63
101 62
101 60
101 59
102 58
104 56
104 55
104 54
105 52
105 51
106 50
107 48
