90 58
90 57
92 57
93 57
94 58
96 58
97 59
98 59
100 60
100 61
101 62
102 64
102 65
102 66
103 68
104 69
106 71
106 72
107 73
109 75
109 76
109 77
109 79
109 80
109 81
109 83
109 84
109 85
109 87
109 88
109 89
109 91
109 92
108 93
108 95
109 96
109 97
109 99
109 100
110 101
110 103
110 104
110 105
110 107
111 108
109 110
109 111
109 112
110 114
110 115
110 116
111 118
111 119
111 120
112 122
112 123
112 124
112 126
113 127
113 128
113 130
113 131
112 132
112 134
111 135
111 136
110 138
110 139
110 140
110 142
111 143
111 144
112 146
113 147
113 149
113 150
113 151
112 153
112 154
112 155
111 157
112 158
111 158
109 159
108 159
107 159
105 159
104 159
103 159
101 159
100 160
99 159
97 159
96 159
95 159
93 159
92 159
91 159
89 158
88 158
86 158
85 158
84 157
82 157
82 156
82 155
82 153
81 152
81 151
80 149
80 148
80 147
78 145
78 144
78 143
76 141
75 140
74 139
73 137
72 136
71 136
70 134
69 133
68 132
67 130
67 129
67 128
67 126
67 125
67 123
67 122
68 121
68 119
67 118
67 117
67 115
67 114
67 113
67 111
67 110
67 109
68 107
68 106
69 105
69 103
68 102
68 101
69 99
69 98
68 97
68 95
68 94
68 93
67 91
67 90
67 89
69 88
70 88
72 87
73 87
74 88
74 90
75 91
75 92
75 94
74 95
75 96
75 98
76 99
77 99
79 98
80 97
81 96
82 94
81 93
81 92
81 90
81 89
81 88
82 86
82 85
83 84
82 82
83 81
83 80
84 78
84 77
85 75
85 74
85 73
86 71
86 70
86 69
87 67
88 66
88 65
88 63
88 62
89 61
89 59
