97 60
98 59
100 59
101 59
102 59
103 59
105 59
106 60
107 60
107 61
109 62
109 63
110 64
110 65
111 67
112 68
112 69
112 70
113 72
114 73
115 73
115 74
116 76
116 77
116 78
116 79
116 81
116 82
117 83
117 84
117 86
118 87
118 88
118 89
117 91
117 92
117 93
117 94
116 96
116 97
116 98
116 99
116 101
116 102
117 103
117 104
118 106
118 107
118 108
118 109
118 111
118 112
118 113
118 114
118 116
119 117
119 118
119 119
119 121
119 122
119 123
119 124
119 126
120 127
121 128
121 129
121 131
121 132
121 133
121 134
120 136
120 137
120 138
120 139
119 141
120 142
120 143
120 144
119 146
119 147
119 148
119 149
118 151
118 152
118 153
118 154
118 156
118 157
117 157
116 157
114 158
113 158
112 158
111 158
109 159
108 159
107 159
106 159
104 159
103 159
102 159
101 159
99 159
98 159
97 159
96 159
94 159
93 159
92 159
91 159
90 157
90 156
90 155
90 154
89 152
88 151
87 150
87 149
86 147
85 146
84 145
83 145
82 143
81 142
81 141
80 140
79 138
79 137
79 136
79 135
80 133
79 132
80 132
81 131
83 130
84 129
84 128
84 127
83 125
82 126
81 127
80 126
79 124
79 123
78 122
78 121
77 119
77 118
78 117
78 116
78 114
77 113
77 112
77 111
77 109
77 108
77 107
78 106
80 104
80 103
80 102
80 101
79 99
79 98
80 97
80 96
81 94
82 94
83 93
83 92
85 91
86 92
87 92
88 91
90 90
90 89
90 88
91 87
91 85
91 84
92 83
91 82
90 80
91 79
91 78
91 77
92 75
92 74
93 74
94 73
95 71
95 70
96 69
96 68
96 66
96 65
96 64
96 63
96 61
96 60
