100 48
101 47
103 48
103 49
104 50
106 52
107 53
109 55
110 56
111 57
112 59
112 60
113 61
114 63
114 64
115 65
117 66
118 66
119 66
120 68
121 69
122 71
122 72
122 73
122 75
122 76
122 77
122 79
122 80
122 81
122 83
122 84
122 86
122 87
122 88
122 90
122 91
123 92
123 94
123 95
123 96
124 98
123 99
123 100
124 102
124 103
125 105
125 106
125 107
125 109
125 110
125 111
125 113
126 114
126 115
126 117
126 118
127 120
127 121
127 122
128 124
128 125
128 126
128 128
127 129
127 130
127 132
128 133
128 134
127 136
127 137
127 139
127 140
127 141
127 143
128 144
128 145
128 147
128 148
129 149
130 151
131 151
129 152
128 153
127 153
125 154
124 154
123 155
121 156
120 156
119 156
117 157
116 157
115 158
113 158
112 158
110 159
109 159
108 159
106 159
105 159
104 159
102 159
101 159
100 160
98 159
97 159
97 157
97 156
97 155
97 153
96 152
95 152
94 150
94 149
94 148
93 146
92 145
92 144
91 142
90 141
88 140
87 139
87 138
85 136
84 135
83 134
81 133
80 133
80 132
78 130
77 129
77 127
77 126
77 125
78 123
78 122
78 121
79 119
79 118
79 117
80 115
80 114
80 113
80 111
80 110
81 108
81 107
82 106
83 105
84 104
84 103
85 101
86 101
87 100
86 98
85 97
84 96
83 95
84 94
82 93
82 92
81 91
82 89
82 88
81 87
81 85
82 84
82 83
84 81
85 80
87 80
88 80
89 81
91 80
92 79
93 78
94 76
94 75
94 74
94 72
95 71
95 69
95 68
95 67
95 65
95 64
95 63
95 61
95 60
95 59
96 57
96 56
96 55
96 53
97 52
97 50
97 49
97 48
99 48
