91 55
92 54
94 55
95 55
96 55
98 56
99 56
100 57
102 58
103 59
103 60
104 62
104 63
105 64
106 65
108 67
109 68
109 69
109 71
110 72
110 73
111 75
111 76
111 77
112 79
112 80
112 81
111 83
111 84
111 85
111 87
110 88
110 89
110 91
110 92
110 93
109 95
110 96
110 97
109 98
109 100
110 101
110 102
110 104
110 105
110 106
111 108
111 109
111 110
112 112
112 113
112 114
112 116
112 117
112 118
113 120
114 121
115 122
114 124
115 125
115 126
115 128
115 129
115 130
115 131
114 133
113 134
113 135
112 137
112 138
111 139
111 141
111 142
111 143
111 145
111 146
112 147
112 149
112 150
112 151
112 153
112 154
112 155
112 157
113 158
112 158
110 159
109 159
108 159
107 159
105 159
104 159
103 159
101 159
100 160
99 159
97 159
96 159
95 159
93 159
92 159
91 159
89 158
88 158
87 158
85 158
84 157
83 157
83 155
83 154
83 153
83 151
83 150
83 149
82 148
82 146
82 145
82 144
81 142
80 141
80 140
78 138
78 137
78 136
77 134
76 133
75 133
74 131
73 130
72 129
70 128
70 127
70 126
71 124
71 123
71 122
72 120
72 119
72 118
72 117
72 115
72 114
72 113
72 111
72 110
72 109
71 107
71 106
70 105
69 104
68 103
68 102
68 100
68 99
69 98
69 96
69 95
68 94
68 92
67 91
67 90
69 89
70 88
71 88
72 88
74 89
75 90
76 90
78 92
79 92
80 92
82 91
82 90
82 89
84 88
84 87
84 86
84 84
84 83
83 82
84 80
84 79
84 78
85 76
85 75
86 74
86 72
86 71
86 70
86 69
87 67
87 66
87 65
87 63
88 62
88 61
88 59
88 58
89 57
90 55
