102 53
103 52
105 53
106 53
107 54
108 55
109 57
110 58
111 59
111 60
112 62
112 63
113 64
113 65
114 67
115 68
116 69
118 71
118 72
119 73
119 74
118 76
118 77
118 78
118 79
118 81
118 82
118 83
117 84
116 86
116 87
115 88
115 89
114 91
114 92
114 93
114 95
113 96
113 97
113 98
113 100
113 101
113 102
113 103
113 105
113 106
114 107
114 108
114 110
114 111
114 112
115 114
115 115
114 116
114 117
114 119
114 120
114 121
114 122
113 124
113 125
112 126
112 127
112 129
112 130
112 131
112 132
111 134
110 135
110 136
110 138
110 139
110 140
110 141
110 143
109 144
109 145
109 146
108 148
108 149
108 150
107 151
106 153
107 154
107 155
107 157
107 158
108 159
107 159
105 159
104 159
103 159
102 159
100 160
99 159
98 159
97 159
95 159
94 159
93 159
91 159
90 159
89 158
88 158
86 158
85 158
84 157
83 157
81 156
80 156
79 156
78 155
79 153
79 152
79 151
79 150
78 148
78 147
78 146
78 144
78 143
78 142
78 141
77 139
77 138
76 137
76 136
75 134
75 133
75 132
74 131
74 129
74 128
74 127
73 125
73 124
73 123
72 122
74 120
74 119
75 118
74 117
73 115
73 114
73 113
73 112
73 110
73 109
73 108
73 107
72 105
72 104
72 103
72 101
72 100
72 99
72 98
73 96
73 95
73 94
74 93
74 91
75 90
75 89
75 88
76 86
76 85
76 84
77 82
77 81
78 81
79 80
81 79
82 79
83 80
84 81
86 81
87 81
88 80
89 80
90 78
90 77
91 76
91 75
92 73
93 72
94 71
95 69
95 68
95 67
95 66
96 64
96 63
96 62
96 61
97 59
98 58
99 57
99 56
101 54
