88 53
89 52
90 52
91 52
93 53
94 53
95 54
95 55
96 56
97 57
98 59
98 60
98 61
98 62
98 63
98 64
98 65
98 67
98 68
98 69
99 70
100 71
101 71
102 73
102 74
102 75
102 76
101 77
101 78
100 79
100 81
99 82
99 83
99 84
98 85
98 86
97 88
96 89
96 90
96 91
95 92
95 93
95 95
95 96
94 97
94 98
93 99
93 100
92 101
92 103
91 104
91 105
91 106
90 107
90 108
90 110
90 111
90 112
90 113
90 114
89 115
89 116
89 118
88 119
88 120
87 121
87 122
87 123
87 125
87 126
86 127
85 128
84 129
84 130
83 131
82 133
82 134
82 135
82 136
81 137
81 138
80 140
80 141
79 142
80 143
79 144
78 145
77 146
76 148
76 149
75 150
75 151
75 152
75 153
73 153
72 153
71 152
70 151
69 151
68 150
66 149
65 148
64 148
63 147
62 146
61 145
60 144
58 142
57 141
56 140
55 139
54 138
53 137
52 135
51 134
50 133
50 132
49 131
49 130
48 129
47 127
46 126
47 125
47 124
47 123
47 122
48 120
48 119
48 118
48 117
47 116
47 115
48 114
48 112
49 111
50 110
50 109
51 108
50 107
49 105
49 104
49 103
49 102
49 101
49 100
49 99
50 97
50 96
51 95
51 94
51 93
52 92
52 90
53 89
53 88
54 87
54 86
54 85
54 84
54 82
55 81
55 80
55 79
56 78
56 77
58 76
59 76
60 76
61 76
62 76
63 77
65 77
66 78
67 78
68 78
69 78
70 78
71 78
72 76
73 75
74 74
75 74
76 73
76 72
77 70
78 69
78 68
78 67
79 66
79 65
80 65
82 63
82 62
82 61
83 60
83 59
84 58
85 56
86 55
87 54
