108 54
109 53
111 53
111 54
112 55
113 56
115 57
116 57
117 58
118 59
120 61
120 62
121 63
122 64
123 66
124 67
124 68
125 69
127 71
127 72
127 73
127 74
128 76
129 77
130 77
131 78
131 80
130 81
129 82
128 83
129 85
129 86
129 87
129 88
129 90
130 91
129 92
129 93
129 95
129 96
129 97
129 98
128 100
129 101
129 102
129 103
129 105
129 106
129 107
130 108
129 110
129 111
129 112
130 114
130 115
130 116
130 117
131 119
131 120
131 121
131 122
131 124
131 125
131 126
131 127
131 129
131 130
131 131
131 132
131 134
131 135
130 136
130 137
130 139
130 140
130 141
129 142
129 144
129 145
129 146
130 147
129 149
129 150
129 151
129 152
127 153
126 154
125 154
124 154
122 155
121 156
120 156
119 156
117 157
116 157
115 158
114 158
112 158
111 158
110 159
108 159
107 159
106 159
105 159
103 159
102 158
102 157
101 156
101 154
101 153
101 152
101 151
101 149
101 148
101 147
100 146
100 144
99 143
98 142
97 141
97 139
97 138
96 137
96 136
94 135
93 134
92 133
92 132
91 130
91 129
90 128
90 127
90 125
89 124
89 123
89 122
89 120
90 119
90 118
90 117
91 115
91 114
91 113
91 112
91 110
90 109
89 108
88 108
88 106
89 105
89 104
89 102
89 101
89 100
89 99
88 97
88 96
88 95
88 94
88 92
87 91
87 90
88 89
89 88
90 87
90 86
90 85
92 84
93 84
94 84
95 84
97 84
98 85
99 85
100 85
102 84
101 83
102 82
102 81
102 79
102 78
103 77
103 76
103 74
104 73
104 72
105 71
105 69
104 68
105 67
105 66
105 64
105 63
105 62
105 61
104 59
105 58
106 57
106 56
107 54
