111 50
112 49
114 50
115 50
116 51
118 53
118 54
118 55
120 57
121 58
121 60
122 61
122 62
123 64
124 65
125 66
127 67
127 68
127 69
127 71
127 72
127 73
126 75
126 76
126 77
126 79
126 80
126 81
126 83
126 84
125 86
125 87
125 88
125 90
125 91
125 92
124 94
124 95
123 96
123 98
123 99
123 100
122 102
123 103
124 104
124 106
124 107
124 108
124 110
124 111
123 113
123 114
123 115
124 117
124 118
124 119
125 121
125 122
125 123
125 125
125 126
125 127
126 129
126 130
126 131
125 133
124 134
123 135
123 137
123 138
122 140
121 141
121 142
122 144
122 145
122 146
121 148
121 149
121 150
121 152
121 153
120 154
120 156
119 156
118 157
116 157
115 158
114 158
112 158
111 158
109 159
108 159
107 159
105 159
104 159
103 159
101 159
100 160
99 159
97 159
96 159
95 159
93 159
93 158
93 157
94 155
94 154
93 153
93 151
93 150
93 148
93 147
93 146
92 144
93 143
93 142
92 140
92 139
91 138
90 136
89 135
88 134
87 133
86 132
85 131
84 129
84 128
83 127
83 125
83 124
83 122
83 121
83 120
83 118
83 117
84 116
85 114
86 113
86 112
84 111
84 110
84 109
84 107
83 107
82 107
80 105
80 104
80 103
81 101
81 100
82 98
83 97
83 96
82 94
82 93
81 92
82 90
82 89
83 88
82 86
83 85
83 84
82 82
83 82
84 81
85 79
86 78
87 78
89 80
90 80
91 82
92 82
93 82
95 84
96 84
97 83
98 81
98 80
98 79
99 77
100 76
99 75
101 73
101 72
101 71
102 69
102 68
103 67
104 65
104 64
105 62
105 61
105 60
106 58
107 57
107 56
108 54
108 53
109 52
110 50
