101 52
102 51
104 52
105 52
106 53
108 54
108 55
109 56
110 58
110 59
110 60
110 61
109 63
110 64
111 65
113 66
114 67
115 68
117 68
117 69
116 70
117 72
117 73
117 74
117 76
116 77
117 78
117 80
117 81
117 82
117 83
117 85
116 86
115 87
114 89
113 90
113 91
113 93
112 94
112 95
113 97
113 98
114 99
114 101
114 102
115 103
114 104
114 106
114 107
114 108
113 110
113 111
113 112
113 114
113 115
113 116
113 118
113 119
113 120
113 122
113 123
113 124
113 126
113 127
113 128
113 129
112 131
111 132
111 133
111 135
110 136
110 137
110 139
109 140
109 141
109 143
109 144
109 145
109 147
108 148
108 149
108 151
108 152
107 153
107 154
109 156
109 157
110 158
109 159
108 159
107 159
105 159
104 159
103 159
101 159
100 160
99 159
97 159
96 159
95 159
93 159
92 159
91 159
90 159
88 158
87 158
86 158
84 157
83 157
82 157
81 155
81 154
82 153
82 151
82 150
82 149
82 147
82 146
82 145
81 144
81 142
81 141
81 140
81 138
80 137
79 136
79 134
79 133
78 132
77 130
76 129
76 128
75 126
75 125
74 124
74 122
73 121
73 120
72 119
73 117
73 116
73 115
74 113
74 112
74 111
74 109
74 108
74 107
76 105
76 104
76 103
76 101
76 100
75 99
74 98
74 97
74 96
74 95
74 93
74 92
75 91
75 89
75 88
75 87
76 85
76 84
76 83
76 81
77 80
77 79
79 78
80 78
81 77
82 77
83 78
84 79
85 80
87 80
88 80
89 80
91 78
91 77
92 76
91 74
92 73
92 72
93 70
93 69
93 68
93 66
93 65
94 64
94 63
95 61
96 60
96 59
97 57
98 56
99 55
100 53
