99 49
100 48
102 48
103 48
104 48
105 50
106 50
106 51
108 53
109 53
110 53
111 55
112 56
113 57
115 59
116 60
117 61
118 63
119 64
119 65
121 66
121 67
122 68
123 69
123 71
124 72
124 73
123 75
124 76
124 77
126 79
126 80
126 81
127 83
127 84
127 85
127 87
127 88
127 89
127 91
127 92
127 93
128 95
128 96
128 97
129 99
129 100
129 101
129 103
129 104
130 105
129 107
129 108
129 109
130 111
131 112
131 113
133 115
134 116
135 117
135 119
134 120
134 121
134 122
134 124
134 125
134 126
134 128
134 129
134 130
135 132
135 133
135 134
135 136
135 137
136 138
136 140
136 141
136 142
135 144
135 145
136 146
136 148
135 148
134 149
132 150
131 151
130 151
128 153
127 153
126 154
124 154
123 155
122 155
120 156
119 156
118 157
116 157
115 158
114 158
112 158
111 158
110 159
109 159
107 159
106 158
105 157
104 155
104 154
104 153
103 151
103 150
103 149
101 147
100 146
99 145
97 144
96 143
95 142
94 140
93 139
92 138
91 136
90 135
89 135
88 133
88 132
87 131
85 130
84 129
83 128
84 126
84 125
84 124
84 122
85 121
85 120
84 118
84 117
84 116
84 114
85 113
85 112
85 111
85 109
86 108
87 108
89 106
90 106
91 105
92 104
93 103
93 102
93 100
93 99
92 98
90 97
89 96
88 95
86 93
85 92
85 91
83 90
83 89
84 88
84 86
84 85
84 84
86 82
87 82
88 81
90 80
91 80
92 81
94 79
95 79
96 79
97 77
97 76
97 75
97 73
97 72
97 71
97 70
98 68
98 67
98 66
97 64
96 63
96 62
96 60
96 59
96 58
97 56
97 55
97 54
97 52
97 51
97 50
98 49
