99 54
100 53
101 54
103 55
104 56
104 57
104 58
105 59
105 61
105 62
105 63
106 64
106 65
106 67
107 68
108 69
109 70
110 70
110 72
110 73
111 74
111 75
110 76
110 78
110 79
109 80
109 81
109 82
108 84
107 85
107 86
107 87
107 88
106 90
106 91
106 92
105 93
105 94
104 96
103 97
103 98
103 99
102 100
102 102
101 103
101 104
101 105
100 106
100 108
100 109
99 110
100 111
99 112
100 114
99 115
99 116
98 117
98 118
97 120
97 121
96 122
96 123
96 124
96 126
96 127
96 128
95 129
95 130
95 132
94 133
94 134
94 135
93 136
92 138
91 139
90 140
90 141
90 142
89 144
88 145
88 146
87 147
87 148
86 150
86 151
86 152
85 153
85 154
86 156
86 157
86 158
85 158
84 157
82 157
81 156
80 156
79 156
78 155
76 154
75 154
74 154
73 153
72 153
70 151
69 151
68 150
67 150
66 149
64 148
63 147
62 146
61 145
60 144
58 142
59 141
59 140
59 139
59 138
60 136
60 135
60 134
60 133
59 132
58 130
58 129
58 128
57 127
58 126
56 124
56 123
56 122
56 121
56 120
56 118
56 117
56 116
56 115
56 114
57 112
58 111
58 110
59 109
60 108
60 106
61 105
61 104
61 103
61 102
60 100
61 99
61 98
61 97
61 96
62 94
63 93
63 92
64 91
65 90
65 88
65 87
65 86
65 85
65 84
65 82
65 81
66 80
66 79
67 78
69 76
70 76
71 75
72 75
73 75
75 77
76 77
77 78
78 79
79 79
81 77
82 77
83 76
84 75
84 74
85 72
86 72
87 71
88 70
88 69
90 67
90 66
90 65
91 64
91 63
92 61
92 60
93 59
94 58
95 57
97 55
98 54
