88 50
89 49
91 49
92 49
93 49
95 51
96 52
97 53
98 53
100 55
100 56
100 57
100 59
100 60
101 61
101 63
102 64
103 65
104 66
105 68
105 69
105 70
106 72
106 73
106 74
106 76
106 77
106 78
105 80
105 81
105 82
104 83
105 85
105 86
105 87
105 89
105 90
105 91
104 93
104 94
104 95
104 97
103 98
104 99
104 100
105 102
105 103
106 104
105 106
105 107
105 108
105 110
105 111
105 112
105 113
106 115
107 116
107 117
107 119
107 120
107 121
107 123
107 124
107 125
107 127
106 128
106 129
106 130
105 132
105 133
105 134
105 136
105 137
105 138
106 140
105 141
106 142
105 143
105 145
105 146
105 147
104 149
104 150
104 151
104 153
104 154
104 155
105 157
105 158
105 159
104 159
102 159
101 159
100 160
98 159
97 159
96 159
94 159
93 159
92 159
90 159
89 158
88 158
87 158
85 158
84 157
83 157
81 156
80 156
79 156
77 155
76 154
77 153
77 152
76 150
76 149
75 148
75 146
75 145
75 144
75 142
74 141
74 140
72 138
72 137
72 136
72 135
72 133
72 132
71 131
71 129
70 128
69 127
69 125
68 124
68 123
67 122
67 120
67 119
67 118
66 116
67 115
67 114
67 112
67 111
66 110
64 108
64 107
65 106
65 105
64 103
64 102
64 101
63 99
63 98
63 97
64 95
64 94
65 93
65 92
65 90
65 89
65 88
65 86
65 85
65 84
65 82
66 81
66 80
67 79
68 79
69 78
70 78
72 77
73 78
74 78
76 78
77 77
77 76
79 75
79 74
80 73
81 71
81 70
82 69
81 68
81 66
81 65
82 64
82 62
82 61
82 60
83 58
83 57
83 56
84 55
85 53
86 52
85 51
87 50
