19736 21445
-1085.88 -7449.02
-169.99 55.4143
-24.8444 -602.524
232.606 75.9215
-26.7456 -227.589
124.143 -93.2565
32.6807 -42.7693
-65.15 10.9348
17.6774 65.5737
-25.1236 -48.3889
48.7191 -95.1703
-72.4642 -41.4436
-9.68931 31.9994
-26.4851 37.6545
-50.1989 31.3068
-15.835 7.25439
-49.8871 0.602547
-8.23339 -2.57107
7.14932 11.8917
-9.78975 -8.11267
-18.4163 10.7696
-16.5793 -8.36655
-16.197 -23.8733
-5.01513 -5.55307
-4.36396 -9.29289
5.38508 5.5315
14.7437 -1.75141
3.22136 14.7865
11.2324 16.1311
9.7926 0.117136
-6.87686 4.69898
1.86827 -1.29041
16.2552 6.50284
3.34592 -14.243
0.29132 -2.27267
3.3018 -8.51344
5.95192 1.28235
-2.79671 4.19865
7.37703 7.98665
-1.99469 0.528775
0.0178017 10.9736
3.25049 -2.46585
-4.78171 4.24126
-3.14348 16.1437
-1.85323 2.58316
-1.82044 -0.47778
-0.437884 -1.61419
-1.97652 3.56905
-1.25363 -0.535048
1 -2
-1.67543 -2.03622
-3.78044 0.527953
-3.22183 -9.54096
-1.58091 -0.291614
-3.08877 4.62298
-13.8084 -0.714941
0.0725395 1.4847
-1.85492 7.31272
6.82218 -1.23488
-1.15121 2.54306
1.89011 -4.3829
-2.49222 -2.52299
0.831921 -1.33639
2.46207 1.79378
-3.38746 0.527748
-1.07918 -0.417659
-2.42868 0.195653
-1.91168 0.316822
3.25838 -0.318059
3.22869 2.91731
2.36362 1.46718
-0.203437 -5.23917
-5.55263 -6.17095
-6.54096 1.30494
9.77817 -3.87868
4.31325 1.0949
7.44699 2.06992
2.32073 2.43091
-1.85598 4.32948
-0.064356 -15.7634
-1.97341 1.76604
3.34941 26.8969
-2.54657 -4.31115
3.68854 7.14903
0.336164 4.0366
1.65954 8.30027
-5.60832 -0.360752
4.94538 2.72144
-1.03794 -1.98221
2.85308 -2.11766
6.09925 4.93172
-2.44225 3.48055
-2.09785 2.25722
-0.786318 -0.139564
8.5968 0.515036
1.98022 -1.26826
1.59621 -2.41357
2.55903 -3.84591
2.40288 -0.760395
0 -1
-0.227402 1.2799
1.38053 1.71128
1.51585 0.200064
3.65623 -3.51999
5.0595 4.46955
1.70538 1.75578
0.204471 1.71854
-5.26293 -1.21732
2.89108 -3.53258
-0.840479 -8.62521
-0.595752 -0.950342
0.723331 -1.15417
-3.70376 0.652039
-3.27711 1.49928
5.4462 9.97238
-6.14837 3.4606
-2.68993 5.63115
-0.775884 9.93979
7.60498 -2.60351
-4.31761 -20.7432
1.39836 -0.948286
-3.86186 -11.6879
3.83808 4.28022
0.82817 -4.57871
8.36396 -10.7071
1.91638 -0.885237
-2.70192 2.14288
0.882929 2.59174
-6.40649 -0.697261
6.39455 -1.1484
4.01361 -4.75501
3.26114 0.873648
4.16733 2.40117
0.857704 4.31674
-3.0665 -0.645804
-2.27638 6.36618
1.15043 -5.94703
4.79894 -0.563307
9.41663 -7.4669
1.47745 3.54711
3.1983 0.980173
1.87319 -1.82905
-4.98539 2.11839
-7.46829 2.73665
1.53936 -9.15518
9.64433 -2.67079
1.35231 12.0913
-1.29867 -3.71349
-1.76964 1.75806
7 -2
4.06567 -8.99863
-0.885771 -0.251545
4.9062 9.31448
-0.301263 7.09153
-3.94654 3.22584
-4.81217 5.40574
-1.02757 -2.50642
8.51443 -7.27469
5.1301 -2.17857
-4.62334 0.977803
0.055334 14.0294
-5.18497 -9.54355
-4.27879 -16.8329
-0.0783184 10.3966
-3.6368 5.00419
-2.31933 -2.67256
-0.313835 1.33251
-11.7652 -6.41258
-15.681 -8.03424
4.87596 -11.345
11.359 -6.90072
-11.7721 -12.0254
4.89214 -1.91553
-0.797545 -11.7124
-5.77817 -8.12132
15.1752 -3.96972
4.94065 -2.51814
1.28148 3.13567
-18.646 -5.08004
-5.53649 3.0225
20.8383 -29.2254
13.514 -32.8458
-9.29348 -12.3852
-13.4196 9.96514
-15.3119 20.1234
-8.87919 15.0072
45.6116 5.32421
20.7528 18.3079
120.613 9.72185
60.8192 -17.4092
-4.81319 -9.00291
-18.8899 -3.55928
-31.9819 85.5161
183.882 -86.9408
-58.0336 -14.7245
156.142 -361.373
48.0466 -83.0088
-379.746 243.722
-110.421 -2284.05
