19123 21658
-2826.72 -7178.72
-12.7257 90.1218
-51.7517 -539.278
139.652 103.942
-21.1786 -169.291
98.1446 -33.0389
-0.644694 -15.4183
-121.981 19.6031
-23.8105 49.4795
-36.8667 -18.01
62.2907 -3.0122
-23.1086 -55.217
-48.1959 -58.7509
-61.4978 -42.4307
-5.49448 -41.9593
26.1017 -49.7575
-21.9585 -27.6422
44.5818 -1.41198
2.77695 -1.74537
-5.21976 -23.869
-0.438024 -15.5044
-2.74992 -2.07655
11.5596 0.539338
-1.17281 6.80451
-4.87868 -22.2929
-6.77828 2.45265
6.57577 -7.11416
0.456333 -13.6667
-2.74074 6.4602
-2.76386 1.91297
-1.85999 5.51174
-5.91759 -8.02843
2.5175 -0.988755
-7.02049 -3.2951
3.64631 -3.16863
2.61414 0.460697
-2.21508 5.76278
-8.10304 13.8527
-12.9122 2.06081
2.9899 5.41492
-6.72327 -6.07448
4.24096 -4.45449
2.0706 4.47312
0.815769 -2.59405
0.171785 1.67856
-8.94464 2.39755
-2.96042 -5.0401
5.20846 1.57846
10.7814 10.9588
6 3
8.4391 10.7414
-5.72253 3.54942
-12.5269 -1.50965
4.35994 2.14744
0.0290059 3.55089
3.9416 12.1178
2.66927 -0.640736
0.0852753 -1.79929
0.151675 5.65224
14.9342 9.20145
3.91908 1.43985
-3.04999 2.55483
-2.69165 0.0311761
-4.86375 -4.60275
-3.45046 -5.0186
-4.27128 -6.33947
-2.13502 -2.51747
2.77217 1.99777
-0.898371 0.549394
-4.25743 -2.55229
-4.03485 6.22728
-0.256893 -2.09449
-2.60738 -2.20594
-0.992302 4.50925
-3.12132 -4.43503
-0.80455 4.06893
7.52668 25.6835
4.08307 -2.97253
-5.97189 3.66485
0.724514 -5.27012
6.90199 6.93418
-5.43189 -2.19752
-0.443683 -3.11539
7.29793 -3.54835
1.24077 1.75903
-5.20914 1.68354
-8.81559 0.944333
0.974276 5.02192
2.23281 2.7806
4.59623 4.53785
1.34416 1.2587
-2.46198 4.14444
-2.62227 -0.13356
0.866111 1.52663
0.314532 3.05057
1.37181 7.29895
0.963967 7.12392
0.499066 3.39041
-4.26732 -0.403603
1 6
-5.7236 2.41377
-1.70272 0.588044
-0.620755 -2.53759
-3.88427 1.85351
4.96906 -12.138
-1.27937 7.24159
5.79905 0.783427
-5.85283 5.14138
-1.66752 -6.49849
3.70172 -2.89991
2.6421 5.05548
3.3138 5.65929
0.536601 -1.09864
1.90029 -5.87965
2.56495 -2.17624
1.13222 -2.83194
-3.55588 -1.58652
-2.72768 7.12308
3.78399 4.17933
0.275486 5.41602
1.25849 -2.00312
3.70214 -3.50601
2.85121 8.08416
-6.88359 0.478723
-9.12132 -23.7071
-4.24627 5.33933
-8.2632 -4.43117
3.27202 1.29495
6.81386 -5.42777
-1.00959 0.760751
1.5742 -1.24469
-2.80706 -2.23724
-2.20341 11.1458
1.57907 -2.30245
3.17175 -0.361483
-1.00949 -2.53556
3.20355 -0.0349616
-5.91862 -9.67868
0.411795 -9.98176
9.95437 -13.5834
3.51772 -0.60892
2.24377 10.348
1.06835 -0.74886
-5.0116 -1.48132
5.67704 11.7246
5.74793 10.7055
2.30776 2.195
-0.834665 8.21823
7.1631 -2.77296
6 1
3.78602 -1.39495
3.64141 -3.16479
-3.25418 -12.7835
-0.544144 -2.87617
4.67245 -4.66642
-8.91028 -2.26716
-4.89268 -2.55434
2.70534 10.0467
-0.929865 12.5475
-1.9899 1.43918
-4.12983 1.52733
-6.9065 6.4633
2.9628 -9.80046
5.6758 -1.62513
-1.46801 -3.22074
-0.687695 9.37864
-1.01569 -6.36236
2.27986 -1.30919
-5.77377 2.76872
2.2801 -5.28861
16.5055 -5.06133
15.7509 -1.40659
2.33595 -7.37374
-5.47869 7.14298
1.12132 22.435
6.00115 3.67738
0.370887 -3.52846
5.51278 9.14638
12.8435 9.65618
-5.66879 17.251
-27.0354 6.89414
10.2728 -4.61867
-10.6079 17.8864
31.7881 13.5348
38.0384 -9.49338
-49.8342 -8.12429
-4.76888 -35.3924
-29.0935 -47.7122
-17.1119 -112.31
-57.6804 -42.4608
-24.8379 -5.91726
6.20282 -20.4706
8.22167 27.6763
135.432 -169.468
-36.9045 57.7306
-79.6876 -293.895
-54.132 -38.8517
-339.857 308.31
-1172.21 -2020.98
