21882 21037
-2835.86 -6901.02
476.373 257.64
-73.1263 -448.286
260.601 125.311
34.0845 -173.778
96.2472 -113.823
-60.758 -42.9684
-195.79 1.2154
-64.5919 39.6174
-69.8747 -59.2768
-20.0555 -126.538
-43.9066 -27.9973
35.8445 19.9359
2.7751 -11.5734
-27.2724 2.32001
-20.5215 0.724193
-16.8613 -5.59441
-2.70308 -11.7671
-23.0613 7.83496
-6.09699 4.67171
6.59703 2.41068
-10.3168 -34.3548
-13.4702 2.68608
-1.80966 11.018
-10.8284 -12.8995
-21.028 1.74918
2.72639 8.27577
0.05151 4.92535
-12.1629 -11.3608
-4.17557 2.54795
-10.4353 -0.543278
6.44003 8.19038
10.9276 -5.64283
4.60801 -4.89858
4.89035 -3.19928
-8.39346 -0.599572
-5.47099 0.585349
-5.7928 1.96951
-1.29493 -3.83038
-3.71357 4.17792
8.17052 -9.71145
7.98101 -1.21034
-4.22625 9.26853
-0.826193 -6.45785
-8.57994 -1.38685
2.34772 -4.74318
0.996157 -13.4173
7.65321 2.62085
3.2368 -1.41339
-2 -5
-1.97512 -0.657642
-4.18122 6.44283
7.00876 5.42369
0.994758 -2.57552
-1.79783 4.29468
-6.15206 -6.67767
-5.77303 -5.80057
-4.91665 2.68767
2.94315 4.88866
6.11563 -1.73076
-0.229932 -6.63577
-3.17338 -0.686046
1.79923 9.08916
-2.0359 -1.8625
-11.1047 -1.12854
4.59118 2.95064
2.38391 -5.34196
0.0668924 -2.75918
3.77354 2.84551
-1.82443 -15.0201
4.0889 0.174846
-10.7864 -0.0681394
1.36353 -2.35488
3.50448 1.34028
11.3137 22.8995
0.0472721 -4.44525
5.71864 -2.49925
-8.24402 3.76571
-6.50943 6.66308
0.279124 3.58341
4.73175 8.92061
8.74179 3.17148
-0.184025 -0.859041
-3.97273 5.46006
3.07529 3.99426
9.34707 4.39998
-2.80351 -1.74029
3.95426 -0.758401
1.61559 1.28211
-1.61061 -0.972375
-3.46552 -5.14817
4.78611 1.79218
1.46527 -2.8778
5.17446 0.214044
-0.887331 -6.26314
4.45994 3.73464
1.51839 -9.25149
-1.18024 5.17406
-1.71373 2.80454
-2 1
0.136128 -8.57094
-3.86206 -0.724649
0.665361 -0.483854
-0.0230764 2.48642
4.89812 10.6871
-5.16877 -1.58751
-6.6498 -0.975496
-3.63251 4.04054
0.31345 -0.672174
-1.09789 1.03624
3.63575 -8.35971
5.39136 0.397846
7.58812 3.67923
8.54521 -5.81755
3.56456 2.72254
-4.20417 0.856115
3.11509 -4.26976
-4.62456 2.95533
-1.40346 6.65686
1.28318 10.7428
1.71067 1.85817
-1.77817 -1.13181
-0.608242 9.68597
6.49079 2.43235
-5.17157 6.89949
-0.724329 5.1034
-11.3981 -22.955
5.71691 1.85249
0.523183 -4.3945
6.80816 9.7411
1.46712 -1.60747
3.0181 -12.2397
-0.882331 4.26827
-1.50231 -2.495
-5.90387 4.22561
-1.77138 1.31392
2.26722 -8.98864
-5.00522 6.29805
1.54194 0.689334
-0.317254 -4.35941
-1.04273 -8.6072
-0.766855 5.23034
-0.82833 4.30943
2.0145 5.00122
1.01376 -5.25675
6.41268 -0.827222
4.29566 6.34977
-11.3491 -7.60547
-5.17958 -7.33408
2 11
-0.787091 -6.74678
4.56046 -7.25139
0.723771 2.44392
0.75214 -2.8894
-7.02695 -8.0588
-2.63866 1.95192
0.885282 -2.88891
6.0865 -4.44754
1.84662 -3.70654
-14.8487 -5.50416
-0.316378 -1.67849
0.16443 9.87523
4.14811 3.02953
4.50638 2.85194
4.26942 0.02488
5.14402 -0.111548
-1.0364 -6.43645
-7.96793 -4.72438
-5.31294 9.83669
6.67713 10.5081
-2.12069 13.736
-7.66405 -4.29386
0.771428 -11.5081
-17.205 4.80889
-11.3137 3.10051
3.5244 4.01615
-0.606322 22.7059
15.7579 23.042
-19.5444 -24.8973
-12.7014 0.418458
3.91119 13.0507
25.7791 -11.574
5.66839 10.9864
-21.0541 6.87684
8.34356 -7.15608
-14.0107 -29.5886
-18.3641 -80.8551
-39.1648 34.0471
6.19215 53.6556
-4.90211 -4.5641
-48.1578 -16.4256
59.1964 -53.1058
150.38 -105.529
203.359 -259.21
74.4335 -42.0416
15.3651 -298.714
113.805 -33.9145
-462.684 263.661
-694.229 -1814.35
