17092 22409
-378.813 -7724.49
56.4895 246.608
196.868 -445.637
138.421 76.0268
118.081 -75.9917
16.1282 -91.4595
-61.5596 124.392
-13.8743 -58.7729
75.7749 -75.7868
-62.6161 -51.1618
-88.1836 -41.5064
-10.6129 -19.2799
-41.5085 -16.4314
-18.8328 -17.7002
-3.92959 -25.8721
-2.83403 -11.6877
-1.52717 19.5455
4.71479 -21.1592
-3.85093 -58.357
-12.1818 -8.96969
-6.87105 1.62579
-8.18432 -0.237749
1.97421 -0.63336
-7.92951 -2.74986
-4.12132 -12.364
-18.3128 7.36461
-25.7171 1.84051
5.09951 -21.2367
2.53396 -10.6882
-7.91227 2.03556
-2.59245 -5.45237
2.67504 -3.04932
-16.2445 -5.53262
-6.7371 4.78009
-1.90195 1.27381
-6.59654 8.1257
5.69583 8.36388
-0.0614157 -2.39667
-3.52551 -5.339
-9.61064 -15.7138
5.64331 3.53546
-10.841 6.84929
-7.2715 4.09745
12.5243 7.88636
4.67083 -4.95701
9.4655 -1.31699
6.10044 0.455801
4.06346 -5.02425
1.94909 5.0066
-5 6
0.642835 -7.47674
6.5315 4.11515
-8.47617 -1.53844
4.94381 -3.94118
2.06556 0.899474
-9.36524 -3.2291
-6.70161 -2.506
-0.422322 7.11515
-0.856103 -12.8955
2.24888 -0.826458
7.68429 15.1357
-5.36786 -5.95023
3.20731 -2.02727
3.94091 -0.787804
1.12853 2.40275
1.81378 0.338409
-6.6744 -2.36872
1.3015 -2.99815
-7.15866 -1.3803
-2.33695 0.582474
-5.87304 26.4176
-0.96835 -0.264628
-2.52387 9.06912
-1.16082 -6.61416
-5.19239 -2.70711
-4.00591 -6.82801
-3.89747 3.40743
-4.77818 7.70847
-3.49365 4.00476
7.1147 5.84806
8.80643 -3.24987
1.83901 0.614085
7.6185 5.70051
4.45585 0.778324
1.46777 1.1946
4.07492 5.50455
4.45625 -3.24093
1.46813 0.921757
0.365843 -5.17091
3.01933 -2.81692
-3.8151 -0.581237
-1.58846 -0.261895
-2.98858 7.60986
-7.06893 -0.829251
-0.0571397 -1.22068
3.314 -6.51728
5.42768 -0.737936
-7.14519 2.55166
0.639526 1.20714
2 1
-0.720732 -1.60144
6.38538 -6.146
5.94667 4.74088
3.88418 1.59402
-1.76069 1.28082
-0.311522 2.20576
-5.34377 -1.08703
1.0246 3.47556
7.97099 6.14354
-0.770777 3.26867
-0.453418 4.66833
6.88433 6.09802
3.34722 -0.379276
1.79045 -5.61576
-2.6086 -3.18286
2.67806 7.19579
-2.65065 3.09631
0.789246 2.92994
4.52128 -4.17529
-5.02453 -1.13985
-2.5639 8.85458
-5.22993 -5.28084
-1.55347 3.50271
-7.79938 -1.08971
0.12132 0.363961
-4.00289 5.52344
-0.823826 3.40026
7.585 -3.26607
4.30381 12.2834
-7.26274 -4.34319
-5.66328 -29.3183
-2.4077 14.5257
-3.07035 -1.00271
5.16748 -2.94425
6.30238 -4.94024
-5.02964 0.669246
-1.66743 3.51105
-4.02789 1.38263
0.233887 -5.05268
2.07736 -2.17354
3.29204 -11.6353
2.39911 -2.89385
1.90126 -5.05812
0.495139 5.00768
9.14701 -5.63706
5.39576 7.58408
-3.91051 4.91727
7.3502 1.77761
7.66856 2.74965
-5 -8
-7.3754 3.91354
-8.48645 5.84571
2.27858 -6.2407
3.97989 1.74486
4.3073 1.21514
4.36712 -6.17414
-8.0805 -5.53461
-4.1518 -9.03704
10.4134 -4.29716
0.520468 7.00558
-2.27383 2.68901
5.80236 -10.2873
3.69004 -5.38717
1.78825 -2.28135
-4.84307 -1.82306
-1.48605 -3.50567
-11.568 9.13465
5.56815 10.2176
19.3931 -15.1346
-3.14051 -2.6781
-7.55655 -6.83893
-7.61951 2.9833
-21.0071 0.334582
-14.8482 -2.97834
13.1924 -1.29289
0.143978 1.43383
-2.7046 0.0463042
20.001 -8.49987
13.7019 -4.67708
0.855519 5.96969
-5.32289 11.859
-1.91977 -5.01504
-20.0589 -15.2295
-0.160811 0.258826
16.109 -24.4693
-25.9738 -18.9606
-11.871 -23.9552
17.9375 -2.64977
33.0595 24.12
71.02 -2.8867
168.446 -55.5383
48.626 -91.6978
-38.8381 -65.2569
78.3358 -7.72089
107.822 55.8274
117.151 -159.091
-169.584 -124.688
-58.6514 -260.314
-660.769 -1326.26
