20150 20976
-380.756 -7796.19
201.014 361.197
40.403 -510.712
167.523 183.481
-56.0049 -283.848
63.6135 -223.367
-51.4199 -102.28
-74.9217 34.0333
136.594 67.3491
-43.9358 -55.8566
-84.2395 15.2545
-116.89 -39.2222
-48.0838 -70.8843
-43.214 -78.3078
-40.4511 -46.1653
33.0607 -15.5069
3.52975 -7.02719
-15.6646 3.68521
-7.43608 -13.7986
15.2934 -23.0795
-3.85662 -9.24731
2.69178 14.7309
17.9754 -9.57777
-3.07556 -4.50756
-17.6569 9.41421
-9.85503 -2.71255
-9.36879 -13.098
-21.2449 -0.355067
3.39855 2.34863
2.26734 5.23004
5.5771 -7.25006
3.21093 -1.7904
0.529646 18.2061
4.66099 4.16213
2.73358 12.1455
15.8054 -11.0148
-10.0402 -15.7251
-10.4791 -2.08785
-0.994506 -3.90765
-4.07263 -5.63818
-1.98428 1.28927
9.19957 0.195299
11.4415 4.8053
-1.0373 0.0259725
2.74644 -3.61109
1.15062 1.69412
4.32883 2.74539
8.70792 -11.8315
-3.083 -9.93347
-4 0
0.427805 3.09739
-0.970783 5.64721
-1.16942 6.77391
-0.576889 -5.45368
8.39981 -8.32245
7.93445 -8.19475
-3.70493 -1.67582
2.44309 6.32574
-3.10437 2.85665
-4.76353 -5.80242
2.21872 0.914084
-4.51576 -1.67042
1.84938 -0.87582
-5.9919 -3.17315
6.87417 -6.88036
-6.12772 -2.35519
-2.82143 -1.98666
-1.72869 -4.84165
1.95388 -2.95051
-1.77391 3.49945
2.69886 1.2076
3.47991 4.77571
5.21601 1.13519
-2.62829 -15.6375
-2.34315 -1.41421
2.68745 -2.29687
5.92844 5.84019
-1.15509 -0.4945
3.07849 2.72551
-10.0091 -0.439503
-9.67524 1.47527
-3.41724 2.05322
-0.206135 -2.93255
-5.89379 -1.60842
-5.6939 -0.118569
-0.791599 -1.81146
-3.55342 -2.42774
0.699929 2.48215
9.6428 -3.09342
-0.570747 4.35
-4.06501 -4.20069
-3.43873 -21.9658
2.17237 3.61638
-0.989236 1.4902
-1.17815 7.70743
-2.24002 -14.1231
2.47002 -16.5489
-5.48462 -3.43929
0.322055 0.690746
10 4
2.50618 -4.26978
2.25308 2.54112
3.7321 -4.81035
-3.2189 0.708435
-2.14046 -9.47425
2.73938 -5.3116
0.0911398 1.28409
-2.91224 -2.05129
0.240107 -2.57157
-3.1558 28.2417
0.556166 -4.56868
2.17914 10.9366
2.76137 0.653271
0.325156 -1.93914
-7.72499 0.348839
-1.82038 0.366013
1.07742 -2.79083
-2.6071 -6.21276
1.23981 5.80006
4.48125 1.91164
7.66442 -1.00823
2.09671 2.71325
5.63454 2.03488
4.20421 -1.12114
-6.34315 6.58579
4.93081 2.20376
1.38867 -9.73829
-6.06454 3.69981
-8.48471 3.71331
-4.30377 -6.54244
-2.8122 -1.51366
2.29876 0.797023
6.66429 -3.51424
9.25111 -3.26175
2.13752 -1.45367
-1.43227 0.211105
-3.34866 -0.894177
4.90695 -1.8072
4.09048 -1.53291
7.93072 -0.545107
1.63518 2.55604
0.567629 -6.56725
-7.33925 3.4046
-3.56658 1.8042
6.34319 0.700765
-1.44873 13.184
4.84754 -12.2449
-5.83254 -5.77678
-3.04111 11.0417
-4 4
-1.02991 7.67259
0.31258 -2.26752
-3.92846 -6.87513
-2.71285 -11.2981
5.88943 1.30868
-5.77181 -1.95922
5.50302 -1.12413
11.3418 -1.59536
-2.4902 -6.52666
-10.3995 -1.83395
-1.33544 10.5797
8.05146 -4.1408
4.50465 -5.31065
1.71819 0.578508
-1.16897 3.9643
3.76995 0.726092
12.1277 -6.739
-3.67199 2.59946
13.9184 13.9952
-2.18965 -6.95098
-3.89807 -1.13425
-12.4453 2.21601
10.9125 14.2035
12.3642 7.309
-13.6569 1.41421
1.54799 10.3034
-13.2351 16.2634
-24.3261 6.09496
3.56705 4.04983
41.5394 -14.573
-5.32995 -43.0784
-35.5578 8.44116
6.22737 23.5355
-8.74742 2.75689
-66.9556 33.2676
-29.2551 25.3203
52.5177 -44.255
-8.25431 -94.7261
-4.02927 -88.9593
41.6624 14.0288
134.116 36.3132
46.7974 17.0837
50.0342 91.7326
245.483 -111.29
6.19386 4.43096
199.004 -416.173
-31.4852 -185.328
-472.048 286.694
2.03553 -2066.06
