18663 21964
2708.78 -6562.52
-232.919 297.113
216.466 -146.201
-38.1121 263.864
-18.4506 -210.913
-66.2921 -89.196
-125.139 -85.8791
-77.4568 -95.2812
-65.7665 -34.3829
-28.137 -115.58
-96.3565 -17.4901
-15.4902 -40.5512
4.11457 -47.7538
-5.27713 -38.1872
24.437 5.56718
-8.93035 7.07949
-0.764215 -23.4929
-15.8828 0.720919
-8.17521 -6.23285
-9.85259 4.45199
-3.29707 9.16883
3.28552 19.7353
-10.1235 15.059
1.57341 -18.0443
-18.6569 -13.0711
-8.80827 2.91363
10.7399 7.97597
11.6315 1.41843
4.4612 -0.894579
-1.05097 1.76242
6.45785 4.16755
3.84759 1.33767
-0.404637 2.06764
-1.30514 -5.43569
2.04587 -3.92966
3.43806 5.15514
3.70563 6.57348
3.49224 7.59304
3.2826 0.102865
-0.64735 3.85114
-0.857696 6.28878
0.950391 -13.1296
-5.27951 0.763086
-3.94191 -2.38312
-3.50213 -1.54453
-16.2696 25.962
2.53355 -1.5353
5.5314 9.67391
8.76251 -12.1848
7 4
6.7334 -4.72851
1.06545 -0.649899
3.40778 5.63838
-7.1864 0.654045
-3.66777 7.76853
-5.02498 0.36254
-6.16846 2.41046
-2.61669 1.42649
-5.61807 5.52142
-1.85375 0.821469
-0.0534284 1.80056
-0.910954 0.939561
3.19238 -3.92422
1.76409 4.20496
-2.64587 4.24984
3.89976 -6.77818
-4.77594 -7.6575
2.36471 -6.94643
2.45487 1.9853
-1.94903 -7.47063
3.81265 -8.83534
-2.28276 -0.865452
1.7176 -5.80665
2.02646 2.66098
-4.07107 0
-2.90755 -6.4834
-0.243087 1.35567
-1.50348 5.87192
-0.199586 -0.929375
-3.33245 -2.30423
3.75427 -0.0859046
-1.60112 -1.49285
5.25392 -0.349501
-0.945977 3.8147
-3.35577 -0.200786
-0.428511 -1.29056
-1.97349 3.56114
2.0348 -1.69793
3.20896 5.92408
-3.5155 -3.50193
4.92063 -8.89938
-2.26467 2.20594
-4.65405 2.01304
3.29957 2.71772
-0.667622 2.44658
-4.81925 2.70446
-2.90778 1.99946
2.75644 -9.20553
-1.77037 -0.537879
-3 -2
4.30487 4.25395
3.48159 1.05578
2.66437 2.8419
-1.02194 -4.68257
3.27622 3.30012
2.09223 -8.0453
1.8522 -0.3944
-4.21704 -2.5039
0.194547 2.52815
-6.4798 2.76429
-0.204201 16.7462
3.51425 -0.53251
-3.58988 -1.58663
1.33323 -3.92058
-1.60515 3.63128
1.41769 1.27871
2.52822 1.80058
-0.0725014 3.71328
-0.543942 -2.8526
2.09638 5.30423
10.6607 0.827596
1.0628 -5.02572
-0.599662 4.06888
4.30709 7.57224
-7.34315 1.07107
0.15615 0.177027
0.573134 1.13752
-7.54365 -2.81338
-0.217991 1.89106
-3.07993 4.05958
6.82142 -1.37971
5.14069 -1.12278
0.738146 3.80564
5.57763 1.14786
2.40089 -2.35083
-10.0458 6.58984
2.76184 1.11377
-3.07334 -3.62334
0.600778 -4.15961
0.325882 -1.52967
6.53071 -6.51138
1.84392 -0.855893
-5.30866 1.96818
-5.8845 0.401829
-2.26773 -2.17403
-2.86898 -3.72261
-1.95783 0.596036
-2.43839 9.77727
-8.0085 6.88877
1 -2
0.0241594 8.33004
4.65921 -8.80707
1.27633 -12.3466
-1.51692 4.64282
4.62203 -2.78929
8.07887 -28.4021
1.93989 -4.40388
-1.76611 8.05167
2.72782 7.48905
3.88342 -0.851141
4.32221 1.07799
-3.47804 -5.95157
-1.81179 -1.1878
-0.276577 -5.96549
-6.49045 2.59213
-9.92394 -5.61101
1.63279 -8.15347
13.812 -9.32392
4.21773 -1.7762
2.73241 11.0225
16.4143 1.36715
4.24707 -4.70334
9.78173 -8.97906
-4.10655 0.363736
10.0711 -3.55271e-15
16.237 2.08322
18.4108 6.40296
19.0059 -4.3072
-0.791304 20.6195
-0.619543 8.25621
-4.54943 9.37914
-3.6881 14.1444
-13.8893 20.8106
-17.6674 10.6531
9.43636 -3.30992
-23.6546 17.1256
-33.8364 -27.0567
-36.5638 -16.1947
-12.8861 -62.6901
3.4798 4.94392
30.4634 11.578
-2.29635 -48.0426
-21.2253 37.3068
139.598 -55.9654
116.435 129.656
305.467 -264.18
173.557 -269.082
-48.7113 -6.98672
541.187 -1786.32
