16419 19838
1084.66 -7512.21
315.15 149.659
52.3553 -418.663
426.589 150.208
-68.6319 -174.652
53.3941 -101.105
-74.7348 -41.4877
-32.7159 16.1593
4.07486 -73.4359
-100.655 -40.4734
-69.9088 -38.3871
-4.93296 40.3256
-10.2776 -14.6812
-22.9737 -16.1146
-15.7683 -31.0503
-6.44223 -9.61258
-14.4734 -18.4143
-20.5055 3.08094
11.1895 -9.51486
-14.2212 2.5038
-21.6569 9.65978
-8.33998 22.8998
0.115694 6.59163
8.21032 -3.95806
4.70711 -9.77817
-4.54414 -13.1978
0.459046 -8.57218
-3.64249 9.88293
5.61667 5.6028
0.161988 6.7518
-0.627889 2.60479
-1.38354 0.666173
-0.0511386 2.59614
4.80266 4.75115
11.6309 -0.968512
-3.6951 -5.21561
3.74947 -9.84866
-5.08508 -0.532411
1.38753 -7.17462
-6.65156 0.961999
-0.115001 7.01566
-7.98144 -7.02835
6.72281 5.51713
1.0678 7.29613
7.1255 -8.7642
-4.87501 1.83491
-2.8332 4.80832
1.0673 2.99825
-3.60889 7.74015
-2 -5
4.86438 -2.32166
3.12557 -7.45644
-6.45828 -9.57401
-0.43984 -1.41401
7.42742 2.1389
1.94444 -0.718018
0.59641 2.39957
-2.21747 -2.35129
-3.27634 6.31255
-1.99729 -1.10976
2.92266 1.42599
2.97406 -0.64442
14.0505 1.65443
-0.220688 -1.84413
-0.274429 0.705197
-0.158339 -18.8315
-3.35853 15.2799
-9.78735 21.4695
0.10468 -3.01684
-1.63412 2.77606
-5.98235 -7.97673
3.05477 11.0963
0.823306 4.64529
0.0979566 4.04569
-3.53553 0.363961
2.59604 1.60073
9.25534 7.48997
2.8446 0.575784
-3.72458 -1.50788
-0.583051 1.87701
3.05425 1.07509
5.74655 -0.146057
-4.53158 -2.19789
1.18723 6.28498
1.48196 1.67877
0.451288 2.24659
3.73578 -5.00705
3.00569 -0.697235
0.335588 -2.18639
-3.06677 5.34881
2.84176 1.84949
-0.606479 0.760876
-2.77839 -0.504002
-3.35966 4.67254
0.388811 1.68793
2.67793 6.54062
3.45785 -1.39534
0.0258921 6.49112
5.49643 0.314469
5 2
2.81863 -7.22572
-2.47279 -0.922346
0.854062 -2.08166
3.05033 -1.00179
0.230556 0.746233
6.62184 1.02225
-3.0765 -3.06428
1.04936 3.99981
-4.31328 -2.96708
-6.22353 3.893
-1.8933 -0.499359
-3.10481 2.7734
0.828372 6.57062
3.91658 1.75839
0.80945 -4.16756
3.22528 2.86353
-1.92719 -0.346814
-0.0269673 4.50082
-2.7271 1.02881
-5.56285 6.68529
-1.10372 2.22962
0.0955806 -1.32464
6.84327 -6.2861
-1.20497 8.84316
3.29289 5.77817
-5.83844 1.58612
0.993135 0.293157
-4.28624 -7.51285
-11.7528 2.4129
-13.7842 10.1505
10.0017 5.14709
-5.22769 0.158095
3.54158 15.5837
5.07926 -29.4882
8.20332 -3.34149
8.18361 -4.63173
10.2062 -4.5798
1.52162 2.32212
-2.67768 -2.89006
-7.1486 0.963864
-4.98118 1.25389
6.68499 -0.704544
-0.264254 -7.49987
-5.97118 -4.12753
-0.209405 4.17152
-2.71125 1.15427
-9.02478 3.27926
-3.17806 4.67609
12.7283 -6.28366
-6 -3
1.81942 -6.88268
6.32144 0.158759
1.25934 -2.72776
-4.81242 2.53091
-3.50273 11.3898
-3.49806 4.84464
7.18621 -6.99044
-13.4163 -2.94506
-8.07945 -6.54893
-6.20254 -12.5243
-13.2431 12.5892
-0.179808 5.49177
4.11251 17.5934
4.56943 -0.633042
6.37625 -1.8225
-0.510978 -12.4065
-10.5711 8.59906
6.78035 0.671837
-8.10295 0.561386
-0.494436 -5.0259
-8.44605 1.12575
-4.31188 -7.96755
-11.2087 10.5829
8.96657 7.48263
3.53553 -12.364
8.8747 -10.0139
-8.34812 -6.93439
6.15647 -3.83422
-2.0801 -6.44789
-1.63293 -9.3579
-6.99223 -1.81372
-18.4731 7.16995
-12.881 -3.58127
22.7829 2.00645
15.9015 -18.063
24.3616 -25.5978
-12.9177 -37.8305
30.7492 -9.38992
0.0319572 46.944
13.6957 14.5791
35.8017 5.30124
53.1708 -8.95318
-3.16538 -41.2696
169.614 150.004
40.8111 -63.6887
410.926 -52.5518
7.30819 -421.975
-169.583 163.308
729.972 -2060.88
