18120 21665
-3843.08 -6596.89
961.37 103.955
40.657 -358.119
317.266 -231.966
-182.855 -117.703
-139.269 -71.6965
-65.9209 103.9
9.70675 51.6624
-130.014 -131.663
-30.6732 -67.2738
-43.7482 -94.1559
-0.21061 -72.7756
8.32303 -9.3222
34.6325 -41.8636
-22.2675 -30.3965
-15.9639 7.22604
-30.166 -16.0896
9.11334 21.2555
12.3843 21.7815
7.13818 -24.5699
-31.7755 -35.0803
-13.7671 -9.4028
-7.09361 -26.2417
-0.88265 9.72909
-1.24264 -16.4853
3.93494 -33.2571
-8.593 -18.6003
-6.34817 6.64139
3.46774 -0.365592
-10.8188 1.75191
-2.07814 4.81878
-0.979253 -4.75368
-4.11569 -1.05788
10.2461 -8.3748
-0.594907 -6.15194
-6.91541 9.26212
2.73034 2.98043
-2.32928 -6.12989
-12.23 -7.87583
-7.4787 1.20826
9.6438 -0.400022
0.487048 8.83105
-3.04832 6.63359
-1.81032 -13.9587
5.43515 -4.30966
-1.58234 0.0321751
-1.23002 -4.92094
2.32527 -3.22218
-7.93084 4.57393
-8 -1
-0.645374 4.35713
7.73722 -2.37542
-7.80374 3.73222
1.70303 -1.57989
-0.157943 5.54366
1.31763 2.16366
-4.09552 0.0945268
6.40292 -7.57656
-3.02336 -4.60564
-0.411638 2.78183
-0.30481 -2.30955
7.54729 -4.00608
-4.41864 -3.86787
-0.158121 -0.0992046
-0.185023 0.406933
-7.82561 7.47485
0.236306 0.672774
-4.34452 -6.40368
-2.61389 -3.61244
1.06798 4.78911
-8.48217 -2.06375
7.0897 1.08526
7.12941 -3.49755
2.08241 3.5633
1.82843 -5.41421
-7.73245 -0.87428
1.68473 3.08766
6.8713 6.7904
-5.42837 8.86022
7.73601 -4.71477
2.40908 -2.98331
-0.687686 -3.30094
-9.41062 -9.25919
8.75937 9.93992
5.11486 -2.47197
2.86472 1.29262
-7.01132 2.00276
-8.24477 3.31632
-2.51938 14.9474
-0.451403 9.49674
3.31057 -0.862507
3.08731 0.323133
6.5053 -1.80175
4.5583 0.406226
-13.4489 -19.1171
-1.78405 -5.27859
5.36382 -3.00573
6.84029 -3.35133
-6.44718 -14.6678
-2 -1
-0.551581 6.3771
1.93637 -4.23391
-7.28328 -7.48747
-7.71324 3.35839
1.93725 -8.07051
2.1517 -4.78826
16.2097 26.7291
-4.78822 -4.49539
-1.15677 4.4706
-1.48201 -2.29384
-2.61798 -3.14132
1.83287 -1.50602
3.55168 -2.31676
-3.75402 -8.23432
-0.609637 0.514704
1.47844 -1.00035
-0.571309 3.12108
1.63288 4.81653
1.57212 9.15242
-6.02781 -1.46557
-9.17122 -3.30499
-1.89223 10.8465
8.74754 0.437897
0.122847 8.95966
7.24264 0.485281
1.42535 -0.957581
3.54483 -0.032546
4.86915 -0.141497
-3.86775 -0.0579233
-7.12789 4.3254
1.15918 12.0962
-3.61306 12.802
-0.0627609 2.8627
-1.95673 6.93404
4.34739 5.906
11.5321 -1.49039
2.65213 12.1401
2.54162 1.65752
3.82767 -2.02726
1.9395 -1.36542
-2.76707 -0.616553
-0.239259 3.272
-1.52964 11.3236
4.94298 -1.58778
8.69203 -0.707361
16.3896 -0.605157
6.47247 -10.7063
3.78978 -3.93859
-0.2144 -2.17994
-10 9
-10.2713 -1.10788
8.22347 7.27282
5.79746 -2.17094
-10.8565 0.230771
2.49126 2.85348
3.27881 7.07423
-8.2529 -12.6794
-1.18771 -10.3084
7.13425 -8.68416
-4.2295 14.9721
0.610226 14.3792
9.58659 -1.11525
1.87972 -12.6205
8.30647 3.49245
11.4224 -4.64055
5.74716 -8.02016
-8.76548 1.93787
-20.2296 18.1489
1.50093 9.13098
16.2525 9.45169
7.84864 -28.0936
-22.9377 -10.493
-6.22346 16.9451
-4.51621 10.3869
-3.82843 -2.58579
2.17543 -5.16755
20.9277 -2.90181
4.0093 -4.11988
-1.67242 7.01535
3.33395 -0.846498
4.835 -7.77258
36.5273 3.89735
-19.0207 8.19517
-50.0973 9.23652
-35.562 23.4958
-6.27912 32.6549
-29.9136 0.286802
39.472 11.2318
-10.9771 -24.2242
-88.7672 -58.2472
-71.6801 -15.9272
17.0376 -64.9524
26.6451 -147.584
276.14 4.25375
32.2402 -301.152
80.402 -296.446
-275.542 -204.959
-580.599 290.371
-523.421 -1695.13
