22126 19876
-3841.43 -6877.02
1033.6 428.762
-32.799 -546.886
346.15 -168.486
-164.667 -162.689
2.7968 -53.7284
-124.406 82.1593
-55.3212 14.537
-3.33912 -181.755
-81.1895 -143.701
-60.5156 -174.975
11.911 14.5418
42.9867 -32.6619
0.90124 -38.8596
8.81114 -28.0269
-9.37427 1.20461
-5.46668 -21.8334
-37.8758 0.181551
16.901 60.9651
0.846142 -12.4923
-12.5852 -33.5561
-8.05075 -19.9027
11.5699 -8.54632
1.73124 4.49022
-14.3137 3
2.74963 -13.2856
5.28961 -7.43242
3.13222 -0.776673
-6.37145 18.7407
-0.0783825 -3.60364
6.30493 -20.3488
-2.37455 -10.9329
-3.59092 -0.296399
-6.14666 14.2559
-10.0309 3.12006
13.1297 -0.953181
3.08512 -3.32177
0.888018 -2.75946
1.73867 1.37072
-2.62715 1.05754
-16.428 -20.2343
-2.92671 -2.39022
-2.5185 -15.0672
-2.10992 -2.93947
1.52541 3.31106
-2.40519 16.4078
-11.4773 -0.85816
3.65713 -10.2409
11.0654 -1.338
2 -6
-1.08887 -3.74202
-2.49628 2.3849
8.59443 -0.861866
1.4638 2.77471
6.32314 -2.59286
-5.78744 3.18986
-1.71681 9.3474
-1.60945 3.01952
0.840076 5.77679
6.83907 1.76574
1.23331 0.575969
-6.17405 -3.06723
0.879939 1.24387
8.10478 1.78378
-1.52571 6.29601
4.10729 0.528591
-3.45432 2.23661
2.38029 5.70557
-3.87527 -0.328424
4.96693 3.96432
-3.29331 0.200601
-0.563276 7.77141
-6.04419 3.83691
-4.88353 5.72392
10.6569 2.65685
-1.99376 6.6148
9.57263 3.47848
2.20159 -3.87862
1.35429 7.12419
-0.781474 0.215921
-14.0206 -23.8133
0.75036 5.38757
0.990871 -7.44361
3.66251 1.38216
4.23811 0.255257
-1.76164 4.45777
-6.81406 -4.48824
6.69 -0.137204
3.67584 1.47073
-0.0596967 -8.79746
-7.41142 -6.1952
-2.99097 0.855468
1.3482 -2.04191
3.85172 1.41845
1.57794 -2.47939
-3.91549 -2.71842
-4.50952 -5.25874
-4.49752 7.05576
-1.0986 5.48005
-2 0
-1.37765 -5.09225
-0.955356 2.1846
-0.994609 2.28045
-8.56225 4.16564
-3.11551 5.3598
6.34033 -1.11945
3.53114 -2.03568
-6.50416 -1.63769
-3.69199 4.69895
1.39723 3.08191
-4.21294 -0.885048
0.648334 9.02297
5.60908 6.59883
6.12163 -10.0266
3.7526 -14.1531
-0.593353 0.460695
-0.19358 0.352767
-4.74168 10.2387
-9.20415 -4.44902
5.54541 4.02015
7.79814 20.4363
-3.76102 0.772606
4.33256 11.0863
-12.2338 -4.83688
8.31371 3
-3.46526 2.79327
2.96223 1.35039
3.83801 -10.7272
-0.401455 11.188
6.29452 7.8212
0.902287 9.52154
1.21215 -3.87034
0.724839 6.01189
8.50977 8.75512
-5.70003 -3.74656
-3.31099 -6.89519
-5.29613 -9.06144
-3.56988 6.21619
2.89034 -1.56588
11.9249 -0.585401
0.0574945 -2.3791
-5.76618 10.3464
1.22607 -5.59333
5.47585 1.28264
16.1197 -0.257542
4.32239 2.75009
0.734555 6.63753
-4.83766 2.44499
4.64996 2.22438
6 -6
0.375437 -1.84323
-1.61527 8.03358
-1.21513 9.95714
-4.31981 -18.6348
-2.33811 -4.61362
-6.04253 10.5147
0.794886 12.4106
-0.912098 6.42559
-6.10181 -3.6076
11.8632 -1.2936
11.497 12.9037
-3.8675 -3.06006
-3.34901 4.216
-0.654829 -1.18815
-8.04945 0.914378
-7.13936 6.59046
12.8656 2.64916
11.9546 16.4959
3.77306 10.0424
-7.0453 0.677244
-17.0773 -5.40693
5.12007 8.82355
5.11293 10.6208
7.10104 -1.85567
-0.656854 -8.65685
-0.48122 -33.9238
5.41006 -23.0325
-3.47139 20.3674
6.10678 2.08632
22.3899 -8.68806
0.372463 -56.3648
11.1593 23.096
18.8162 15.938
-58.1507 -14.2105
-28.5252 70.8099
2.39332 53.6511
58.0245 -21.5284
-62.7219 -40.5942
-10.7003 22.2312
-32.2858 -47.4426
-118.294 -15.9748
-7.64321 12.8085
90.1926 -83.7859
246.545 -350.155
-62.3958 -131.508
-48.5187 -333.446
-35.298 -113.095
-827.502 328.563
-544.526 -1573.45
