16691 23109
-2596.25 -6546.14
612.047 124.252
48.2251 -365.658
204.471 -105.672
-7.22738 -153.151
-42.848 -104.098
-90.3593 -60.1691
-43.8557 90.4331
18.6865 -86.4134
-81.2062 -72.6712
-55.132 -78.1418
-38.1865 -16.0903
26.9935 -27.7176
-3.90684 -38.5864
34.999 17.5653
1.42143 -8.74606
-28.6171 -30.1664
-22.1453 -9.85809
-4.63574 -13.1847
-10.8104 -15.4275
-14.4033 12.4579
-14.5352 9.11879
-4.92809 7.21835
-13.1318 -21.3987
2.70711 -13.364
-0.878734 -7.52048
0.61502 1.96739
0.856148 -0.994772
-2.18818 11.0021
-8.75528 -0.807454
-4.21625 -2.51077
-6.86325 -3.17852
7.08886 -10.9796
6.57596 2.43923
-3.45911 11.1516
-0.692547 -4.68231
1.52162 -8.52381
6.60014 -0.879492
1.39357 -10.4591
1.66167 2.9712
1.20284 0.843885
3.23956 -2.12273
-1.22055 -9.01946
-3.66483 1.5947
3.68136 5.40585
8.72222 -3.45491
4.78203 -6.57995
-8.96331 2.04091
-1.56584 -2.26102
0 2
-4.23716 1.83489
2.30538 0.708164
8.59943 -2.69997
-6.42899 -1.53885
3.65603 1.24979
5.56896 -17.006
-3.19272 -3.86064
-6.05887 -1.79406
-0.407566 10.2027
10.5021 23.4114
-3.83584 -4.20781
0.800916 -3.46315
-0.53851 0.713735
-4.88769 9.09949
-5.22745 2.1964
0.00805756 0.773606
0.996608 -0.298456
1.32033 6.155
-1.18993 10.4415
0.755283 1.67471
6.42611 1.87327
-4.17966 4.40264
-1.80102 -9.59904
-6.2636 -1.75895
-0.363961 -1.36396
-0.690966 5.53857
4.22079 3.30687
-1.2955 3.03394
-2.80259 -7.26594
-2.14146 -0.354678
-1.99761 -0.981919
3.40821 -0.0129854
11.3312 13.388
-5.00556 -4.60417
5.8328 -1.52063
-1.5838 1.70105
-8.29096 -0.976346
4.7598 1.95495
2.69677 0.0192419
-1.80696 1.74822
1.35293 5.7892
-5.99739 1.54703
0.231677 10.8289
-1.68129 -1.98606
-3.16102 1.62323
5.77766 7.6327
-1.41784 3.93641
0.508742 -0.867646
-8.44126 8.21882
1 1
-2.67055 2.77914
-2.47934 4.02971
3.22105 -2.76869
-0.51167 -1.75333
-2.08045 -1.71561
-3.16938 1.35165
2.52907 -0.604842
-0.911525 -1.96353
6.70559 -5.64005
-6.93893 -4.89948
4.25214 3.44367
1.3592 5.40216
-3.63897 7.23217
-1.97087 7.80276
3.24702 0.802093
-4.66831 -0.0653494
5.89127 6.30192
8.74119 0.871685
0.951169 -19.2044
3.28736 -3.88139
0.714659 3.09771
-1.33195 0.582742
-0.864175 -8.86536
-1.68376 3.86476
1.29289 -0.636039
3.40021 0.308211
-5.1711 -3.22006
0.682703 -7.38007
-0.730183 3.20745
-3.92994 -3.69954
-0.703587 -0.551073
13.629 1.32214
6.14442 -4.13424
-6.92352 2.91224
-10.787 0.979467
-0.991692 -1.87695
-1.83348 -0.930013
1.08891 7.78877
1.12316 2.84342
1.82411 5.94932
1.78029 2.9201
-5.71136 -29.335
15.02 2.87962
1.26389 0.716966
2.57074 -5.62126
-9.2243 -9.92304
6.17759 -3.71129
-4.88866 -0.363688
-2.10677 7.23885
-4 -4
-0.802325 0.522524
-3.34742 -5.06063
10.1284 0.98259
7.67196 -10.4312
-4.35028 -11.9988
1.44478 -1.04267
-3.27884 5.59386
0.0370067 -0.947808
4.20365 -3.46301
6.19244 -2.73514
0.152615 3.6756
15.4884 2.29159
9.443 -6.9629
-3.28756 1.46977
-13.5797 -1.6667
5.56661 -1.51871
10.2002 4.91106
-3.21081 13.6579
-4.92536 -1.39099
-3.05691 -2.37748
-11.0083 -10.0022
7.94983 3.56686
11.716 -11.5728
2.03597 -15.8204
12.364 11.364
-5.74 4.09981
-8.2959 -15.5843
-11.6297 8.00232
6.53117 6.85995
7.48417 0.0668695
2.55387 16.2982
-1.36012 15.8951
15.6248 25.7112
-5.22808 -12.3991
-7.96994 -19.927
0.224228 35.8616
-1.59558 16.6855
-27.0441 -25.4524
-3.37145 43.4603
-1.06107 -76.9678
-23.7344 -54.7321
-19.9226 -65.6412
8.12276 9.44117
277.412 -46.8576
27.8553 -121.373
254.745 -229.836
-67.8438 -302.262
-202.15 -26.2417
-1035.31 -1556.71
