20818 22005
564.654 -7534.83
-226.599 80.4406
72.2068 -521.629
27.2252 70.6563
-96.3458 -187.347
57.9771 -153.573
16.9695 -14.5373
-16.3226 40.0395
37.8055 110.649
18.0276 -17.2206
-1.04189 9.41218
-64.659 -36.603
-40.6035 -20.0759
-26.299 -34.2982
-23.6894 -53.7334
-0.787704 7.05337
-2.77713 -2.65506
10.1747 -6.53417
-4.04045 -0.758559
19.521 -4.7156
1.46032 0.583823
-33.6594 -14.151
-13.6255 -5.45835
-4.86559 2.99458
18.6066 0.12132
0.519085 -6.49103
-4.60823 -4.55411
9.91423 -2.4978
2.55911 -2.66902
-0.448206 10.4802
-0.13135 13.7314
-3.00014 -2.50065
-3.67899 2.92539
-3.75519 -14.8956
3.14385 2.1003
-7.294 1.90731
0.300694 2.77889
-3.85304 0.767298
0.415719 -5.15955
7.16077 0.270175
-0.310778 -0.254937
1.48374 1.5245
-4.99378 -0.736819
-4.84394 -0.245812
-3.26872 2.15911
-10.903 1.6775
0.00135239 -3.28326
5.35487 3.8708
7.44088 5.71582
1 6
-5.1828 4.00688
8.11694 11.3012
0.834556 2.91672
5.65974 -7.55239
0.96218 -7.18588
-2.24552 1.21857
1.74054 3.23785
5.74883 4.59547
-0.621084 2.91212
1.37302 6.35076
3.75587 -9.48323
-1.62185 0.578171
-1.14327 -1.96169
5.41063 -6.65973
0.232051 -5.34502
-5.84764 26.7048
4.71483 1.25813
-6.0247 5.30706
-8.7987 -1.47785
-0.856745 1.20669
-5.26538 20.0556
-6.98779 1.13817
5.66008 3.39354
-4.94922 3.25596
-3.19239 -3.29289
-7.99171 -1.60833
1.95815 6.31345
6.30887 3.00862
-1.26554 -4.35365
-3.14864 1.05425
3.7908 -0.37833
0.738814 -3.88162
1.97075 4.51086
3.46696 2.19124
3.56991 5.22662
-3.38739 4.5409
5.68722 0.782062
-1.289 0.203691
1.24581 -0.85123
2.91668 -1.10564
6.71971 -2.24438
0.978328 1.59964
0.240794 -1.58145
-2.23446 -2.99842
5.19372 0.0396825
9.81446 -5.81926
0.154059 4.51192
3.04538 -2.24736
-1.03331 3.52807
-2 -1
4.78131 4.83141
2.2494 -3.91548
-0.985071 -5.3816
3.16425 -3.04133
4.27658 -1.73106
-7.61415 1.92159
1.36509 0.498532
-3.3397 0.481572
0.156471 2.3493
0.549182 2.18012
-2.13533 0.459903
1.47233 3.87883
4.46125 1.30728
5.81698 -10.2993
-0.216476 -2.06371
6.23254 4.29091
1.05845 0.700114
0.0288702 1.34567
-6.30999 0.105921
-6.50384 0.327712
-0.523187 -3.72127
3.11756 1.16368
-0.659554 -10.6578
-2.75809 -1.30035
-2.6066 -4.12132
-6.64713 6.29142
3.78178 4.61478
2.22205 4.43572
-2.17864 1.93944
7.37296 -1.6144
-4.75741 -10.2193
-3.16566 0.66187
4.05587 -1.9988
-1.84533 9.18711
3.30308 7.1984
4.57741 -30.1632
-1.84971 -1.12282
-1.86839 -6.89728
3.71865 -5.86362
3.44664 -5.78846
3.06166 1.7346
1.67762 -0.428482
2.2749 -6.01832
-4.14928 2.61269
6.4362 1.58751
-6.15674 -3.20141
-0.637053 -5.25001
-3.00455 -6.77554
-2.8597 2.70963
-5 2
5.06259 1.8685
-2.8213 -1.17631
-1.41252 -1.05105
-4.19653 -0.314014
2.58954 2.2609
4.92748 7.91925
1.66842 0.694042
1.44956 -0.497854
-2.29522 3.06409
14.4917 3.34786
13.7754 -1.22841
0.69411 -8.91218
6.65821 -0.517854
4.58063 3.47184
6.47603 8.62299
-5.02873 14.0763
-2.89449 2.19779
2.03802 -10.8633
-6.34163 -4.31892
-4.31723 -1.05937
11.8163 25.8988
22.1386 -2.17717
4.973 -6.75382
3.9543 -7.97468
15.1924 -4.70711
-2.87252 1.06807
-9.63512 3.671
-16.8799 8.10898
-8.5705 -17.4818
7.65932 -14.8467
-18.1386 -17.0383
16.3307 -5.67152
30.8871 -11.0448
24.3145 -24.2638
12.6237 20.8267
-28.6495 9.16167
7.06186 -9.65005
-4.21684 16.9646
80.0745 -36.1301
60.7558 -50.867
19.4999 -109.604
6.97291 -94.0264
6.68025 65.1048
125.177 16.7966
-93.2865 119.384
89.7174 -255.545
40.7607 -120.443
-380.157 49.5876
611.385 -1902.54
