16250 20890
283.312 -7715.55
-311.348 897.1
217.445 -702.586
95.6428 -65.4834
126.204 -143.005
-153.966 7.27476
-255.294 10.2838
-100.334 -129.333
2.95408 -161.773
-49.2279 -157.28
-86.1025 4.18727
55.4426 -50.5686
32.512 3.37824
-34.0934 -16.9879
8.61606 -37.5901
-9.88502 17.8065
7.74302 -51.7817
18.7453 8.15366
-10.0613 -8.95243
-54.4461 -10.5016
-18.7346 44.2627
20.1722 -0.0336384
16.1791 -16.174
24.2681 3.69099
5.77817 5.70711
-39.5049 -11.2965
-23.2163 -6.01721
6.63644 10.4273
-2.23411 13.9904
-6.06441 9.78318
-11.383 -3.24139
-13.1626 -1.72626
-8.00472 -5.71394
-7.59202 -5.30308
16.7176 -9.58673
0.427188 2.54864
-11.5391 -3.10609
21.7746 -11.184
3.25607 3.71881
-7.24518 3.46917
8.54777 13.7014
12.6338 10.2301
-3.69218 0.322615
-9.8064 3.89181
1.5837 1.17075
-7.91449 -15.0491
-3.43528 -2.64501
10.0933 12.5411
3.13882 -1.23064
-11 3
-0.767801 7.16318
-6.62951 -2.61591
-2.06192 -1.49176
4.93005 -1.40703
3.04438 -2.60486
-0.0271302 -0.185533
2.92606 -4.95225
-8.92486 1.5181
9.40343 -2.49761
-7.95132 1.88813
-1.2229 -8.9108
0.834514 -4.70411
-9.11083 2.182
6.22052 4.79028
13.2485 -0.552362
12.7541 -10.0976
-4.08438 5.80191
-6.93616 3.33917
0.704242 5.58093
-3.56678 8.77912
6.67535 5.09734
-4.75582 -3.08347
-5.673 -16.392
-3.16278 6.56254
7.3934 -4.97918
-3.90946 -1.17378
-2.7396 -3.72991
0.206263 1.62805
-4.3418 1.7999
-3.16344 -4.92226
1.44285 -3.24273
-4.25501 0.837717
0.105019 -3.04673
4.24547 6.72176
-1.54861 -3.60019
0.192233 -3.47586
-1.90881 2.20184
-1.70557 2.44959
-1.21911 4.50442
5.72135 0.343375
1.93376 2.80079
0.646618 -1.58384
-3.04896 6.63631
2.08912 5.53099
1.68406 -2.63361
2.60927 8.21242
-4.47267 10.933
-6.74679 -5.30805
-9.78502 0.923784
-8 2
2.79479 2.92163
-6.85507 3.20123
-2.71493 -9.56141
1.34448 -2.82842
-4.70711 -0.892159
1.40074 0.293134
4.23288 -2.51891
0.192676 -7.15866
-2.2527 -1.66661
-1.94307 4.78643
2.17959 3.18266
-3.56083 -5.91496
6.2164 -9.78501
-3.92519 10.7236
-9.35599 -10.9972
-2.93736 -9.2055
2.11807 -2.07504
-1.15853 -8.7423
5.27511 -6.83091
3.16344 2.68619
0.588558 1.70181
3.8141 1.19373
-1.76526 4.75144
10.7629 -1.25801
-9.77817 4.29289
-6.20501 1.4025
-4.49406 -6.94253
-2.55904 -5.83352
-2.03369 27.8611
-6.7957 -7.95391
-3.10151 8.98773
-7.56198 2.32665
0.229305 1.13211
17.2715 -0.332867
6.98288 -1.93738
5.39452 0.184627
4.32873 0.626738
13.4777 2.77184
8.25258 4.76183
2.60379 6.45939
-0.502722 -0.0296523
-11.0223 7.05901
-0.553659 -2.1577
8.62258 -2.2951
-18.0677 24.5884
1.62674 -2.39095
14.165 5.48045
3.88383 0.605705
-13.1304 -11.1731
1 -7
4.80956 -1.44082
7.03987 4.37126
-13.3115 25.2766
-6.86464 8.57674
1.89067 -6.84812
-8.6348 -1.10346
7.5831 -5.88367
5.62318 -14.1524
5.54692 -8.14731
7.24518 -1.23311
0.327121 -6.40707
6.72052 18.2176
5.89444 19.0508
6.28304 -1.76602
-1.96374 -5.78256
-11.1549 3.0958
8.38315 6.42792
-10.638 8.58628
-24.0838 -8.40587
1.30227 -8.10995
-21.2766 -24.8982
-14.9564 -3.75389
3.83697 21.878
-10.8708 1.75212
28.6066 -29.0208
15.6925 -14.9909
-19.4625 -12.5752
10.5385 -32.7802
11.0487 23.1258
17.7937 50.154
-0.726277 5.21046
-15.2061 -13.2562
-17.1979 19.6744
14.4734 -35.3931
19.2507 8.07287
-9.44214 62.5454
-30.2646 -24.3962
-58.5954 -32.3047
-62.6042 -72.6605
70.5743 -6.34873
157.23 5.75706
-24.1302 -26.0489
-85.0233 56.648
80.0545 -141.548
244.42 -83.802
360.804 -226.885
-117.222 -277.707
-124.647 -201.619
-987.464 -1475.63
