20186 20796
-0.432183 -7983.39
615.567 776.417
352.47 -385.509
385.793 24.6166
-196.792 -218.203
-114.895 -107.329
-175.442 82.2154
-66.4381 96.0699
61.7388 -164.01
-113.494 -122.007
0.149606 -95.8192
-20.5625 -97.7785
6.66139 -45.0124
-33.6234 38.0462
5.98135 13.0958
34.8527 -24.8317
4.92817 28.1159
-15.0528 -33.4595
-3.356 -18.3789
-27.781 -1.73321
-5.59156 16.9397
6.93278 -11.0868
-39.7467 -16.0176
-20.9588 14.3703
-10.0711 0.414214
-1.81622 -9.91687
-12.1516 -9.73875
8.09767 -6.69725
5.56064 -1.29941
-26.2849 -5.26165
-15.2282 -0.998935
8.89652 -15.4927
-2.8197 -9.7323
6.16366 4.56917
-3.06506 -5.35249
5.47613 9.12789
0.944195 0.146728
4.58522 13.8899
-0.864912 11.9205
6.85588 -2.21644
16.6867 -6.54542
-3.42153 -3.65532
0.557178 -2.45733
4.04512 5.24824
-6.2264 3.87445
-6.56219 6.47501
-4.42927 10.6034
-1.26567 -2.04947
-3.24343 9.62921
8 6
8.79936 2.76656
-4.40852 -1.97066
-2.50586 -11.4479
2.47177 -1.43367
-4.20438 -8.14028
3.39698 -1.18926
0.189415 1.7665
-4.63856 -1.73567
-3.27033 2.53534
3.76642 7.20646
-4.347 -9.00597
-6.58367 -8.48805
6.18176 -1.07923
9.98701 0.355702
-7.78221 4.95532
1.93306 7.03543
-4.91761 4.57105
-7.04733 6.96645
-1.93345 -1.09732
-0.659373 3.58789
0.827212 -2.97334
2.00477 0.524259
-3.61048 8.02419
-2.17528 -1.64746
-0.656854 -24.3137
2.25824 1.68965
6.44047 3.72749
8.74017 -8.20126
-0.623126 -0.295291
-6.45782 -2.3022
-3.49253 4.05545
3.94405 4.19725
-0.508943 0.127236
-1.9755 2.18545
5.6283 -6.12965
0.926388 -5.04511
0.450043 1.08439
6.873 1.41816
-6.1814 3.88085
-0.755007 -7.749
-1.8781 10.2377
0.804087 5.82508
1.50703 -3.66625
-6.52791 -0.278194
-6.29351 2.84726
-5.20908 -0.561578
-3.47585 4.50664
-6.55543 0.0464637
-7.91844 7.52284
-8 2
6.7842 0.203682
4.81004 -8.15834
-2.44492 -3.37333
-3.52542 -4.776
-8.47616 -6.10174
1.39002 4.27762
2.83406 2.21506
2.82462 -7.5297
-0.902188 -0.614631
-7.18928 7.00281
-3.33734 5.24624
-5.51246 -2.36338
5.5622 1.70767
2.44401 -0.28621
6.89854 1.55119
4.08799 -7.17948
-2.88996 -8.25617
3.95237 2.02463
-11.29 -1.90803
2.60372 4.3022
3.61167 -1.80082
3.76378 1.15813
2.06011 -3.28927
-3.61636 -5.98846
4.07107 -2.41421
-9.67651 -4.7521
-0.830193 25.7549
-9.67859 -7.38317
4.25104 6.21923
-1.75197 -4.48702
0.317596 3.00827
-1.05268 0.0230084
3.09901 0.200401
6.51452 -2.77621
-6.24439 2.77442
7.25354 1.64003
13.5925 4.70736
-4.12204 6.47097
-0.759701 0.95904
-2.73198 -6.62287
-2.10595 2.81196
1.45635 9.07806
-0.905401 2.08616
5.61992 3.70542
0.704728 7.39034
-2.46497 9.65117
-1.85602 0.728026
4.63213 -5.93999
8.74321 3.19864
-14 -16
-3.31144 1.53514
6.61559 7.01943
7.444 -4.57578
3.24798 -7.57733
1.18831 0.94328
-5.75974 5.75548
6.62607 6.69811
16.611 10.1999
14.7865 -0.0506339
-4.00177 4.21644
6.28154 0.557443
-2.38525 -7.76749
-18.7568 0.370653
-3.93777 1.6079
-6.78463 -0.871758
-13.1057 5.6307
7.58322 0.206737
13.9127 8.51433
-18.4148 -15.6698
-31.9988 -6.75718
16.0707 -14.0637
6.7478 -16.9195
-11.288 10.4856
21.4531 21.1835
10.6569 -1.68629
-14.7818 -7.71525
-15.9873 -1.25411
-26.0255 7.27977
-15.0404 22.5544
-0.253402 29.1496
46.3331 13.2172
-0.0211245 -28.2867
-25.7784 -28.1004
-7.81534 0.912117
-54.2712 17.0856
-35.5989 -13.6073
43.8275 26.9474
29.5545 -45.2494
21.3749 -35.1184
-1.86645 -24.3291
26.6711 -50.3743
75.7726 -93.1672
33.9782 7.04479
330.803 18.5506
115.739 -41.7192
304.039 -172.793
-3.11686 -235.346
-562.459 -110.693
351.059 -1830.77
