20256 21261
-2703.53 -7162.84
428.698 312.531
-46.8373 -446.504
320.674 -125.445
-118.341 -336.655
14.0273 -144.2
-82.8629 98.0255
6.17344 196.852
37.4324 -42.6773
-140.342 -58.4537
-23.8085 -138.564
-21.5841 -87.8098
-35.2983 -36.6927
-50.9142 12.5588
27.5311 7.70574
40.575 -19.8187
-33.9088 0.597141
-32.2077 -19.8236
-6.75922 2.92871
-29.0614 16.1127
17.8988 -9.05904
2.83326 -12.3948
-21.5638 -26.7155
-21.9536 -4.8671
-18.9497 13.7782
-5.93354 -23.0531
2.80496 20.019
26.0725 16.8916
-5.05821 3.34319
-11.5341 -16.546
-0.930736 -9.67481
20.5395 6.95521
-6.50434 1.10705
-0.401482 22.3105
-11.1771 3.11822
9.52881 -12.2401
7.17652 -2.63557
-0.888263 -1.98793
10.8405 -1.86228
-2.62991 -0.286785
0.681258 -1.96467
-6.63707 2.77734
-5.87379 -1.78824
-2.93029 13.1297
2.22011 11.7219
-3.79747 5.12281
0.395222 -7.38395
-3.90742 -8.61128
2.31751 -0.173794
-3 -2
-4.31849 -3.7197
1.82134 -6.98801
-5.48474 -4.69849
0.775248 -3.392
-2.32241 1.12662
0.579235 -1.12927
-8.85355 0.644016
6.59698 4.66247
7.56668 -0.695095
6.3535 5.45694
2.26286 -9.35972
-4.94925 9.2709
-1.40408 -1.61605
-6.1774 4.39732
-2.99332 3.02986
-6.6928 0.943274
-5.53073 9.54992
1.31999 -1.554
-1.41121 2.64069
8.58166 -8.48848
-4.0332 -8.45801
-5.224 -2.07862
4.81146 -5.53924
1.85759 -0.83548
-4.80761 -5.29289
0.0962984 -5.81506
-0.768277 1.49103
3.27212 -3.25365
-3.43057 3.33208
3.94627 10.4276
9.55365 -3.03149
1.11619 -3.9932
-3.69771 3.55115
-2.21614 4.8426
-5.01763 0.708392
6.28999 5.52179
1.8969 0.29627
0.627173 -5.49876
-3.59042 5.99637
-8.0667 2.82248
-12.1853 -28.2103
-0.0292066 6.40496
-9.37166 -5.11916
10.3752 -3.24131
-2.54202 -9.9111
-3.03938 0.197364
-2.42419 3.68227
-5.94932 -1.01065
0.593097 -1.50817
-8 -1
8.34447 -5.54748
1.46715 -3.90447
8.26051 3.71097
3.58968 -3.51199
3.11809 0.744238
3.06383 -7.04135
-7.32997 0.383197
-6.39828 0.784457
-2.11671 -1.09009
-3.7238 2.15598
6.81257 24.7314
-2.88896 4.76219
-7.61783 9.08173
-3.70097 2.55988
-3.33572 5.12676
0.66427 0.609275
8.97206 -2.06483
5.34524 -3.50359
6.62203 3.07193
-5.5643 0.190463
3.40963 2.32953
7.77581 8.77978
5.30436 3.83024
4.89651 6.25984
-9.05025 -1.77817
-4.20859 -1.32641
12.0346 2.71743
5.0687 -1.94983
2.37033 -2.62185
2.14949 0.0214295
-7.5085 10.0248
-8.68786 -2.28845
2.2941 -0.441206
6.61297 1.14297
9.77194 -2.46543
-9.8473 0.826695
4.63335 -3.3706
-4.36198 -11.6614
-3.6649 -1.09586
-2.43052 4.45289
10.6991 4.93209
-1.43301 3.31226
-7.11393 10.6894
7.22661 -2.07406
-2.84268 -4.51623
-8.86465 -2.8393
-5.86815 4.57524
-0.255292 2.83558
-4.03658 -2.69243
11 6
3.20154 0.772802
-9.33653 -3.98012
-5.30711 -6.38395
-0.966606 -2.88323
-12.7319 -4.19032
-9.5693 7.70266
-3.76642 7.24717
-1.78789 -9.79362
-11.7722 -7.95594
3.24794 8.66875
21.1675 8.52032
-1.19003 1.53742
8.86158 7.66762
6.73569 -1.75671
-1.98589 -9.30935
-2.94249 -5.80784
13.2819 17.2802
-9.46068 -7.38247
-5.4645 2.525
-0.741214 22.6098
-2.81882 8.79231
14.408 -21.9793
-0.329312 -0.811779
-1.60312 23.1046
-23.1924 -6.70711
-7.91377 -3.27479
18.7351 -7.52281
7.79023 -22.1019
14.8503 -4.69185
-31.8616 4.9775
10.0013 -6.77399
-27.6582 28.2437
-59.3993 50.2494
12.2395 5.71347
23.8428 12.2762
18.8994 -5.31596
70.8219 5.88983
-7.01152 -28.592
-26.9487 -18.3601
-104.324 1.87846
-12.9699 -4.01618
103.13 -135.527
88.5427 -107.427
326.108 -170.542
-107.194 -58.5105
-37.535 -344.992
-159.513 -145.238
-325.816 319.528
-102.467 -1877.63
