276
85 56
86 55
87 55
88 56
89 56
90 57
91 57
92 57
93 57
94 57
95 57
96 57
97 56
98 56
99 55
100 55
101 55
102 55
103 56
104 57
105 58
106 58
107 59
108 60
109 61
110 61
111 61
112 62
113 62
114 62
114 63
115 64
115 65
116 66
115 67
115 68
115 69
114 70
114 71
113 72
113 73
114 74
115 74
116 74
117 74
118 75
118 76
118 77
118 78
118 79
119 80
120 81
120 82
120 83
120 84
121 85
121 86
122 87
121 88
122 89
122 90
122 91
122 92
121 93
122 94
122 95
122 96
122 97
122 98
123 99
123 100
123 101
124 102
124 103
124 104
124 105
124 106
123 107
123 108
123 109
123 110
123 111
124 112
124 113
124 114
125 115
126 115
125 116
124 117
124 118
124 119
124 120
124 121
124 122
124 123
124 124
124 125
124 126
124 127
124 128
124 129
124 130
125 131
126 132
126 133
126 134
127 135
126 136
126 137
126 138
126 139
126 140
126 141
126 142
127 143
127 144
127 145
127 146
127 147
128 148
128 149
128 150
128 151
129 152
128 153
127 153
126 154
125 154
124 154
123 155
122 155
121 156
120 156
119 156
118 157
117 157
116 157
115 158
114 158
113 158
112 158
111 158
110 159
109 159
108 159
107 159
106 159
105 159
104 159
103 159
102 159
101 159
100 160
99 159
98 159
97 159
96 159
95 159
94 159
93 159
92 159
92 158
91 157
90 157
89 156
89 155
89 154
89 153
89 152
89 151
89 150
89 149
89 148
89 147
89 146
88 145
87 144
87 143
86 142
86 141
86 140
85 139
85 138
85 137
85 136
85 135
85 134
84 133
84 132
84 131
84 130
83 129
83 128
82 127
82 126
81 125
80 124
80 123
80 122
80 121
79 120
78 119
78 118
78 117
77 116
77 115
76 114
75 113
75 112
74 111
73 110
73 109
73 108
72 107
72 106
71 105
71 104
71 103
71 102
70 101
70 100
69 99
69 98
69 97
68 96
68 95
68 94
68 93
68 92
68 91
68 90
68 89
69 88
69 87
69 86
70 85
70 84
70 83
71 82
71 81
72 80
72 79
71 78
70 78
69 77
68 76
68 75
68 74
67 73
67 72
66 71
66 70
67 69
67 68
67 67
67 66
67 65
68 64
69 63
69 62
70 61
71 61
72 60
73 61
74 61
75 62
76 62
77 61
77 60
78 60
79 59
80 59
81 58
82 57
83 56
84 56
