259
88 72
89 71
90 71
91 72
92 73
93 73
94 73
95 74
96 75
97 75
98 75
99 75
100 76
101 77
102 77
103 77
104 77
105 77
106 78
106 79
107 80
108 80
109 80
110 81
111 81
110 82
111 83
112 84
113 85
113 86
113 87
113 88
114 89
114 90
114 91
115 92
116 93
117 93
118 94
118 95
118 96
118 97
119 98
119 99
119 100
119 101
119 102
119 103
119 104
119 105
120 106
120 107
121 108
122 109
122 110
122 111
123 112
123 113
124 114
125 114
124 115
125 116
125 117
126 118
127 119
127 120
127 121
127 122
127 123
127 124
127 125
127 126
126 127
126 128
127 129
128 129
129 129
128 129
127 130
128 131
127 132
127 133
127 134
127 135
127 136
127 137
127 138
126 139
127 140
127 141
127 142
128 143
129 144
130 145
131 146
131 147
131 148
131 149
132 150
131 151
130 151
129 152
128 153
127 153
126 154
125 154
124 154
123 155
122 155
121 156
120 156
119 156
118 157
117 157
116 157
115 158
114 158
113 158
112 158
111 158
110 159
109 159
108 159
107 159
106 159
105 159
104 159
103 159
102 159
101 159
100 160
99 159
98 159
97 159
96 159
95 159
94 159
93 159
92 159
91 159
90 159
89 158
88 157
87 156
87 155
86 154
85 153
85 152
84 151
83 150
82 149
81 149
80 148
79 147
79 146
78 145
78 144
77 143
76 143
75 142
74 141
74 140
74 139
73 138
72 138
71 137
70 136
70 135
69 134
69 133
68 132
68 131
67 130
67 129
67 128
66 127
65 127
64 127
63 126
62 125
61 124
60 124
60 123
59 122
58 121
58 120
58 119
59 118
59 117
59 116
59 115
59 114
59 113
59 112
59 111
60 110
61 109
61 108
62 107
62 106
62 105
62 104
62 103
62 102
62 101
63 100
63 99
62 98
61 98
60 98
59 98
58 97
57 96
57 95
56 94
56 93
55 92
54 91
55 90
55 89
55 88
55 87
55 86
55 85
55 84
56 83
56 82
57 81
58 80
59 80
60 80
61 79
62 79
63 79
64 79
65 79
66 79
67 79
68 78
69 77
70 77
71 76
71 75
72 75
73 75
74 75
75 75
76 75
77 75
78 75
79 75
80 75
81 75
82 74
83 74
84 74
85 73
86 73
87 72
