278
94 55
95 54
96 54
97 55
98 56
99 57
100 57
101 57
102 58
103 58
104 58
105 58
106 57
107 57
108 58
109 58
110 57
111 57
112 57
113 58
114 59
115 59
116 60
117 60
118 60
119 60
120 60
121 60
122 60
123 59
124 59
125 60
126 60
127 60
128 60
128 61
129 62
130 63
131 64
132 65
133 66
134 67
134 68
135 69
136 69
136 70
137 71
138 72
138 73
139 74
139 75
138 76
138 77
139 78
138 78
137 79
137 80
136 80
135 80
134 80
133 81
133 82
134 83
135 84
136 85
136 86
136 87
137 88
137 89
136 90
136 91
136 92
136 93
135 94
136 95
135 96
136 97
135 98
135 99
136 100
136 101
136 102
136 103
135 104
135 105
135 106
135 107
135 108
135 109
135 110
134 111
134 112
134 113
133 114
133 115
133 116
133 117
132 118
132 119
132 120
131 121
130 122
130 123
130 124
130 125
129 126
129 127
129 128
129 129
128 130
128 131
127 132
126 133
126 134
126 135
126 136
126 137
126 138
126 139
126 140
126 141
126 142
126 143
126 144
125 145
125 146
125 147
125 148
125 149
126 150
126 151
125 152
125 153
125 154
124 154
123 155
122 155
121 156
120 156
119 156
118 157
117 157
116 157
115 158
114 158
113 158
112 158
111 158
110 159
109 159
108 159
107 159
106 159
105 159
104 159
103 159
102 159
101 159
100 160
99 159
98 159
97 159
96 159
95 159
94 159
93 159
92 159
91 159
90 159
89 158
88 158
87 158
86 158
87 157
87 156
86 155
86 154
86 153
86 152
86 151
86 150
87 149
87 148
87 147
86 146
86 145
86 144
86 143
86 142
86 141
86 140
87 139
87 138
87 137
87 136
88 135
88 134
88 133
87 132
88 131
88 130
87 129
86 128
85 127
85 126
85 125
86 124
86 123
85 122
85 121
86 120
86 119
86 118
86 117
86 116
85 115
85 114
85 113
85 112
84 111
84 110
84 109
84 108
84 107
84 106
84 105
84 104
84 103
84 102
84 101
84 100
84 99
84 98
83 97
83 96
83 95
83 94
83 93
83 92
83 91
83 90
84 89
84 88
84 87
84 86
84 85
85 84
85 83
86 82
86 81
87 80
88 79
89 78
90 78
91 77
90 76
89 75
89 74
89 73
89 72
89 71
89 70
89 69
89 68
89 67
89 66
89 65
89 64
89 63
89 62
89 61
89 60
89 59
89 58
90 57
91 56
92 55
93 55
