311
106 48
107 47
108 48
109 48
110 48
111 48
112 49
112 50
112 51
113 52
113 53
113 54
113 55
112 56
113 57
114 57
115 57
116 57
117 57
118 57
119 57
120 57
121 57
122 57
123 57
123 58
124 59
125 59
125 60
124 61
125 62
126 63
126 64
126 65
127 66
128 66
129 67
130 66
131 66
132 67
133 68
134 68
134 69
135 70
135 71
136 72
136 73
136 74
135 75
134 76
133 77
132 77
131 78
130 78
129 79
128 80
128 81
127 81
126 82
126 83
125 84
126 85
127 86
128 86
129 86
129 87
129 88
128 89
129 90
129 91
129 92
129 93
130 94
129 95
130 96
130 97
129 97
128 98
128 99
127 100
127 101
127 102
127 103
127 104
127 105
127 106
127 107
126 108
126 109
126 110
126 111
125 112
125 113
125 114
125 115
125 116
124 117
124 118
123 119
123 120
122 121
122 122
121 123
120 124
120 125
119 126
119 127
118 128
118 129
118 130
118 131
118 132
117 133
117 134
116 135
116 136
116 137
115 138
115 139
114 140
114 141
114 142
114 143
114 144
114 145
114 146
114 147
114 148
113 149
112 150
112 151
111 152
111 153
111 154
110 155
111 156
111 157
110 158
109 159
108 159
107 159
106 159
105 159
104 159
103 159
102 159
101 159
100 160
99 159
98 159
97 159
96 159
95 159
94 159
93 159
92 159
91 159
90 159
89 158
88 158
87 158
86 158
85 158
84 157
83 157
82 157
81 156
80 156
79 156
78 155
77 155
76 154
75 154
74 154
73 153
72 153
71 152
70 151
69 151
69 150
70 149
70 148
69 147
69 146
69 145
69 144
69 143
69 142
69 141
70 140
69 139
70 138
70 137
70 136
71 136
72 135
72 134
72 133
71 132
72 131
72 130
73 129
73 128
73 127
73 126
73 125
73 124
73 123
73 122
72 121
73 120
73 119
74 118
74 117
74 116
74 115
74 114
73 113
72 112
71 112
70 112
70 111
70 110
70 109
71 108
71 107
71 106
71 105
71 104
72 103
72 102
73 101
73 100
73 99
73 98
73 97
73 96
73 95
73 94
74 93
74 92
74 91
75 90
76 90
77 89
76 88
77 89
78 88
78 87
78 86
79 85
79 84
79 83
80 82
80 81
81 80
81 79
81 78
81 77
82 77
83 76
84 76
85 75
85 74
84 73
83 72
82 71
82 70
82 69
83 68
83 67
83 66
82 65
81 65
80 65
79 64
78 64
79 63
79 62
80 61
80 60
80 59
80 58
81 57
81 56
81 55
82 54
82 53
83 52
84 52
85 51
86 51
87 51
88 50
89 50
90 50
91 50
92 49
93 49
94 49
95 49
96 49
97 49
98 49
99 49
100 49
101 48
102 48
103 48
104 48
105 48
