272
107 58
108 57
109 58
110 58
111 58
111 59
112 60
113 60
114 61
115 61
116 61
117 61
118 61
119 61
120 61
121 62
122 62
123 63
124 63
125 64
126 64
127 65
128 66
129 66
130 66
131 67
132 67
133 67
133 68
134 69
134 70
134 71
134 72
134 73
134 74
134 75
134 76
134 77
134 78
133 79
133 80
133 81
132 82
132 83
132 84
132 85
131 85
130 86
130 87
130 88
130 89
130 90
131 91
130 92
130 93
130 94
130 95
130 96
130 97
129 98
129 99
129 100
129 101
128 102
128 103
128 104
128 105
128 106
128 107
128 108
128 109
128 110
128 111
128 112
128 113
127 114
127 115
127 116
127 117
127 118
127 119
127 120
127 121
126 122
126 123
126 124
125 125
125 126
125 127
125 128
124 129
124 130
123 131
123 132
122 133
122 134
122 135
121 136
120 137
121 138
120 139
120 140
120 141
120 142
120 143
121 144
121 145
121 146
122 147
122 148
123 149
123 150
123 151
122 151
121 152
120 153
120 154
120 155
120 156
119 156
118 157
117 157
116 157
115 158
114 158
113 158
112 158
111 158
110 159
109 159
108 159
107 159
106 159
105 159
104 159
103 159
102 159
101 159
100 160
99 159
98 159
97 159
96 159
95 159
94 159
93 159
92 159
91 159
90 159
89 158
88 158
87 158
86 158
85 158
84 157
83 157
83 156
84 155
84 154
84 153
84 152
84 151
84 150
84 149
84 148
84 147
84 146
83 145
84 144
84 143
84 142
84 141
84 140
84 139
84 138
84 137
84 136
85 135
84 134
84 133
85 132
85 131
85 130
84 129
84 128
84 127
84 126
83 125
83 124
83 123
83 122
83 121
83 120
83 119
83 118
83 117
83 116
83 115
82 114
81 113
81 112
82 112
83 111
83 110
82 109
82 108
82 107
82 106
83 105
83 104
82 103
81 102
81 101
81 100
80 99
80 98
81 97
81 96
81 95
81 94
81 93
82 92
82 91
82 90
81 89
80 88
79 87
79 86
79 85
79 84
79 83
79 82
79 81
79 80
79 79
80 79
81 78
82 77
82 76
83 75
83 74
83 73
83 72
84 71
85 70
85 69
85 68
85 67
86 66
87 65
88 65
89 64
89 63
89 62
89 61
90 61
91 60
92 60
93 59
94 59
95 59
96 59
97 59
98 59
99 59
100 59
101 59
102 59
103 59
104 58
105 58
106 58
