301
92 52
93 51
94 51
95 51
96 51
97 52
98 52
99 53
100 53
101 54
102 54
103 55
104 56
105 56
106 56
107 56
108 56
109 56
110 55
111 55
112 54
113 54
114 54
115 54
116 54
117 55
118 56
119 57
119 58
120 59
120 60
121 61
122 62
123 63
124 63
125 62
126 62
127 62
128 62
129 62
130 62
131 62
132 62
133 63
133 64
133 65
132 65
131 65
130 66
129 67
130 68
131 69
131 70
132 71
133 72
133 73
134 74
135 74
136 74
137 74
138 74
139 74
140 74
140 75
141 76
142 76
143 77
143 78
143 79
143 80
142 81
142 82
142 83
141 84
140 84
139 85
139 86
138 87
137 87
136 88
136 89
135 89
134 90
133 91
132 92
131 93
130 94
131 95
132 96
133 96
134 96
134 97
134 98
134 99
134 100
134 101
134 102
134 103
133 104
133 105
133 106
133 107
132 108
132 109
132 110
131 111
130 112
130 113
129 114
129 115
129 116
128 117
128 118
128 119
128 120
127 121
127 122
126 123
126 124
126 125
125 126
125 127
125 128
125 129
124 130
124 131
124 132
123 132
122 133
121 133
120 134
119 135
119 136
119 137
118 138
117 139
118 140
117 140
116 141
116 142
115 142
114 143
113 144
112 145
112 146
112 147
112 148
112 149
112 150
112 151
112 152
111 152
110 153
111 154
110 155
110 156
110 157
109 158
108 159
107 159
106 159
105 159
104 159
103 159
102 159
101 159
100 160
99 159
98 159
97 159
96 159
95 159
94 159
93 159
92 159
91 159
90 159
89 158
88 158
87 158
86 158
85 158
84 157
83 157
82 157
81 156
80 156
79 156
78 155
77 155
76 154
75 154
74 154
73 153
72 153
71 152
70 151
69 151
68 150
68 149
68 148
67 147
67 146
68 146
69 145
69 144
68 143
69 142
69 141
70 140
70 139
70 138
70 137
70 136
71 135
71 134
71 133
70 132
71 131
71 130
72 129
72 128
72 127
72 126
72 125
72 124
72 123
72 122
72 121
72 120
73 119
73 118
73 117
73 116
73 115
73 114
73 113
74 112
73 111
74 110
73 109
74 108
74 107
75 106
76 105
76 104
75 103
76 102
77 101
77 100
78 99
78 98
78 97
78 96
78 95
78 94
78 93
78 92
78 91
78 90
78 89
78 88
79 87
79 86
79 85
80 84
81 83
81 82
82 81
82 80
83 79
84 78
85 79
86 78
86 77
86 76
85 75
84 76
84 75
84 74
85 73
85 72
85 71
85 70
85 69
86 68
85 67
86 66
86 65
86 64
87 63
87 62
88 61
88 60
89 59
89 58
90 57
90 56
91 55
91 54
92 53
