258
75 66
76 65
77 66
78 66
79 67
80 67
81 67
82 68
83 68
84 68
85 68
86 68
87 68
88 67
89 67
90 66
91 66
92 66
93 67
94 67
95 68
96 69
97 70
98 70
99 71
99 72
99 73
100 74
101 75
102 76
103 76
104 77
105 78
105 79
106 80
106 81
107 82
108 83
108 84
108 85
109 86
108 87
108 88
108 89
107 89
106 90
107 91
108 91
109 92
110 92
110 93
110 94
109 95
110 96
109 96
108 97
109 98
110 99
110 100
110 101
110 102
111 103
111 104
111 105
111 106
111 107
111 108
111 109
110 110
110 111
110 112
110 113
109 114
109 115
108 116
109 117
109 118
109 119
109 120
108 121
108 122
108 123
109 124
108 125
108 126
108 127
109 128
109 129
109 130
108 131
108 132
108 133
107 134
107 135
107 136
107 137
107 138
107 139
106 140
106 141
106 142
107 143
106 144
106 145
106 146
106 147
106 148
106 149
107 150
107 151
107 152
108 153
108 154
108 155
107 156
108 157
108 158
109 159
108 159
107 159
106 159
105 159
104 159
103 159
102 159
101 159
100 160
99 159
98 159
97 159
96 159
95 159
94 159
93 159
92 159
91 159
90 159
89 158
88 158
87 158
86 158
85 158
84 157
83 157
82 157
81 156
80 156
79 156
78 155
77 155
76 154
75 154
74 154
73 153
72 153
71 152
70 151
69 151
68 150
67 150
67 149
67 148
67 147
67 146
68 145
67 144
67 143
67 142
67 141
67 140
66 139
66 138
66 137
66 136
65 135
65 134
64 133
64 132
63 131
63 130
63 129
62 128
61 127
61 126
60 125
60 124
60 123
59 122
60 121
60 120
59 119
58 118
57 117
57 116
56 115
56 114
55 113
55 112
56 111
56 110
56 109
55 108
55 107
55 106
55 105
56 104
56 103
56 102
55 101
55 100
55 99
55 98
55 97
55 96
55 95
55 94
56 93
57 92
58 91
57 90
57 89
58 88
58 87
59 86
58 85
57 84
57 83
57 82
57 81
57 80
57 79
56 78
55 77
55 76
55 75
55 74
55 73
55 72
56 71
57 70
57 69
58 68
59 68
60 67
61 67
62 66
63 66
64 67
65 67
66 67
67 68
68 68
69 68
70 67
71 67
72 67
73 66
74 66
