280
95 59
96 58
97 59
98 59
99 59
100 59
101 60
102 61
103 61
104 62
105 61
106 61
107 62
108 62
109 63
110 63
111 64
112 65
113 66
114 67
115 67
116 67
117 67
118 67
119 68
119 69
119 70
119 71
119 72
119 73
120 74
121 75
121 76
121 77
122 78
123 78
123 79
124 80
125 81
125 82
126 83
126 84
126 85
126 86
126 87
126 88
127 89
127 90
127 91
128 92
128 93
128 94
129 95
129 96
130 97
130 98
131 99
131 100
132 101
132 102
132 103
133 104
134 105
135 106
134 107
134 108
134 109
135 110
134 111
134 112
134 113
134 114
134 115
134 116
135 117
135 118
135 119
136 120
136 121
136 122
136 123
136 124
136 125
136 126
136 127
137 128
137 129
137 130
138 131
138 132
138 133
139 134
140 135
141 136
142 137
143 138
142 139
143 140
143 141
142 142
141 143
140 144
139 145
138 146
137 147
136 148
135 148
134 149
133 150
132 150
131 151
130 151
129 152
128 153
127 153
126 154
125 154
124 154
123 155
122 155
121 156
120 156
119 156
118 157
117 157
116 157
115 158
114 158
113 158
112 158
111 158
110 159
109 159
108 159
107 159
106 159
106 158
105 157
105 156
104 155
103 155
103 154
102 153
101 152
100 152
100 151
99 150
100 149
100 148
99 147
98 146
97 145
96 145
96 144
96 143
95 142
94 142
93 141
92 140
92 139
92 138
92 137
91 136
90 135
90 134
89 133
88 133
87 132
86 131
85 131
84 130
84 129
84 128
83 127
82 126
81 125
80 124
79 123
79 122
79 121
79 120
78 119
77 119
77 118
77 117
76 116
75 115
74 114
73 114
72 113
71 112
70 112
69 112
69 111
68 110
67 109
67 108
67 107
66 106
67 105
67 104
67 103
67 102
67 101
68 100
69 99
68 98
68 97
68 96
69 95
69 94
69 93
69 92
69 91
69 90
68 89
68 88
67 87
66 87
65 86
65 85
65 84
65 83
65 82
64 81
64 80
63 79
62 78
62 77
62 76
62 75
62 74
62 73
62 72
63 71
63 70
64 70
65 70
66 70
67 69
68 69
69 70
70 70
71 70
72 69
73 69
74 68
75 68
76 67
76 66
77 65
78 64
79 63
79 62
80 62
81 61
82 62
83 62
84 63
85 63
86 63
87 63
87 64
87 65
86 66
87 67
88 68
89 68
90 67
90 66
89 65
89 64
90 63
89 62
89 61
90 61
91 61
92 60
93 60
94 59
