272
71 57
72 56
73 56
74 57
75 57
76 57
77 57
78 58
79 58
80 58
81 58
82 57
83 57
84 56
85 57
86 56
87 56
88 57
89 58
90 58
91 58
92 57
93 58
94 58
95 58
96 58
97 58
98 58
99 58
100 57
101 57
102 58
103 58
104 58
105 59
106 59
107 60
107 61
107 62
108 63
109 64
110 65
111 66
112 67
113 68
114 69
114 70
114 71
115 72
115 73
115 74
115 75
115 76
115 77
115 78
114 79
115 80
116 81
115 82
116 83
116 84
116 85
116 86
116 87
116 88
116 89
116 90
116 91
116 92
117 93
117 94
116 95
115 96
115 97
115 98
115 99
115 100
115 101
115 102
115 103
115 104
115 105
115 106
114 107
113 108
113 109
113 110
113 111
113 112
113 113
113 114
112 115
111 116
112 117
112 118
111 119
111 120
111 121
111 122
111 123
111 124
111 125
110 126
110 127
110 128
109 129
109 130
109 131
109 132
108 133
109 134
109 135
109 136
110 137
111 137
111 138
111 139
111 140
112 141
112 142
112 143
112 144
112 145
112 146
112 147
112 148
111 149
111 150
111 151
111 152
112 153
112 154
111 155
111 156
112 157
112 158
111 158
110 159
109 159
108 159
107 159
106 159
105 159
104 159
103 159
102 159
101 159
100 160
99 159
98 159
97 159
96 159
95 159
94 159
93 159
92 159
91 159
90 159
89 158
88 158
87 158
86 158
85 158
84 157
83 157
82 157
81 156
80 156
79 156
78 155
77 155
76 154
75 154
74 154
73 153
72 153
72 152
72 151
72 150
72 149
72 148
71 147
71 146
71 145
71 144
70 143
70 142
70 141
70 140
71 139
71 138
71 137
71 136
71 135
71 134
71 133
70 132
70 131
70 130
70 129
70 128
69 127
69 126
69 125
68 124
68 123
68 122
67 121
67 120
66 119
65 118
65 117
65 116
65 115
65 114
65 113
65 112
65 111
64 110
64 109
64 108
64 107
64 106
63 105
63 104
63 103
62 102
61 101
61 100
61 99
61 98
61 97
61 96
61 95
62 94
62 93
62 92
62 91
62 90
62 89
62 88
63 87
63 86
63 85
63 84
64 83
64 82
65 81
65 80
65 79
65 78
66 77
66 76
65 75
66 74
66 73
67 72
66 71
66 70
66 69
66 68
65 67
65 66
65 65
65 64
66 63
66 62
66 61
67 60
68 59
69 58
70 57
