249
99 53
100 52
101 52
102 52
103 52
104 52
105 52
106 52
107 53
108 54
109 54
110 55
111 56
112 56
113 56
114 57
115 57
116 57
117 58
118 58
119 58
120 59
121 59
122 60
123 60
124 60
123 61
124 62
125 63
125 64
126 65
127 66
128 67
128 68
127 69
127 70
127 71
127 72
128 73
129 73
130 73
131 74
132 75
133 75
134 76
134 77
135 78
135 79
135 80
135 81
134 82
134 83
133 83
132 84
132 85
131 85
130 85
129 86
128 87
127 88
126 89
125 90
124 91
123 91
122 92
121 93
122 94
121 95
121 96
121 97
121 98
120 99
119 100
119 101
118 102
118 103
117 104
117 105
116 105
115 105
114 106
113 107
113 108
112 109
111 110
110 111
109 111
108 112
108 113
107 114
106 115
105 116
104 117
103 118
103 119
102 120
101 121
100 122
99 123
98 124
98 125
97 126
96 127
95 128
94 128
93 129
92 130
92 131
91 132
90 133
89 134
88 135
87 136
87 137
86 138
85 139
85 140
84 141
84 142
83 143
83 144
82 145
83 146
83 147
82 148
82 149
81 150
81 151
80 152
80 153
79 154
78 155
77 155
76 154
75 154
74 154
73 153
72 153
71 152
70 151
69 151
68 150
67 150
66 149
65 148
64 148
63 147
62 146
61 145
60 144
59 143
58 142
57 141
56 140
55 139
54 138
53 137
52 136
52 135
51 134
50 133
50 132
49 131
50 130
50 129
51 128
52 128
53 127
53 126
54 125
54 124
54 123
55 122
56 121
56 120
57 119
58 118
58 117
59 116
59 115
59 114
60 113
61 112
62 111
63 110
64 109
64 108
65 107
65 106
66 105
66 104
66 103
66 102
67 101
67 100
67 99
67 98
68 97
68 96
69 95
69 94
70 93
70 92
71 92
72 91
72 90
73 89
73 88
74 88
75 87
75 86
75 85
75 84
76 83
77 82
77 81
77 80
78 79
78 78
79 78
80 77
80 76
80 75
80 74
81 73
81 72
81 71
82 70
83 69
84 68
85 67
85 66
86 66
87 65
87 64
88 63
89 62
89 61
90 61
91 60
91 59
92 58
93 58
94 57
95 56
95 55
96 55
97 54
98 53
