280
87 58
88 57
89 57
90 57
91 57
92 57
93 58
94 59
95 60
96 60
97 61
98 61
99 61
100 61
101 61
102 60
103 61
104 62
105 63
106 63
107 64
108 65
108 66
109 67
109 68
109 69
109 70
110 71
110 72
109 73
109 74
110 75
111 75
112 75
113 76
114 76
115 77
116 78
116 79
117 80
117 81
117 82
118 83
119 84
119 85
119 86
120 87
120 88
120 89
120 90
120 91
121 92
122 92
122 93
123 94
123 95
123 96
123 97
123 98
122 99
122 100
122 101
123 102
123 103
123 104
123 105
123 106
122 107
123 108
124 108
124 109
124 110
124 111
125 112
126 113
125 114
125 115
125 116
125 117
125 118
125 119
125 120
125 121
126 122
126 123
126 124
126 125
127 126
128 127
129 128
129 129
130 130
131 131
131 132
132 133
133 133
132 134
133 135
132 136
132 137
132 138
132 139
132 140
133 141
133 142
133 143
133 144
133 145
133 146
134 147
134 148
134 149
133 150
132 150
131 151
130 151
129 152
128 153
127 153
126 154
125 154
124 154
123 155
122 155
121 156
120 156
119 156
118 157
117 157
116 157
115 158
114 158
113 158
112 158
111 158
110 159
109 159
108 159
107 159
106 159
105 159
104 159
103 159
102 159
101 159
100 160
99 159
98 159
97 159
96 159
95 159
95 158
94 157
94 156
94 155
93 154
93 153
92 152
92 151
92 150
92 149
92 148
93 147
93 146
92 145
91 145
91 144
90 143
89 142
88 141
87 140
87 139
86 138
86 137
86 136
85 135
85 134
85 133
85 132
84 131
83 130
82 129
82 128
81 127
80 126
79 126
78 125
77 124
76 123
75 122
74 121
73 120
72 120
72 119
71 118
71 117
71 116
70 115
69 114
68 113
67 112
66 111
65 111
64 111
64 110
63 109
62 108
61 107
60 106
59 105
59 104
59 103
59 102
58 101
58 100
58 99
58 98
57 97
57 96
58 95
58 94
59 93
59 92
59 91
59 90
60 89
60 88
60 87
59 86
60 85
60 84
60 83
59 82
58 82
57 81
57 80
57 79
57 78
56 77
56 76
56 75
56 74
56 73
55 72
55 71
55 70
56 69
56 68
57 67
58 67
59 66
60 66
61 65
62 65
63 65
64 65
65 65
66 65
67 64
68 65
69 64
69 63
70 62
70 61
71 61
72 60
73 60
74 60
75 60
76 61
77 61
78 61
79 61
80 60
81 60
82 59
83 59
84 59
85 58
86 58
