283
101 50
102 49
103 49
104 49
105 49
106 49
107 50
108 50
109 50
110 51
111 51
112 52
113 52
114 53
115 53
115 54
115 55
116 56
117 56
118 57
119 57
120 58
121 58
122 58
122 59
122 60
123 61
123 62
123 63
124 64
124 65
124 66
124 67
125 68
126 68
127 68
128 69
128 70
129 71
130 72
129 73
130 74
130 75
130 76
130 77
131 78
131 79
131 80
132 81
132 82
133 83
133 84
133 85
133 86
133 87
134 88
134 89
134 90
135 91
135 92
135 93
135 94
136 95
136 96
137 97
138 97
138 98
139 99
139 100
139 101
139 102
139 103
139 104
138 105
138 106
138 107
137 108
136 109
136 110
136 111
136 112
137 113
138 114
138 115
138 116
139 117
139 118
139 119
139 120
140 121
140 122
141 123
141 124
141 125
141 126
141 127
142 128
143 128
144 129
144 130
144 131
145 132
145 133
146 134
147 134
147 135
146 135
145 136
145 137
146 138
145 139
144 140
143 141
142 142
141 143
140 144
139 145
138 146
137 147
136 148
135 148
134 149
133 150
132 150
131 151
130 151
129 152
128 153
127 153
126 154
125 154
124 154
123 155
122 155
121 156
120 156
119 156
118 157
117 157
116 157
115 158
114 158
113 158
112 158
111 158
110 157
109 156
108 155
108 154
108 153
108 152
107 151
107 150
107 149
107 148
107 147
107 146
106 145
105 145
104 144
104 143
104 142
103 141
102 140
101 139
101 138
101 137
101 136
100 135
100 134
99 133
99 132
98 131
97 131
97 130
97 129
96 128
96 127
96 126
95 125
95 124
94 123
93 123
93 122
92 121
91 120
90 119
89 119
88 118
87 117
86 117
86 116
85 115
84 114
84 113
84 112
84 111
83 110
83 109
83 108
82 107
82 106
81 105
81 104
80 103
79 102
78 101
78 100
77 99
76 98
75 97
75 96
74 95
73 95
73 94
73 93
73 92
74 91
74 90
74 89
74 88
75 87
75 86
76 85
76 84
77 83
77 82
78 81
78 80
77 79
78 78
79 77
78 76
77 75
76 75
75 75
74 75
73 74
72 73
72 72
71 71
71 70
71 69
70 68
69 67
69 66
69 65
69 64
70 63
70 62
71 61
71 60
72 59
72 58
73 57
74 57
75 56
76 56
77 56
78 56
79 56
80 56
81 56
82 55
83 55
84 55
85 55
86 54
87 53
88 52
88 51
89 51
90 51
91 51
92 52
93 51
94 52
95 52
96 53
97 53
98 52
99 51
100 50
