19559 22559
2885.37 -5661.58
-415.214 177.257
-6.3152 -552.628
-266.874 -215.934
39.9518 -266.819
6.39887 -78.4484
41.8507 -10.882
-63.7137 31.3948
-110.42 -32.3725
-9.71384 -54.8605
-27.6324 -38.4106
8.22806 -28.8573
-0.791399 13.3171
-21.8539 60.8622
-30.7465 -24.619
16.2172 -7.52345
7.24272 -10.9789
-8.24331 8.13195
-6.79758 16.6412
-10.3478 -4.5958
-26.2796 2.90137
14.5046 -16.2117
4.50575 9.42352
0.127629 9.51335
-14.0711 -0.414214
2.48905 -1.36439
8.7773 0.555629
2.20546 -5.13323
2.94655 7.21151
-2.60027 -5.04282
-1.69052 -5.02435
-2.61414 -8.91445
12.4819 2.37132
-2.78876 5.02497
5.64437 -5.11522
3.27382 -2.33258
-13.2911 23.831
7.4305 2.66741
0.554824 9.2508
0.652141 7.40154
-3.54414 7.6113
1.54295 1.03237
1.30377 -3.8921
-2.79967 -2.96098
-10.5773 4.23883
0.565878 -5.7974
-2.19747 4.05413
-5.94434 7.78485
3.63005 4.32547
-3 -5
6.22676 -7.02879
-4.81094 -0.317088
1.0467 5.19201
3.36398 0.501646
-0.499348 1.16668
-4.06417 -8.61847
-0.217499 3.89685
-4.93701 -0.418875
0.127161 -4.49486
2.68838 -3.00052
-2.99558 7.40851
-0.813979 2.25914
-7.508 -3.14385
-0.654002 -4.7139
3.16727 -0.733338
3.7727 1.95134
1.85736 -1.9484
1.15436 0.846153
-2.27857 2.7436
-7.58007 -1.4506
-4.14632 4.41484
1.80826 4.70497
10.8344 -5.41612
-2.8299 2.36945
0.656854 -4.17157
-3.33596 4.71449
-0.577007 -3.52558
-2.24871 4.589
-2.17371 -5.30813
3.67229 -2.41367
7.73626 -3.44882
-0.0952966 -3.53267
-3.24113 2.92578
-3.03593 -3.62993
-1.79969 0.462812
2.26612 5.19483
-4.72029 0.68637
-6.47884 0.534488
1.90492 0.392177
-0.7583 -5.06251
1.02547 6.83141
-2.16623 -2.9022
0.52238 -0.506247
-0.232396 0.377072
5.58681 -4.16147
-4.18907 -0.615481
-4.80633 0.312167
1.04682 -2.0446
4.43965 -1.10994
1 1
1.15319 3.49876
-1.28438 2.2133
-8.53688 -3.69344
-5.12655 -3.22366
8.79605 1.63996
-0.91511 -4.16687
0.537044 -7.1169
0.117186 -1.66103
-7.89443 3.40268
6.31468 -2.3341
-1.96913 0.155889
-0.447885 -1.14326
-3.71926 11.2794
7.87934 -2.26768
-3.04109 3.61215
0.897822 3.24782
-5.84626 -1.52587
-2.62035 5.3983
2.27952 7.32367
2.94575 0.941531
-3.10902 2.43058
0.975882 -11.1694
4.27425 -6.96398
0.0961742 -6.79507
0.0710678 2.41421
3.89217 -0.31337
8.32216 -8.71994
5.87826 -1.83371
-0.708414 12.9405
-5.88249 4.70663
2.86933 3.06927
3.37184 4.67168
-0.83449 7.02243
0.489003 0.976437
-0.148599 -7.80908
1.94018 0.295039
4.70842 -3.17451
5.77325 -0.15559
6.31915 2.76672
0.165724 7.23659
-6.33756 8.32821
-1.26243 -7.66957
0.359879 2.89165
3.54709 4.24608
4.48192 -0.932465
6.65478 0.418388
-2.90838 -2.07617
4.1791 -5.83729
2.05941 -4.25404
3 1
3.5312 -6.56856
-0.658091 -5.09696
-1.18005 3.26945
4.20972 7.81187
-14.0934 -2.38295
-9.84741 -3.72465
0.526454 -2.22174
6.90829 -5.73475
3.55501 8.53707
3.72982 0.0705992
3.22451 5.7215
-5.71279 -5.02843
-3.2818 3.72972
3.91845 -1.50153
17.1029 -19.3963
-9.10156 2.68399
5.28514 -3.11519
-13.841 1.82151
1.04934 -7.08483
4.35462 0.216353
9.35353 5.71386
-1.12644 14.1654
-0.274361 1.29721
5.88366 3.79081
-10.6569 -9.82843
3.28516 -2.42232
16.7175 -1.89538
2.15877 18.1827
-11.0118 -0.777857
6.4937 4.35973
-4.47399 11.276
-4.78633 -9.82591
-2.77312 12.9264
27.9084 -4.29787
-7.12291 39.5391
13.2328 -21.4242
-18.4277 11.0696
-50.9802 19.8121
-17.3791 -72.1564
5.86566 -42.1725
64.1353 5.43737
2.01968 -1.89151
46.0531 126.365
-119 -85.6072
-32.7023 -86.6911
92.5349 -245.87
217.747 -78.2017
512.501 157.487
1063.84 -2055.5
