21016 22428
454.153 -6628.58
-670.677 632.105
-349.138 -758.843
-259.806 -318.546
43.7103 -117.613
52.7814 -8.20495
-79.2951 58.7379
-94.0214 -81.5596
-30.2891 -110.984
20.9445 -2.81433
-14.2077 0.146807
-69.6217 10.2933
-19.941 -72.3112
18.9107 -10.9072
1.52197 36.0325
7.35794 24.3795
-10.0908 25.3649
11.4741 1.31775
1.04175 -15.4074
2.43507 16.3097
-13.8011 -5.9202
-14.5318 -4.09064
-4.03115 -11.4798
14.3549 -15.0631
-19.0208 0.707107
-4.27041 -6.26841
-19.383 3.23848
-7.56475 1.23791
-6.93438 9.8611
-15.8444 -6.34911
-1.8484 5.08222
0.256271 -6.93554
-1.79597 2.9021
-4.90201 5.22026
-2.13841 0.851798
0.0515522 0.490675
-4.26144 -0.29735
0.417596 4.96472
-8.52102 7.31224
-4.24997 -3.89201
12.4537 -6.53763
-10.3347 -0.316853
6.99923 -9.13115
-0.275068 -5.15382
-4.0889 2.83991
-1.3044 -2.87906
2.21379 0.494426
-9.94974 2.68277
6.09748 5.79321
1 1
-1.86152 -10.9087
-2.03716 1.08544
1.98169 -3.04092
1.17493 2.62448
-5.60727 2.58536
-0.443996 -5.24587
4.71657 1.47498
8.78223 0.0301348
3.1876 -6.24872
-2.87759 -1.74572
-19.3201 25.7167
5.96351 -3.79676
-3.76582 6.85584
-1.41651 3.0222
-2.9404 -1.7547
-2.86277 3.9072
5.52865 -1.9311
3.92861 5.40512
2.86476 3.20415
-2.12111 -2.65089
-0.974537 -6.75083
-1.74045 -4.39765
-2.13927 2.32671
-2.22366 4.25167
-4.29289 -0.12132
-0.886391 -4.16635
-4.96388 -4.32159
-1.55427 -6.35816
-2.24975 -0.0460114
-0.503282 -0.900084
7.53995 15.311
1.71014 -4.39367
2.05686 -2.33909
-3.41532 -1.2606
1.16672 6.19018
-6.24494 4.47737
3.97781 -1.84801
5.47259 -3.69578
-2.62179 3.7353
0.853837 -0.185672
9.56311 -2.52494
4.31116 5.6436
5.7205 5.77586
1.00835 -3.41388
-1.53653 -1.40171
1.75785 -2.07649
-4.09162 -5.45058
2.94141 3.52089
3.08794 -1.25417
2 4
-5.93527 -4.54411
-0.7807 3.52593
-4.5538 3.41612
-3.67728 0.521896
0.315135 2.39694
-1.85568 2.89401
1.41813 -0.734369
-0.43928 -5.69193
6.44709 3.0672
2.47158 4.87181
-4.01449 1.57172
4.48499 10.1021
0.0920761 2.82454
-0.696809 -4.75659
0.176875 -1.38634
0.539101 4.56078
-7.52143 9.57684
1.11468 0.915173
-2.11121 1.9332
1.12132 1.90008
14.4403 -8.56858
-7.21695 5.29988
2.28501 -0.0504802
3.27054 -3.25016
5.02082 -0.707107
2.65692 -3.81402
-6.94727 -4.31945
-2.21123 -1.45224
-4.65749 -2.01478
4.2214 0.626627
-0.215061 0.652389
1.61558 -0.126285
-2.91177 2.91844
-3.20562 -4.97912
2.64622 1.6955
-0.293273 5.29513
2.26435 2.59062
-5.81169 7.22025
-2.25222 4.58203
-11.2126 -0.782148
-3.68346 -29.3535
-1.94417 -1.58968
-1.28181 -8.06824
-3.89201 0.282727
-7.28402 -2.34515
0.640172 -0.181902
-2.56314 0.433357
-1.63858 -2.391
1.133 4.30626
5 3
1.5667 -5.92226
-12.346 -4.28463
-6.26479 -7.14957
7.90658 -2.8738
-9.15431 0.394896
5.05273 8.82853
-8.17 12.1433
-10.5328 -4.16256
0.679344 -1.28345
2.63194 4.89201
11.0289 1.44183
-2.65364 3.16581
0.596049 -1.54444
-0.216811 -3.51991
10.153 -6.67186
4.21982 -4.21594
1.04267 1.67442
2.50562 2.82377
-5.88558 -5.96436
-7.01977 -3.62663
-4.45171 -4.93344
-1.16382 -5.17806
-12.5853 3.2901
0.21578 -0.0808463
-5.70711 4.12132
17.997 0.0422335
12.7428 4.40748
-1.26353 -14.6214
4.58474 -2.83948
-5.3449 -27.7819
-20.1272 5.23654
9.1143 -22.4047
13.4289 -17.288
-13.9331 -2.1663
-7.03185 -23.0423
-0.89937 -30.9998
54.3303 42.6456
-1.87342 17.3206
-1.09888 33.3933
-49.506 -13.8718
-13.0124 -88.1965
24.7378 -27.275
125.757 -61.2247
-37.7865 125.479
-155.909 -62.772
-254.831 -220.582
109.659 -240.403
552.521 -445.61
-210.909 -1804.88
