21533 21264
49.8823 -6928.71
-403.223 528.19
-327.483 -595.142
-360.448 -273.425
74.5812 -178.165
-54.5788 -68.7732
65.8032 61.9652
-69.331 28.2378
-90.1083 -72.9409
-3.88342 -52.5005
34.8323 -59.9045
9.27848 12.2562
-27.5875 -16.4343
-48.0892 -16.4368
33.5735 -32.1547
-17.874 14.6024
-6.69778 19.9131
2.90776 15.393
-18.8346 -8.25849
0.0133276 5.23836
8.00896 -11.0987
1.05929 0.139998
-12.1114 -11.6553
-10.8624 -7.59053
-4.77817 -4.53553
-1.22654 -3.18382
8.11034 -2.48835
-4.99865 5.78179
-8.13126 -6.15984
-4.48265 -1.02381
0.376756 -4.68979
0.792828 6.51031
-4.26175 -2.00975
-2.47492 0.908481
-0.0776831 -0.442746
5.80972 -7.00838
0.445563 -1.57269
-4.55902 4.72259
-4.51832 -2.79067
5.00531 7.28022
-3.34334 -7.73074
-9.32476 5.93609
1.02393 -4.80454
-9.04826 -0.76712
5.91011 -6.54818
4.66252 0.548777
3.07919 -3.71867
-6.34021 0.848892
-2.55826 2.61837
2 1
-4.79255 4.49476
-3.66747 4.29818
-6.68463 -5.29446
-3.40973 5.15374
-3.76993 -1.12158
2.29243 1.69919
6.59146 -9.72102
-4.17425 -1.1929
-5.0423 -3.78817
-4.26815 -4.13798
2.17539 -7.3364
6.29504 -3.38966
-2.04858 -10.2331
-1.86736 -0.973978
2.05568 28.7005
1.46918 1.54395
8.98168 6.55262
6.28216 2.43667
-2.5372 4.01662
7.7876 -3.03192
-4.93051 -5.76766
4.96251 -1.42069
4.15427 13.4039
1.41277 2.21983
6.53553 5.36396
6.74881 1.34169
-2.56376 7.24257
4.73691 2.96989
-0.410882 -0.490713
6.93564 2.8363
5.9207 4.14757
-6.12161 3.22718
-1.54439 -3.73919
0.441389 -0.425752
-2.69629 -1.11386
-2.2244 0.508183
4.37428 0.444661
0.773243 0.59391
-4.56671 4.89553
0.64735 -1.80447
3.75154 -1.63163
0.414661 4.10327
-0.0829077 3.63956
3.15231 1.91628
0.59851 4.15656
2.69533 3.53225
4.59719 5.6759
6.79341 -3.95856
-0.0878592 -1.76185
-7 -6
-0.0654591 2.24883
6.22823 -3.58873
1.70271 -6.37277
-1.02157 -5.39102
-4.10821 3.06259
2.61716 -0.197107
-3.05747 1.98582
1.08747 1.85161
-3.33563 8.24853
-0.585996 0.163028
-6.11073 0.486802
4.39357 -3.07945
6.63045 -1.93253
-5.79373 3.67773
-8.3847 -0.95415
-1.54525 -0.051665
-3.32021 1.82098
-1.62441 1.98611
-0.0682827 -0.0926003
2.68239 -0.690407
-4.27488 15.4718
3.35262 -5.97839
5.49972 0.24579
5.65905 4.65904
10.7782 2.53553
-2.72338 2.8238
4.23696 6.47959
1.73568 1.19928
-5.22521 -9.05312
3.33245 1.41782
-2.80043 3.05109
-3.05593 -0.104001
3.34226 5.2868
-6.01491 -3.67166
2.91519 5.9812
2.73182 2.89288
-0.439121 -21.9778
0.220779 7.43661
-3.59139 -2.81764
-8.34989 -4.24398
1.43409 -4.10995
-1.27287 7.41133
1.27185 4.10352
-5.32691 3.24298
-10.9667 0.971324
1.98149 -6.38717
2.16901 6.29268
-2.69086 7.75708
-4.17686 0.075698
-4 1
0.609228 -0.206158
0.426173 -0.214267
0.954453 3.92269
8.23501 0.936843
-4.02049 5.45244
-4.26433 -2.32601
1.73293 -3.07432
-6.06746 0.958142
1.8169 -6.99434
2.37666 1.57388
4.70204 -2.35256
-7.59641 1.90716
7.46298 2.33391
-2.70509 8.78256
1.78218 1.36714
-8.38897 -2.79387
-0.591159 3.017
0.440183 -0.997349
2.77145 -7.65185
-2.09638 6.88713
-1.36489 -6.2847
1.29021 -3.8401
17.1812 -5.64346
1.02399 -0.562016
-0.535534 -7.36396
-12.33 0.178075
-16.1986 11.9132
-14.359 -7.80452
1.62985 -6.72172
-10.3953 -15.8564
3.53746 -5.57791
-3.08731 13.2913
-9.2637 -14.0051
-41.9784 -5.28245
37.442 -26.275
4.80275 7.83532
13.6302 19.3455
7.0274 43.3366
-19.552 15.4355
-58.719 -22.1073
1.30876 -124.079
45.688 -13.5883
142.18 -47.4994
-129.498 144.49
-116.834 -138.917
-121.615 -133.657
-10.5311 -322.098
574.882 -318.214
-623.019 -2122.36
