18834 22106
312.26 -6691.49
-15.198 180.616
-10.5097 -549.652
-239.38 -25.1862
-159.52 -223.565
-100.207 -97.9238
84.0494 -130.212
54.3994 -18.8762
-27.2554 -16.0606
11.4487 -57.6564
-31.3191 15.1625
-24.8032 -64.137
-18.1945 -54.995
64.987 -53.0471
5.90762 -10.0695
-30.9073 6.38434
-14.8902 9.86269
-15.5853 7.69191
-4.73996 -6.95505
-8.4092 -8.72362
16.7198 -16.353
-0.163696 6.30992
7.84551 3.61491
-8.09673 -9.60996
1.29289 -8.53553
2.50277 1.41283
-11.9459 8.91807
0.453486 -0.510529
0.137519 -5.68437
17.1659 -0.77909
1.39796 0.958755
5.73642 1.46056
-2.67651 -7.27697
-1.48204 6.02634
-11.2334 -0.718852
-8.92529 -9.13714
3.05702 2.47104
-1.72939 -4.17925
-0.301228 11.4299
8.02874 -3.10262
10.8793 -5.57351
-2.55366 0.557081
-2.42686 -1.73717
3.62522 -5.57783
4.97933 -3.22977
-5.14671 1.17702
0.383298 -5.03117
1.58196 7.74493
-5.93917 -7.92014
-9 -7
-1.04335 2.99259
-5.91973 -3.09749
6.82534 -2.28636
4.86733 -11.9045
4.97898 2.78959
-5.48924 26.5724
-5.73483 -1.13869
-0.991619 8.34271
-5.09437 7.71587
-5.46464 4.3013
12.8764 1.90554
-3.88208 0.061339
-1.33907 -0.531543
2.08268 1.76009
-6.08387 1.06548
-0.0902885 3.58077
3.28147 3.2361
-1.11898 -2.56728
-5.57154 4.76195
1.09144 6.72336
-1.2159 2.52821
2.14654 2.63095
3.04951 -0.20643
7.89778 -2.4334
3.63604 2.05025
-2.65273 8.19634
-0.486134 -3.2125
-1.16355 3.55232
-0.657434 5.52043
3.86124 3.32916
4.49329 -3.14722
2.86771 1.27865
6.98482 1.70926
-3.44656 2.98596
0.34732 -0.0207315
-2.37906 -3.20524
-5.59853 0.44667
-2.11854 3.83705
4.25244 -5.73786
3.11366 1.82361
-1.9412 15.1287
-2.4707 -3.40141
3.56749 8.39286
5.53601 2.79708
1.56703 1.83483
-3.08347 5.034
-2.35087 4.82366
-4.9953 -1.49244
-1.27373 3.53468
-2 0
4.99086 2.09254
3.57032 3.88551
1.5661 4.93281
2.09212 0.0982911
-0.539282 4.19087
-1.29345 -7.64619
-0.483229 -5.43249
-5.07204 2.80643
-6.73908 4.46954
2.48041 2.2241
5.0328 -10.384
-4.04231 -2.18375
-4.44709 -5.08237
-0.957598 3.27103
0.0272177 -2.70165
-6.54799 2.446
2.54071 -0.177365
0.833856 3.65949
-3.62952 4.44002
4.13876 -0.475062
2.87214 -2.92191
-0.056463 2.74784
1.35391 1.86751
1.18634 4.17874
2.70711 -1.46447
0.802976 -1.12219
2.11368 2.98841
-4.43832 0.64547
-2.89752 7.84751
-6.67114 -2.41816
1.63751 -10.1918
-1.60605 6.20382
7.57854 -2.43808
4.13851 -4.20167
-1.03585 3.85067
-1.57964 3.05932
-3.07318 7.18071
-6.82295 3.22325
8.30752 0.17069
-3.0075 0.497074
-5.24283 -3.59184
8.85571 -3.5497
-3.61037 7.65761
2.24534 11.2292
0.470145 1.85643
3.46069 -28.1279
-1.98419 6.17009
-6.60094 -8.49344
-9.05354 -3.29989
1 1
0.646845 6.6111
6.21816 -8.50123
5.89469 -2.50226
-0.056496 -1.22308
4.27264 -8.59766
0.0350109 -2.30917
-0.103043 -10.5272
-1.25414 -2.12487
4.10241 3.55314
-0.0287401 -0.75148
0.439082 -8.08706
-5.85361 0.859792
-0.0155808 -6.88626
2.13204 -9.71862
-2.15327 3.07201
1.25589 11.055
0.35684 9.96341
1.84616 -0.301629
5.67117 -2.07188
1.10883 0.25098
4.3438 -12.2229
-5.74944 -9.81038
-2.86327 -11.8141
-2.91231 -6.88701
16.364 11.9497
-7.63814 15.4434
10.1969 11.9102
-10.36 -4.93915
2.27086 -12.304
8.88133 -11.0748
-8.7054 -9.96315
14.5983 -28.4032
-1.57489 -13.3638
-19.347 21.3814
-21.5003 16.6309
37.2908 48.9536
-1.36469 11.0473
5.87134 13.1795
47.6164 -40.9137
58.2622 -14.1684
45.983 54.1653
-41.6081 -72.8087
9.36075 33.7942
-162.723 -182.699
-124.484 -50.3874
-39.0093 -181.05
130.945 -115.037
454.392 14.0508
-89.589 -2431.56
