16673 21109
1905.32 -6566.44
83.255 216.021
-4.06059 -575.824
-191.338 -22.5049
-98.0497 -195.221
-56.862 -87.0181
41.679 -146.756
64.2908 -27.3606
22.1552 -13.0706
9.16489 -34.4705
-11.3943 21.9541
-37.3742 -86.1287
-13.9565 -45.4845
12.3542 -51.4308
23.8079 8.16808
-12.3535 1.78186
-10.7173 -2.06644
4.7681 4.96711
-11.9883 -15.6027
2.29807 -0.714825
-6.83175 -11.8192
11.3464 8.34433
1.00791 -9.81518
-3.30311 3.71065
-0.12132 0.87868
-11.2007 -2.33365
-1.68615 -2.69946
-3.32151 2.44511
3.20391 -4.07464
0.879704 0.745237
1.62121 5.13198
-1.98608 -7.9041
-3.15201 12.3664
-2.52299 -4.33825
-9.7983 -4.2263
5.52024 -0.846202
-2.80743 -3.52382
13.3111 2.6452
-1.61048 -17.9378
3.15688 0.658384
-9.9516 28.3306
-3.74001 -1.02322
-3.57359 8.61904
1.6347 4.73257
1.43002 1.58471
-6.1479 2.47892
1.73198 4.18316
-2.2774 2.25436
4.27293 3.78906
4 2
4.83462 -1.67893
10.9002 8.23312
-2.38848 3.61756
-3.27282 0.397376
-2.88143 -5.06365
4.2765 3.963
3.89532 2.69229
2.58773 1.73604
4.34372 1.81168
-6.0821 -5.53437
-2.202 -0.652366
-8.65562 -3.31911
-0.737923 -5.12726
-2.81072 3.64676
4.46708 0.566752
-0.214447 3.86348
-4.95255 4.41466
4.20013 -1.73497
1.04495 3.19941
-2.71252 0.0186947
2.52048 -7.94932
-7.27696 -0.150483
-1.50228 4.38701
3.40793 2.30253
4.12132 6.53553
-7.32291 2.46314
-8.18539 7.39113
-6.76001 -0.640655
0.000630103 7.06422
-0.981305 -0.00952545
-2.73003 -22.0488
5.68552 2.13344
3.84343 -5.03997
-4.08479 0.674483
1.3329 -4.25659
1.60988 3.42229
6.39494 -0.0852345
1.57709 2.00443
-2.05419 3.04532
-1.69276 2.29017
3.45792 3.11364
-7.95616 -2.76021
4.46503 -3.96521
-0.993888 2.84471
4.74702 -5.908
-4.91003 2.66146
-4.17707 5.64725
2.63618 2.64965
-3.90116 -4.20871
-5 1
0.0051366 0.056393
10.0143 4.9823
-2.74684 -2.50186
-3.48947 6.99577
-2.71517 5.17982
-1.50167 -2.44811
-0.0355821 -3.13301
-0.635149 1.70943
4.06397 -3.95633
5.99722 4.15688
-5.74564 1.60711
3.91253 3.71283
1.27499 -0.1062
5.61742 -2.97798
1.23092 0.443499
1.82675 0.364391
3.95202 -0.671723
7.52134 -0.942058
-4.80803 -3.71322
-0.254763 -1.46261
0.934551 19.545
-2.81944 1.4716
-4.88554 5.8043
-3.8963 3.2416
4.12132 5.12132
3.61299 1.96855
-4.38399 0.57846
-5.85481 -1.57069
1.98742 6.98499
3.7947 -2.75045
2.91942 -2.16665
11.2729 4.93574
-7.29735 1.38972
1.29323 2.00933
-2.51913 2.58531
-1.81026 -2.56467
-2.6518 3.31354
-1.13566 3.833
1.60954 2.29184
-0.0982431 11.4786
2.62458 2.31103
-0.424961 1.19531
-1.62187 -6.06613
2.62394 -8.12076
-0.80288 -0.0422286
1.83052 1.29299
2.08095 0.990192
11.8909 2.15073
2.19646 7.79621
-1.77636e-15 4
1.95623 -5.94541
-1.67831 -1.34854
4.76811 -6.985
-4.66669 1.82096
2.35101 0.348929
-2.54725 0.217011
-3.55094 -2.41957
-7.84483 4.55172
-4.02966 10.3125
0.0791922 6.81375
5.3018 -22.6494
4.61462 3.53587
1.43428 -9.82887
-4.68144 -4.15919
-1.86751 -7.68811
-7.13991 -6.37479
6.88445 -16.7114
-6.00843 0.759192
4.3537 -2.37398
-5.26684 -7.06921
1.28939 4.877
-1.91368 -9.21339
0.586826 1.86982
-0.593392 3.71879
-0.12132 -0.535534
1.54103 3.20522
-10.0166 -3.00967
9.3202 -14.0782
-10.4186 -23.2288
13.8823 -11.2294
8.51883 -10.0923
18.9318 8.19543
1.90658 8.76737
-35.6661 13.7126
12.2053 -16.1236
-17.1228 4.37289
14.852 1.9532
-2.06341 8.17463
62.5529 -16.3607
45.8356 1.07919
2.43087 60.4882
11.2033 -64.3883
-76.1102 32.2733
-13.7988 -182.801
-80.938 -152.348
189.889 -156.994
52.7994 -98.237
543.7 92.9713
683.781 -2237.94
