20640 21774
491.908 -6926.02
-36.8574 242.558
-63.2898 -544.349
-371.321 -40.7839
-144.391 -232.696
-84.4634 -108.086
61.9814 -88.9175
28.0141 -6.18963
-32.1891 4.49546
-3.45251 -19.5747
-70.3118 -37.0521
-19.9504 -81.5585
-43.7591 -41.0287
2.71377 -17.0416
-30.0515 0.484986
-2.68006 19.2359
7.0639 11.0239
-16.0168 -2.81096
1.45219 13.8673
3.19014 0.718791
-17.24 8.57891
-18.3186 -0.803092
-7.57998 -4.62763
-6.44548 -5.57433
9.94975 2.36396
-4.93078 -3.33585
-3.27217 -11.003
1.46546 2.07701
-5.1259 -12.1758
0.205066 3.95422
0.369508 0.275683
-4.49195 12.9219
1.99917 1.90247
-1.86983 3.73793
2.19786 0.160904
-2.30006 -2.38666
6.97817 -5.00921
3.63515 -3.49187
-12.0869 -3.02634
7.50238 -2.60262
3.15173 -9.03628
-7.68541 -0.981451
4.11921 0.524274
6.4076 -1.11508
-0.799559 -2.16238
-6.04726 1.05287
-2.32514 3.30895
0.838872 0.560964
1.05071 -5.72677
-3 -3
-3.37698 11.223
-0.406158 -3.8656
-0.686674 -7.3836
2.08659 -1.28445
-0.482429 -8.52979
-4.74651 -2.99051
8.83652 -8.55003
1.66414 0.263761
1.79015 -13.4703
-0.239549 0.0385205
-15.7738 23.9039
-2.65925 -1.84356
2.54028 3.93399
7.5613 -0.704784
-0.968189 9.46817
2.03011 2.66457
-0.331173 -1.35066
-2.20177 -1.45491
-0.472221 -3.33208
4.67032 2.84416
0.740802 2.22464
1.01402 8.18588
5.1987 0.689299
0.329421 3.21632
3.46447 4.94975
-2.44728 -1.45695
-7.5971 -3.02648
-4.51033 -0.829431
2.12237 -7.46854
-2.13911 3.82916
10.8524 14.3428
3.29908 3.13512
1.70908 2.73968
2.71161 2.59043
-1.37405 0.861001
3.72245 3.84407
-0.769296 0.274772
-4.28649 4.57595
5.41747 6.46977
2.98037 -3.45974
0.302318 -3.13344
2.87135 -0.370666
3.9377 -6.54759
1.37973 4.04192
-1.6368 -5.33368
5.53569 -2.4417
-7.61756 3.97893
0.246071 -0.738736
7.55932 -1.07683
-8 4
-4.7484 -0.0453127
-0.542541 2.37086
-7.25723 -5.53368
5.90016 3.70512
-2.42843 2.43779
-1.39845 -0.867375
0.712169 4.33702
-4.30477 -0.027403
0.686336 0.700595
2.78188 7.21577
3.63471 -3.95598
-6.8138 2.1771
-3.10685 -0.345179
-1.83528 -0.422106
-2.80674 -3.05188
3.97472 -1.26174
-1.07275 3.81705
1.76335 3.58625
-3.54052 1.51788
-4.04123 0.024938
13.7468 -11.6383
-3.19231 -0.0564429
-4.4144 -3.32435
-0.606577 5.70475
0.0502525 -10.364
0.685576 0.471905
5.75351 -1.18444
1.10557 -1.72397
-0.270335 -0.449796
7.53827 2.73971
-0.283696 1.97143
0.40004 1.78487
7.97318 -0.529333
5.43982 0.394651
-0.68709 -1.5677
4.20971 2.59721
-0.0829658 4.6361
-6.12966 2.81441
-1.3891 7.90213
5.29528 3.28772
-5.95031 -21.4342
1.66358 6.51835
2.13826 -7.09373
-7.51676 3.62068
-2.22665 -7.74359
1.39158 -4.21298
4.9273 1.61742
-0.255416 5.21873
-7.84816 -12.1545
-5 1
-1.74691 1.29675
-2.38574 -6.01883
-2.60448 -7.74987
-4.04314 -4.53511
-7.29191 3.76049
3.97587 0.61111
0.138169 -5.07254
-8.92919 2.94185
-4.57075 4.57494
8.67796 -0.25148
4.5577 8.91791
0.127694 1.58135
7.93449 -3.39538
-4.5624 -3.41846
6.41062 -3.52459
-2.97463 -2.10926
1.95398 2.48518
-2.30172 2.63559
-8.61591 -2.11594
0.93387 3.29474
4.44314 -3.26594
11.2874 3.2371
7.75917 1.52259
6.03904 10.9043
10.5355 -4.94975
-11.6883 12.2719
-5.3097 -5.61949
-12.644 -2.6092
-5.38336 -9.25663
19.7541 -13.045
-9.05048 -4.13415
14.7902 -1.87759
13.2905 -6.85819
21.0506 -18.5391
-24.2224 21.3595
-10.1787 5.77805
-41.6406 10.4829
-0.298879 15.5824
31.5366 -3.25167
42.3427 -25.0141
84.8137 37.3292
-21.8732 -28.3053
13.0419 46.2805
-157.306 -150.179
-53.2413 -145.923
-94.4397 -219.107
263.288 -218.887
489.526 -13.7602
-50.7185 -2392.54
