20549 22283
888.713 -6861.5
-97.6169 374.227
-164.884 -495.66
-283.937 -98.035
-93.009 -161.55
-64.7631 -115.552
61.2993 -94.3043
65.2722 -18.9682
-43.0431 14.0565
-25.4614 -16.354
-71.1454 -4.55547
-18.7215 -44.554
-26.0238 -27.2905
20.2577 5.47061
-9.91088 24.2658
-14.5782 4.40482
10.5001 16.2975
-24.8122 -6.29528
3.30412 -25.6622
-14.7106 -9.2509
1.67172 -4.22434
-3.26664 5.73284
-6.82328 11.0766
-5.82414 -5.60056
-7.94975 -12.9497
11.0693 -0.885765
1.42331 -4.36554
-4.39097 -0.53627
7.5427 -3.88536
2.50726 -11.9721
-4.30774 4.17618
-4.1234 3.3122
0.33267 10.7705
-5.52389 1.30085
-1.90428 9.35617
3.72446 -5.0275
-1.79088 -3.53085
-3.06037 -5.80292
0.528398 0.13403
-8.47594 -1.17937
-1.87396 -3.53824
-0.2471 -0.36414
0.912313 1.02638
-0.57373 3.425
1.71576 2.53505
-9.8953 -2.1688
-4.34368 -8.37243
4.07733 -7.6273
-7.94726 -4.07386
6 2.22045e-16
0.553745 -3.57291
-3.25436 -5.58641
-3.25511 -2.82923
-1.52837 26.8688
1.55845 -7.00697
9.33143 8.18439
2.6075 7.47378
6.70362 3.38339
1.3549 6.51665
-7.13251 -1.78794
2.12671 -3.77366
0.604898 -1.05423
0.482708 -1.9871
1.73327 -0.0996359
3.46676 2.48822
1.93795 7.41746
-4.97522 -0.800602
4.19887 0.665258
7.66868 2.64969
0.368125 1.79174
5.13187 2.89831
-4.71543 2.94636
-0.172867 -6.41123
-0.921342 -1.03831
3.94975 -0.949747
-5.36975 -2.11284
-0.0762954 -2.26085
0.600972 1.62
-4.53133 -6.22354
2.00827 3.43825
2.46387 0.125498
-8.53908 -4.62399
0.279525 5.03708
-0.039577 1.45198
3.09144 2.21504
1.4063 -0.848546
3.44849 -0.0640274
-5.19324 -4.10928
-2.16939 -0.831058
-3.19107 -2.59023
0.218141 0.317563
7.39835 8.82235
5.07514 -0.46202
-3.34889 0.833216
4.26163 17.1226
5.63884 1.30428
1.12508 3.17503
1.11479 -7.57442
3.79164 3.5186
3 -1
1.13315 4.38444
-1.63206 7.6881
0.0936429 2.65718
7.51091 -1.16499
6.81718 8.50769
-2.5782 5.41583
3.7062 -11.2487
4.42963 -4.34872
-0.64339 -3.88158
-1.43456 4.46557
1.24671 2.32681
-1.41163 2.75482
2.63085 6.52856
1.3202 4.2203
-1.33466 1.35487
2.32599 -1.3428
-0.547854 3.82181
-2.74066 7.97708
1.43377 -3.09726
4.0819 1.70765
-9.03911 2.51489
-0.0685873 0.748474
-3.76728 -4.50187
-4.7014 -5.4627
1.94975 -3.05025
0.206554 3.27097
-2.9348 6.53873
-4.59502 2.03283
1.21123 2.19944
0.322181 1.09673
5.68054 -9.87835
6.8504 1.0114
-2.88303 -3.18933
4.38607 2.75102
2.96948 1.52163
-3.18343 -4.10868
-4.53915 4.9273
-4.33028 -2.88023
4.07993 2.53386
-3.77732 0.114175
6.37585 4.56702
3.45797 6.0374
-5.01704 -2.19111
-5.98545 2.87697
-7.12073 1.4251
-9.82929 7.43282
1.41301 0.339109
-6.13658 -27.0738
3.28849 9.25512
-6 -2
-11.4684 -1.45642
-4.659 -0.828728
-0.0931388 2.48908
-7.6908 1.10756
5.98481 -3.37067
-0.730587 4.08271
-1.78576 -1.949
1.88127 -10.18
2.67473 -4.47634
3.38577 13.0335
9.01575 -3.90907
3.23856 9.30965
-2.98107 2.3578
1.67942 -1.64816
-4.9612 -0.860635
-3.49947 -9.42118
0.38681 2.83764
-0.86479 -6.42588
-7.64179 9.65034
2.3303 -2.15246
4.046 3.81686
-5.75751 -5.93316
1.53163 -3.15745
6.26199 -0.0236477
-5.94975 8.94975
-14.0159 15.3737
-5.46514 1.4836
-11.1724 1.21752
1.25944 -1.86869
-7.37962 -8.07533
14.4361 -0.270228
10.7495 -18.4822
21.2078 -23.2574
3.92177 12.3707
-44.0003 -18.7606
-4.23145 -10.1969
-44.8945 -21.0346
7.63796 -11.8436
26.842 -4.51848
44.5592 7.71477
44.3664 71.626
-3.33616 -6.62782
15.7247 75.5256
-152.823 -161.922
0.375453 -131.243
0.367583 -185.954
146.974 -106.409
378.922 -104.716
357.75 -2171.16
