14932 20141
1730.57 -6404.69
-26.8072 340.355
-127.762 -599.513
-239.617 13.4263
-110.321 -252.188
-1.65445 -86.7275
47.7696 -90.7164
-21.2657 -31.9292
8.33211 -8.86812
-72.4615 -21.2276
-59.3536 -31.6853
-31.4332 -35.7136
6.52301 2.84791
-0.56699 14.7526
-7.51189 8.88493
-6.69421 -3.92855
0.726503 10.02
-3.79121 -31.9705
6.57319 -4.99887
-6.37431 -1.1877
-9.68719 -12.2897
8.32146 2.23119
1.52332 16.0445
8.65734 -8.02547
-0.585786 6.65685
2.21909 -3.06318
-5.40419 -7.80132
2.80269 1.30369
-2.40819 -2.6212
-5.17632 -11.4798
2.22141 0.374478
-5.53523 32.6008
-2.80929 -3.39531
0.241624 9.88364
7.73045 2.38759
-1.19334 3.70981
-4.79816 3.44088
-2.3923 -1.75017
2.05047 -6.29952
-2.21592 -1.59934
15.3619 -4.1424
4.94527 5.81798
-0.914817 3.73234
-1.96377 0.442885
-1.02182 5.19368
-3.26083 -6.37934
3.11206 3.0257
-6.61838 -7.06075
-0.226642 -0.821468
-2 -5
0.751632 3.39344
1.4624 -0.322462
-5.41171 -1.24009
0.267144 2.18003
-0.664985 0.587705
-6.30067 1.95849
2.53893 3.72904
-4.99854 2.35715
-0.965727 1.61652
-5.09493 1.44095
2.57371 7.35425
3.83946 -3.37326
-0.4755 -16.9257
-2.10272 -4.54962
2.37601 0.830994
-2.37584 0.600177
4.48119 -0.999457
0.861892 2.05345
3.15651 -5.32327
2.81564 -1.5202
1.71346 6.78763
-3.65302 0.41539
-1.00797 -2.75765
1.02552 -2.13631
-5.65685 -5.58579
0.495864 -1.9581
-1.05605 11.3951
0.198394 -0.121041
-0.679004 -1.8779
-0.706396 1.69723
2.67335 -1.61916
-3.64797 -1.09539
-6.67469 -0.124027
-4.45285 1.72396
6.37752 -1.75775
-0.878158 3.58881
-4.07053 2.82241
-1.51382 -3.47369
-2.37176 -6.61196
2.68444 0.699718
-2.59088 -0.973964
0.457838 -0.770007
6.39714 2.01304
-4.30089 9.07332
1.82661 -1.25913
-5.33241 5.24094
6.30837 0.136232
5.06621 4.36789
-0.13038 0.669665
2 3
-0.785157 0.556322
5.23199 -0.133792
4.73437 -0.70126
-4.28233 2.38979
0.515601 6.46261
-2.35697 9.02165
4.38506 0.844071
1.22246 -10.6642
-5.38214 0.681436
4.25308 -6.94903
-1.99355 -2.82747
2.59163 2.54651
-1.99123 -3.2572
1.3197 4.37185
7.00259 1.98988
-4.07805 0.652719
-4.71857 -5.65988
-3.10449 2.21406
4.69991 1.72825
-3.05754 4.77491
-0.643574 4.52889
-3.18069 -3.38336
0.530367 -2.29429
-0.96126 -0.14528
-3.41421 -4.65685
-0.904115 -2.14734
-0.482447 -1.28845
-5.6791 -2.445
1.61327 -9.6428
1.76636 -2.70285
2.40528 1.60549
1.60579 -5.06938
5.19265 0.530288
2.3622 0.215133
4.33303 -2.87541
2.59003 1.2958
-2.52939 0.458212
4.88403 0.408211
-2.47112 15.1956
-4.19687 -5.44095
-4.67408 8.54439
-2.05202 2.15334
1.46345 2.81116
-1.30862 -2.47394
0.217111 -0.688126
4.42698 -3.29173
-6.42738 3.53483
2.20555 1.62698
-0.958678 -2.61341
-3.55271e-15 1
1.78433 -2.22413
-1.63308 2.78844
7.27622 3.97572
3.48199 -4.45949
4.60505 -0.895666
5.18333 7.66178
-0.140381 6.66985
3.55404 0.347413
5.92102 7.5969
-6.02015 -0.872797
-1.36673 3.00071
6.98072 0.660667
0.243214 -2.74996
7.07894 2.57929
1.81077 -3.01246
-2.97872 -1.46107
-12.3068 -0.193312
-4.33256 1.7476
2.00486 -2.17066
0.0107323 -26.7693
-0.327824 4.90764
5.42675 -14.5574
-0.280482 -1.61873
3.86529 -6.07835
5.65685 -8.41421
2.61428 10.2042
4.25078 -11.2918
-2.99165 -1.27195
-4.27448 16.7115
-16.3339 -2.8123
17.1455 8.91748
-5.53271 17.7541
22.0772 -8.8435
2.15933 -20.6527
4.0456 13.159
-6.85809 -35.3906
-4.47404 -13.1063
-8.43185 -25.5263
-19.0364 1.15292
38.1076 -6.05097
47.2607 33.0854
37.6392 53.3509
-66.3902 1.79225
42.417 -61.7821
-137.321 -184.82
193.327 -160.454
66.0337 -161.112
609.986 153.662
746.078 -1940.34
