17513 21376
913.839 -7166.76
-359.074 453.847
-212.567 -725.296
-290.78 -260.64
21.2455 -302.864
72.93 -85.2599
68.0634 85.4536
-88.1505 1.89335
-56.5679 -106.472
14.5967 -115.874
-19.9057 -61.1462
70.5842 14.3827
-47.2351 -12.6602
-16.3185 -5.8899
-1.84212 1.61904
-16.2369 -5.53274
12.786 17.9012
3.45318 0.862279
8.16257 6.5216
6.65307 -17.3256
1.05529 -0.00187894
-4.79207 -3.59893
-5.19595 4.93668
-9.15673 -12.0254
12.6066 -14.9497
0.112541 1.84121
-3.94507 -6.62815
-11.2995 5.27266
-16.4069 -14.1048
-4.54099 2.99634
2.18049 3.24209
-5.61045 8.28975
-7.46708 7.04239
-0.00346988 2.01056
-11.2235 2.38567
8.12629 -4.19277
0.233863 2.29995
6.73846 7.47589
-2.76622 3.19171
-4.61121 3.61121
2.99959 -3.79732
-7.77165 -4.28075
2.29464 5.99357
-0.495049 1.04644
-4.74457 15.7083
-7.20129 -3.71723
6.61562 0.884048
0.747294 0.598735
-8.76664 -2.49536
8 9
1.40859 -2.96327
-4.24363 1.10638
3.89242 -2.14896
-5.03213 -0.0201092
2.08746 -2.18238
-1.03835 0.422671
5.60269 -4.97485
-5.20725 -1.31004
-0.345685 -4.25204
6.855 -4.93018
-4.43496 -2.04025
-0.399023 0.229842
5.30957 3.40678
4.34149 -3.52515
2.87133 2.8182
-1.85521 -4.62504
-4.66358 -2.96165
-4.59288 0.418252
2.5031 -4.00828
1.9574 -2.816
-3.93008 -2.26445
-5.80806 -4.94274
2.36062 -2.36291
0.789298 0.470246
-1.53553 -3.53553
-0.362958 -2.47428
-3.37247 -7.56039
-1.44186 -4.61037
1.87692 25.1125
3.02546 -4.02546
8.56834 13.3118
2.81531 -0.285856
3.06923 5.68852
-0.83293 5.47763
0.773172 -0.385222
4.99673 -0.802234
-4.86326 2.89102
1.44322 12.2805
4.54945 4.30994
-2.41634 7.44489
5.25086 9.89252
3.32631 4.51968
0.600695 0.533727
2.79336 5.37774
-1.17566 5.38525
-3.87344 4.42413
1.44054 -5.14292
-6.76796 2.59552
-2.09607 -3.65259
-3 6
0.588295 2.08754
-3.06251 7.09451
-3.3314 11.327
2.83973 1.6895
0.136355 -6.61296
8.03253 3.9321
-2.54661 1.59381
1.45244 6.11143
1.11085 -7.14319
-0.944385 1.22056
5.55788 4.86739
4.74102 1.18698
-4.04745 -3.01472
1.7589 6.38045
-3.91423 -0.845131
1.82567 -7.54867
12.5854 0.758109
2.34399 5.4993
0.698131 2.01971
-3.40742 2.40742
-0.349889 6.77867
2.66319 1.51022
-2.53211 -28.1137
-1.27883 4.76359
-8.6066 -5.05025
-3.94655 -8.27324
1.24561 -5.71514
-3.52465 0.480193
-0.377683 7.67804
0.167141 3.77869
-6.55324 -0.748912
-2.94092 -4.15908
-0.544484 9.38986
3.03868 2.39738
0.602944 5.78469
4.52602 0.197833
7.58401 -7.67195
-3.20967 -2.98994
-4.61538 1.36448
4.05483 2.78428
-1.39442 3.72561
-0.0345365 1.81696
2.90528 -1.25663
4.44629 2.50629
-1.40121 -5.92322
0.62839 -4.14743
-0.195285 -5.15503
2.073 0.165157
4.7133 -2.64829
2 -3
-19.4552 -0.689522
-4.53698 -0.190014
6.60333 2.32904
-4.66605 7.10531
-4.24963 16.4539
0.358963 1.74203
-2.03872 -17.1029
-6.24081 0.813185
3.29443 -7.40713
1.99318 -2.99318
4.31194 -4.94334
6.65376 4.87575
-9.81682 -4.98965
-1.15612 8.41749
-0.738563 -0.545851
3.17694 -3.12965
7.98874 -10.2107
-7.28558 0.491281
5.60992 -6.6719
-10.3475 -9.34912
-8.32064 1.86098
5.32423 -8.62825
0.794611 5.35285
10.3248 9.48938
5.53553 3.53553
-9.13963 9.54206
1.51151 -5.24957
-1.98921 -9.30713
7.96126 -4.76556
15.4371 8.47147
20.9757 -0.391508
-1.9523 -0.184927
-27.1735 -14.6514
-11.9871 -33.8796
7.85799 -42.1952
45.4567 1.80043
-13.5795 46.329
23.9235 11.4999
-59.4771 -5.57616
-28.472 -23.4009
102.602 -17.5459
-16.7367 -33.9077
115.391 25.6389
-116.819 -5.28446
-214.285 -28.601
-79.0122 -297.28
90.2692 -204.189
599.079 -249.708
-398.087 -2266.16
