20406 22121
-88.1395 -6867.08
-651.021 775.571
-489.912 -733.509
-279.847 -276.481
44.6525 -121.398
28.7772 18.7612
-30.8937 84.6306
-111.558 -17.5773
-96.4966 -90.4685
19.3045 -44.1677
-30.849 -28.0538
-40.0544 18.8316
-30.4204 -67.3787
12.0256 -12.1049
3.59608 21.6324
8.08503 11.2533
-11.6749 2.48938
10.0557 -45.2604
1.44301 3.15879
9.50567 12.3332
-13.384 -10.1942
-9.71145 -6.37689
3.08457 -6.67367
0.126801 -6.19133
2.82843 14.0711
-1.31691 0.938347
2.3191 -0.574559
2.65907 -10.9818
-6.73678 -2.83143
2.67272 4.08495
-7.30864 2.70843
-12.733 -2.77981
-5.21697 -6.70212
-1.82164 -6.88556
8.57392 5.47471
-1.29593 -15.4665
-1.63902 1.86228
1.37736 -6.24568
-2.85821 -0.857156
0.583051 -7.72925
9.37926 -2.8127
-1.51905 -2.51811
3.70155 3.59115
-0.666782 -1.77667
-7.48596 -2.16421
-5.84404 2.74048
-6.12961 -6.45447
-5.38281 -2.29109
6.02938 5.83969
-2 11
1.89785 3.45971
-0.99493 0.729522
2.29972 -0.908796
-3.43016 3.41283
1.63981 -3.89715
3.14424 4.18303
-0.289341 -1.3774
-2.35487 0.424125
3.14527 -6.87848
1.70875 3.45328
2.32854 -12.4336
2.39172 -5.22796
-9.92341 -7.06407
-5.50696 -1.35122
-1.32011 12.6146
5.28402 -5.05851
2.89592 0.748631
-1.73388 -4.15459
-0.221605 28.6094
2.63223 -4.20956
0.144844 2.44071
7.0553 7.12189
3.23528 0.882572
4.41888 4.03182
0.828427 -4.41421
1.4838 -2.41053
0.601272 10.9703
-3.80668 7.79344
0.950054 3.33076
6.20254 2.14349
1.33131 0.939322
-3.84199 -2.81216
-3.24368 -4.63694
-2.10858 -3.23869
1.4343 1.75765
3.11937 -0.197459
1.52638 2.49154
3.09405 -4.78639
3.24697 -0.958881
0.111882 3.27914
-1.57017 0.336864
-6.64638 2.92878
-6.88526 0.855056
3.44442 -1.23217
-1.02397 -0.282802
1.12073 1.98016
-1.45153 2.55405
6.34642 1.40524
-0.529689 -2.50307
-2 1
0.0322093 -2.34223
1.83866 3.00138
-4.50981 2.75239
-7.25611 2.25959
4.2981 4.31553
2.33362 -1.43586
4.85311 4.01556
0.130622 -2.24862
-0.596009 -0.582527
-1.03908 -3.66111
0.660341 -2.98312
3.12999 0.835131
5.57976 2.04413
0.188403 2.23609
4.77287 7.26004
-5.07278 -0.455474
-5.1971 2.83909
-1.43709 1.2461
-0.608358 -7.83085
6.65156 -4.28939
2.58939 -1.2197
-2.68119 -4.04953
-1.05133 -2.16928
-7.21191 4.75778
-2.82843 -0.0710678
4.86082 -2.92775
5.19057 -1.06657
-1.16621 5.29401
-1.55876 16.5691
-3.06742 1.59152
9.29152 6.97117
4.75594 12.3715
2.34377 -26.472
-3.06798 4.34319
-7.20835 -6.11798
-1.66024 -9.19654
0.296474 -17.2298
-0.579447 8.35157
-1.37264 -3.01222
-3.27105 -3.36311
-3.64657 -3.03931
0.334759 5.36714
-4.79104 -2.34675
7.63475 -0.765261
-1.8679 -5.36298
-0.935549 -1.95973
-0.721896 -1.7547
-0.938347 -4.43247
-5.23887 3.2104
2 -5
2.33331 1.07571
-8.19013 10.3015
-4.59107 1.57452
-0.779288 -2.83001
4.14541 -7.84311
6.33046 3.68399
8.14314 1.15645
0.452124 0.285161
4.43093 2.62473
5.56285 -1.12485
6.10302 2.28503
12.4414 -1.19833
-6.06935 8.8827
-0.113656 5.02397
-3.09475 -7.37034
2.75983 -15.1739
-5.68239 9.15157
-5.05069 -2.35198
-3.37693 0.0653498
-4.34899 -6.70298
-1.80818 0.111722
5.18111 1.89326
4.10249 -2.14128
0.207178 0.255737
-4.82843 -1.58579
-6.02697 -5.18024
-2.34438 6.88235
1.28475 -7.59334
7.35563 12.1231
9.05664 -23.4234
6.63 -14.1026
8.70884 20.7268
9.12661 -7.50618
-23.0301 -15.8111
-6.61619 -6.39201
-12.2038 -20.1491
21.6894 59.7716
-24.2028 44.5713
-23.3402 52.0641
-56.2659 43.7857
-45.3126 -109.319
29.1701 -34.9464
180.027 -61.5735
-23.2985 93.7925
-160.496 -40.2262
-164.654 -213.146
38.147 -241.848
557 -503.447
-380.894 -1749.18
