19168 21887
890.236 -6948.13
93.2883 79.1883
-0.986467 -585.947
-229.707 -45.9742
-167.717 -238.477
-113.836 -83.542
14.9605 -87.0617
43.6989 -48.0376
-6.5192 -22.6756
12.6426 -37.364
-26.7986 18.1612
-30.5136 -46.3511
-33.2182 -33.0163
-7.29969 -48.4789
-2.4697 -24.0399
12.4138 -10.0141
-2.28349 -0.364316
-14.6538 17.4446
-8.62507 -2.97496
-13.4255 10.0833
7.37546 3.86022
-6.91956 -7.83153
12.8769 -5.69094
0.454728 6.34744
-9.36396 -13.364
-7.71783 -8.11989
-8.32151 3.49418
0.911307 -1.39498
-11.8729 -7.22741
11.6249 1.25894
2.57335 2.55107
-7.39579 -2.64819
4.79757 3.32927
-7.30426 3.9012
0.145654 -2.2689
-10.5302 -5.78012
1.18121 -0.0646566
-7.74909 1.80491
5.72437 -5.75379
-3.12428 1.89503
-6.49112 -5.36584
0.582429 -9.10805
2.71881 -3.76921
1.10175 -2.4846
-3.83613 -3.97713
8.71383 -4.57021
0.121138 -0.544883
1.83232 1.04156
-5.18325 -4.42538
7 0
5.7042 -3.37467
1.85775 -16.1761
0.777509 -7.19069
-4.97688 28.2776
0.988724 -7.42358
-3.20409 5.68864
4.41133 2.34887
1.07011 1.80071
1.24595 6.88493
1.96184 6.5746
-4.16076 -3.3001
3.12806 2.4756
-3.02368 -6.11171
-1.69688 -5.62067
1.08626 1.64206
0.795783 6.44593
0.425187 2.58687
-0.207852 1.20829
0.346163 6.93563
2.04884 -2.43928
0.880098 8.94312
-6.90644 3.3135
2.71518 -0.377498
1.97567 -5.86429
1.70711 2.63604
-4.35418 -0.351644
-3.08098 1.41516
1.21992 6.63333
-1.88491 0.899728
2.79985 5.84364
1.9809 -0.0638197
1.0241 5.38595
-2.64751 -1.32756
4.5445 -2.66163
-2.90139 2.90177
-1.89048 -0.903195
4.19845 1.29371
-7.94734 -1.70049
-1.39919 -2.03756
0.503339 -1.05237
-1.42383 3.72753
-1.60355 2.50909
2.30562 -0.689574
2.82288 4.44263
-3.41007 17.9347
-4.10118 1.25946
-0.998648 2.55848
-3.42675 2.29684
1.79676 4.07892
6 -1
0.901261 4.5683
-4.28909 -0.275799
-0.559884 6.59203
-2.47128 0.523742
-1.15899 9.04042
3.53945 0.0447464
1.68003 -11.8451
-4.05917 0.198164
-2.49881 -8.73592
0.536028 1.21836
1.92579 -1.01871
-5.02942 -1.55481
7.43411 0.529139
-2.4189 6.47345
-3.42609 -1.13262
1.72032 5.91614
-1.85085 6.32018
0.952985 -3.23352
6.02796 -7.48408
3.52639 -1.31578
1.4751 -2.7093
0.15608 -1.44762
-1.01688 -1.43204
-5.47432 -6.47875
3.36396 -0.636039
1.27611 3.09228
3.16145 4.10657
-6.71965 -7.59032
1.69163 0.299265
4.8615 -1.14251
2.08145 -4.72936
2.31846 -0.12554
-0.231461 1.12665
-0.371887 -0.619564
-0.653112 -2.08641
-3.05909 -6.2731
-0.704273 2.81203
3.87208 -3.58057
0.437895 2.52105
0.892266 -1.8664
3.35382 -1.06462
-2.42366 4.68428
5.0026 -5.26425
-5.3487 4.59621
1.92198 3.61075
-5.15368 8.06888
1.65059 2.62424
2.4898 -26.4259
7.31128 -2.3789
7 -10
-3.26257 -1.90164
-2.09506 -3.34036
1.59214 -2.3557
2.12591 1.58392
1.09168 -7.73075
-2.314 -2.61732
11.3408 -4.19546
-0.824149 -3.59455
-2.98901 3.27738
-6.20196 11.5771
1.50516 1.59159
-6.04126 -1.68971
-3.02105 -7.87048
1.08934 5.10132
-3.15555 5.58728
5.22468 1.36521
-2.87796 -3.83099
-1.87719 6.29131
-4.00362 -9.62694
14.9926 -10.4411
-6.71914 -2.4092
5.77878 4.0416
5.65339 -5.48963
-7.99109 12.3952
0.292893 15.364
-7.33086 -8.12507
16.3739 9.13846
-6.42848 -6.12638
17.8954 -17.472
9.57138 -18.7915
6.70324 -4.31191
10.1083 -8.39447
-8.04001 -4.53646
12.4337 20.6093
-18.2391 -16.3277
-0.877401 14.2175
1.89584 -31.9401
15.5609 5.04942
49.3801 -2.56369
28.7902 19.962
9.69034 66.3198
-20.6505 -59.7665
-6.61266 2.87912
-94.4075 -210.916
-54.2671 -41.2525
46.3906 -212.202
160.266 -121.349
425.124 -13.7272
237.523 -2483.77
