21274 21660
1422.99 -6685.07
-209.354 100.284
29.749 -531.924
-403.394 -97.6846
-80.4902 -279.531
-87.5899 -121.661
74.1375 -99.1333
27.5001 4.93748
-9.67807 24.3594
-22.9291 33.1773
-83.6415 -39.7307
-35.7518 -51.649
-54.127 -61.71
17.8376 13.3319
5.19104 -4.33523
9.20972 11.7948
-8.16995 16.5286
-0.941823 8.08444
-18.0379 0.146066
-9.28589 -22.1835
-5.27752 2.03663
9.03951 -6.73521
1.99076 -1.74179
-6.32058 -13.4563
4 -3.65685
2.46999 -16.5048
-1.05558 -11.5235
-1.64881 0.371811
-3.3075 4.00496
0.964762 -4.08064
-1.98027 0.637007
1.18596 -6.33264
5.04105 -0.51444
2.69936 -2.31052
-9.03873 -6.8691
-6.91306 -4.70691
-5.5121 -2.54346
0.549228 -11.6183
0.684222 0.659008
-1.26393 -6.06961
6.6646 3.14909
-7.63308 6.41619
-6.8452 -2.93283
-6.76228 12.0564
6.9329 4.13915
6.93951 5.27606
-2.79327 0.708096
3.46805 -0.426661
3.65712 4.46251
-10 2
-1.49108 -2.30115
-1.03945 5.31572
-0.0649154 -6.1048
6.37432 6.35127
1.41518 -13.2756
5.75398 -1.02801
5.13686 -5.13842
-4.1306 -1.7541
-2.17599 4.83631
6.48166 -10.2089
5.28841 1.82206
1.0441 -10.4872
3.23463 -2.62426
-9.61217 32.2617
-1.16302 -2.02131
-0.797982 6.1308
8.46314 9.10063
-4.96969 4.35667
3.83691 2.19529
-3.90903 -2.62756
4.95559 -3.09799
8.89079 2.13408
-0.545477 -0.462858
0.281923 2.19815
1.75736 14.2426
5.29332 -1.14132
0.927847 6.66786
0.2297 0.399911
-1.89611 0.957937
-5.73607 -5.06555
-2.13666 6.1099
1.29251 3.27264
-1.44624 -3.66154
1.0733 3.95917
-3.1009 1.14345
-1.27887 -0.238626
5.64896 0.475772
-1.29749 -4.47173
-5.54501 0.217596
-0.487284 0.947346
-4.31621 3.23801
1.74599 0.379592
-0.83901 -5.72344
-3.66433 -4.29349
0.322006 -0.967337
1.04577 5.43195
-1.83202 -2.34041
0.530026 -0.596581
1.64445 -0.176208
8 2
0.419992 3.8631
-5.53843 5.17754
-1.59949 4.86996
-0.787489 -3.24983
3.17086 -4.1543
-4.354 8.01641
1.74497 6.13695
-1.18556 -4.98111
-0.820937 -3.63979
-2.85073 0.276418
-4.1861 2.23346
-2.56824 3.30851
8.90229 -1.60951
-0.964481 -7.35612
2.32788 2.22167
-3.5111 8.47844
-1.09296 3.88832
-3.31366 0.503054
-1.165 -2.22384
-5.73607 5.06555
2.2337 3.35621
-0.532126 -2.61427
5.75039 0.465009
3.90876 5.21577
4 7.65685
0.0649513 -0.189415
0.591364 -15.2517
7.7352 -1.26027
4.30703 0.911295
-5.81449 -2.50728
1.96644 -4.78919
-0.849317 -1.85992
1.75346 -3.87188
1.16806 2.11071
-11.313 -1.82384
-5.58863 -1.35298
0.767017 -2.96282
7.18243 -29.0807
-2.23434 -4.72375
7.93475 -1.31892
-9.26816 -5.76763
-1.75531 -5.04049
1.25957 4.28628
1.6329 -2.94433
-4.91852 5.49378
4.76799 -5.08249
-3.29937 -7.29675
-1.78016 -2.99073
-1.78495 10.9195
-12 -4.44089e-16
10.6913 -2.48724
0.805238 5.83169
-1.69252 2.76205
2.56046 -1.81709
9.21315 0.14184
-4.64842 -11.0652
-0.138577 4.61176
-7.52898 3.60528
8.84049 -4.04202
-1.26393 6.06961
-2.87769 -5.46691
-1.7215 7.44235
-0.302079 -7.18286
1.11122 -3.12932
11.445 5.17045
5.21288 7.69474
4.86296 3.67607
-3.39225 3.96123
-0.140056 -7.23717
9.2309 -3.61734
-1.33032 8.69178
-4.29481 -5.03064
-3.93195 3.52518
14.247 4.81425
10.2426 5.75736
-1.02404 17.8026
-4.84862 16.4316
-3.23282 -8.47054
0.977034 -18.4328
-3.13052 1.71139
2.78179 -7.91263
29.0341 -20.8443
11.5697 10.0584
11.8709 8.28143
-19.8761 25.76
-30.3639 -40.4998
-41.1045 -22.6352
-1.341 -17.109
37.67 -2.24747
17.795 6.43179
68.2924 18.1933
-58.5077 -21.2227
82.9453 20.5376
-127.758 -105.758
29.8825 -95.0924
4.95718 -208.786
308.304 -192.033
518.929 181.843
293.846 -2591.46
