15784 21387
470.311 -6821.93
-58.4231 143.597
-72.1038 -679.576
-150.728 22.4296
-110.625 -122.387
-190.338 -101.693
93.489 -155.048
49.0013 -23.8835
0.762645 28.9523
-31.0189 -44.48
-63.4741 -15.2893
1.02562 -33.2973
-47.404 1.97688
-10.2859 -38.6677
5.41529 -4.85607
17.4465 10.8057
-7.32134 38.6869
-26.9867 13.3301
-0.637322 -25.3843
11.1237 15.7661
0.144168 4.90422
-14.0504 7.09646
6.06015 -1.22783
2.13013 -4.00767
14.6569 17.6569
-8.99951 5.73654
-11.0341 -18.9378
9.70475 -9.10604
1.39441 -1.49746
0.0380885 -2.03814
-2.05351 6.82111
-4.35688 0.817615
-6.53151 -8.73085
-1.28285 -2.79413
-4.32108 -2.51987
-3.55912 4.36049
0.964032 -5.9883
1.30625 -0.262434
-3.30468 -10.6081
0.131005 -8.36853
-0.344285 -1.54986
0.00896625 6.78978
-10.3804 4.42198
1.96894 3.67405
-11.6615 -3.60968
-2.92769 -5.57889
-1.14759 -3.77557
-0.501817 2.48034
3.62684 -1.72118
6 -1
-0.409668 -2.84489
4.27478 -7.29663
4.45196 5.12379
1.55133 -7.80735
3.29453 1.66983
-0.304643 3.09713
-4.42589 -8.35142
-1.76361 -2.34644
-2.455 24.6963
1.09071 -6.15111
0.474832 6.6001
1.27835 0.087327
0.289848 8.24529
1.08804 -0.859375
-0.577908 1.14038
-1.91963 -2.19002
-8.22011 -1.41802
-4.09968 4.71517
-1.53314 -2.80823
2.60123 2.1496
-1.50824 5.26706
4.84751 -2.57645
2.95679 2.13714
3.20544 2.97439
2.17157 -1.31371
-4.60174 1.23464
2.72672 5.54559
-1.76668 -4.73107
-0.0713575 -4.52848
4.23877 -3.98105
-2.16391 -7.16831
-0.044108 -2.68611
1.70952 -2.27273
3.4824 2.91492
-3.27711 18.1851
1.81166 -2.53716
-1.93995 5.94795
-0.425942 8.00436
3.10808 0.246222
7.36641 4.59144
3.31624 3.09074
2.3929 0.418208
2.48918 -0.592157
2.29258 -2.31103
-0.0274751 6.65264
3.16148 -3.27562
3.20273 -1.56669
4.79024 7.73042
-0.359574 0.524609
-4 3
3.36672 -5.91901
5.72394 -0.250809
1.38186 -0.27844
2.02386 8.2166
0.207628 -1.52717
-1.82501 2.91604
2.171 5.87431
-3.36993 4.33631
5.41278 5.85127
4.4877 2.19258
-1.02073 -1.61214
-5.72581 -4.68496
0.470038 -2.42226
1.26876 4.06487
-3.09295 4.53726
0.238018 -0.481459
3.29533 -14.262
-5.73506 3.40536
-3.50767 1.83954
-0.912536 6.59908
1.52895 -3.64265
2.65431 5.67365
1.80419 4.45499
-5.53305 -1.0359
3.34315 6.34315
5.26215 -7.19869
2.30602 3.5109
5.27914 0.16419
1.79105 -4.03162
2.54467 -1.34943
-2.04789 1.30407
-7.29023 -1.34152
-6.38853 -4.89247
2.34167 -1.04283
5.66437 0.323975
-1.77984 1.03953
7.2248 1.11191
-2.71629 -2.25229
-0.141956 4.79796
-3.88909 0.241281
2.50572 10.5039
1.57477 -1.34991
-3.81238 -27.6023
0.557922 -3.44853
-0.0584159 -9.85044
3.63582 -3.81566
4.04144 -4.16112
4.05245 -4.14388
8.03682 -11.5642
10 -1
1.90601 -0.0340931
-8.5265 -4.57804
2.03318 -5.78463
-6.21909 0.884538
-4.88035 -0.14528
1.99006 -7.96911
6.48165 -4.44802
-0.290356 -5.65029
6.86912 4.27602
-12.4572 8.75049
4.54518 -5.07043
4.8123 3.12952
0.153141 -4.67104
-2.9294 -5.44071
7.11687 -9.49395
8.36384 9.48049
-7.03718 2.00396
-5.1428 -5.92338
6.33005 -4.522
5.10781 -2.76203
-1.82347 2.60182
3.50509 -3.05067
-4.65389 -4.83282
13.2558 -6.18509
7.82843 21.3137
-4.00666 0.319066
8.5751 7.56753
-6.15167 -3.8015
-11.6134 -2.48226
10.6747 -32.8563
25.4343 -10.2995
7.59133 9.12869
-5.54687 -22.6717
-13.407 17.1051
-9.12408 -26.4577
-5.51079 21.6104
-32.741 -1.09653
-3.56455 -31.0614
35.9568 -3.25465
42.873 33.696
12.2122 64.9456
-16.3581 -63.812
42.4146 49.4926
-88.5335 -128.551
-102.052 -95.6625
88.0405 -244.859
-21.2497 -191.849
663.04 -103.932
-149.318 -2399.1
