19395 21729
795.078 -6854.48
-299.002 356.628
-210.725 -566.892
-357.498 -167.001
-62.1918 -224.029
-90.9553 -125.613
116.326 -76.0651
26.9925 32.1288
-69.482 16.2362
-43.6538 -31.7651
-96.7365 -57.5523
18.3073 -72.6375
19.0237 -55.5089
3.15228 44.4056
-19.4565 3.47414
-31.3268 -5.61008
-13.7467 -20.3548
7.55397 -15.1074
8.29276 4.94197
7.23363 17.8645
-5.7051 8.58455
4.81511 -8.50093
8.15702 1.71028
2.6036 0.144382
-12.6569 -3.24264
-5.68875 -15.1488
-8.72384 -17.7105
-0.827687 -2.06677
3.15553 6.59598
-10.4017 -3.6812
-1.42932 -6.69658
-4.68281 -4.92772
-7.81106 -2.30287
-8.88876 -1.00234
-7.11 4.67125
-3.52697 2.66812
-1.57956 -1.30201
-2.3386 7.20967
-2.44586 1.27834
1.82536 2.31964
-0.418352 -0.529281
-8.23952 -7.39166
-5.63668 -0.599339
-3.93813 -0.410642
-0.0749393 3.18114
4.15652 -4.20649
-0.250356 1.47754
-0.550252 0.240058
3.26267 -9.55996
1 -5
-1.38512 1.39178
-2.77597 5.37347
2.18906 5.68176
-1.62388 3.54941
-0.740292 0.588315
-2.51863 -4.25619
1.79008 0.0139166
2.9449 -3.07043
7.61852 1.42666
3.56253 -8.33527
-11.5758 -5.79996
2.20619 -0.841339
-1.51443 -3.71147
1.1836 1.44378
3.73188 -1.74688
7.24316 -13.7227
3.01996 19.8913
-2.698 18.9052
1.52365 -0.207012
0.839429 7.62547
6.32535 -0.920756
-1.72939 5.40499
3.73114 3.19179
-5.34033 0.355325
0.414214 -4.17157
0.164529 4.03957
6.37765 1.45473
2.38839 4.59774
3.69268 1.27148
-0.715345 5.06227
0.565573 1.43313
0.425755 9.5088
-1.01678 -1.38871
-0.669948 -4.77303
1.39818 0.819117
0.863594 -3.74681
1.67193 1.0571
-1.02612 1.45361
2.79148 -0.781854
-3.08887 1.64044
-0.0627397 -4.94857
-0.587706 0.122614
3.2542 -1.83138
-1.17646 3.86531
-2.8629 0.987913
3.33068 3.37705
0.538752 -3.01621
-2.83789 -3.5417
0.294212 4.91262
-3 3
-2.79674 -2.4606
-2.19247 4.13911
-0.348646 1.28492
8.15708 -4.05191
-1.55645 -0.867533
-0.0175929 -2.22658
3.25706 0.490069
-1.845 2.5104
-1.43891 3.28042
-4.7642 0.0485309
1.71867 -0.719121
1.14978 -2.09407
3.44207 2.1084
1.95844 4.41554
0.430272 2.20199
-1.78155 2.80273
-1.73126 -0.573557
1.18125 -9.50057
-2.25341 -3.4526
-0.992859 -3.44424
0.856164 -2.00654
1.76416 -0.798351
4.06285 3.05645
-5.53352 -0.0681978
-1.34315 5.24264
-5.89673 0.703489
6.8125 -0.967691
2.4481 3.97522
-0.0750413 6.93557
1.20628 3.55622
-8.82229 0.562593
2.07934 7.28255
-0.512712 11.792
10.6587 -32.4122
1.08053 -8.90466
-3.2033 -2.17792
-4.07569 -7.50187
-2.75019 -1.80341
-6.0605 -5.03887
4.90961 4.66151
14.7542 1.54245
-4.01783 1.53386
-3.18256 2.72612
-10.8996 -7.27239
-1.0096 -5.03182
3.73669 -6.25422
0.720073 -0.00908169
-2.86906 2.29741
-9.92075 0.474844
-1 5
5.87626 7.2598
-1.33274 0.0505455
8.39363 -0.492965
0.427605 5.85883
6.79579 0.498177
-8.24991 3.43738
-7.09368 5.80197
-10.1697 5.40159
0.441672 2.27702
9.88284 -2.93767
6.59658 3.56583
4.34314 1.37287
6.95548 1.92443
-2.19421 5.00139
-0.465937 -13.9571
-6.54242 -1.39271
2.09473 -11.2926
7.39663 -1.93913
11.0634 7.93624
-5.46363 6.56839
-0.949262 -3.90235
-4.10311 -5.30846
-7.38819 -0.532976
10.4946 7.48634
-2.41421 -9.82843
17.6522 -0.629925
11.2477 -9.48864
9.61715 -1.00995
-8.08408 -8.51654
-7.70576 -37.1908
-3.29998 -19.6534
8.71469 -24.8752
8.77121 4.0003
6.93096 13.5824
-15.8313 29.6326
-20.0551 -17.2256
-17.1879 27.8055
-8.8848 0.496703
-5.14701 -35.2069
15.3265 -13.9928
90.7357 14.3013
-25.5755 16.1585
77.1277 78.7268
-237.195 -89.8366
-46.1369 -179.517
32.4328 -257.672
167.036 -171.763
526.282 -41.8032
-240.029 -2394.66
