18482 21419
547.339 -7080.22
-171.89 344.828
-216.286 -649.646
-242.476 -102.023
-79.557 -149.039
-132.42 -55.6439
81.5261 -135.449
47.7372 -53.1523
-6.96908 13.1681
-10.583 -8.81906
-104.321 -9.12352
-6.43941 -88.9036
-9.8884 -43.2468
38.4517 26.8625
-7.91418 30.616
-12.4264 30.3717
-5.45232 11.6433
-48.3327 -13.892
0.858132 -21.3731
-3.18806 -6.01249
-0.893717 -2.04362
-2.94119 -19.6565
-25.184 -4.72934
-5.71898 -7.92308
5.82843 12
-14.0011 19.4127
-11.2859 3.53916
-2.33805 3.93118
3.49811 2.55644
-6.6241 2.93495
-1.27152 -16.2801
9.29087 3.45333
-5.99572 5.57277
-6.27276 6.97433
-5.77274 0.361284
2.80222 -0.482161
8.31676 0.299239
4.01278 7.10109
4.90804 7.98098
0.625751 1.44246
-7.66507 0.467915
-3.16684 -12.2447
1.23359 -3.12399
2.06639 1.59261
-0.552932 -5.00659
-13.3987 -6.15703
-4.43368 -14.8783
-2.25559 1.61972
2.58348 -5.1516
2 1
-0.851541 -11.4567
-7.19553 -0.302864
-13.3967 21.9951
-1.71027 -7.54354
-1.98943 2.08969
4.52797 1.02038
1.00048 -4.99057
6.49809 4.18437
-1.94564 5.91853
4.9146 2.81671
2.17201 4.54978
-5.80469 3.10771
3.98117 2.67921
5.19437 2.05768
3.02437 0.93209
-1.17025 -1.46031
1.74872 0.296415
-1.11622 -7.96431
5.13835 1.49904
1.64538 -2.42837
-8.32558 -0.615505
12.821 4.8937
3.71333 -11.2767
-6.3519 -2.50805
-6.31371 20.4853
5.34128 -1.32792
0.0302962 10.7543
-3.70035 -1.07231
0.95367 10.2244
10.2966 2.28408
0.886539 -2.39336
-2.25519 0.952673
-5.68089 0.807712
-3.9648 -1.25958
-1.60647 5.39404
-2.0152 2.12372
1.70965 3.54936
-7.19177 2.3217
0.0517957 -2.8254
-1.79897 -0.0350397
-1.70823 -0.63608
0.990962 2.76431
3.53942 0.228477
-5.47866 4.02438
-3.00553 3.23828
5.88941 0.41446
3.07069 -5.63514
-1.27678 1.28112
-5.47135 -2.4982
-2 -1
-1.69053 -2.04503
0.789707 -0.494985
1.15704 0.20246
5.2022 -0.732059
0.0437144 7.00397
-0.879122 -3.28154
3.27798 7.39552
-1.50719 2.07801
-4.79805 -2.4017
0.0333574 -3.95266
2.14367 2.20575
-3.24707 1.21688
1.65635 2.77131
-0.795176 -3.29532
-1.83977 -4.70029
-0.647992 5.06032
-6.23845 -0.73317
-4.34186 0.810179
-2.09593 9.19763
12.6477 -1.52015
6.53926 1.63441
-3.95701 5.32472
-1.86749 4.40375
-0.17788 -0.866821
0.171573 12
-6.00723 -0.531729
9.98381 -27.8608
6.33024 -1.81631
-5.51148 -7.83322
-5.90893 0.327135
3.91946 -2.4048
-8.01809 3.4373
3.12697 -5.03321
1.16407 -6.32624
3.41524 -6.07038
3.6844 0.330369
-5.03059 -3.65441
-10.6668 -7.1408
-3.77784 -5.40645
7.26574 1.36363
-0.821069 -2.70865
2.51882 6.35657
-4.60362 6.63922
-3.05212 0.12867
4.17763 -3.74906
-0.174754 3.88429
-5.34257 0.341241
-9.44237 1.77735
2.36368 -4.53253
-2 -3
0.566971 -3.14788
-0.401525 -4.27824
3.11361 6.23457
-4.22707 11.7099
-3.21123 1.5533
-3.54349 -0.256121
-2.81378 -8.82978
2.86336 -1.25072
0.323422 -10.412
4.42998 3.7936
1.48991 -6.18216
-4.64118 -4.21819
-2.80998 3.85134
-0.138299 -2.40833
-5.27502 4.47597
4.31959 -9.39477
-3.3091 0.249554
15.9167 1.52238
-2.60546 8.81333
-8.7091 -2.47303
1.99667 -4.52227
-1.3472 -3.35633
7.68045 -1.05544
-9.49582 -2.41339
16.3137 3.51472
-9.08915 12.8776
-3.88286 9.03322
14.6888 18.0726
1.54765 -12.0476
-6.99228 -12.1679
-8.48241 -27.2953
-7.70881 -23.1194
16.2286 -23.0159
17.2473 6.17562
-36.2543 -14.0119
8.24024 -19.1876
-26.2243 -9.36518
3.49514 26.8834
-9.92032 -38.5833
41.9454 -33.5539
83.5345 36.1711
-0.459029 -0.502227
60.0132 112.926
-199.368 -189.396
-39.6824 -161.088
73.6566 -248.373
144.732 -115.475
580.903 -26.7816
-134.803 -2527.66
