21872 21850
376.508 -6803.61
31.0518 199.136
-57.2481 -506.621
-276.759 -8.05687
-82.5435 -223.444
-41.5281 -37.8865
37.7043 -126.682
4.07416 -46.3387
-34.5802 10.4905
-19.1984 -8.6702
-94.4346 0.778522
-11.3409 -62.0475
-36.3566 -4.57421
-23.7733 -13.4251
-5.8 11.4532
12.7263 2.09058
-4.0147 -14.8794
-32.2867 -12.5492
3.50081 -20.6239
2.5567 -9.91689
-1.3734 8.6441
-11.4619 9.16939
-2.76673 14.3848
-7.28196 5.30586
17.364 -8.94975
6.78996 -0.0321583
0.718631 -2.2411
-0.959495 -3.82843
-2.56763 -12.9364
-0.604761 -11.6522
-9.21345 -10.7108
-1.08387 -3.89837
0.474185 -0.234671
-0.525623 -2.34636
-6.54192 -2.86078
-3.58244 -8.28817
1.93603 -0.421258
2.39918 -7.50722
1.02558 -0.47478
-10.3191 -0.766638
-0.176593 -4.05642
-3.6235 3.99196
-0.430716 1.29831
3.79157 -1.18006
3.75585 -1.89002
0.364511 -3.01258
-4.44019 -1.01657
-4.39622 -8.72223
-3.38691 -11.9868
1 1
1.3454 -7.54313
6.04271 1.88166
7.60093 -12.5813
3.38045 0.716283
-8.70149 28.0141
-3.80396 -0.0479663
-2.73063 1.79167
5.50542 -6.05007
1.39126 5.24231
0.971581 6.8942
-0.614909 10.1801
0.11602 1.09362
-3.19267 -1.62365
-1.77791 -3.85307
4.19514 -3.89603
-7.26442 5.6949
1.63233 -4.85214
-2.66589 -2.99538
-3.45277 -1.78819
-4.2625 1.45058
-6.41164 13.1251
4.34775 -1.04715
2.85268 1.53157
4.59339 -4.55052
-1.36396 -1.29289
6.27958 -2.7743
1.23996 6.47473
-2.60099 -2.378
-4.53126 1.58147
-3.97303 6.98511
3.23204 3.73001
3.07664 -0.87981
2.98921 2.22112
-4.10946 -0.274358
5.5213 2.71221
-5.92929 -4.23137
-1.83074 4.5451
-1.31144 2.57212
2.67636 0.960959
5.87213 4.8161
1.62566 -1.74542
-0.278919 -1.56024
-0.333545 13.4806
4.35152 1.42025
-4.84251 1.03451
-2.5461 -0.554526
1.6782 -0.108228
2.00195 3.83609
-0.591566 0.0860924
2 6
2.52877 -4.73754
1.7167 3.86972
3.49767 -2.81797
-2.55169 2.54301
1.34513 0.228449
1.82605 1.29452
-2.49149 8.68382
-6.2137 7.22135
-0.169198 -10.3929
1.94843 -0.418927
-1.85795 0.59043
1.09179 -2.85315
-0.673237 -1.37295
-0.475789 0.807851
-0.427242 -7.26684
-1.77251 -2.31857
-3.73165 -2.91182
2.48706 0.609912
-5.35746 0.893306
-1.17286 -5.60314
0.012573 7.30302
4.05378 4.80376
6.73503 7.32364
8.65925 3.59648
4.63604 0.949747
-0.289771 1.47981
1.7154 1.5364
-0.849105 -2.23574
-1.6491 -1.55678
-4.23295 -0.977091
-1.0982 -0.218133
0.769599 3.79685
5.45036 2.30933
-4.12438 -9.24822
0.65771 -3.54848
1.00992 -0.425679
-2.37435 -1.10635
3.64601 2.41489
-1.76274 -3.49085
2.70218 3.19597
4.77133 -2.71458
4.77086 10.4463
-0.761776 0.256822
-3.6894 -3.03942
-0.918188 2.83043
0.204917 -0.0915145
4.58979 -28.4863
-4.01201 0.91312
-0.893331 -7.73772
-3 -5
0.418978 -2.31513
2.36916 4.16943
5.0123 -1.85147
0.849585 1.27219
-2.2055 -1.16935
-2.05285 -5.08625
-0.437552 -10.3704
1.0191 -7.39921
4.80932 3.71892
-1.53504 4.38467
3.96229 -6.62697
4.72967 -0.362928
-5.02234 6.18609
0.0391085 -9.20048
-8.18953 2.07091
1.80864 -2.12006
-9.07919 7.11479
-3.37883 5.50455
-8.46656 18.2728
6.55919 3.83119
9.66213 6.74773
8.21437 -6.66784
10.8273 -8.91887
0.223139 -9.31557
11.364 -2.70711
-13.5353 -5.41447
-1.19093 -12.972
-5.62222 6.90496
-4.89224 5.43259
16.7695 8.82672
7.58887 -1.94307
-1.8098 -12.6881
-0.328568 -14.7729
24.5403 -3.0633
-35.1662 9.38845
-58.1585 10.9645
-59.4163 -2.3707
7.41984 7.72917
6.95205 -11.2396
75.9188 -34.3794
76.7505 29.4502
-8.95355 -20.6918
14.4031 52.373
-125.372 -214.26
-32.139 -101.656
-102.468 -200.86
239.466 -163.917
373.88 130.407
367.048 -2402.59
