80 76
81 75
82 76
83 77
83 78
84 79
84 80
85 81
85 82
86 84
87 84
88 85
89 86
90 86
90 87
92 88
93 88
94 88
95 87
96 87
97 87
99 86
100 86
101 86
102 86
103 86
104 86
105 88
106 89
107 89
108 89
109 89
110 90
112 90
113 90
114 91
115 91
116 92
117 93
119 94
120 94
121 95
121 96
122 97
123 98
124 100
124 101
123 102
123 103
123 104
122 106
122 107
121 107
120 108
121 109
122 110
124 112
124 113
125 114
125 115
126 116
125 117
126 119
126 120
126 121
126 122
125 123
125 124
125 126
125 127
124 128
124 129
124 130
123 131
123 133
124 134
123 135
123 136
123 137
122 138
122 140
122 141
122 142
121 143
121 144
121 145
120 147
119 148
118 149
118 150
118 151
118 152
117 154
117 155
116 156
116 157
115 158
114 158
112 158
111 158
110 159
109 159
108 159
106 159
105 159
104 159
103 159
102 159
101 159
99 159
98 159
97 159
96 159
95 159
94 159
92 159
91 159
90 159
89 158
88 158
87 158
85 158
84 157
83 157
82 157
81 156
80 156
81 154
82 153
82 152
83 151
83 150
84 149
84 147
84 146
83 145
84 144
84 143
84 142
84 140
84 139
83 138
82 138
82 137
82 136
80 134
80 133
80 132
80 131
80 130
79 128
78 127
77 127
77 126
76 125
76 124
75 122
74 121
74 120
73 119
73 118
73 117
72 115
72 114
71 113
70 113
69 112
68 111
67 109
67 108
66 107
66 106
66 105
66 104
67 102
67 101
67 100
68 99
68 98
68 97
68 95
68 94
68 93
69 92
69 91
69 90
69 88
69 87
69 86
69 85
70 84
70 83
71 81
72 81
73 80
74 80
75 80
76 80
78 78
79 77
