88 68
89 67
90 67
91 67
92 67
94 67
95 67
96 67
97 67
98 67
99 67
100 68
101 68
103 68
104 68
105 68
106 68
107 67
108 68
109 68
110 69
112 71
112 72
111 73
110 74
109 74
108 74
107 75
106 76
105 77
105 79
105 80
105 81
105 82
106 83
106 84
106 85
106 86
107 88
108 89
109 90
110 90
111 91
111 92
112 93
112 94
112 96
112 97
113 98
114 99
115 100
116 101
117 102
118 103
118 104
119 106
118 107
118 108
118 109
118 110
118 111
118 112
119 113
120 115
121 116
121 117
121 118
121 119
121 120
120 121
119 122
117 124
116 125
115 126
114 126
113 127
112 128
111 129
111 130
110 130
108 132
107 133
106 134
105 135
104 136
103 137
102 138
101 138
99 140
98 140
97 141
96 142
95 143
94 143
93 144
92 144
90 146
89 146
88 147
87 147
86 148
85 148
84 148
83 149
82 149
80 151
79 151
78 151
77 152
77 153
76 154
75 154
74 154
72 153
71 152
70 151
69 151
68 150
67 150
66 149
65 148
63 147
62 146
61 145
60 144
59 143
58 142
57 141
56 140
55 139
53 137
52 136
52 135
51 134
50 133
50 132
49 131
49 130
47 128
47 127
47 126
48 125
49 124
49 123
49 122
50 121
51 119
52 118
53 117
53 116
54 116
55 115
55 114
55 113
55 112
56 110
56 109
57 108
58 107
58 106
59 105
59 104
59 103
60 101
60 100
60 99
60 98
61 97
61 96
62 95
62 94
63 92
63 91
64 90
64 89
65 88
66 87
66 86
67 85
67 84
69 83
69 82
70 81
70 80
70 79
71 78
72 77
73 76
75 75
76 74
77 73
78 73
79 73
80 72
81 71
82 70
84 70
85 69
86 68
87 68
