85 65
85 64
87 64
88 64
89 65
90 65
89 67
89 68
89 69
89 71
89 72
89 73
89 74
89 76
90 77
91 78
93 78
94 77
95 77
97 78
98 78
99 79
100 79
102 80
103 81
104 81
106 81
107 81
108 81
109 81
111 82
112 83
113 84
115 85
116 85
116 86
117 87
119 88
120 89
121 89
123 90
124 90
125 91
126 92
127 94
128 95
129 96
131 98
131 99
132 100
132 102
132 103
131 104
131 105
131 107
131 108
131 109
131 111
131 112
131 113
131 114
131 116
130 117
130 118
129 120
128 121
128 122
128 123
127 125
126 126
126 127
126 129
125 130
125 131
124 132
123 134
123 135
122 136
122 138
121 139
120 140
120 141
118 143
118 144
118 145
118 147
118 148
118 149
118 151
119 152
119 153
119 154
119 156
118 157
117 157
115 158
114 158
113 158
112 158
110 159
109 159
108 159
106 159
105 159
104 159
103 159
101 159
100 160
99 159
97 159
96 159
95 159
94 159
92 159
91 159
90 159
88 158
87 158
86 158
84 157
83 157
82 157
81 156
80 154
80 153
80 152
79 150
79 149
79 148
79 147
79 145
79 144
79 143
79 141
79 140
79 139
79 138
78 136
78 135
77 134
76 132
76 131
76 130
76 129
75 127
75 126
74 125
72 123
72 122
72 121
71 119
71 118
70 117
71 116
69 114
69 113
69 112
67 110
67 109
67 108
67 107
67 105
66 104
66 103
65 101
64 101
63 101
63 100
62 98
62 97
63 96
63 94
64 93
64 92
65 91
65 89
65 88
65 87
65 85
65 84
65 83
65 82
66 80
67 79
67 78
68 76
68 75
69 74
71 72
71 71
72 71
73 70
75 70
76 70
77 70
79 69
80 69
81 68
82 67
84 66
