113 73
114 72
116 73
117 73
118 73
119 73
121 74
122 75
123 76
124 75
126 76
127 76
128 77
130 78
131 78
132 79
132 80
133 82
132 83
132 84
132 85
132 87
133 88
134 88
135 88
137 88
138 89
138 90
139 92
140 93
140 94
141 95
142 97
142 98
143 99
143 100
144 102
144 103
144 104
144 106
144 107
144 108
144 109
145 111
145 112
146 113
146 114
146 116
147 117
147 118
147 120
148 121
148 122
148 123
149 125
148 126
149 127
149 128
149 130
149 131
149 132
150 133
148 135
148 136
147 137
145 139
144 140
143 141
142 142
140 144
139 145
138 146
137 147
135 148
134 149
133 150
131 151
130 151
129 152
128 153
126 154
125 154
124 154
123 155
121 156
120 156
119 156
118 157
116 157
115 156
115 155
113 155
112 154
111 153
110 152
109 150
110 149
109 148
109 147
108 145
108 144
107 143
106 141
105 141
104 140
103 139
101 138
100 137
100 136
99 135
97 134
96 134
95 133
93 132
92 131
91 131
90 130
88 128
87 127
86 126
85 125
84 123
83 123
83 122
82 121
80 120
79 119
78 118
77 116
76 115
75 115
74 114
72 113
71 112
70 111
71 110
70 108
71 107
70 106
71 104
70 103
70 102
70 101
68 99
68 98
68 97
68 96
68 94
67 93
67 92
66 90
66 89
66 88
66 87
67 85
68 84
69 84
70 83
71 81
71 80
72 79
73 78
74 77
75 76
76 75
78 75
78 76
79 77
80 77
81 75
81 74
81 73
81 74
82 76
83 76
84 76
85 77
86 78
87 78
87 79
89 80
90 81
91 80
92 79
94 78
95 78
96 77
96 76
98 76
99 76
100 76
102 78
103 78
104 78
105 78
107 76
108 75
109 75
110 74
112 73
