77 79
78 78
79 78
81 79
82 80
82 81
83 82
84 82
85 84
86 85
87 85
88 86
89 86
91 86
92 86
93 85
94 84
95 83
97 83
98 83
99 83
100 83
101 83
102 84
104 84
105 84
106 84
107 83
108 83
110 83
111 82
112 83
113 82
114 82
116 81
116 82
115 83
116 84
117 84
119 84
120 84
121 83
122 83
123 83
125 84
126 84
127 85
128 85
129 86
130 88
130 89
130 90
131 91
131 92
132 94
133 95
134 96
134 97
134 98
134 100
135 101
136 101
136 102
136 103
136 104
137 106
138 107
139 108
138 109
138 110
139 112
139 113
140 114
140 115
139 116
141 118
141 119
141 120
141 121
142 122
142 124
142 125
142 126
142 127
142 128
141 130
141 131
141 132
141 133
141 134
141 136
142 137
142 138
142 139
142 140
142 142
141 143
140 144
139 145
138 146
136 148
135 148
134 149
133 150
132 150
131 151
129 152
128 153
127 153
126 154
125 154
123 155
122 155
121 156
120 156
119 156
117 157
116 157
115 158
114 158
113 158
111 158
110 159
109 159
108 159
107 159
105 159
104 159
103 159
103 158
103 157
102 155
101 154
101 153
100 152
100 151
99 149
99 148
99 147
98 146
98 145
98 144
96 142
95 141
95 140
94 139
93 139
91 137
90 136
89 136
88 135
87 134
85 134
84 133
84 132
83 131
83 130
82 128
81 127
80 126
79 125
79 124
77 122
76 121
75 120
74 120
73 119
72 117
72 116
71 115
71 114
71 113
71 111
71 110
70 109
71 108
71 107
70 105
70 104
70 103
70 102
70 101
69 100
68 98
68 97
68 96
68 95
68 94
69 92
70 91
70 90
71 89
71 88
73 87
74 86
74 85
74 84
75 83
76 81
77 80
