105 72
106 71
107 71
109 71
110 72
111 73
112 74
113 74
114 75
115 77
116 78
117 78
118 78
119 78
120 78
121 80
120 80
119 81
119 82
118 83
117 84
116 86
115 87
116 88
116 89
115 90
116 91
116 93
116 94
117 95
117 96
118 97
118 98
118 100
118 101
118 102
118 103
119 104
119 105
119 107
120 108
120 109
120 110
120 111
120 112
120 114
120 115
120 116
120 117
120 118
120 120
119 121
119 122
118 123
118 124
117 125
115 127
114 128
113 128
112 128
111 129
110 130
108 131
107 131
106 132
105 132
104 133
103 133
101 134
100 135
99 135
98 135
97 136
98 137
96 137
95 137
94 138
95 139
94 138
93 137
92 139
91 139
90 139
89 139
88 139
87 139
85 140
85 141
84 141
83 142
82 141
81 141
81 140
80 139
79 138
78 138
77 139
76 139
74 137
73 138
73 139
72 140
71 139
69 139
68 139
67 140
66 140
65 140
64 140
62 141
61 141
60 141
59 142
58 142
57 141
55 139
54 138
53 137
52 136
52 135
51 134
50 132
49 131
49 130
48 129
47 128
47 127
46 125
46 124
45 123
45 122
44 121
44 120
43 118
43 117
43 116
42 115
42 114
42 113
42 111
41 110
41 109
42 109
43 110
44 110
46 109
47 109
48 108
49 108
50 108
52 107
53 107
54 107
55 106
56 106
57 106
59 105
60 104
61 103
62 103
63 102
64 101
66 99
67 98
68 98
69 97
69 96
70 96
71 94
72 93
73 92
73 91
74 90
75 90
76 88
77 88
78 87
79 86
80 85
81 84
82 82
83 81
84 80
85 79
86 79
87 78
89 77
90 77
91 77
92 76
93 76
94 75
96 74
97 74
98 74
99 73
100 73
101 73
103 72
104 72
