80 70
81 69
83 69
84 69
84 70
85 71
84 73
84 74
84 75
84 76
85 78
85 79
86 80
86 81
88 82
89 82
90 83
92 83
93 84
94 83
95 83
97 83
98 83
99 84
100 84
101 84
100 85
100 86
100 87
101 89
102 90
103 90
104 90
106 89
107 89
108 89
110 90
111 90
112 91
113 92
114 94
115 95
116 95
117 96
119 97
120 97
121 98
122 99
123 101
123 102
123 103
123 105
122 106
123 107
124 107
125 108
126 109
126 110
126 111
126 113
126 114
126 115
126 116
125 118
125 119
125 120
124 121
124 123
124 124
123 125
123 127
122 128
122 129
122 130
121 132
121 133
121 134
120 135
119 137
119 138
118 139
117 140
116 142
115 143
115 144
113 146
112 147
112 148
111 149
111 151
111 152
110 153
110 154
110 156
109 157
109 158
108 159
106 159
105 159
104 159
102 159
101 159
100 160
99 159
97 159
96 159
95 159
94 159
92 159
91 159
90 159
89 158
87 158
86 158
85 158
84 157
82 157
81 156
80 156
78 155
77 155
76 154
75 154
73 153
72 153
71 152
70 151
70 149
70 148
71 147
71 146
71 144
71 143
71 142
71 140
70 139
70 138
70 137
70 135
69 134
69 133
68 132
66 131
66 130
66 129
66 128
65 126
65 125
65 124
65 123
65 121
64 120
63 120
62 118
61 117
61 116
61 115
60 113
60 112
60 111
59 110
59 108
59 107
59 106
58 105
57 103
56 102
56 101
56 99
56 98
56 97
57 96
57 94
58 93
58 92
58 91
58 89
58 88
59 87
59 86
58 84
59 83
59 82
60 81
60 79
61 78
62 77
64 76
65 75
66 75
67 74
69 74
70 74
71 74
72 74
74 73
75 72
76 72
77 72
79 70
