62 72
63 71
65 71
66 72
66 73
67 74
69 76
70 77
71 77
72 77
74 78
75 78
76 77
77 77
79 76
80 76
81 76
82 76
84 76
85 76
86 76
87 76
89 76
90 76
91 76
92 76
94 76
95 75
96 75
97 75
99 77
100 77
101 77
102 77
104 78
105 78
106 78
107 78
109 80
110 80
111 81
112 82
114 84
115 85
116 85
117 86
118 88
118 89
119 90
119 91
120 93
120 94
121 95
122 97
123 98
123 99
124 100
125 102
125 103
125 104
126 105
126 107
125 108
125 109
125 110
127 112
127 113
127 114
127 115
128 117
128 118
128 119
128 120
128 122
128 123
128 124
128 125
129 127
129 128
130 129
130 130
130 132
130 133
130 134
130 135
130 137
130 138
131 139
132 139
133 141
134 142
134 143
134 144
135 146
134 147
135 148
134 149
132 150
131 151
130 151
128 153
127 153
126 154
125 154
123 155
122 155
121 156
120 156
118 157
117 157
116 157
115 158
113 158
112 158
111 158
110 159
108 159
107 159
106 159
105 159
103 159
102 159
101 159
100 160
100 158
99 157
99 156
99 155
98 153
98 152
98 151
98 150
98 148
98 147
98 146
97 145
96 143
95 142
95 141
94 140
93 138
92 137
92 136
91 135
89 133
89 132
88 131
88 130
86 128
85 127
84 127
82 125
81 125
81 124
80 123
78 122
78 121
77 120
76 120
75 118
74 117
74 116
73 115
71 115
70 115
69 115
68 114
66 112
65 111
65 110
64 109
63 107
63 106
62 105
61 105
60 103
60 102
60 101
60 100
59 98
59 97
59 96
59 95
58 93
58 92
57 91
57 90
57 88
58 87
58 86
58 85
59 83
59 82
60 81
60 80
61 78
61 77
61 76
61 75
61 73
