96 68
97 67
98 67
99 67
101 67
102 67
103 68
104 68
105 69
106 70
108 70
109 70
110 70
110 71
110 72
110 73
108 74
108 75
109 76
109 77
110 78
111 77
111 75
112 74
111 75
111 76
111 77
110 78
111 80
112 81
112 82
113 83
113 84
114 85
116 86
116 87
117 88
118 89
118 90
119 91
121 93
122 94
123 95
124 96
125 96
125 97
125 99
125 100
126 101
126 102
126 103
126 104
127 106
128 107
128 108
128 109
129 110
129 111
128 113
127 114
126 115
125 116
125 117
125 118
123 120
122 121
121 122
120 123
120 124
120 125
118 127
117 128
116 128
115 129
115 130
114 131
112 131
111 132
111 133
110 134
110 135
109 135
108 137
107 137
106 138
105 139
104 139
103 140
101 141
100 141
99 142
98 142
97 143
96 144
94 144
93 145
92 146
91 147
90 147
89 148
87 150
86 150
85 151
85 152
84 153
83 153
82 154
80 156
79 156
78 155
77 155
76 154
75 154
73 153
72 153
71 152
70 151
69 151
68 150
66 149
65 148
64 148
63 147
62 146
61 145
59 143
58 142
57 141
56 140
55 139
54 138
52 136
52 135
52 134
53 133
54 133
55 132
56 130
57 129
57 128
58 127
58 126
59 126
61 124
62 124
63 123
64 123
65 122
66 121
67 119
67 118
67 117
67 116
68 115
68 114
68 112
68 111
69 110
69 109
69 108
69 107
70 105
70 104
70 103
70 102
71 101
72 100
72 98
72 97
72 96
72 95
73 94
72 93
74 91
74 90
74 89
74 88
75 87
75 86
76 84
77 83
77 82
77 81
77 80
78 80
80 78
81 77
82 77
83 77
84 76
85 75
87 74
88 74
89 73
90 72
90 71
91 70
93 69
94 68
95 68
