89 73
90 72
91 72
92 72
94 74
93 75
92 76
91 77
91 78
92 79
92 80
93 81
95 83
96 84
96 85
97 86
98 86
99 87
100 88
101 89
103 89
104 89
105 89
106 89
107 90
108 91
109 92
110 93
112 95
113 95
114 95
114 96
115 97
116 98
117 99
118 100
120 102
121 103
122 103
123 103
123 104
124 105
125 105
125 106
125 108
125 109
125 110
124 111
124 112
123 113
123 114
123 115
122 117
122 118
122 119
122 120
122 121
122 122
122 123
122 124
121 126
121 127
121 128
120 129
120 130
120 131
120 132
120 133
119 135
118 136
118 137
117 138
116 139
115 140
114 141
114 142
113 144
113 145
112 146
112 147
111 148
111 149
110 149
109 150
108 152
107 153
106 154
106 155
106 156
105 157
105 158
105 159
103 159
102 159
101 159
100 160
99 159
98 159
97 159
96 159
94 159
93 159
92 159
91 159
90 159
89 158
88 158
87 158
85 158
84 157
83 157
82 157
81 156
80 156
79 156
78 155
76 154
75 154
74 154
73 153
72 153
71 152
70 151
70 150
71 148
71 147
72 146
72 145
72 144
72 143
72 142
73 141
73 139
73 138
73 137
73 136
73 135
73 134
72 133
72 132
72 130
71 129
71 128
71 127
71 126
71 125
71 124
71 123
70 121
70 120
70 119
70 118
69 117
69 116
69 115
69 114
69 112
68 111
68 110
68 109
68 108
68 107
68 106
68 105
68 103
68 102
67 101
67 100
68 99
68 98
68 97
69 96
69 94
70 94
71 93
71 92
71 91
71 90
71 89
71 88
72 86
72 85
73 84
74 83
74 82
75 81
75 80
76 79
76 77
77 76
78 75
79 75
80 75
81 75
82 75
83 75
85 74
86 74
87 74
88 73
