95 74
96 73
98 74
99 74
100 75
101 75
103 76
104 75
105 75
106 76
108 78
109 79
110 79
111 79
113 79
114 79
113 80
113 81
114 83
115 84
115 85
116 86
117 87
118 88
119 89
119 91
120 92
120 93
120 94
120 96
121 97
122 98
123 99
123 101
124 102
124 103
124 104
125 106
124 107
124 108
124 109
124 111
125 112
125 113
126 114
127 116
127 117
127 118
128 119
128 121
129 122
129 123
131 125
131 126
132 127
133 128
134 130
135 131
136 132
136 133
138 135
139 136
140 137
141 138
142 140
143 140
143 141
142 142
140 144
139 145
138 146
137 147
135 148
134 149
133 150
131 151
130 151
129 152
128 153
126 154
125 154
124 154
123 155
121 156
120 156
119 156
118 157
116 157
115 158
114 158
113 158
111 158
110 159
109 159
108 159
106 157
106 156
106 155
106 154
104 153
104 152
103 151
102 149
101 148
100 147
99 147
97 145
96 144
95 143
94 142
94 140
93 139
92 138
91 137
89 135
88 135
87 134
86 134
84 133
83 132
82 131
81 130
79 128
78 128
77 127
75 126
74 125
73 124
72 124
70 123
70 122
69 121
68 121
66 119
65 118
64 117
63 117
61 116
61 115
60 114
60 113
60 111
60 110
60 109
60 108
59 106
59 105
58 104
58 103
58 101
58 100
58 99
57 97
57 96
57 95
56 94
56 92
55 91
55 90
56 90
57 88
58 87
58 86
59 85
60 83
60 82
61 81
61 80
60 78
60 77
60 76
60 75
62 74
63 75
64 76
65 77
66 78
67 79
68 80
69 82
70 82
71 81
72 81
74 81
75 81
76 80
77 79
79 78
80 77
81 76
82 76
84 76
85 76
86 76
87 76
89 75
90 75
91 74
92 74
94 74
