76 61
77 60
79 60
80 60
81 60
82 61
82 63
82 64
82 65
81 67
82 68
82 69
83 71
84 72
85 73
86 74
87 75
88 76
89 76
91 76
92 77
93 77
94 77
94 77
95 78
96 78
98 79
99 79
100 79
102 79
103 80
104 80
105 81
107 82
108 83
108 84
110 86
111 87
112 88
114 88
114 89
115 90
115 91
116 93
116 94
117 95
117 97
118 98
118 99
119 100
119 102
119 103
119 104
118 106
118 107
117 108
116 110
115 111
115 112
115 113
116 115
116 116
116 117
116 119
115 120
115 121
114 122
113 124
112 125
112 126
110 128
109 129
109 130
108 132
108 133
107 134
107 135
106 137
105 138
105 139
103 141
102 142
101 143
101 144
100 146
100 147
100 148
100 150
101 151
101 152
100 154
100 155
100 156
99 157
99 159
98 159
97 159
95 159
94 159
93 159
91 159
90 159
89 158
88 158
86 158
85 158
84 157
82 157
81 156
80 156
79 156
77 155
76 154
75 154
73 153
72 153
71 152
69 151
68 150
67 150
66 149
64 148
63 147
63 146
63 144
63 143
64 142
64 141
64 139
64 138
64 137
64 135
64 134
64 133
64 131
63 130
63 129
63 128
61 126
61 125
60 124
61 122
61 121
61 120
61 119
60 117
60 116
59 115
57 113
57 112
57 111
57 109
57 108
56 107
56 106
56 104
55 103
55 102
54 100
54 99
54 98
54 97
54 95
54 94
54 93
54 91
54 90
55 89
56 88
57 87
57 86
57 85
57 83
57 82
58 81
58 79
58 78
58 77
59 75
59 74
59 73
60 72
61 70
62 69
62 68
63 66
64 66
65 66
66 65
68 64
69 64
69 65
70 67
71 68
72 68
74 67
74 66
73 65
74 64
76 62
