88 68
89 67
90 67
91 67
92 67
93 67
94 68
95 68
97 68
98 68
99 69
100 69
101 69
102 69
103 69
104 69
105 69
105 70
105 71
104 72
103 73
102 74
101 76
102 77
102 78
102 79
102 80
103 81
104 81
103 82
103 83
104 84
104 85
105 86
106 87
107 88
109 88
109 89
109 90
109 91
110 92
110 93
110 94
111 95
111 96
112 97
113 98
114 99
115 100
115 101
116 103
116 104
117 105
117 106
117 107
117 108
118 109
118 110
118 111
118 112
117 113
117 114
116 115
116 116
115 116
114 118
113 118
112 119
111 120
111 121
111 122
110 123
110 124
109 125
108 126
108 127
107 128
106 129
105 130
103 132
102 132
101 133
100 134
99 135
98 135
97 136
96 136
95 137
94 137
93 138
92 139
91 139
90 139
88 140
87 141
86 142
86 143
85 143
84 144
83 145
82 146
81 147
80 147
79 148
79 149
78 149
77 150
76 150
74 152
73 153
72 153
71 152
70 151
69 151
68 150
67 150
66 149
65 148
64 148
63 147
62 146
61 145
59 143
58 142
57 141
56 140
55 139
54 138
53 137
52 136
52 135
51 134
50 133
50 132
49 131
49 130
49 129
50 128
51 127
52 126
53 125
54 124
55 124
56 123
56 122
57 121
58 120
58 119
59 118
59 117
60 115
60 114
61 113
61 112
62 112
63 111
63 110
64 109
64 108
64 107
64 106
64 105
64 104
65 103
65 102
65 100
65 99
66 98
66 97
67 96
68 95
68 94
68 93
68 92
69 91
69 90
70 89
70 88
70 87
71 85
71 84
72 83
72 82
72 81
73 80
74 80
75 79
76 78
77 77
78 77
79 76
79 75
80 75
81 73
82 72
83 72
84 71
85 70
86 69
87 68
