102 64
102 63
103 63
104 63
105 64
107 65
107 66
106 67
106 68
105 69
104 70
104 71
104 72
103 74
103 75
103 76
104 77
104 78
105 79
105 80
105 81
106 83
107 84
108 84
109 84
108 85
109 86
109 87
110 88
111 88
112 90
113 91
114 92
115 93
116 94
116 95
117 96
118 97
118 99
118 100
118 101
118 102
118 103
119 104
119 105
120 106
121 108
122 109
122 110
123 111
122 112
122 113
122 114
121 115
120 116
120 118
120 119
120 120
119 121
119 122
118 123
118 124
117 125
116 127
115 127
114 128
113 129
113 130
112 131
111 132
110 133
108 134
107 135
106 135
105 135
104 136
104 137
103 137
102 138
101 139
99 141
98 142
97 142
96 143
95 144
94 144
93 145
92 145
90 146
89 147
88 147
87 148
87 149
86 150
85 151
84 152
82 154
81 155
81 156
80 156
79 156
78 155
77 155
76 154
75 154
73 153
72 153
71 152
70 151
69 151
68 150
67 150
66 149
64 148
63 147
62 146
61 145
60 144
59 143
58 142
57 141
55 139
54 138
53 137
53 136
54 135
55 134
55 133
55 132
56 131
57 129
57 128
58 127
58 126
59 125
59 124
60 123
61 122
63 121
63 120
64 119
65 118
65 117
65 116
66 115
66 114
66 112
65 111
65 110
66 109
66 108
66 107
66 106
67 105
67 104
67 102
67 101
67 100
67 99
67 98
67 97
68 96
68 95
68 93
68 92
69 91
69 90
70 89
70 88
70 87
70 86
72 84
72 83
73 82
74 81
75 81
76 80
77 79
77 78
78 77
80 75
81 75
82 74
83 73
84 72
85 72
86 71
87 70
89 69
90 68
91 68
92 68
93 67
94 67
95 67
96 67
98 66
99 65
100 65
101 65
