20507 20235
-3561.11 -5441.83
1749.89 53.5754
191.27 71.7967
623.676 -737.265
-58.9681 -423.827
-301.847 62.1801
144.245 -83.4308
-31.7817 -75.2153
35.4606 -88.4826
-79.2662 -88.8156
32.371 30.4285
23.5638 -53.7791
-36.2589 -51.2393
-3.41569 1.99503
11.333 36.3173
10.4 -35.3075
17.6337 -19.144
-56.1373 -31.0639
-11.1224 6.74997
17.7984 -6.53716
-1.06102 -7.33927
-30.4811 2.09306
-9.98387 -11.3249
8.28935 7.00026
-7.41421 -22.4853
-7.94165 6.50965
0.65936 11.3672
-7.98304 -9.05431
4.01698 -0.425869
-14.3078 -7.29772
-5.72666 4.63212
1.91236 -12.1508
-4.01853 -6.37276
-10.7013 -1.11549
-7.99116 -5.69745
-3.36971 6.17413
-3.98176 -2.24959
-11.3363 -4.59053
-4.00886 11.2649
-8.25621 -3.44095
10.5733 3.93637
4.31642 -11.4408
-5.64706 -2.54775
0.0339714 2.45711
-0.365094 1.35846
-4.64996 -0.323481
0.206201 -5.06413
0.886705 0.488896
-4.06905 -4.94163
9 3
-7.18541 -3.10466
-5.0099 9.97532
5.22074 -0.21548
8.16117 -1.82324
-8.64318 8.18541
-3.30916 -7.4774
-9.07673 -6.39334
9.9368 4.27577
-4.0262 5.31319
3.94426 3.73386
8.48263 -1.59395
-8.46693 -1.1983
7.05657 -2.03273
-2.72555 3.52968
0.913389 -2.47567
1.28432 -8.43342
-10.379 1.75767
-4.47102 4.54233
4.98373 1.79326
15.016 3.81242
-0.364943 10.7165
-0.0488689 -2.8033
-14.8163 -18.1056
7.06382 0.874751
-4 4.24264
12.7321 -7.51001
4.14236 -2.43423
-3.31729 -0.228479
8.57502 -7.01932
-0.821469 -0.812299
5.07239 -12.1994
-3.17531 -2.29505
7.64047 6.97487
0.257963 -4.17714
-2.02549 -4.46675
-4.50061 4.24657
-0.160001 2.13222
2.41632 -3.06441
1.31827 3.48735
-12.4552 0.0942181
-5.86489 -1.84504
-7.51215 7.38066
1.02451 -2.50995
-1.81347 -0.926489
1.13581 -2.38995
3.17422 -0.282919
-3.95024 1.55
-0.899453 2.35969
0.506984 5.42313
1 1
6.19998 0.614777
0.0599137 -4.93772
1.24319 -3.01384
0.457219 -1.32679
-0.548006 -2.18928
-1.04059 -1.66506
-6.00624 2.17149
2.49982 -3.36806
-10.0122 6.16192
0.356294 -3.43474
-2.2279 -1.66295
-9.46646 -1.24691
2.07125 -3.86812
0.20612 -2.3217
-0.536354 -0.909395
-0.355779 -9.44478
-2.85044 -7.1955
-0.984205 5.80264
4.39209 2.34182
1.52967 0.812299
3.78793 3.06548
-4.60965 -5.12998
9.94526 3.43779
1.81846 -9.22291
-4.58579 -5.51472
-3.88232 -6.25008
-1.85076 -11.7787
3.84357 6.23218
10.559 4.00184
-4.15149 2.86309
1.34275 3.45737
-6.30475 12.1204
0.208584 11.69
5.72141 3.54374
-2.81556 5.4142
2.96478 1.6749
0.169093 -6.02511
-4.83048 7.41016
5.2407 2.49203
0.695062 -6.60925
0.191506 -5.62429
-0.135746 0.509655
1.28136 -2.77942
-3.81931 4.48188
-3.96474 1.23108
-4.99407 3.40614
-2.78518 9.02445
-6.2738 7.49509
0.089576 0.593141
7 -3
2.14734 0.240351
-2.61443 -1.10882
-2.85545 10.2028
-7.54368 -0.539118
-1.22574 2.9101
1.16836 10.6133
5.88195 2.41295
5.48154 10.4367
8.19185 -0.406175
-4.45199 3.44095
-3.91505 -7.05732
-5.05285 1.48691
-2.69926 -1.64334
-7.84621 -1.1726
4.37596 9.45983
-3.793 3.8035
-9.97102 0.589902
-6.90247 12.9543
-4.51081 5.31142
1.87285 -2.14173
6.53854 1.00268
-13.2959 -9.90886
-3.09935 -15.1023
-3.38964 -10.9291
-4 -4.24264
-21.8259 5.23963
15.5637 19.8123
-12.3701 -23.7273
3.60679 -8.0505
31.5622 -36.5875
-38.3181 -1.53352
-32.0707 -0.24763
14.3885 -35.4828
-21.6959 48.37
62.5821 -1.09095
25.7675 -20.961
62.3985 -31.137
-8.77925 -59.5831
-47.707 -67.615
-13.0645 84.92
-44.422 40.1249
24.8451 -9.98759
118.365 76.0619
-69.167 -36.2056
406.743 -13.8302
400.451 -686.272
-449.405 -671.2
-925.34 -388.156
2281.18 -1301.12
