20139 19549
-5010.48 -4944.74
1716.85 -427.316
175.143 214.923
500.704 -731.194
-94.5591 -522.751
-291.545 -41.0694
165.956 -105.768
6.54322 -20.3701
-4.70934 -49.9816
-134.641 -146.763
-16.9287 6.92255
74.9681 -51.3588
-14.8674 -70.3998
0.291046 -65.2526
-26.3752 56.2895
-10.7162 -57.9729
12.8325 -11.0111
7.48665 -23.3243
-5.14208 12.1038
-11.3319 -25.9874
30.0948 -25.9944
-12.6557 -24.9464
-15.1647 -0.753805
-6.54994 4.56743
-11.7782 -1.70711
11.4973 -3.75924
-5.53139 -2.99927
-4.90848 -11.3649
-0.511197 14.5953
-2.826 -0.823464
-16.2231 8.20459
-8.68338 -15.7526
-7.75483 3.54693
5.48332 2.60268
7.86634 -5.13201
-1.14357 -3.4937
1.08387 -1.12453
3.53055 -2.18196
-17.6682 -1.41582
-10.5907 -2.93658
-11.9929 12.0536
2.16098 14.8609
6.80731 6.00054
2.63494 0.234119
1.67405 2.24333
-2.24511 -0.412133
-12.0878 -17.7066
6.14255 -2.35154
5.56848 3.82651
6 -10
-1.22495 -9.4486
-3.62532 6.23531
-0.249355 -4.84012
-7.66338 -3.65943
-3.13553 2.38027
-3.88146 -6.25901
-2.6401 -4.92487
-2.59082 -2.27302
-7.9727 -9.3396
-5.26445 4.0505
-0.437887 -7.56273
1.59965 -7.70338
-1.52119 -1.22332
0.138618 2.15972
-7.38414 -0.730447
3.32844 7.4027
6.02316 2.43823
1.49713 -5.93371
3.32191 -1.84133
1.77028 -1.64054
4.73109 5.88846
-3.01875 2.20176
3.50934 -3.14433
-2.59701 -3.06948
-6.12132 4.53553
4.57757 5.65149
4.8948 3.71733
0.496246 -1.27744
2.74671 6.435
-1.00563 7.2408
5.06481 -3.14171
-4.03547 6.60422
-7.81518 1.4057
-2.29882 -0.0933188
5.35573 4.54533
3.43935 4.2989
3.54253 1.21139
4.35714 -0.0725442
-5.99102 -0.121737
1.26688 -1.17324
0.28339 -12.7796
2.40506 2.32083
8.44704 6.56647
-4.40764 -1.51797
-1.61737 5.36238
-9.01596 9.83783
1.98442 3.07426
5.65892 -0.29536
2.2278 -1.71414
-1 -1
7.20189 5.09604
0.309073 8.74339
-0.467324 -0.619942
-6.05198 0.421583
-0.475899 2.43595
3.41467 2.28559
-4.78768 5.48391
6.47024 4.42027
-3.38591 -3.5413
4.87947 4.52542
-3.08323 -0.90485
2.7085 -9.78906
5.88738 1.79578
-0.63024 -4.67959
1.74635 -0.365086
-2.28292 0.447191
-3.1832 -0.0127716
-7.76507 -2.88244
4.7794 0.741827
7.9499 1.08544
-2.2707 -2.87157
2.13904 -5.1384
-1.164 -0.965498
-5.41036 -3.66321
3.77817 -0.292893
1.42927 2.33497
1.72473 1.55928
2.54302 -8.72059
-1.97307 -6.71316
2.82648 2.02792
3.0949 3.21229
-3.55273 7.90626
2.27886 3.30452
7.72085 -3.51193
-0.234359 2.24702
4.00233 -3.0174
-4.89527 7.22055
-0.365121 8.56006
-12.2381 4.67737
4.97266 -6.25212
-8.18644 1.82347
2.53155 -1.38541
-8.43325 8.17645
-1.66084 0.409457
-3.13748 -4.65961
-5.05679 -0.424155
1.24845 1.63215
-3.07818 0.38552
5.7843 -7.10713
0 -2
-4.65729 -1.06178
1.43115 -6.02664
13.665 0.949057
0.986836 2.7252
11.6034 7.13278
-19.4362 9.61319
7.7319 -3.66753
-0.238453 1.6867
-1.60892 8.59737
-0.353582 -4.38966
-16.088 -6.20773
4.87089 10.9364
0.575079 -10.2269
3.48532 7.95374
10.7182 6.44561
0.540679 -0.34043
-6.71701 -4.07273
-0.560133 11.6958
11.6471 -11.4375
-15.4526 -9.09178
5.99874 -5.63677
-2.46459 6.03624
-11.0595 -2.86374
13.8585 8.50703
-1.87868 -2.53553
3.27972 17.9342
18.0705 -14.0399
-2.92448 -16.5005
10.5182 14.5889
-2.37633 -0.810938
-3.20569 -4.27283
-4.26366 19.2337
29.5854 -11.6681
-8.08529 67.0913
55.8087 -45.5291
45.2558 -42.112
-4.81838 -25.8748
6.32128 26.1652
-99.6858 -35.0104
-23.8237 124.939
-35.447 -0.0942963
17.0777 -60.9867
262.986 116.87
24.0626 -37.0862
298.146 -189.915
85.1372 -765.268
-658.49 -497.866
-809.963 111.336
1885.72 -2069.93
