19193 20062
3229.94 -6168.21
-668.029 1235.38
266.492 -301.607
-357.754 -600.48
-49.8515 -557.694
-66.1364 -313.011
161.99 110.912
38.2156 41.5298
6.20873 -43.3303
-82.9159 -106.722
-41.2744 -113.125
-41.1523 -11.643
42.7685 -19.4863
-58.5164 12.7903
-15.2076 -10.2481
-32.1891 -40.2231
-30.4873 -17.7886
17.4002 11.9877
-18.666 1.89057
-11.302 -10.0441
1.85142 -17.9644
-23.6179 -11.0733
7.25516 20.6642
-18.5289 -4.6399
-1.53553 1.53553
-6.76914 -1.51699
0.882082 -8.04386
2.43204 12.2829
4.7002 16.8089
-1.88362 11.703
-12.7833 1.3941
-9.04551 5.25262
6.37125 -1.59703
-0.783996 -1.7413
-2.91166 -2.40916
-4.87989 -7.52293
-10.2984 0.890327
7.99817 -3.70067
2.80012 -6.45454
-1.62038 5.03202
0.0119615 1.40291
-10.5215 -0.533263
-4.0833 9.55048
-0.991574 -3.45341
-1.71091 5.5589
2.31833 -0.504587
0.930673 2.73528
0.968215 5.85771
0.0189578 -6.77904
0 -3
-1.34792 4.645
-0.856331 -1.19474
-8.03524 -0.977766
-3.38199 -0.00204898
4.01636 5.95393
4.7928 -2.97281
2.80493 -4.11031
-1.34197 3.10635
-2.03666 -5.91891
-7.11312 4.19697
3.837 1.09768
-4.58627 -1.75935
-1.473 -6.34035
-8.71116 2.86307
-8.30287 3.08811
-9.6712 -2.42304
-1.35863 -2.14517
-5.31277 7.33791
4.16712 -1.05921
6.55738 -21.2785
-5.7961 11.4729
-2.54394 -4.20401
-3.53392 -16.3362
3.15031 -11.8305
-0.12132 -9.29289
0.466795 3.34548
3.86524 2.5381
3.67086 2.15357
-4.06057 -3.95636
-1.86749 -2.2707
-1.83782 7.72255
1.0161 1.74866
-1.05788 -5.13787
-4.24985 1.11904
-0.178299 0.565444
-1.53463 -2.53064
0.0843874 0.731431
-2.1271 -6.8748
5.35243 -4.62926
-4.24318 -4.32575
2.04506 -2.0341
3.945 -2.80005
-2.19489 2.37753
-3.48548 5.45225
1.41249 4.51344
-1.08328 2.26918
-0.484882 4.1847
1.81878 -1.80008
-0.742446 -2.00857
-1 -6
-2.34554 -0.0364627
4.08633 -4.83791
2.30453 -3.1433
7.27048 -1.46118
5.42191 0.811601
-0.30203 -9.37534
-4.60981 6.04192
2.38625 0.628498
-0.1907 9.43993
-4.27424 -0.407868
3.53878 -1.7309
-0.515589 -1.9901
-1.90552 -3.81701
3.7066 -3.2132
1.85576 -5.02761
2.01129 -5.11177
0.0272149 6.09919
1.11125 12.5511
-7.00568 1.5202
-5.22268 4.88873
-8.27823 4.98339
-1.57018 -6.11302
1.19859 4.85428
-6.1941 -3.76367
5.53553 -5.53553
9.43126 0.336455
14.3928 6.65668
0.716651 -0.402075
0.0720084 -0.899066
-10.8958 -2.87793
-0.230842 1.01981
-15.6894 14.8521
3.83149 -15.007
-1.19007 -5.0528
1.55843 0.947282
1.38359 7.04782
-2.86225 -0.0471339
-2.56973 2.15881
-6.4794 14.8502
-1.92132 -2.57894
-0.851901 9.80972
3.17676 8.42456
6.83766 3.2723
-0.372457 12.8482
6.65525 -6.71253
3.63811 -6.12806
-1.03467 5.22748
8.01473 -0.630105
-1.17571 -2.8039
0 3
3.42371 9.61027
6.34753 -3.38731
5.6565 5.4653
1.70789 -4.5949
0.166387 -4.8509
-2.41802 -3.32345
2.45658 -4.37483
-2.31974 0.575126
-3.11274 0.865295
5.71055 -4.65006
-5.54646 0.139439
6.18705 3.53615
-13.3428 -5.37533
-13.7648 2.4061
-8.89886 6.94048
0.70363 -6.03146
4.50939 0.723225
1.98294 -13.3742
-9.46113 -1.58894
-6.94512 -3.07447
2.22903 -5.97567
1.90337 -7.12256
13.1743 -3.88096
10.3734 -9.32417
4.12132 -10.7071
-22.8097 0.0712993
0.204708 -12.6552
11.1918 -3.1998
23.7079 3.42013
31.3365 9.42606
-35.8093 -19.8239
-16.84 3.21061
-9.69476 -0.893313
4.51823 -11.2534
62.8653 -18.5577
-17.2041 -46.0117
0.0401329 32.9574
-12.9249 57.4125
3.8907 46.4684
24.6005 86.9833
15.6573 -40.7191
-133.269 -1.95676
-41.8832 -199.449
-76.0541 -64.4362
315.11 -178.879
610.029 -197.339
665.966 -32.7792
463.739 157.334
-1040.13 -2680.41
