17001 19494
-4042.99 -5657.05
1525.14 -254.379
-160.264 343.823
529.533 -449.238
176.178 -527.275
-286.99 -244.491
19.9244 -106.435
-46.0426 -11.2866
47.0238 -28.5263
-9.39529 -118.487
-48.2294 -92.6834
0.987361 54.9932
1.25475 -3.70647
24.1106 -61.884
-47.6674 -39.5004
-17.158 -37.8036
-11.3698 16.6013
13.9997 14.3685
-7.78696 -6.82605
-17.7907 -3.56497
-0.0125869 -44.0231
-37.0626 -0.979401
26.4957 -13.9616
-4.95823 -14.2571
-11.0711 -13.2426
-0.366446 -1.07581
-4.24799 -6.17052
-4.72381 -1.11117
-1.19807 -9.07301
-6.40267 7.37585
6.1836 -2.74329
-21.3874 1.16792
5.09723 -0.116988
-17.641 4.36562
11.8957 -2.47291
-5.83774 -12.9659
-0.972343 7.37731
-4.17102 3.1777
0.00760579 4.77128
5.31079 6.39294
-9.32738 0.673207
0.784019 -7.99521
-1.00078 -7.61497
-3.9739 4.00241
1.28348 -1.15588
-3.59513 -0.0579032
0.753078 1.25291
2.93714 -0.609793
8.71505 -2.16647
9 -2
0.44012 0.613339
2.26052 -1.62229
-6.5734 13.6721
1.1627 4.19654
-2.69094 1.89725
-4.98155 11.8835
-2.96805 1.69354
-13.7952 3.27458
4.25924 4.60423
10.3215 8.50436
11.2775 3.67098
5.20966 13.2686
-0.424533 -0.12988
-14.7254 -9.72224
10.3134 -1.58809
-0.363861 -0.378447
5.99168 -0.537951
8.38811 -2.82292
-3.42853 -5.05157
-0.867842 1.88151
-2.79498 2.05607
-4.17357 -12.7815
1.85728 0.234106
-4.73171 0.452136
-3.17157 -4.65685
1.10469 5.76329
-2.0159 2.4304
1.7251 -8.05382
-6.10802 -6.23659
-2.41273 -2.21737
2.93318 -11.4497
-1.79597 3.31568
1.69564 5.92312
0.9304 -7.34816
-3.26109 -8.05648
10.1513 4.50036
-1.76578 -3.54513
4.85169 -2.07929
-1.86389 -1.27258
1.01333 2.20351
4.20367 5.42654
4.24989 -1.41573
0.757864 -4.64287
-5.15551 -4.61818
1.82723 5.89993
-0.0823734 -0.236458
-6.59408 -2.53815
-4.79182 2.77901
1.48915 1.80671
-1 0
-1.68426 -1.79973
-5.10176 -5.16301
-7.69193 -3.31871
-0.0294793 0.719281
4.92329 -1.91166
-5.28811 3.5151
2.7436 2.16236
2.01476 -1.29327
-5.13933 1.44597
4.85326 6.53992
4.27516 2.06107
2.98759 2.07957
3.42968 -0.700595
5.07658 -2.12046
-3.40247 9.91025
0.1237 1.96374
-3.54739 -0.0317876
-1.33371 -0.4019
-0.229055 7.68561
6.6488 -1.49083
1.60511 -5.00471
-7.30854 -4.39906
-1.93819 -5.35679
-11.4453 -3.97881
3.07107 -4.75736
3.28537 2.37373
3.62294 13.7978
-10.8847 7.87566
-1.04511 -0.956648
-7.34989 1.07911
2.76208 3.91492
16.5548 3.99004
-4.76238 -13.3931
-4.50743 1.97827
-3.30808 5.50577
2.47863 -12.0827
8.42282 -0.553558
22.4279 11.0187
-7.37912 10.1477
11.2195 -5.08795
-12.7006 11.2
-11.2843 13.0532
-0.308621 1.52533
-0.336109 -1.50683
2.7657 -1.62519
1.17985 -9.28443
0.111568 -0.164644
2.71307 6.95488
0.10349 -4.66553
11 4
-5.68999 7.08857
11.4227 3.82033
-1.66243 -0.754756
2.88914 3.17323
3.52022 -1.66748
-1.8416 -9.3139
-2.82525 11.6738
4.86336 5.01014
6.63725 -9.04203
-5.54686 3.31526
-1.3393 8.31999
4.9213 2.81525
-8.63947 2.5967
11.4292 13.1623
10.2586 2.29263
-12.8951 1.15781
3.03104 -7.83621
-16.8664 -12.9404
6.87372 -2.46732
-3.26815 -7.79545
12.2615 -0.419263
-20.5443 10.2064
18.9054 31.5931
27.1385 -11.205
-8.82843 6.65685
11.7551 -3.303
-11.3962 -13.183
-21.6761 9.47995
-1.65718 7.01259
-27.7503 -19.8514
14.1766 19.758
15.4881 -4.14068
39.9597 23.528
42.3079 0.858223
-24.4618 -32.6806
-5.24095 -4.15749
-28.6551 -36.7831
2.30429 -22.231
-64.0997 20.44
21.4172 45.2027
-51.9633 19.4327
57.885 15.2049
225.069 71.1083
66.584 -124.768
361.826 -211.572
-159.227 -692.695
-527.99 -368.76
-551.038 302.279
1789.93 -2081.43
