19395 19792
-4821.63 -4731.32
1696.07 -451.819
317.378 189.114
123.666 -961.42
-300.746 -406.666
-89.32 105.54
65.8701 -219.719
28.5869 -12.8119
-35.8557 -63.9593
-48.2075 -7.86836
40.8933 -86.365
-38.0712 -122.757
-63.263 26.7311
-5.35779 -8.84999
20.9157 -0.0751866
-49.5248 -23.4458
-25.5742 -51.1226
-2.77414 18.1756
30.8659 -38.7742
-16.2983 -7.92023
-5.3171 -0.666241
3.33328 13.6821
-7.19837 -6.56848
-7.55128 2.40334
4.94975 1.29289
-7.4912 -18.0497
-15.3971 -6.42922
4.17369 7.42302
-10.9169 1.4798
1.4669 -1.92339
-15.3562 3.01665
-3.88464 3.46386
-13.1007 -0.459995
5.16514 0.365892
-10.8804 -1.36006
-12.6228 -2.48431
-5.01862 17.8023
6.0725 -1.07671
-7.8227 2.59964
3.71113 -14.7941
-7.85514 -4.79608
7.08838 12.6658
5.92556 0.196878
-11.3829 -1.16276
-1.43769 13.4962
7.88361 12.5756
0.512662 -3.24821
-2.56417 -1.82106
-19.0166 -11.8706
4 -7
10.6223 -0.319556
-6.54926 -21.9266
-7.89734 -8.12957
-6.04826 -2.73961
5.039 -0.645059
0.460997 0.368572
-4.76453 -3.38924
-5.73467 5.21241
3.93149 -7.38337
1.65906 -5.59841
-10.6372 12.2632
1.17475 2.22301
-0.064127 6.56396
0.387776 -7.72929
1.16349 6.00752
-0.104372 12.5466
5.24168 -1.60475
-6.60662 -5.66902
-2.30773 -5.66235
2.60198 3.88895
8.97921 -4.25082
-0.913506 7.74103
2.27709 3.39425
-4.29487 -4.71781
-7.05025 0.221825
3.13535 4.62722
1.10528 -7.6018
0.18878 1.46432
-2.82189 -3.17798
1.86655 -3.58222
3.10284 5.68919
-3.00092 2.22928
2.25825 2.16379
2.58874 -3.59254
-2.90888 1.68365
-1.48567 2.46556
4.26324 -2.67612
-4.79549 -3.26834
-0.331674 0.974677
-3.38929 -3.16608
1.5734 3.46499
1.53418 -1.54566
-4.47023 -2.2649
5.23498 -3.87244
5.26572 3.82391
2.1632 2.15821
2.75823 3.27286
0.652553 0.102412
-4.24253 2.87888
-5 14
9.44094 0.961172
8.29281 -3.01362
-6.809 2.99457
0.43837 1.14016
-0.743677 -17.8844
9.15091 0.214627
-6.89752 5.1297
-1.00656 -2.22368
2.46972 -3.64449
1.53001 3.20649
-7.00636 -4.49218
-5.21777 3.92026
-0.417341 -1.0294
-5.95593 -3.61215
0.828022 -0.373596
0.0747715 0.568721
-1.40259 -2.85347
0.451724 -2.16783
0.034815 -3.22575
-0.484587 4.81829
-5.3957 -4.08045
-2.9807 2.39149
-3.48199 6.55224
5.88252 -3.31276
-4.94975 2.70711
-2.81407 -0.392533
-0.868392 2.65859
-3.71789 -5.87904
2.40157 -3.39497
0.819 5.21299
7.45345 1.37165
-8.98405 4.30333
6.07164 3.40711
-1.89525 -4.24092
3.80542 -3.02397
0.239463 -3.61193
-9.23963 -6.86801
2.04376 -2.94683
2.5952 0.935569
3.66718 0.834475
-1.16835 0.0967768
-0.320359 -0.444397
-10.8436 3.11328
4.62207 -5.50074
0.874845 -3.49732
-0.844933 9.39072
6.1157 1.16941
-4.16445 -7.35382
0.792003 -9.99914
-10 -3
6.82608 -1.36469
-1.20194 -2.25124
9.27196 16.2839
-12.6019 1.94625
5.49993 -7.895
-2.15169 3.41744
16.0762 -0.0783966
-0.269419 -9.45625
1.52169 -0.835319
-0.093096 11.558
-6.96937 -0.0583595
3.85817 3.36863
2.7138 0.0504442
0.834544 -4.529
-9.66321 3.71764
3.62383 -12.1649
-7.79355 -5.03526
-6.21606 -3.99091
-10.6484 2.46064
-3.22225 12.8214
3.58457 5.85638
21.8842 -13.8114
-8.30708 -6.69598
1.5563 -3.70597
-16.9497 15.7782
10.0401 -14.7084
-11.9338 9.47965
9.75917 11.0052
43.5499 -16.519
5.97204 -1.31584
33.332 4.20712
-24.0828 -25.9232
-6.44748 35.3002
-39.5383 -14.1643
13.4612 39.1423
48.0985 9.18827
31.9964 -7.10274
10.6422 -2.80752
-13.3719 -88.2284
-55.5989 27.828
-30.399 0.98495
78.187 -37.0125
92.966 224.738
63.8943 -82.6578
213.527 53.549
377.123 -640.744
-425.25 -955.073
-1246.22 -214.902
1958.74 -1417.02
