18929 19975
-4760.59 -4942.1
1503 -338.897
196.284 80.8427
145.687 -845.896
-228.11 -392.641
-231.47 139.827
135.15 -177.204
-24.5893 -62.8076
24.7557 -56.0799
-113.708 -22.6788
24.6359 -18.6015
-27.0444 -78.7062
-72.0639 3.08809
-37.8163 -2.20523
23.3876 18.7878
-40.9105 -32.2742
-5.16022 -21.2876
-28.6386 17.0168
2.7336 1.22143
-20.7809 9.74222
-4.79362 2.71121
-14.5808 15.4976
5.62621 -11.5185
8.20634 -8.12878
2.58579 13.3137
-7.84994 -4.14372
16.7757 -4.96283
-20.9107 16.7974
-8.3414 5.82172
-8.16263 -2.94026
24.448 -0.537722
-6.99262 2.08466
-9.19566 4.33469
6.64065 8.01226
8.56101 -5.3678
-8.01576 -0.533755
1.56837 -5.62806
-1.671 12.753
3.97556 -2.96513
1.2936 3.9611
4.94021 -4.38534
-8.9532 -4.67923
-5.67946 8.10763
12.2291 -3.43854
-2.49613 1.26872
-2.92699 0.708285
8.98561 8.5369
-3.58299 -11.9402
0.46998 -10.9871
-11 5
2.15241 -4.98327
-5.64112 -1.68625
4.96098 -2.36841
-9.54628 1.76948
-4.91152 -0.183886
-0.984956 0.251108
0.189124 9.4844
-6.93765 -3.63615
-11.905 6.41854
4.12711 7.49489
9.09402 2.98229
0.437146 15.9349
3.13086 -3.80874
-16.6929 -11.6336
11.9064 -11.2668
13.0423 -0.296351
-4.87319 -13.1706
-3.39674 0.12341
-10.1876 -8.51388
6.28724 5.05171
7.82122 -0.737632
4.75685 2.23625
-4.44244 -2.26119
3.25599 -1.68086
-4.48528 -15.4142
-1.17254 8.63981
2.55185 0.984817
3.79164 -6.67088
-10.2086 -10.756
-4.02015 -1.63016
2.94459 1.42616
-0.728882 -2.53537
-5.96691 -3.24309
0.633818 -0.515595
-6.33717 0.538875
-1.97177 0.345346
0.525659 -3.67931
-4.79016 1.04536
0.31188 3.93999
5.80671 0.318095
3.42755 1.8332
-4.79816 0.0808867
-0.436238 1.32173
1.94188 1.81737
-1.13609 2.3632
-0.885655 3.45145
0.546302 -3.56303
3.90049 -1.84287
-1.48421 6.8408
3 1
-3.25692 -6.54086
1.04209 -2.04681
4.73655 1.86932
-2.16478 -2.73
2.12151 -0.809051
0.638063 0.0186087
1.03663 0.28954
1.15447 2.37931
3.07799 0.755414
3.38765 2.01701
2.28802 -7.55081
0.00443745 1.83185
1.39002 5.57416
-2.35304 5.92671
-1.465 1.89027
-2.24348 -6.408
2.606 -0.606286
1.17144 -0.714732
-1.65863 -7.06024
-0.215921 -5.6059
-4.8157 7.7548
-1.23049 5.48313
6.27894 -6.38958
-1.77976 -9.11005
5.41421 -9.31371
-0.996102 -4.87446
8.92585 14.5519
-8.21424 -5.34374
3.83384 -4.01698
7.33919 11.7151
-3.21113 14.8379
9.99296 -6.75049
-0.65683 -10.9882
1.20746 -8.84979
-4.17554 8.68978
1.27923 -0.50907
4.25018 5.03064
15.8787 4.10005
-4.33301 3.77178
-0.363174 6.21332
-3.5506 4.10689
-5.22264 6.40497
6.22503 -11.9735
-3.8679 11.8577
0.320752 -0.0086512
-8.71333 3.51698
1.16403 4.36232
-4.52871 5.26667
5.28489 3.51908
-1 -5
5.40134 -0.539564
-7.25885 5.05728
10.5923 -4.03186
-8.29845 -4.22758
5.97205 -6.1107
2.92909 6.63936
4.80022 -10.5879
2.00177 5.02234
5.17755 -4.5001
-1.05754 -6.72503
-0.937931 -2.00816
-8.857 -4.13399
8.47028 10.0352
-7.90936 -3.02614
14.2501 8.01549
8.31091 -8.1391
-0.275434 -10.3967
-11.6805 -13.7055
1.9792 0.0174991
-3.43749 10.6456
-1.02275 -5.69925
-18.0976 -17.4699
25.1976 3.18142
-9.97001 -10.9561
12.4853 -12.5858
-10.7745 -7.90493
4.47994 16.2532
-11.1598 4.96096
-0.188868 -6.92549
29.017 -9.45042
-14.6956 -16.7177
-18.2909 -18.7339
0.858658 9.66644
-48.6553 11.1613
20.3448 30.9028
-0.697344 7.02984
28.5374 -2.20944
3.03199 -8.03414
-10.6901 -65.396
-45.5123 35.8715
-21.5086 -27.8582
2.79823 -21.9994
138.345 217.714
63.0639 -69.9918
285.768 27.9314
314.88 -598.352
-514.357 -861.937
-1090.44 -96.8892
1887.54 -1745.91
