21625 20512
-4523.9 -4004.1
1684.15 -422.354
255.619 75.021
235.123 -981.963
-293.506 -268.936
-122.589 93.4995
67.1335 -175.005
37.1641 -4.89242
-29.015 -63.9557
-70.8215 -7.52253
73.7357 -34.4779
-27.1969 -113.198
-50.7003 -38.0775
-1.72846 -13.4315
38.2587 13.3011
-63.9067 -39.6278
11.2792 -57.343
-30.0565 -13.1432
40.712 -18.0132
-16.9011 -3.5092
-15.6068 -5.77423
-34.6867 -17.6251
1.87517 -6.1934
16.726 -17.7976
-8.48528 -2.75736
8.30456 -10.2551
-2.65506 9.10921
-0.778209 -1.66
0.0673465 -7.00763
2.70828 19.6837
1.47429 -10.574
-7.58052 -0.611144
-6.34328 4.12968
-7.85403 5.36958
1.85737 3.39379
0.403533 -4.27102
-1.88994 7.00018
4.30758 0.564629
7.74884 -0.332442
2.03977 -3.64256
8.09505 -3.75147
-2.81129 4.24469
-2.73082 -6.78879
-7.61485 1.65572
3.01494 2.33577
3.13093 11.0868
-4.25621 4.99571
-1.32758 -10.3783
-1.63015 6.08203
1 8
-3.67782 -0.966928
-1.34484 13.1667
1.263 -3.56302
-8.24718 -2.54841
5.21037 -2.82813
-0.945288 5.06173
-2.46408 1.37669
-2.68644 13.1883
-6.09169 -0.844794
-5.17254 9.06668
6.30645 -5.26099
-2.65955 -1.80575
-3.83364 -7.49119
-6.78353 2.92242
9.20068 0.396339
-7.37668 0.365161
-1.31958 9.32764
5.17661 1.20531
0.635514 -1.39517
1.21471 7.13595
-4.84397 -5.79618
-10.0102 -15.0655
15.7139 -3.77734
-1.76653 1.95445
3.65685 -13.3848
-5.00591 2.26193
-4.11503 3.36094
5.51081 -0.706663
0.164318 -0.201221
-5.48073 -5.9926
-1.97911 -2.58721
-0.0641298 -4.19823
-4.59843 -10.6249
-4.60749 -3.26728
6.94356 8.06727
0.595372 6.44265
-6.07125 -7.0829
6.31702 4.59628
1.37683 7.82736
3.4264 -4.89388
-2.9888 0.21596
-2.36383 1.28283
3.27723 4.46718
-0.619854 0.733615
-3.56333 0.610493
0.8848 2.07305
-1.42148 -4.98821
1.21727 -0.598096
1.56972 -2.75282
5 0
-5.55625 -2.21721
0.954684 -4.12938
0.0923097 -0.0190236
4.73371 2.30788
-1.77847 -0.933553
-4.87612 -1.6946
0.428055 -4.5902
2.18362 0.0972004
-0.543596 -5.07994
0.229586 -0.44757
3.44643 -1.14636
2.92646 2.49726
-2.05587 2.83918
3.27314 -0.752065
0.2084 -2.97224
5.24315 1.33136
-10.4931 3.35484
-0.475962 -2.57829
1.05808 5.66125
-1.22747 4.1385
-4.08889 -4.92347
2.88449 -0.783624
-0.410069 -9.12798
3.49543 3.45525
8.48528 -11.2426
-9.95719 -8.00555
-7.23755 -1.07598
10.6698 -6.73716
8.73914 8.29898
9.05517 9.33483
-14.3816 3.00149
0.131297 6.97684
-6.62318 11.0832
6.95878 -2.22591
9.7181 2.70688
-0.924576 1.65971
-0.903821 6.655
-1.34033 3.02579
-2.51782 -1.39337
-14.2996 0.73169
11.2154 -2.22457
-1.88503 -9.57369
10.0644 8.78324
-8.93485 3.99266
0.619782 12.6062
-5.90894 14.6326
5.66793 6.48359
4.11317 -3.05137
-0.0881374 -0.478669
-3 4
2.63653 1.13389
-2.06663 -1.01141
4.81152 8.84144
-0.47098 -1.04367
6.73327 2.97843
-2.08238 -4.39538
-7.03599 4.15437
9.8816 -0.982051
2.25808 -2.06195
4.66843 8.49666
13.2225 -0.0310337
4.72318 11.6158
7.98528 -1.35082
3.29183 -2.83002
0.962815 -5.18085
-6.04632 0.484224
-5.17886 -5.85375
2.11124 8.68967
2.71834 9.67781
-2.66005 5.08158
20.7367 -2.93643
2.36073 -10.9713
9.43191 0.930376
-3.38171 -0.412408
-7.65685 23.3848
13.1734 0.117661
1.81369 8.30961
15.1476 22.4777
-24.0164 -5.84964
6.37326 -11.2892
24.8366 -27.2414
-49.5571 25.9779
28.5545 36.5667
-64.1952 20.9215
44.5423 5.64525
27.637 -10.0688
39.1491 -7.73789
-18.7 24.5054
-31.0861 -99.433
-61.1526 49.6279
-29.4956 17.5013
-3.03151 -73.7184
150.232 152.249
27.8738 -71.9827
135.577 -87.1904
283.172 -625.331
-637.495 -647.427
-1079.51 -104.765
1764.2 -1687.51
