20004 20039
-3774.42 -5431.1
1706.9 -106.102
437.746 205.128
367.693 -880.61
-150.364 -393.191
-129.125 94.7406
61.0284 -253.156
40.4936 -54.4017
13.6518 -53.4291
-73.176 -22.7345
67.1259 -65.9059
-37.9332 -89.3299
-7.16303 -1.70842
-8.41778 -40.231
26.6216 -63.3587
-32.3853 11.3974
4.47967 -51.5365
-9.1026 -27.3412
13.104 -16.3046
-15.5631 -6.08956
18.7465 8.36916
-21.209 -4.87769
7.04562 1.1918
-13.4358 2.46386
-9.36396 5.94975
1.4551 -1.32147
-4.54267 -13.4659
-4.43232 9.55639
-5.10467 -4.19518
-10.4481 -6.12605
3.7366 0.684098
-8.99512 23.2775
4.22274 5.08123
4.67035 -1.92428
-13.3605 -8.67602
-10.3123 7.20544
-8.39254 -6.66966
-2.48129 5.6233
1.15494 0.555611
-9.35936 10.0804
17.393 7.22415
8.09504 -10.3182
-2.62282 -9.21975
-2.4392 2.20274
11.1722 11.5064
1.0429 0.0547153
0.19202 4.07958
-1.60748 12.589
0.831201 -10.0022
-3 6
-3.7546 -8.04669
-2.35302 3.97907
-3.33886 6.60604
6.4593 -8.98351
-5.2951 0.57927
-4.1634 -1.54668
2.63181 -10.9936
5.42799 -1.58328
5.73187 3.82871
0.0137401 -8.90888
1.32898 -8.45523
-8.87314 -5.00134
-5.55759 -5.66599
2.21332 3.11866
-0.472003 3.00964
-11.2247 11.0621
-2.46097 -2.14618
-5.7996 5.48555
1.54362 9.53119
5.58587 1.65391
0.616067 4.93563
-9.03048 0.292857
-15.5236 -13.634
10.789 0.468119
7.84924 5.94975
11.5039 -11.366
0.641705 -9.63315
-10.1104 3.88278
1.2491 -6.90456
2.91189 -5.94772
-3.1011 3.03687
1.7057 -1.01009
2.99707 4.15558
4.50715 -9.99771
-2.18741 -2.49684
-4.03574 -7.71568
5.41177 -3.71686
-7.69233 2.6704
-2.75161 5.20592
-6.36502 0.262367
0.232975 1.30797
-3.38378 4.02975
-2.60653 2.53521
2.09144 1.57903
-0.393125 -3.14725
1.21615 -3.34923
3.35133 5.69219
3.92876 7.37127
-5.53353 -2.37017
-6 7
-1.10813 1.05992
3.75114 -5.03648
-0.132271 7.13978
3.3128 1.13632
-0.81186 3.57876
4.18779 3.95242
-0.520056 -6.72365
-2.27578 -0.0536886
0.0579915 -2.58692
-5.06458 6.40357
-7.63106 0.125081
-2.54071 2.21978
3.54889 1.51514
5.88637 1.33603
0.923829 1.82513
5.18426 -3.62016
0.205731 -4.67169
-8.67599 1.44185
4.3185 -0.846905
10.4143 8.09362
3.3246 3.24158
-3.07265 0.341822
5.7696 -2.89357
7.18211 -3.30796
3.36396 -3.94975
-4.36692 -3.73963
4.26221 -4.1058
1.44036 -1.8941
11.1531 18.4497
-9.24166 -6.22915
-0.71796 8.31121
-0.939204 10.4477
3.29616 -1.65037
-8.90108 -8.3411
-4.79481 3.30783
6.20779 4.60983
-6.16834 1.21105
4.78727 3.57913
-6.56588 5.84754
5.54857 2.05477
3.4541 -1.05691
2.87601 -6.39645
4.78005 2.7274
3.91775 4.1946
-3.5501 9.15162
0.94267 9.73458
-2.00916 6.31101
1.57161 3.66166
0.373015 -3.25743
1 0
-9.16255 3.75125
1.88418 -6.22699
3.34437 1.63472
3.57667 -0.202712
-2.65193 -0.741775
16.8985 6.66869
3.90646 1.13371
6.21711 4.25076
-2.44662 3.49713
7.03312 -1.22629
-4.18108 -9.14571
-0.762509 -7.39641
-7.85372 11.1832
-3.40653 -0.803562
-0.623941 -5.21396
4.35812 -5.75756
-21.5193 -0.736007
9.38571 -12.2478
4.5304 -8.75546
-3.21732 -7.29872
-20.9469 10.2542
23.3134 -6.6401
7.94162 -8.70054
-14.5314 -17.0974
-21.8492 -3.94975
11.328 -6.23765
0.452892 8.54192
-8.82117 -12.2626
23.978 -14.0294
1.00084 5.94366
34.2811 -19.3657
-31.7304 -5.66611
-12.1328 36.7834
9.70664 6.57354
2.83753 51.6555
52.7841 5.91547
6.24861 18.5399
21.4772 -28.857
25.3043 -20.2808
-116.073 -1.93143
9.89857 20.8519
98.7443 11.3603
7.88676 159.872
137.85 -94.2989
142.95 48.2115
553.944 -468.651
-348.027 -949.114
-1024.34 -542.729
2369.48 -624.952
