20170 20079
2719.45 -5894.74
-1562.05 1139.62
61.6635 -399.783
-174.874 -1012.47
142.099 -401.702
17.6101 -71.4323
-198.49 52.208
26.8742 -45.905
8.31274 -98.6335
31.4487 -22.2301
-111.09 -30.2399
-54.1243 -101.377
-13.6617 -15.8258
25.7654 3.18363
-10.6313 -2.42379
-64.764 -19.6996
16.9746 -25.5157
-14.9874 -2.64802
-13.3728 15.4265
-24.8284 -18.6698
0.301575 -19.4869
19.3101 -3.06161
-12.8353 -10.9814
-16.3061 -8.5753
-20.7279 26.3137
19.3436 -3.22844
-8.31306 14.063
2.37079 -14.1726
-11.1238 -7.2934
-15.0318 22.0975
-0.166217 19.306
-0.512523 -14.6707
6.72539 -11.9855
-12.648 -5.06991
-3.67327 0.138605
-3.28219 11.2776
4.65855 1.67934
-1.87146 7.67171
3.1181 8.03444
-2.26716 -6.75268
-6.13699 2.07994
2.44165 3.17205
5.17212 1.81492
-2.22314 -1.5484
4.06642 7.16258
-5.20711 -1.06371
0.248322 -3.95315
1.79197 12.2039
-7.8211 -9.55925
-6 3
3.52589 -0.433188
1.41255 -0.371164
14.2691 -4.6131
-3.7215 2.96795
-7.71896 6.72926
-3.82351 4.75934
16.4056 -1.08484
-1.4007 1.16879
7.33144 -19.3152
-6.15794 11.6738
-2.91602 -6.78938
-8.55654 -10.5198
6.62364 -12.0371
-2.82919 -9.76181
-3.89061 4.43496
-5.26263 -2.49388
1.43155 3.31547
4.1355 -1.96916
-1.7028 -2.90299
-4.92567 -2.04991
8.18024 1.00077
2.50457 -0.443362
-2.53416 5.67704
-4.67961 -1.3188
-1.17157 -4.41421
2.23922 0.913514
-0.976234 1.05487
-0.698936 -3.86436
-4.49555 2.12566
3.88931 9.21789
-3.10299 9.04621
-3.61588 3.57673
-1.7324 -0.715051
5.4404 -1.34528
8.0864 -8.00447
-4.14683 2.05546
-5.62124 3.15746
-0.476939 -4.80345
2.01698 2.90077
1.67592 6.19563
-0.917779 -8.25207
3.02631 -0.828286
-5.27191 -6.17301
3.00245 0.0316149
-11.146 0.164857
-6.51948 2.05088
-0.14663 -3.53165
4.60729 -2.67279
-3.0718 3.24459
0 1
4.05405 4.39378
2.90731 -0.114143
-2.00578 3.32665
-12.9961 -4.13688
0.52928 -0.637486
3.91266 -3.42618
-2.23158 -2.35777
-1.73244 -4.58109
0.181087 8.50833
-1.63109 1.73934
-1.80605 0.941241
2.77357 -9.51795
-1.18707 -8.4283
2.67473 9.27553
-2.82365 2.03525
8.95838 1.52339
-0.449605 7.7917
5.0592 -3.44677
-5.16763 1.34796
0.256593 -1.74576
1.89006 3.44677
-0.84465 1.92072
-0.035635 -1.7376
-5.61175 -1.79235
4.72792 3.68629
-0.359439 0.603186
-4.82627 -4.23319
-1.30998 3.89715
5.67572 -3.7805
5.63799 4.78662
2.58041 -0.9409
1.09711 4.23442
-0.0370435 -3.91233
-1.73219 5.12528
0.570959 2.72206
-2.91841 4.15895
-7.58268 -4.72752
-5.38026 -3.22681
-1.80679 -1.16962
12.1367 -1.25743
-3.59654 -5.58543
-3.67126 -4.62079
-0.845826 27.7567
10.6623 -8.84092
-2.66847 7.34748
9.22827 13.9501
6.26017 2.45804
-0.852546 1.05106
-4.76785 -1.33655
-4 5
-4.44388 9.37889
-0.871791 -1.44824
5.79492 11.8305
-14.0371 9.14749
11.9447 -3.08341
-7.91376 -3.11399
2.63385 1.85571
-1.09036 0.665989
3.71143 1.81638
13.1213 5.28054
4.9702 -11.0274
-11.4711 -7.71724
-11.1172 4.78063
3.12993 1.88118
3.55065 5.26139
-5.46294 5.13037
7.12027 0.4237
-3.67901 14.3505
-5.03204 -0.311154
-12.7626 8.24782
-1.38481 5.38266
14.6601 -24.5359
-5.4086 -21.1116
5.68597 2.11174
-6.82843 -1.58579
19.0483 -2.60227
-3.63479 11.9684
10.2532 -23.1635
-39.8428 -7.67389
-16.1503 2.25342
6.6088 -18.7241
15.9962 13.4648
42.9676 7.58983
-13.9965 7.36896
-15.7728 -13.8622
-37.7742 32.5183
-39.5632 -44.0628
-14.9932 6.63267
50.7757 -37.3101
75.5885 -86.7869
-12.6989 53.0194
57.3487 -78.3842
-159.976 104.678
-123.306 65.6207
-188.522 -10.2828
129.137 -629.409
655.371 -782.526
1066.18 -259.888
-1952.05 -1284.03
