21943 20529
3656.14 -4865.82
-2004.16 517.866
111.871 -365.388
130.561 -932.115
223.954 -227.614
1.2855 3.26024
-133.946 -115.339
52.844 -15.1674
49.0738 -51.7526
44.4738 -44.1417
-95.2615 -109.085
-33.0537 -71.3092
20.6455 -21.8016
-20.079 3.89728
-28.6463 -42.7916
-12.2036 -69.6019
1.27057 21.0329
-13.9785 -16.8995
-17.7036 -26.5841
9.21847 -0.047781
6.73706 24.5513
7.45885 -25.7677
-26.9827 -27.0303
-28.9585 5.2009
0.12132 -22.1924
-3.25839 14.0961
-14.0811 -9.62495
16.199 -0.988989
1.6823 -0.265039
-8.63016 -7.1887
11.9484 -1.59442
-3.0121 11.4553
-8.31443 -7.56564
5.80168 2.50528
-12.0003 1.87282
3.08314 -5.40012
-2.972 0.576568
0.608989 0.84828
-3.8471 6.25508
-5.70489 8.13371
1.98562 -3.98836
1.06501 -0.749873
-0.490222 2.66427
3.30483 4.15629
7.20119 1.95952
0.386263 -0.721341
2.32842 0.315841
2.92494 -12.5679
0.951382 -6.20671
2 4
-5.45254 -6.6784
4.96941 4.66335
1.4544 -9.0682
0.0332809 4.61151
-12.7289 3.31383
-3.93831 8.26485
6.63981 -2.26245
0.633129 2.40132
12.0408 -2.6353
-3.36978 14.8691
3.60044 -1.0633
1.74811 -2.34758
5.1129 0.25578
-2.92619 -5.53899
-8.65281 -5.74163
-0.876915 2.31304
-1.28848 11.3928
-3.51617 11.993
-6.17179 -3.24983
7.9088 1.66084
-8.90456 -1.75732
11.7349 -14.1761
-12.0373 -2.95475
-2.41623 -7.65528
5.63604 -7.6066
0.797274 -6.51593
-5.75289 -2.58629
-12.8088 -2.45325
-8.05545 6.75259
-7.54837 0.0175986
14.766 0.610064
-5.49127 0.870477
4.73761 -2.35721
-2.11221 -0.25918
-1.46212 7.48585
6.4718 0.164406
0.420533 -2.09843
-2.22547 5.56812
-1.49302 -3.86033
0.831177 -8.10754
3.43327 -0.844071
2.20045 2.96732
2.51757 -2.47531
-3.91287 -11.4045
-4.67613 0.398851
2.47205 5.15099
-0.0162382 2.65911
-2.99379 -1.8368
-7.61694 7.46941
3 -1
-7.93393 -3.05787
-4.90506 -0.273537
3.55697 1.27723
5.6857 6.23572
2.13912 -1.90163
0.900222 3.09956
6.27265 4.45054
-3.08087 2.32733
1.53911 -0.746107
2.44868 8.42986
2.56014 3.95723
0.233601 -2.68168
-4.42122 3.71035
-5.79152 5.73871
8.30005 7.82234
0.518149 4.46512
7.27088 -4.60136
-1.64841 -5.09938
6.7995 -3.04688
-5.92377 7.45454
3.23008 -11.4807
-11.1815 5.08936
1.60465 4.01418
-0.0506873 -5.47719
-4.12132 -3.80761
7.12977 -4.1056
9.81747 0.712066
-0.226309 -6.22919
-4.72225 -3.33883
-11.6242 14.7452
13.6051 -0.424927
5.53736 -5.2155
-0.892858 11.1641
-13.6393 1.00252
-4.27962 0.221102
-3.68699 1.95852
-1.8361 4.03398
-0.754559 -0.788293
12.9923 7.0495
14.3698 -3.98054
8.22628 -2.73944
-6.8173 -0.998611
0.361568 5.69877
12.841 -3.86574
-4.36634 12.0449
6.39621 3.80943
6.9857 -0.750425
0.945765 -3.80822
-9.71424 3.44362
-8 0
4.3491 5.65875
7.37287 4.84787
-3.31484 8.97166
-1.58367 7.4638
1.13051 -1.38484
9.27347 2.539
-7.46184 4.90181
4.83699 -5.22335
13.21 -5.87667
1.17702 -9.60585
5.74405 -0.731739
-7.23527 2.63695
3.4764 -4.73594
6.1058 -2.14079
-6.8281 2.37512
3.46501 -21.1498
-4.93927 -5.23213
-5.1127 -7.5451
11.3424 15.3815
-5.68079 13.5041
-1.03878 -5.66878
7.42395 -2.35019
-7.4501 2.02943
-9.42797 -13.9235
18.364 13.6066
-21.5515 12.1998
-10.9239 29.2681
-3.13712 15.4677
-1.21711 -31.0051
1.78153 -24.8408
3.30182 11.9238
32.4637 8.42033
16.3218 -35.263
25.6351 45.1681
-17.985 17.3923
-46.7894 -11.522
-34.6964 -29.5682
-41.9615 4.17264
48.4258 -37.4977
86.2727 -22.902
52.3481 65.1761
-12.9025 -103.676
-70.2019 193.537
-110.143 1.09366
-141.099 -75.4524
217.855 -536.703
819.09 -718.682
1102.35 -83.7364
-1570.63 -1390.51
