18692 19496
-2536.86 -5894.68
1428.86 -79.9705
189.324 282.191
408.65 -568.253
151.366 -543.109
-393.726 -0.67786
45.1249 -185.784
46.8418 -89.2276
-70.6662 -12.3949
-54.1995 -71.5321
-64.4527 26.175
67.9219 -41.361
-58.8468 -59.0616
-32.2403 -48.3578
-7.38263 30.2682
-0.747227 -4.35834
-39.462 -16.8087
-1.38918 -20.3012
-33.3805 21.4823
1.24852 -18.2187
-9.0313 4.41713
-1.76503 14.598
-0.197731 0.125082
-4.78253 26.4179
6.82843 -2.82843
-13.8775 13.0371
2.83189 -14.4533
0.851485 -4.9495
-4.60673 -5.86407
-5.00102 0.2208
10.893 0.1018
8.58935 3.53889
-4.83826 -9.50201
-12.4775 4.74339
-10.2475 -13.2745
3.85103 -0.928489
3.77384 -1.33394
1.27793 -7.06429
0.514545 0.191459
-4.26867 9.19624
6.73003 -3.82175
3.7315 4.23256
-6.33692 -9.10149
4.24471 6.15928
1.96213 3.43021
8.70948 -4.62609
3.66569 -4.60676
-9.47648 3.08347
0.915139 3.88752
0 -10
-8.75587 -11.0703
0.868667 1.57314
-4.40216 -0.911296
8.21548 5.05486
-2.72358 -1.17804
1.39823 -9.09929
2.14474 -6.48586
0.100615 -4.36572
-5.71738 -4.88609
5.32916 -2.04267
5.3078 -2.92841
-0.56449 4.56055
-1.21788 2.35955
-7.24105 7.87101
2.12173 2.53064
2.2975 -7.31722
1.06594 -9.9732
-11.5127 6.72081
-2.58621 -1.93233
0.215802 0.710317
-9.41644 3.61574
-2.87113 2.21557
4.80332 4.4328
-4.64457 3.65837
5.41421 -7.41421
4.23459 -6.74769
6.34739 4.78622
-3.75672 -0.146165
-5.06736 7.21469
-1.58247 4.75123
5.42779 0.377777
-13.6612 7.33184
1.55976 -3.15021
-9.48662 -21.9014
-0.85842 -0.315255
8.62087 6.25895
11.835 -10.8595
0.927128 -5.22826
-4.67345 -1.575
4.2765 -3.71709
-0.682809 0.76202
-2.029 2.42553
6.15524 -7.0103
1.79796 3.26211
0.0904511 -6.84498
-5.68642 -2.26222
-1.66967 -3.07474
-8.68716 -3.63144
2.16531 4.69701
-2 -2
-1.82053 6.36239
-8.74233 8.68582
-5.64291 -1.97141
1.15038 3.69847
-2.37777 -0.436497
-0.54423 -5.81564
-0.942114 2.9373
1.72854 -1.33048
0.421612 2.69425
-4.74725 4.41095
8.35861 -6.27251
6.53569 1.96868
-0.0143027 -19.1721
-0.664624 -4.39498
0.766777 -9.40856
1.583 -4.53718
0.890418 1.62054
11.0533 19.1055
-6.74076 -6.46708
-3.03556 -2.75123
-2.3917 9.30932
-2.60947 9.82014
13.3819 2.20216
5.0724 15.7409
1.17157 2.82843
2.33527 -6.36834
-3.90947 -2.61192
6.03013 -11.8784
-5.3154 -2.8222
0.559339 5.18002
-5.41874 1.1436
3.66941 2.65296
4.67888 12.2286
4.57556 10.4232
1.86649 1.98522
-2.03152 -3.27802
-5.48296 -2.57283
3.61639 6.43395
2.09892 -0.434754
1.52494 7.63941
4.91028 -2.46186
-0.788695 -1.03609
2.41251 -2.88659
-7.64202 9.37628
-0.228829 3.49571
6.20437 -4.5272
5.94053 -15.0669
-3.96467 -13.9785
-4.51171 -8.59153
6 0
4.07004 -1.50953
7.90298 3.22592
-0.57053 5.4237
6.2678 -1.05469
1.67682 1.611
5.09491 1.42878
-4.76265 -2.64176
1.45001 0.961997
1.06164 1.65347
1.8867 -7.19624
2.63307 3.2283
7.19173 -16.8227
-6.29328 -1.61442
-9.19301 22.8812
-1.2147 0.536481
2.67765 2.00116
-16.5544 11.9902
-3.15399 4.84174
-1.95139 19.7547
14.3636 0.0692012
-11.8269 3.26615
14.8649 -7.17049
-21.8308 4.45129
7.91988 9.55455
2.58579 -4.58579
13.459 -14.6934
5.37335 4.14945
-2.51329 -12.7269
18.1387 7.34859
-1.10262 -25.3781
-22.1805 -41.7217
-22.4673 46.6537
-12.6713 -18.2189
8.13129 43.2375
61.23 -16.1319
-21.0198 1.66606
27.6885 6.26426
11.7405 -56.0163
-18.6885 -21.6054
-51.4675 54.6579
0.520184 -82.7783
57.6664 155.55
54.2441 180.294
133.818 -109.995
307.953 118.842
396.81 -617.408
-257.595 -538.447
-714.582 -422.844
2702.57 -652.004
