15978 21289
2413.88 -5816.72
-1568.48 1157.74
75.2955 -456.825
-127.616 -849.762
203.412 -388.716
20.1772 -64.8926
-145.358 -25.6382
-1.32354 -2.85043
46.8534 -85.5496
20.1573 -20.1832
-77.4525 -54.5808
-20.8525 -94.919
-6.33706 -9.94511
31.5938 -7.42962
-31.9227 -24.8771
-28.0145 -0.944101
23.6066 -16.3646
-2.00563 15.0587
-23.6843 16.0105
-5.70733 -28.2048
11.3043 -23.0279
-5.24992 -3.21923
4.63052 -20.4295
-5.93828 -21.4168
4.82843 -8.07107
-6.95747 -5.33357
-21.0062 0.456042
-10.0639 -15.449
8.89875 -1.62565
5.4938 -0.263745
-2.41086 0.16705
-7.07629 -3.11374
5.28109 7.37847
4.71752 -7.06451
5.87199 -2.36147
-4.61546 -8.71575
0.182702 0.807374
-5.25836 -6.55466
6.52002 -0.0142812
-2.60137 3.82115
6.38299 0.506164
-2.86351 0.306164
3.7537 -0.763508
5.50781 -4.2638
7.84273 -10.0402
-10.4019 -2.99975
-10.098 -3.91845
2.32799 -5.17828
5.5479 -3.2021
-2 1
-5.50534 -10.6421
-1.24404 4.82403
-0.767291 -3.40641
3.18281 9.13864
-1.65142 -0.514115
0.864345 -3.30334
5.93642 -8.0555
3.00033 8.71149
3.79596 3.41328
-5.12517 10.4434
-3.9707 -2.43335
-4.12026 8.36858
2.01773 8.18207
-1.92914 4.61978
2.63653 4.72119
4.46833 -3.56896
-6.53352 -6.69674
-4.21291 1.84105
-3.62401 11.5347
1.49304 5.25561
3.45328 2.27817
-0.352765 -1.53497
4.18233 4.4167
5.48536 14.583
-6.24264 14.6569
-8.52182 0.359198
3.07665 6.19425
2.39442 3.83598
6.0592 -18.1138
-4.37036 10.0341
-1.8192 -2.08612
0.137832 -10.3223
7.44333 -3.55379
0.993769 -2.36491
-6.26883 2.66305
-1.41543 -5.36562
4.07237 -13.799
-0.700327 1.55991
-3.975 -7.09161
-6.92127 -2.61516
-3.08965 -2.3587
6.71724 -2.96071
2.9757 1.48417
-4.29372 4.29072
4.41572 -4.3551
5.2671 5.19355
-1.59183 6.06859
2.36381 5.29336
-12.9483 2.11765
0 3
-2.09384 -0.375098
-2.30895 -3.71721
1.55647 -1.50711
1.38846 -7.33705
7.80241 9.05533
-3.62027 -9.21473
0.312159 -3.48853
2.50738 1.11095
0.45193 -0.0776206
-8.5159 5.01488
0.0785944 6.10568
1.65624 -7.75226
0.0785545 15.0962
0.0712516 1.85322
-1.76796 3.01574
-3.70162 11.5884
4.12249 4.18154
-0.977295 -9.95536
2.3956 -3.83036
9.84249 -0.652085
-7.67401 1.86737
2.17173 -0.740315
-4.00785 18.4196
2.1903 -1.10239
-0.828427 6.07107
8.58161 -0.749097
-3.88794 3.9992
-1.67046 10.7299
0.990465 -5.1998
-1.35713 3.69936
4.8093 -6.41998
-1.53071 7.86737
4.93117 0.570691
-3.22648 2.49083
-6.51568 -3.59688
-2.58265 1.78702
6.35238 -7.07965
3.8297 -7.39736
-5.82895 0.542925
-5.40269 -2.93686
-0.184805 -0.410369
6.94333 5.52412
8.34191 9.01706
4.61455 -0.301663
-0.309963 -2.78093
-0.119281 1.03289
-4.44025 6.7122
1.15028 2.50687
-0.537265 6.55741
0 3
2.10433 -5.14646
0.573118 1.24155
1.76573 1.36006
-0.444101 4.50064
-8.41978 -3.20378
6.40822 -1.34042
-3.51807 13.1986
16.1908 2.72322
2.1334 -0.912248
-0.870768 7.79689
7.72265 6.09538
-4.09229 5.37638
0.807569 -2.8542
7.77455 -3.28446
1.90805 -5.03851
-1.79142 5.54487
-8.83286 17.3936
15.7303 0.403299
7.66149 10.5384
10.1211 -1.90098
-6.85629 1.48143
-7.04169 7.42949
-16.6857 3.98904
-0.0709095 -7.15102
2.24264 3.34315
10.5911 2.78885
0.795852 25.5905
-2.69593 18.3611
2.40595 2.53752
-13.7648 -2.30177
-13.4771 -23.5903
11.0476 -33.0277
43.5014 -5.04019
3.37828 -36.0862
-21.0234 12.1364
-36.0314 25.671
-48.0746 6.30174
-35.9865 2.11036
47.7116 13.3656
91.5291 -123.007
-23.3437 3.20925
23.1964 -48.505
-60.062 91.5919
-93.938 130.155
-136.01 -42.1073
-127.863 -635.475
555.624 -736.156
974.003 -511.855
-2142.13 -901.812
