17187 19889
-4064.19 -4671.89
1717.33 -366.952
303.422 262.588
123.187 -879.213
-315.389 -309.952
-99.2401 73.3921
-5.40031 -175.009
74.0312 -21.026
-69.9614 -52.3776
-34.8199 70.2839
41.9338 -101.794
-74.2612 -72.3062
-45.0965 1.01589
-52.9845 -23.4733
-21.591 -18.5764
1.90365 -7.71992
-27.5829 -34.0676
10.1082 -18.0332
14.6384 -2.64941
-16.2308 -9.8215
-7.48396 0.506076
-8.92323 17.2593
9.19322 -16.6955
-17.2889 19.6876
8.89949 3
-7.18666 4.51344
-18.4941 1.29654
0.786864 5.35269
6.44738 -8.07977
-7.11274 2.59806
-0.486358 0.323108
9.64267 -10.218
-7.13303 -6.13724
5.50375 2.16423
7.30113 0.516801
10.7665 10.1177
-1.11617 -1.89803
5.24591 -7.53856
1.89381 -7.32749
8.52764 6.3867
6.18986 -0.0646166
1.66685 2.16932
-3.91192 14.4621
6.08338 -2.17538
0.136978 7.93415
1.78705 3.34681
2.52927 -7.17153
-2.48501 4.18294
-1.94572 -3.49003
-1 -1
-8.84242 -8.10867
-5.0556 0.161114
1.45452 6.56937
-1.90528 4.85926
3.68693 4.30324
2.92633 0.559801
-4.68101 -7.5607
-4.15034 -6.18794
-6.68148 -4.36722
3.3004 0.125729
-2.73879 5.5737
-7.23356 0.0564621
-5.76141 -5.22501
-6.35159 -2.03487
-0.387935 5.95515
8.98874 6.0426
-6.63516 -5.72487
0.599241 1.19343
10.3872 -5.83387
-0.311803 -2.76525
2.49021 -7.69272
-3.95766 1.77231
3.43686 4.62737
2.58165 -2.54368
-8.75736 2.31371
3.95743 3.03482
-6.60004 1.02598
-0.826027 -2.49552
1.27506 2.13648
-6.3238 1.46444
6.01469 -0.932735
-3.63256 10.8121
-3.91158 14.2819
6.23384 1.42014
-7.6307 1.04762
-3.55095 -6.1156
-7.57007 -15.9347
10.4529 -3.62621
4.60307 5.52637
-4.21456 -1.50685
-1.77457 -5.05109
-5.18475 4.39599
-1.18063 -3.34101
-1.9118 0.670119
1.31805 -3.26736
-2.40562 0.335561
-1.61114 -6.8787
-5.66238 -3.2118
1.40311 2.69176
3 -3
3.56368 0.149675
-3.87984 2.24936
-1.64856 -2.87912
-5.17758 3.16565
9.41988 1.59876
-0.760722 -4.10134
-11.6948 3.72319
0.0729616 1.92918
3.34228 0.761394
2.62676 -12.1158
1.11009 -5.06862
-7.68701 -8.16792
-1.3973 -3.44968
-4.28342 6.55324
17.7882 18.7302
-17.6742 0.367928
4.10637 -6.30517
-7.47475 11.1326
-1.74205 0.489898
8.61559 2.91753
7.64823 4.85738
-4.54326 -1.96954
0.676553 5.50299
0.743694 -2.09828
-10.8995 3
5.56036 7.93286
4.74303 -0.772177
0.540324 5.25579
9.14973 3.63883
-2.09685 1.39911
0.772428 7.54714
2.8104 4.00404
2.38928 -3.08154
4.90055 -1.80726
-1.27539 -1.39202
3.40609 -0.355627
-2.20605 -0.0937439
-5.36374 -12.5314
-4.90263 -0.567726
2.29635 -1.32736
-0.540045 -4.24668
-5.49021 6.69629
5.99383 11.0872
4.50526 -2.56897
3.19612 -3.04983
-10.2304 5.50638
-3.34538 1.20157
-2.21972 -1.17406
-2.06145 7.62983
-9 -1
2.73295 1.08844
0.292564 -7.18883
-1.79163 3.82206
-4.80798 -9.74188
-1.37945 0.945606
6.80115 -0.543803
7.98122 -13.4549
5.79621 1.29688
-3.81269 -12.2218
7.18056 0.231333
-3.22347 4.43479
4.24757 10.0613
-3.32444 3.79454
2.05189 -0.0107178
9.68339 -3.19975
7.48227 -3.19147
-3.2249 -2.79055
-5.53622 -13.4311
-11.7954 6.83904
-7.8687 -4.1762
6.25944 13.7373
8.82282 -1.51317
9.50839 6.3736
-5.56332 -7.45763
-17.2426 -20.3137
-10.4347 14.9873
0.693087 28.2913
-2.37991 -3.49362
30.6703 14.6084
-27.366 -15.9769
54.0115 23.1782
-13.5966 -14.9948
-39.5993 18.6096
-7.43552 29.8451
-27.0285 23.666
27.8188 21.3721
-28.8244 11.7543
8.66961 -14.7636
36.6423 -29.1951
-106.202 -41.717
30.6502 -34.0721
56.0588 -3.45467
2.20302 142.393
124.752 -5.42881
70.1516 86.7399
407.808 -478.179
-235.44 -974.832
-1048.19 -356.818
1909.2 -989.801
