19837 20257
-3375.3 -5583.51
1910.11 67.7606
279.14 202.782
271.176 -992.28
-294.561 -264.941
-22.0558 -2.10861
91.7729 -240.307
13.4123 -20.1103
-38.2323 -37.8712
13.1948 3.5744
42.6455 -135.995
-27.6383 -40.7686
-23.1781 -4.79459
15.9728 -11.7854
-30.981 3.60489
-59.0021 -6.04394
-12.5404 -51.2944
-7.40226 -13.0569
-37.335 -44.347
2.91263 -3.52
23.0561 -45.0629
4.725 -4.80214
-8.64089 -2.80347
8.1397 18.626
-2.53553 0.949747
-19.898 -12.7731
-13.9335 -16.1583
-2.50855 -8.98847
-7.20499 -3.00868
8.469 -3.49928
-8.07599 14.8258
3.89217 5.36302
-4.17344 -0.137894
-0.557791 -5.58254
-10.506 18.7165
-5.56719 2.61966
-5.35765 -4.22049
4.28735 -8.86245
-7.56748 -4.30723
-2.6311 -0.778192
-1.20326 -4.25908
3.65967 -14.7744
-2.49736 9.65884
-2.04584 7.08061
-3.46148 1.88277
-9.76673 1.73808
3.22508 1.9359
-0.0558217 7.06792
5.32168 -12.5012
2 -8
6.41285 0.90615
6.94796 -7.86335
-0.27608 6.4542
-10.9851 -0.125224
-2.48858 -9.21458
4.61672 1.93482
5.31994 1.87413
-13.1584 5.58951
-3.3135 12.7049
7.81793 5.89692
-4.19285 -5.83721
-5.44998 -1.24614
-10.2626 -9.88384
4.7423 -4.91356
2.29812 5.12177
6.84075 15.0991
-1.40551 0.846371
-11.5811 1.47507
3.00556 -4.64247
-7.58045 -17.6466
13.3272 6.86072
10.6173 1.55061
0.270361 -13.2
-2.03671 -8.76064
-1.70711 -3.63604
-1.52624 -2.26071
1.64138 6.0184
-7.30169 -8.45441
-2.1257 1.79014
-2.10758 8.73128
7.81145 -3.50959
-0.825566 0.781039
-7.16756 -2.3879
0.472357 -2.83525
-1.91958 -6.97657
-8.95442 -0.578919
-3.47667 -1.65409
-3.05967 -1.89254
1.21449 -2.70921
1.33308 -0.956367
-1.48089 2.95002
0.694597 -0.285144
-3.58873 2.7865
-0.939208 4.21165
2.09897 -9.62588
-0.714695 -3.25227
-3.00478 -1.64148
2.69757 5.05706
0.40506 -4.41543
-3 -1
-2.99409 3.03848
5.9686 -1.20006
-0.148841 -2.37801
3.01249 2.95038
-2.37004 10.0541
-1.35456 7.31514
1.81494 0.35986
-4.55045 -0.46898
2.9969 -0.0878547
-0.65577 2.27367
3.56661 -1.68165
-0.659495 1.44344
-2.09442 -2.07882
-2.41926 -3.06372
-2.07801 6.15029
-4.75755 8.53923
2.47403 1.06512
4.34562 0.324145
-3.35654 -4.71424
5.05185 1.12282
-1.28182 -3.04243
1.86431 5.21544
-2.81587 -3.23041
-2.38312 11.1239
4.53553 -8.94975
7.41737 3.69603
9.42164 -7.88716
7.77107 -7.01939
-9.62227 -9.74637
10.6993 -2.52343
-5.45483 -8.17168
17.0693 20.9018
-11.0502 -8.98324
6.01487 -7.22088
4.84367 7.70866
5.18604 10.5389
0.225547 1.87377
-3.33081 -3.73548
-2.1857 12.0007
-2.7622 2.3047
-0.841584 1.48223
-4.15064 2.0458
6.54256 -1.29729
8.70966 -5.00036
-3.18812 9.02078
2.44022 3.38066
-0.818727 -8.54976
2.29006 9.08738
6.83159 5.23381
4 4
3.03824 -3.6333
2.1869 -1.11306
7.61171 -2.04935
2.4351 -13.3846
-9.53197 8.34445
-2.33627 2.32018
17.7063 -0.70153
0.926804 6.31807
-8.43523 4.08514
-12.3132 3.92409
4.79845 -4.8828
5.92423 -2.99054
-8.73582 -4.08011
1.91936 9.03541
9.59162 -19.2563
-0.750984 -11.583
4.58119 6.03927
-6.35468 1.77188
-5.30647 -6.8097
12.7729 2.9054
-11.8925 -9.61044
2.67044 9.05229
-5.5231 4.28176
1.7116 -7.46468
-0.292893 -16.364
13.7184 -1.43361
26.3383 -8.54208
-21.4623 5.60459
20.172 31.0594
20.0316 36.3184
-17.2306 3.49456
17.5549 -19.9199
-40.3503 -23.0341
-45.9414 3.22473
-18.3897 23.0948
59.4454 21.8561
41.1318 -2.56002
-1.33705 -19.1331
56.0442 -33.6405
-34.2328 -30.1278
-106.612 -28.8795
104.783 -48.6927
5.07518 137.864
212.03 -4.53726
60.6429 24.3157
587.992 -321.352
-83.5461 -1116.7
-993.57 -587.982
2010.89 -616.838
