19192 19799
-4802.18 -4812.41
1848.03 -508.036
372.719 239.637
224.142 -1023.76
-358.96 -306.413
-63.0246 52.8128
79.3622 -189.704
62.7636 -25.7199
-31.4903 -79.2432
-89.0736 17.1749
39.1724 -72.3548
-11.2938 -156.26
-63.4196 -9.66308
21.1088 -51.1563
-10.8459 33.324
14.3699 -46.2286
-11.1633 -35.7062
-13.627 31.0164
13.8308 -2.35272
-13.2739 -19.7609
-8.33373 -19.1121
-4.04693 10.5528
-16.0853 4.47236
11.1011 -12.1687
-13.9497 -0.292893
-0.385678 5.28499
-18.9741 12.0259
-2.5126 4.63865
-5.89815 -3.07569
-1.09595 9.50157
5.72698 -8.48936
-3.04839 4.32455
-8.94707 -14.9888
-13.2188 11.8697
-1.21826 2.85045
-0.0406467 -9.47831
-2.73006 -10.4252
-16.4748 4.82263
9.27813 3.38525
-4.82536 -11.0516
-6.11685 5.20722
1.8321 5.69902
0.698434 -0.286794
-3.39133 12.9802
6.9177 -5.55245
-5.87931 7.95169
3.93193 2.12652
-24.1896 -3.81806
11.8542 -1.67541
5 4
12.3662 -4.63374
-3.93559 -6.84162
2.4111 0.99031
0.630004 -0.737115
8.08475 -7.41927
1.378 -0.17728
-1.52612 -2.30809
2.55031 -3.04614
-2.58552 -9.55478
1.02468 6.47281
-8.77249 -1.66322
-5.33361 2.96396
0.670098 3.08191
5.52619 1.56093
4.75976 -6.18894
-5.26501 4.47538
-3.45252 -1.68231
-6.10138 -3.83086
7.53806 2.39037
5.01893 2.55415
4.59804 -5.13774
-2.86946 3.31102
-2.74123 -1.87098
-2.25655 4.27762
3.36396 2.29289
1.29901 -4.25773
9.66444 -2.91501
6.40647 3.63439
1.08516 -2.80476
-2.28466 8.3024
0.546819 -1.08462
5.11682 3.12818
5.67745 -2.13836
-4.91985 -2.67866
-7.44044 2.08906
-0.127907 -0.198963
0.853327 0.370454
5.97254 -0.675368
3.7499 0.290822
0.734229 -2.46673
-4.45728 -0.637288
-4.40101 -5.24981
3.44656 4.27886
1.00256 -1.40348
11.1428 15.1
-0.888183 5.6589
2.93773 -0.551356
-0.760397 5.93057
-1.0758 2.07119
8 -3
-2.68075 6.35942
-3.41051 7.67912
5.35434 1.19804
11.2679 1.29526
-5.85637 2.10556
3.78682 -0.945434
-3.56452 -10.8246
3.43216 8.82738
1.24836 -7.91491
-2.12156 -1.28158
-2.43253 1.0126
2.74625 3.84499
-3.3938 2.29582
4.10396 4.89458
-6.16054 -0.327292
-1.78622 3.77708
3.18618 8.43705
-3.59023 -4.06802
-2.15947 -6.27101
-2.00714 -2.21223
1.76065 2.09587
11.8023 -5.97567
0.122333 8.75641
4.31646 4.3533
-4.05025 -1.70711
-2.67282 -2.56251
0.321137 -0.637664
-7.21538 10.4966
3.54368 4.26138
-0.80769 3.77658
6.27413 -5.99594
-4.22381 -0.8209
-0.91817 1.70621
-7.20444 -5.17479
-3.87051 5.99883
3.3514 8.43215
-6.05676 0.709863
-3.91704 -0.861228
3.03798 3.19
-5.02468 2.32556
-1.64879 7.44205
-12.5262 -1.80766
-3.2849 0.973591
5.991 -0.0294159
4.7219 -3.42859
3.76923 8.60697
1.87108 -1.7092
-1.8004 3.32952
14.653 -10.1848
-13 -12
1.93198 -2.56283
-6.6409 -7.07401
1.125 -0.379314
14.4328 16.8148
-14.9802 7.75942
-10.53 -3.96408
3.58211 14.467
4.6887 5.36698
3.83119 -1.2705
-12.8828 5.96142
8.48443 6.46385
-15.247 -0.640082
-2.07358 8.76808
6.6015 6.01534
-3.24324 3.09127
-7.83447 1.25402
-10.4594 2.45465
-7.40075 13.3317
4.10351 12.7444
4.14708 -2.48479
18.9529 11.5675
-9.31456 -30.6046
-13.3069 -9.02317
-5.80045 -6.23617
-9.36396 3.70711
8.09218 -4.9936
-23.3441 10.0433
28.926 12.5466
9.42385 -12.0939
9.27392 3.96252
-6.3622 -13.4317
-29.0648 -41.2868
12.9396 29.386
0.540035 7.83064
-2.89885 -3.70271
58.1027 47.5878
33.1103 -19.4802
3.73269 29.715
-62.9831 -67.0056
-58.8014 31.2259
-52.6934 -0.495472
74.1525 -59.2019
80.5684 223.587
102.225 -37.6284
183.848 -103.286
295.727 -615.887
-510.389 -989.141
-1146.85 62.5935
1916.16 -1633.36
