20324 20280
-3728.06 -5585.65
1321.4 221.104
-356.706 170.029
592.977 -523.575
168.602 -532.586
-136.814 -284.048
99.5541 51.0737
-97.3372 -24.1686
-22.929 30.0281
8.61913 -189.95
-62.7553 -80.341
-21.462 -8.63837
69.7153 -9.50816
-4.39819 1.01643
-30.0462 -46.6637
1.57261 -8.22613
-40.9423 -16.6542
45.1678 4.16205
33.583 -38.1491
-9.03185 15.3949
-18.4822 -26.3751
-13.8229 17.9499
12.1506 25.035
1.14204 -21.1009
15.364 2.70711
1.72437 1.29153
-7.66516 -8.50379
-10.6539 7.22527
-2.89767 6.73829
3.81515 -7.50185
12.3381 -10.0498
-10.1415 11.3901
9.78328 9.81951
-1.72961 5.56035
-7.82256 3.75219
-2.73697 -14.475
-1.58669 -1.18015
-1.24163 -2.7206
-1.4052 4.00665
-5.74904 3.93564
-8.92545 11.8386
-0.902655 -8.65988
-4.69889 -6.37641
6.0384 -8.19961
-1.26037 0.834662
1.97751 4.67823
-7.18636 -2.05505
-3.48915 3.78983
-0.985143 -6.57459
-5 3
2.62987 5.53941
5.0063 2.90818
1.1425 -7.88248
-4.71363 -7.70758
-0.974032 -1.17174
-4.2672 2.43281
1.15215 5.71664
-4.13643 -3.59106
-4.30128 1.79149
-1.08375 8.0809
6.20602 10.9561
-1.44672 2.08376
-8.94419 4.37294
-6.314 -1.42873
-14.0406 -11.3623
14.0301 8.09759
-5.54093 1.13323
13.5794 -2.53125
5.86881 -1.08344
-0.120101 4.84937
0.803455 7.70936
-3.12958 0.591133
-7.64589 -7.10495
4.42054 -1.66252
0.393398 1.77817
-1.63837 -11.707
7.75123 -1.93576
-8.46013 2.65883
0.831311 -0.188608
-7.62074 -0.623345
4.56896 4.07311
2.27999 2.63718
4.81285 -5.00276
-3.86761 3.26821
0.585281 -6.20994
-3.56087 11.6287
-0.602507 0.491466
6.80183 -2.84007
-2.27116 -6.36496
1.90873 6.50724
-1.54816 -1.0638
3.11976 0.608377
-1.31148 -0.344977
0.771421 1.60333
6.60844 -1.14923
-0.538789 -2.71104
1.95825 -1.68648
-1.30324 -6.49309
-2.90358 2.84475
4 6
-3.30578 -1.39576
-0.110582 2.0786
-4.03993 -7.97791
-0.201378 -1.93894
3.66733 -0.554544
4.35373 5.82847
0.845212 4.63336
-2.47012 -10.7715
-5.42782 -2.22057
0.196013 -11.8341
7.42652 0.227698
3.08146 2.68096
-1.46629 6.27766
-14.0311 -5.32496
-1.0727 9.04886
0.89311 -0.0319203
7.7025 2.75181
3.61993 -1.69413
3.15893 8.67011
-2.46943 2.00531
-3.26221 -6.11721
0.947506 -4.47459
3.70787 -2.23095
-2.55516 -0.191336
2.63604 1.29289
2.24615 -4.39034
3.95514 -1.71781
-3.2555 9.66026
10.1744 7.11617
2.40513 -5.97209
15.4568 -14.9623
7.48919 -11.0941
-2.92772 4.29126
3.06984 9.08578
2.59709 -7.02895
-0.565082 0.967007
2.33184 10.9325
-4.65756 -2.24857
11.6456 -1.51264
-7.1736 16.4814
3.32773 18.0801
-1.71835 6.32133
0.57346 -1.78325
5.48533 -3.30261
2.97515 -10.1334
-4.59927 18.0431
8.41274 15.2162
-1.6002 -7.70225
-0.768026 0.50433
5 -1
5.57527 2.25234
7.67164 -0.663016
-3.77034 5.78711
-3.60555 -1.06704
4.48387 5.75508
6.1203 5.42209
-0.489931 11.7535
-0.377166 9.75801
-6.68932 6.36496
6.83921 -0.31761
0.347266 -10.0761
11.7678 -3.01468
3.38917 -6.78487
3.21056 8.29937
-11.5676 -7.88969
-11.2904 4.9104
9.45276 -18.7522
-2.42466 -11.2678
24.2962 6.67186
17.067 1.41481
-5.19255 1.24916
-15.9134 1.49368
-6.25295 -2.49506
2.32739 -18.9244
21.6066 -13.7782
15.3273 -6.18802
-15.5094 -18.1921
-17.8347 6.2022
-9.42315 4.59747
-41.7108 -10.9572
63.2943 9.78458
24.2906 -16.6097
2.19463 40.1345
62.0724 -44.4052
-46.9607 -16.0984
-43.7266 -10.3985
-24.616 -29.0804
-34.6936 41.06
-30.1825 72.4123
66.1089 40.4865
7.92639 61.2673
-36.4906 36.729
208.447 -89.6239
65.4332 -15.9911
244.226 -330.542
-85.8427 -631.367
-538.67 -203.063
-475.348 212.322
1823.8 -1952.11
