84 55
86 54
88 55
89 56
91 58
93 59
93 61
93 62
91 62
90 64
90 66
89 68
88 69
88 71
88 73
88 75
88 77
88 78
88 80
87 82
87 84
87 85
88 87
87 89
87 91
86 93
85 94
85 96
85 98
84 100
84 102
83 103
85 104
87 104
89 105
90 105
90 107
90 109
90 111
91 113
92 114
94 115
96 117
98 117
100 117
101 117
103 118
105 120
105 122
104 123
104 125
104 127
106 127
108 127
108 128
110 130
110 132
110 134
110 136
110 137
111 139
111 141
111 143
111 144
110 146
110 148
110 150
110 152
110 153
110 155
108 157
108 159
106 159
105 159
103 159
101 159
99 159
98 159
96 159
94 159
92 159
90 159
89 158
87 158
85 158
83 157
81 156
80 156
78 155
76 154
74 154
73 153
71 152
69 151
67 150
65 148
64 148
62 146
60 144
59 142
57 141
57 140
56 138
57 136
57 134
58 133
59 132
60 130
59 128
59 126
58 125
59 123
59 121
59 119
59 118
58 116
59 114
59 112
59 110
59 109
59 107
58 105
58 103
57 101
57 100
55 98
54 96
53 94
53 93
54 91
53 89
52 87
52 85
52 84
51 82
51 80
52 78
51 76
51 75
50 73
50 71
50 69
50 68
51 66
52 64
54 62
56 60
57 60
59 61
61 62
61 64
61 66
60 67
60 69
60 71
61 73
61 74
62 76
62 78
62 80
62 82
62 83
63 85
63 87
64 89
65 91
65 92
66 94
67 96
68 98
68 99
70 100
72 101
74 101
76 99
76 98
76 96
76 94
75 92
74 90
75 89
75 87
76 85
76 83
76 82
76 80
76 78
77 76
77 74
77 73
78 71
78 69
78 67
79 65
79 64
79 62
80 60
81 58
81 57
82 55
