108 47
110 46
112 46
114 47
115 48
114 49
115 51
115 53
114 55
114 57
114 59
114 61
114 63
114 64
113 66
113 68
112 70
111 72
111 74
110 76
109 78
109 79
109 81
108 83
108 85
109 87
108 89
106 91
106 93
108 94
109 94
110 94
111 96
110 97
109 99
109 101
110 103
112 104
113 104
115 105
117 105
119 105
120 107
122 109
122 111
123 113
124 114
124 116
125 118
126 120
126 122
126 124
126 126
126 128
126 130
127 131
127 133
127 135
126 137
125 139
125 141
124 143
124 145
123 146
122 148
122 150
122 152
122 154
121 156
119 156
117 157
116 157
114 158
112 158
110 159
108 159
106 159
104 159
102 159
100 160
99 159
97 159
95 159
93 159
91 159
89 158
87 158
86 157
85 156
85 154
85 152
85 150
85 148
84 146
83 144
82 142
81 141
80 139
80 137
81 135
80 133
79 131
79 129
78 127
77 126
78 125
77 123
77 121
77 119
76 117
77 116
79 114
79 112
80 111
80 109
82 107
80 105
80 103
80 101
80 99
80 97
80 96
80 94
79 92
79 90
78 88
78 86
78 84
78 82
78 80
78 79
78 77
78 75
78 73
78 71
78 69
79 67
79 65
79 64
79 62
79 60
79 58
79 56
80 54
81 52
83 50
84 50
86 49
88 50
89 52
89 54
89 56
90 58
90 60
90 62
90 63
89 65
88 67
88 69
88 71
89 73
89 75
89 77
90 78
90 80
90 82
90 84
90 86
90 88
91 90
91 92
91 93
92 95
94 95
96 93
98 93
98 91
98 89
98 87
99 85
99 84
99 82
100 80
100 78
100 76
100 74
100 72
101 70
101 69
100 67
101 65
101 63
101 61
102 59
103 57
103 55
104 54
104 52
106 50
106 48
