97 53
99 52
100 53
102 54
103 54
103 56
103 58
103 59
102 61
100 63
99 64
98 66
97 67
96 69
95 71
95 72
93 74
93 76
93 77
93 79
93 80
93 82
93 84
93 85
92 87
92 89
93 90
94 92
95 92
97 91
99 89
100 88
101 86
102 86
103 84
104 82
105 81
107 80
108 79
109 79
110 77
111 76
113 74
115 72
115 71
115 69
117 67
118 66
120 64
121 63
123 63
125 61
126 61
128 61
129 61
130 62
131 64
131 65
131 67
129 68
129 69
127 70
126 71
125 73
124 75
123 76
121 78
121 80
120 81
118 82
117 83
115 85
113 87
113 88
111 90
110 92
109 93
107 94
108 95
110 96
111 97
111 98
111 100
111 101
110 103
109 105
109 106
110 108
111 110
111 111
111 113
111 114
113 116
114 118
114 119
114 121
113 122
112 123
110 125
109 125
108 127
110 128
110 129
109 131
109 132
109 134
107 136
107 137
105 138
105 140
104 141
104 143
103 144
102 146
100 148
99 149
98 151
96 153
95 154
93 156
92 157
90 159
88 158
87 158
85 158
83 157
82 157
80 156
79 156
77 155
75 154
74 154
72 153
71 152
69 151
67 150
66 149
64 148
62 146
62 145
62 143
63 142
64 140
64 138
65 137
65 135
65 133
65 132
66 130
66 129
66 127
66 125
66 124
68 123
68 122
69 120
70 118
70 117
70 115
69 113
70 112
70 111
71 110
72 108
72 106
73 105
75 104
75 102
76 101
76 99
77 98
78 96
78 94
79 93
79 91
80 89
80 88
81 86
82 85
82 83
83 81
82 80
83 78
83 77
84 75
85 73
85 72
86 70
88 69
88 68
89 66
89 65
89 63
90 61
90 60
92 59
93 57
94 56
94 54
95 54
