115 52
117 51
118 51
120 52
122 53
122 54
121 56
120 58
119 59
118 61
117 63
116 63
115 65
113 66
112 67
110 68
109 69
107 70
106 72
106 73
104 75
102 76
102 77
100 78
100 80
100 81
99 83
101 85
102 85
104 86
106 87
107 86
107 84
109 83
109 82
111 80
113 79
114 78
116 77
118 77
119 78
121 77
123 76
124 76
126 74
127 74
129 73
131 73
132 72
134 71
136 71
137 71
139 70
141 70
142 71
144 71
144 73
144 74
142 76
140 78
139 78
137 79
135 81
134 81
132 82
130 82
129 82
127 83
125 84
124 84
122 85
120 87
119 88
117 89
116 89
114 89
112 88
111 89
111 91
111 93
112 94
112 96
111 98
111 99
109 101
108 103
108 104
108 106
109 108
110 109
109 111
109 113
108 114
107 115
105 117
104 117
102 118
100 119
99 119
97 120
96 122
96 123
95 125
94 125
92 127
90 128
89 128
87 129
85 131
84 131
82 133
80 135
79 135
77 136
75 136
74 136
73 138
71 138
70 138
68 139
66 141
65 142
63 143
62 145
61 145
59 143
57 141
56 140
54 138
53 137
52 135
50 133
50 132
49 130
47 128
47 127
46 125
45 123
45 122
44 120
45 118
46 118
48 118
50 116
51 116
52 114
53 112
54 111
55 110
56 108
57 107
58 105
60 104
61 103
62 101
63 99
64 98
65 96
65 95
67 93
69 91
70 90
72 89
74 88
75 87
77 87
79 87
80 87
82 87
83 85
83 84
81 84
80 85
79 85
78 84
80 82
80 81
82 79
84 78
84 77
85 75
87 75
88 75
90 73
92 71
93 71
95 69
95 68
96 66
97 64
98 63
100 62
102 61
103 60
105 59
107 58
108 58
110 57
112 55
113 54
