89 42
91 41
92 41
92 43
91 44
91 46
91 47
91 49
90 49
89 51
88 52
86 54
85 55
83 57
83 58
82 60
81 61
80 63
79 64
79 66
78 67
76 69
75 70
75 72
75 73
75 75
76 76
77 78
78 79
80 79
81 78
83 78
84 77
85 75
86 74
87 73
89 71
89 70
90 68
91 68
93 67
94 66
95 64
96 63
98 62
99 61
101 60
102 59
104 57
105 56
107 56
108 55
110 55
111 54
113 54
114 55
116 55
117 56
117 58
118 59
118 61
117 61
115 62
114 63
112 64
111 64
109 66
108 68
107 68
105 70
104 71
102 73
101 73
99 75
99 76
97 77
96 78
94 79
93 80
91 82
91 83
90 85
89 85
88 87
88 88
88 90
88 91
87 93
86 94
88 96
88 97
88 99
88 100
89 102
89 103
90 105
91 106
91 108
91 109
89 111
89 113
89 114
87 116
86 116
85 118
84 119
84 121
84 122
82 123
82 124
81 126
80 127
79 129
78 130
76 132
75 133
74 135
73 136
72 138
71 138
69 140
68 140
66 142
65 143
63 145
62 146
60 144
59 143
57 141
56 140
54 138
53 137
52 135
51 134
50 132
49 130
48 129
47 127
46 126
46 124
45 123
44 121
44 120
43 118
43 117
42 115
42 114
42 112
42 111
43 109
43 108
44 106
44 105
45 103
45 102
46 100
47 99
48 97
49 96
51 94
52 93
53 91
53 90
53 88
54 88
55 86
56 85
57 84
58 82
59 81
59 79
59 78
60 76
61 75
61 73
62 73
63 71
64 70
64 68
65 67
65 65
66 64
67 62
68 61
69 59
70 58
71 56
72 55
74 53
75 52
77 50
78 49
79 47
80 46
80 44
81 44
83 43
84 43
86 42
87 42
