90 50
92 49
94 49
95 50
96 52
96 54
96 56
96 57
96 59
96 61
96 63
95 64
95 66
95 68
94 70
94 71
94 73
94 75
94 77
94 78
94 80
93 82
93 84
94 85
95 87
97 89
99 89
100 89
102 87
103 86
104 84
104 83
104 81
104 79
105 77
105 76
106 74
107 72
107 70
107 69
109 68
110 66
111 64
111 63
112 61
113 59
114 57
114 56
115 54
116 52
118 51
120 50
121 50
123 51
125 52
126 54
126 55
126 57
125 58
124 60
123 61
122 63
121 65
120 67
120 68
119 70
118 72
117 74
117 75
116 77
116 79
116 81
115 82
114 84
112 86
112 88
112 89
112 91
110 92
108 93
107 94
109 96
110 98
111 100
112 101
113 102
113 104
115 106
116 107
118 109
119 109
121 111
121 112
121 114
121 116
120 118
120 119
122 120
124 121
124 121
123 123
123 124
123 126
123 128
122 130
122 131
121 133
120 135
119 137
119 138
117 140
116 142
116 144
115 145
114 147
113 149
112 151
112 152
112 154
111 156
110 158
109 159
107 159
105 159
103 159
102 159
100 160
98 159
96 159
95 159
93 159
91 159
89 158
88 158
86 158
84 157
82 157
81 156
79 156
77 155
77 153
77 152
79 150
79 148
79 146
79 145
79 143
79 141
79 139
79 138
79 136
79 134
78 132
77 130
77 129
77 127
77 125
78 123
78 122
77 120
77 118
77 116
77 115
78 113
79 111
81 110
82 109
83 107
85 105
83 103
82 102
83 100
82 98
82 96
82 95
82 93
83 91
83 89
83 88
83 86
83 84
83 82
83 81
83 79
84 77
83 75
83 74
83 72
83 70
84 68
84 67
84 65
85 63
85 61
85 60
86 58
87 56
88 54
88 53
89 52
