92 46
94 45
95 45
97 46
98 46
98 48
98 49
97 51
96 53
96 54
94 56
94 57
93 59
92 61
92 62
91 64
90 65
88 67
88 68
89 70
89 72
89 73
89 75
89 76
89 78
89 80
90 80
92 79
93 79
95 78
96 77
97 75
98 73
99 72
101 70
102 69
103 68
104 67
105 65
106 63
107 63
109 61
109 60
111 58
112 56
113 55
115 54
116 55
118 53
119 54
121 53
121 55
122 56
122 58
121 59
120 61
120 62
119 64
117 66
117 67
115 69
114 69
113 71
112 73
112 74
110 74
109 75
107 76
106 77
104 79
102 80
101 80
101 82
101 83
103 84
103 86
104 87
104 89
104 90
104 92
104 93
104 95
105 97
106 98
107 100
107 101
106 103
106 104
104 105
102 107
102 108
103 110
103 111
103 113
102 115
102 116
101 118
100 119
99 121
98 122
97 124
95 126
94 127
92 128
91 128
89 130
89 131
88 133
88 135
88 136
87 138
87 139
87 141
86 143
85 144
84 146
84 147
82 149
82 150
82 152
82 154
82 155
82 157
81 156
79 156
77 155
76 154
74 154
73 153
71 152
70 151
68 150
66 149
65 148
63 147
62 146
60 144
59 143
57 141
56 139
56 138
57 136
58 135
58 133
59 131
60 130
59 128
60 127
61 125
61 124
62 122
62 120
62 119
62 117
63 116
62 114
63 113
63 111
64 109
64 108
64 106
65 105
66 103
67 101
67 100
68 98
68 97
69 95
69 94
70 92
71 90
72 89
73 88
74 87
76 86
75 84
76 83
76 81
76 80
77 78
78 77
78 75
79 73
79 72
80 70
81 69
81 67
82 66
82 64
83 62
83 61
84 59
85 58
85 56
86 54
87 53
88 51
88 50
90 48
91 47
