96 47
98 46
99 46
101 48
101 50
100 52
100 53
101 55
101 57
102 58
102 60
103 62
103 64
103 65
101 66
101 68
100 68
99 69
98 71
98 73
98 74
98 76
99 78
99 80
98 81
98 83
98 85
99 85
100 87
101 89
102 91
102 92
103 94
105 95
106 95
108 95
110 96
112 97
113 98
114 100
115 102
116 104
115 104
115 106
117 108
117 109
117 111
118 113
119 115
119 116
119 118
120 120
120 121
120 123
121 125
121 127
121 128
121 130
120 132
121 133
120 135
121 137
120 139
120 140
119 142
120 144
120 146
120 147
120 149
121 151
122 152
123 154
122 155
120 156
119 156
117 157
115 158
114 158
112 158
110 159
108 159
107 159
105 159
103 159
102 159
100 160
98 159
96 159
95 159
93 159
92 158
90 157
90 156
90 154
90 152
89 151
90 149
89 147
89 145
88 144
88 142
87 140
87 139
85 137
84 135
83 133
83 132
83 130
82 128
81 127
79 125
79 123
78 121
78 120
78 118
77 116
77 114
77 113
76 111
77 109
77 108
79 107
79 105
80 103
80 102
79 100
77 99
76 98
76 96
76 94
75 92
74 91
73 89
72 87
72 86
72 84
72 82
71 80
71 79
70 77
69 75
69 73
69 72
69 70
69 68
69 67
68 65
68 63
68 61
68 60
69 58
70 56
71 55
73 55
75 55
75 57
76 58
76 60
77 62
77 63
77 65
77 67
77 69
77 70
77 72
78 74
79 76
80 77
81 79
82 81
83 82
84 84
85 86
84 88
85 89
87 89
88 87
88 86
89 84
91 82
90 80
90 79
89 77
89 75
89 74
89 72
90 70
90 68
90 67
91 65
91 63
91 61
91 60
91 58
92 56
92 55
92 53
93 51
94 49
94 48
