88 49
90 48
91 48
92 49
93 51
94 53
95 54
95 56
95 58
94 59
93 61
92 63
91 64
90 66
89 68
89 70
89 71
89 73
88 75
88 76
88 78
87 80
88 81
88 83
88 85
88 87
88 88
88 90
90 90
90 89
92 87
94 86
95 85
95 83
97 81
98 79
98 78
99 76
99 74
99 73
100 71
101 69
101 68
103 66
104 64
104 62
105 61
107 59
109 57
108 56
110 55
112 53
112 52
114 52
116 51
117 51
118 52
119 53
119 55
119 56
119 58
119 60
119 61
118 63
116 64
114 65
113 66
112 68
111 70
111 71
110 73
109 75
109 76
107 78
106 80
105 82
105 83
103 85
104 87
105 87
106 89
107 91
106 92
106 94
106 96
106 98
106 99
108 100
110 102
111 103
112 105
113 107
113 108
114 110
113 112
113 114
112 115
112 117
113 119
113 120
112 122
111 124
111 125
111 127
110 129
110 131
109 132
108 134
107 136
106 137
105 139
104 141
104 142
103 144
102 146
101 148
101 149
100 151
100 153
100 154
99 156
99 158
99 159
97 159
95 159
93 159
92 159
90 159
88 158
87 158
85 158
83 157
82 157
80 156
78 155
76 154
75 154
73 153
71 152
70 151
68 150
69 148
69 147
69 145
70 143
70 141
70 140
69 138
69 136
69 135
69 133
69 131
69 130
69 128
70 126
70 124
69 123
70 121
70 119
70 118
70 116
71 114
70 113
70 111
70 109
71 107
72 106
74 104
73 102
73 101
73 99
74 97
74 96
74 94
74 92
74 90
75 89
75 87
76 85
76 84
77 82
77 80
78 79
78 77
78 75
78 73
78 72
79 70
80 68
80 67
81 65
82 63
83 62
82 60
83 58
83 56
83 55
84 53
85 51
86 50
