113 43
115 42
117 43
117 45
118 46
118 47
119 49
117 50
118 52
119 54
118 55
118 57
117 59
116 61
116 63
115 65
115 66
114 68
114 70
114 72
113 74
113 76
113 77
112 79
113 81
112 83
110 84
109 86
111 88
111 89
112 91
113 93
114 95
116 97
118 99
119 100
121 100
123 102
125 102
125 104
126 106
126 107
127 109
129 111
130 113
130 114
131 116
131 117
131 119
131 121
130 123
130 125
130 127
129 129
129 130
129 132
129 134
128 136
128 138
127 140
126 141
125 143
125 145
124 147
125 149
125 151
125 152
126 154
124 154
122 155
120 156
118 157
117 157
115 158
113 158
111 158
109 159
107 159
105 159
104 159
102 159
100 160
98 159
96 159
94 159
93 159
91 159
90 158
90 156
91 154
90 152
90 151
90 149
90 147
90 145
89 143
88 141
88 140
87 138
87 136
87 134
86 132
85 130
84 128
84 127
83 125
82 123
80 121
80 119
79 117
79 116
79 114
79 112
80 110
81 108
81 106
82 106
83 104
84 103
85 101
86 99
86 97
86 96
88 94
87 92
85 91
85 89
84 87
85 85
85 84
85 82
85 80
85 78
85 76
85 74
84 73
84 71
84 69
84 67
84 65
84 63
84 62
84 60
84 58
84 56
85 54
86 52
86 51
87 50
89 48
91 49
91 51
93 53
93 55
94 56
94 58
95 60
95 62
95 64
95 66
95 67
95 69
94 71
94 73
95 75
96 77
97 78
98 80
97 82
97 84
98 86
100 87
101 87
103 87
105 87
107 87
109 86
107 85
105 83
104 82
104 80
104 78
104 76
104 74
105 72
105 71
105 69
106 67
106 65
106 63
107 61
107 60
107 58
109 56
109 54
110 52
111 50
111 49
111 47
112 45
