71 52
73 51
74 52
76 53
76 54
76 56
76 58
75 59
75 61
75 62
75 64
74 65
74 67
74 69
74 70
75 72
75 73
75 75
74 77
74 78
74 80
74 81
73 83
74 84
75 86
76 88
77 89
79 89
80 88
82 87
83 85
83 84
83 82
84 81
85 79
85 78
86 76
87 74
88 73
88 71
89 70
90 68
91 66
91 65
92 63
93 62
93 60
93 59
95 57
97 55
98 55
100 54
101 54
102 56
104 58
104 59
102 61
102 62
102 64
100 66
100 67
100 69
100 70
99 72
99 73
99 75
97 75
96 76
95 78
95 79
94 81
93 83
93 84
92 86
91 87
90 89
91 90
93 91
94 93
94 94
95 96
95 97
96 99
96 101
97 102
99 103
100 103
101 105
102 106
102 108
102 110
102 111
101 113
101 114
101 116
100 118
100 119
100 121
100 122
100 124
101 126
101 127
100 129
100 130
99 132
99 133
98 135
96 137
96 138
95 140
95 141
95 143
95 145
95 146
93 148
93 149
93 151
93 152
93 154
93 156
93 157
92 159
91 159
89 158
87 158
86 158
84 157
83 157
81 156
80 156
78 155
76 154
75 154
73 153
72 153
70 151
68 150
67 150
65 148
64 148
63 146
64 145
64 143
64 141
63 140
63 138
63 137
63 135
64 133
64 132
64 130
64 129
64 127
63 125
63 124
62 122
62 121
62 119
62 118
62 116
63 114
63 113
63 111
64 110
64 108
64 106
65 105
65 103
64 102
64 100
64 99
64 97
64 95
64 94
65 92
65 91
66 89
65 87
65 86
65 84
65 83
65 81
65 80
64 78
64 76
65 75
65 73
65 72
65 70
66 68
66 67
66 65
67 64
67 62
67 61
68 59
68 57
68 56
69 54
69 53
