91 48
93 47
94 48
95 50
95 52
95 54
95 55
95 57
95 59
94 61
95 62
95 64
95 66
95 67
96 69
95 71
96 73
96 74
95 76
95 78
96 80
96 81
96 83
98 84
99 84
101 84
102 82
102 80
102 79
102 77
102 75
102 74
102 72
103 70
103 68
103 67
104 65
104 63
104 61
105 60
105 58
106 56
107 55
108 53
109 52
110 50
111 49
113 48
115 48
117 49
117 50
117 52
116 54
116 55
115 57
115 59
115 61
115 62
115 63
114 65
114 67
114 68
113 70
113 72
113 73
113 75
113 77
113 79
113 80
112 82
111 84
110 84
108 85
108 87
108 89
108 90
108 92
109 94
111 95
112 96
113 98
115 99
116 99
118 100
120 101
122 103
122 104
124 106
124 108
124 110
125 111
125 113
125 115
125 116
125 118
126 120
125 122
125 123
125 125
124 127
123 129
123 130
121 131
121 133
120 134
120 136
120 138
120 140
119 140
118 142
118 144
117 145
117 147
117 149
117 151
117 152
116 154
116 156
115 158
114 158
112 158
110 159
109 159
107 159
105 159
103 159
102 159
100 160
98 159
96 159
95 159
93 159
91 159
90 159
88 158
86 158
84 157
84 156
84 154
85 152
85 150
85 149
85 147
86 145
86 144
86 142
87 140
87 138
86 137
85 135
85 133
85 132
83 130
82 128
83 126
82 125
82 123
82 121
82 119
81 118
81 116
82 114
81 113
81 111
81 109
82 107
82 106
84 105
84 103
85 101
85 100
86 98
86 96
87 95
86 93
85 91
85 89
85 88
85 86
86 84
86 82
86 81
86 79
86 77
85 76
85 74
85 72
85 70
85 69
86 67
85 65
86 64
86 62
86 60
86 58
87 57
87 55
88 53
89 51
89 50
