111 53
113 53
114 54
115 55
115 56
115 58
114 59
112 61
111 62
109 64
109 65
107 66
106 67
105 69
104 71
103 72
103 74
102 75
101 77
100 78
99 80
99 81
99 83
98 84
100 86
102 87
103 86
105 84
105 83
107 81
108 80
110 78
111 77
112 75
113 75
115 73
116 73
118 71
120 69
121 69
123 68
124 68
126 66
126 65
128 63
129 62
131 62
132 62
134 63
135 63
137 65
139 67
138 68
136 70
135 70
133 72
132 72
131 74
130 74
128 76
128 77
127 79
126 78
124 80
122 81
122 82
120 84
119 85
117 87
116 87
114 89
113 90
111 91
110 91
108 92
107 94
108 95
109 97
109 98
108 100
108 101
108 103
107 104
105 106
106 107
106 109
107 110
108 112
109 114
109 115
109 117
109 118
108 120
108 121
107 123
107 124
106 126
106 127
105 129
105 130
104 132
103 134
102 135
101 137
100 138
98 140
97 141
95 143
95 144
93 146
92 147
90 149
89 150
88 152
87 154
86 155
85 157
84 157
82 157
81 156
79 156
78 155
76 154
75 154
73 153
71 152
70 151
68 150
67 150
65 148
64 148
62 146
61 145
59 143
58 142
57 140
57 139
58 137
59 135
59 134
60 132
60 131
61 129
62 128
63 126
63 125
64 123
64 122
64 120
64 119
64 117
65 115
65 114
65 112
66 112
67 110
68 109
69 107
69 106
71 105
71 104
71 102
72 101
73 100
75 99
76 99
76 97
77 96
78 94
78 93
79 91
79 90
80 88
81 87
83 85
84 83
85 83
87 81
87 80
88 78
89 78
90 76
91 75
92 73
93 72
94 70
95 69
96 67
96 65
97 65
98 63
99 62
100 60
101 59
103 58
104 58
105 56
106 56
108 54
109 54
