102 47
104 46
106 46
107 46
109 47
111 48
111 50
111 52
110 54
110 55
109 57
107 58
106 60
106 62
105 63
105 65
104 67
104 69
104 71
103 72
103 74
102 76
102 78
101 80
101 82
101 83
99 84
97 86
99 88
100 90
100 91
99 93
99 95
99 97
101 99
103 101
104 101
106 102
108 103
109 105
110 107
110 108
111 110
112 112
113 114
114 115
114 116
115 118
115 120
114 122
114 124
114 126
114 127
114 129
114 131
114 133
113 135
112 136
112 138
112 140
111 142
111 144
111 146
111 147
110 149
110 151
110 153
110 155
110 156
111 158
109 159
107 159
105 159
104 159
102 159
100 160
98 159
96 159
94 159
93 159
91 159
89 158
87 158
85 158
84 157
82 157
80 156
78 155
76 154
74 154
74 153
74 151
74 149
73 147
73 145
72 144
72 142
71 140
70 138
70 136
69 134
69 133
69 131
69 129
69 127
68 125
68 124
68 122
68 120
67 118
68 116
68 115
68 113
68 111
68 109
69 107
71 106
72 105
71 103
70 101
70 99
71 97
71 96
71 94
71 92
71 90
70 88
70 86
69 85
69 83
69 81
70 79
70 77
70 76
71 74
71 72
71 70
71 68
71 67
70 65
70 63
71 61
72 59
72 57
72 56
73 54
74 52
74 50
76 48
77 48
79 49
81 50
81 52
81 54
81 56
81 57
81 59
80 61
80 63
80 65
80 66
80 68
80 70
80 72
81 74
81 75
81 77
82 79
83 81
82 83
82 85
83 86
83 88
83 90
85 91
87 91
88 91
90 89
90 87
90 85
91 83
91 81
91 80
91 78
92 76
91 74
92 72
93 71
93 69
94 67
96 65
96 63
97 62
98 60
98 58
98 56
99 54
99 52
100 51
100 49
