79 49
81 48
83 50
83 51
83 53
84 55
84 57
85 58
84 60
84 62
83 64
82 66
82 67
82 69
82 71
82 73
82 74
83 76
83 78
84 80
85 82
85 83
85 85
85 87
86 89
87 90
89 91
91 90
92 88
93 87
93 85
95 83
95 81
95 79
96 78
97 76
98 74
99 72
99 71
100 69
100 67
101 65
101 63
100 62
102 60
103 58
104 56
105 55
105 53
106 51
108 50
110 50
111 50
113 51
114 52
114 54
115 55
115 57
114 59
114 61
113 63
113 64
111 64
110 66
109 68
109 69
108 71
108 73
107 75
107 76
106 78
106 80
105 82
105 84
105 85
104 87
102 87
101 89
100 90
99 92
97 94
95 95
97 96
98 96
100 96
102 97
102 99
103 100
104 102
106 104
107 105
109 107
110 108
112 109
113 111
113 113
113 114
112 116
114 118
115 119
115 121
115 122
115 124
115 126
115 128
115 129
116 131
115 133
114 135
113 136
113 138
113 140
113 142
112 144
111 145
109 147
109 149
109 151
108 152
107 154
107 156
105 158
105 159
104 159
102 159
100 160
98 159
97 159
95 159
93 159
91 159
89 158
88 158
86 158
84 157
82 157
81 156
79 156
77 155
75 154
73 153
73 152
74 150
74 148
74 146
74 145
73 143
72 141
72 139
71 138
71 136
70 134
70 132
69 130
70 129
70 127
70 125
69 123
69 122
68 120
69 118
70 116
72 115
72 114
74 112
74 110
73 108
73 107
72 105
72 103
72 101
72 99
72 98
72 96
73 94
73 92
74 91
74 89
74 87
73 85
73 83
73 82
73 80
73 78
73 76
72 75
73 73
74 71
74 69
74 68
75 66
74 64
74 62
74 60
74 59
74 57
74 55
75 53
76 52
77 50
