88 50
90 49
91 49
92 51
93 53
92 54
93 56
93 58
93 60
93 61
93 63
93 65
93 66
93 68
93 70
93 71
92 73
92 75
92 76
92 78
93 80
93 81
94 83
94 85
94 87
95 88
97 89
99 88
100 87
102 85
103 83
103 82
105 81
106 79
106 78
108 76
108 74
110 72
111 71
113 69
114 67
113 66
114 64
115 62
116 61
117 59
119 58
120 57
122 55
122 53
122 53
123 53
125 54
127 56
128 57
129 59
128 61
127 62
125 64
125 66
124 67
123 69
122 71
121 72
121 74
120 76
120 78
119 79
117 81
115 83
115 84
113 86
112 88
111 89
109 91
107 93
106 94
104 96
106 97
108 97
109 98
110 100
111 102
112 103
113 105
114 107
114 108
116 109
118 110
119 111
120 113
121 114
120 115
119 117
119 119
119 121
119 122
121 123
121 125
120 126
119 128
119 130
118 131
118 133
117 135
117 136
117 138
116 140
116 142
116 143
114 144
113 146
112 147
112 149
112 151
112 152
111 154
110 156
109 157
108 159
106 159
105 159
103 159
101 159
99 159
98 159
96 159
94 159
93 159
91 159
89 158
88 158
86 158
84 157
83 157
81 156
79 156
78 154
77 153
78 151
78 149
78 148
80 147
80 145
80 144
79 142
79 140
79 139
78 137
79 135
78 133
78 132
77 130
76 128
76 127
76 125
77 123
77 122
78 120
77 118
78 117
79 115
80 113
80 112
80 110
79 108
79 106
79 105
80 103
80 101
80 100
81 98
81 96
82 95
82 93
82 91
81 90
81 88
81 86
81 84
82 83
82 81
83 79
83 78
82 76
82 74
83 73
82 71
82 69
82 68
84 66
84 64
84 63
84 61
84 59
84 57
84 56
85 54
86 52
87 51
