21239 21193
354.53 -6677.71
-817.312 881.259
250.098 -384.022
6.1319 -683.061
401.537 -207.255
-91.0744 -105.083
-97.7573 -20.5099
-137.565 -232.781
91.7468 -85.941
-16.0608 11.3218
-48.6119 -25.901
-38.5364 -35.1751
21.5276 -11.4627
-72.5565 -44.1273
-28.9036 -5.09292
-15.6223 -5.95035
12.9697 43.6072
-7.06706 -15.7921
-20.5534 -46.2865
-7.88493 5.19681
3.33586 -4.0062
-1.51585 -29.9619
-2.97092 -0.938944
-6.82848 9.07343
-1.33227e-15 13.6569
14.2773 -4.13228
-0.282565 -4.44792
9.26715 12.1599
-16.331 10.6407
-6.06625 10.8639
0.797289 11.0774
0.749237 -5.4047
1.72805 -10.3037
-4.94032 3.36196
-2.56431 -8.27868
9.25145 -3.75093
1.0869 -8.86711
-4.04773 8.80045
-5.13344 4.63333
3.33209 -1.86472
6.64209 -6.27149
6.33567 -4.90346
-4.37098 -4.91151
2.96475 4.66575
-9.65952 3.19419
2.24386 -2.85778
3.57351 -3.03508
-0.37655 -2.61366
-5.22973 11.2906
-5 -9
-0.291612 1.68344
-1.64089 1.94063
1.74951 5.32994
-5.7937 2.90504
2.08578 1.31529
-3.47693 0.0406434
10.6716 -7.79325
-3.26582 1.63043
1.37931 -6.11095
-1.95971 -3.36833
-3.08364 0.193392
-5.09059 5.23647
-0.549798 -6.92707
1.04156 -3.62014
4.68102 -1.6627
-2.83815 5.38413
0.608751 6.30284
-3.64673 -2.69275
4.24667 -5.96341
2.9548 -2.51639
-6.14906 2.58231
-1.44342 0.937662
6.9713 2.68876
2.50174 -7.49812
0.828427 8
-7.35489 -4.93421
-3.04813 -2.13923
-3.14763 -6.45111
-14.1632 -2.71586
10.8233 0.982814
0.502392 12.0826
-10.3494 6.65943
6.01268 -0.638362
0.111598 0.839196
1.77636 -24.3175
-4.06097 4.9696
4.30156 -0.738284
9.32935 -13.6773
6.48849 -7.74372
-6.82775 -2.61356
-1.86552 2.60439
1.95198 -6.90578
8.76994 -5.37643
-4.08661 2.34481
-0.511414 0.88829
3.31384 0.172204
-6.36977 -4.82074
-1.6994 3.14774
0.339749 -2.31172
-13 1
-3.23293 -2.37723
0.596498 -7.3137
-6.30351 -0.413799
3.31531 3.79314
4.72034 -0.764369
1.77904 -3.02329
2.66122 1.91139
2.56316 5.21733
4.2114 9.31745
2.7403 6.87472
0.603028 4.54814
3.55328 -3.19076
1.00245 -8.57302
11.7432 3.89367
0.770728 2.26372
2.06254 1.05089
-5.24926 22.3303
0.557139 -3.11995
1.91504 3.13125
6.12099 9.48932
-7.7675 3.78934
-8.63803 9.29089
4.33424 8.55109
6.54103 0.397779
-9.76996e-15 2.34315
-0.27873 -0.124008
-1.05215 2.13058
9.38295 1.49419
0.770266 -0.894024
5.35446 2.53994
5.41154 -0.860558
-3.57239 2.3326
-2.8474 -9.69784
8.59013 -1.62457
-8.05053 0.747203
-1.11794 -6.36909
4.2882 7.6458
1.5007 -3.02223
-4.59877 0.0768679
-9.56816 9.84046
-0.271296 0.771605
1.03561 3.79471
8.95659 -8.05817
1.72341 -4.53993
0.176628 -2.61734
-7.44742 4.12312
-0.583567 -9.79705
-1.24155 -7.94685
4.27448 5.41872
7 7
-7.1444 5.79255
-15.9503 10.0045
-11.3472 -3.84016
6.86284 -0.715629
7.12907 12.0608
7.36695 12.6752
-11.7639 -0.753189
-8.73883 -8.67799
-3.72971 0.440959
-4.27636 3.39259
9.44221 3.37617
-1.45536 1.76819
0.459828 2.69935
0.0760048 -7.19374
-2.73454 -11.2438
9.43829 0.327176
-3.00564 -1.56786
-6.74645 7.06556
-7.41655 15.3752
7.53409 -7.24814
6.10927 2.82081
21.3407 -22.065
-8.04754 5.21695
-2.3401 6.14779
-4.82843 8
4.03962 -8.9117
8.74756 5.4933
11.4747 13.4623
6.54242 31.4749
-12.5872 -7.66895
-9.04109 5.03015
25.0143 -12.6832
-20.9396 -21.5617
-31.6667 36.484
-0.496821 8.66677
26.5277 -2.20077
18.7446 -57.7153
18.2363 -47.1843
-60.2098 71.2411
-41.6288 32.7778
50.6409 -105.074
4.34531 112.993
39.3256 -50.0323
172.01 212.307
194.044 20.0963
-111.873 -125.37
-143.772 -1356.27
1065.26 -567.501
-783.432 -1167.92
