19527 21355
-859.381 -6751.77
-699.49 1101.22
176.392 -337.103
-181.384 -673.976
417.148 -391.653
-90.2466 -85.9519
-91.1118 42.8144
-176.296 -106.561
46.2043 -126.914
70.7198 -15.271
-24.5243 -23.1049
-68.0302 -42.5516
33.0477 -31.464
-59.5146 -18.911
-61.4137 -28.3382
-50.7796 -23.1935
11.1085 7.75286
18.6642 10.476
-4.9173 -2.74942
-6.88806 -43.8543
13.5807 -8.25728
-22.3659 8.45237
-3.65028 -16.7003
-0.43633 -3.82285
4.82843 14.2426
-8.30881 12.5704
-4.65958 -8.64694
-8.78798 -24.241
0.88891 -5.77123
12.002 6.74283
-4.61042 4.01997
5.98489 -3.7536
-0.636541 14.2297
-0.705385 -3.56863
-1.28672 -9.98838
1.69439 1.44415
-3.15703 6.0774
-2.33963 -4.05542
-5.4808 -5.01766
5.94752 -6.70373
3.52162 6.76008
-7.26497 0.295729
-1.03868 -0.235251
-0.492621 2.32995
1.60809 -13.7026
2.43993 3.63519
1.79591 -8.98994
0.343006 -1.91211
2.65973 -0.857731
-1 -1
1.98273 6.61731
4.77533 1.90145
3.02425 -4.67722
0.924912 -4.0841
3.52229 9.7798
-11.2534 -3.88665
4.34242 10.1928
-1.39135 0.78993
-8.26177 -6.50577
-0.606357 0.555644
13.3875 -4.63599
3.31983 -6.24321
4.74102 -0.370524
-2.33377 5.01854
-4.39749 -2.61609
-3.64711 1.61433
1.10528 -0.713885
-1.36182 0.217117
3.94371 6.74046
5.74064 -0.416593
-2.1233 -4.10902
0.190752 -2.93532
-1.93945 -0.154247
-4.23105 5.17701
0.485281 19.8995
-2.55265 0.837014
4.61047 4.58279
0.0433865 3.65774
-4.89041 -12.3757
-2.95158 9.63011
8.22993 -7.87971
-4.78309 -2.47433
3.58359 -5.71765
-6.32322 -0.623198
0.214751 -1.26589
-6.19299 -4.04871
7.2561 -3.20862
0.81352 3.08323
-2.3419 -9.15034
-3.97715 3.47262
-3.92589 -1.43404
2.24925 -2.84467
4.20964 2.14838
-7.47673 4.9285
0.896348 -0.349644
3.84672 1.97097
-3.28277 1.55319
2.88816 -3.33186
4.56345 1.27126
-1 3
-5.91765 1.85174
3.48957 -4.53514
-2.33702 -1.76914
3.33331 1.03416
0.819135 -0.967334
0.239101 -5.02548
0.465409 -1.89201
-3.46126 -7.50959
-2.69957 -8.1416
-2.55049 0.17792
-2.36825 1.53202
1.30766 -3.5647
0.834394 6.49557
-4.58023 -0.852973
0.637834 -0.72469
5.94534 8.14649
-1.91802 3.38939
-12.4549 -3.29682
-3.20787 -13.4253
9.18764 -0.157972
0.92678 -3.41937
2.13336 -1.30571
-0.974848 22.9219
-1.70459 -12.195
-0.828427 5.75736
-4.08957 12.3892
-5.28039 9.73342
3.74217 2.93624
3.98989 2.12985
8.76097 8.2483
2.15085 0.743275
-4.39833 2.52646
1.25678 -5.02126
-0.677295 -1.69896
-4.90796 7.34307
0.814993 -5.76881
10.5254 5.37773
4.85465 3.41432
10.4955 3.5434
-2.57398 0.0411037
1.95306 7.68564
-4.3361 7.98864
-4.29139 -8.62184
-0.771317 -0.0677133
12.0318 7.84102
3.73764 -2.3588
-6.97074 -5.7095
6.4671 -1.29704
-0.721572 -1.44219
7 3
7.39486 -7.19998
-1.42866 0.519119
4.62428 -7.63875
-1.70176 1.18996
-5.7047 -6.05994
5.08068 -3.28246
6.84379 16.8969
0.422558 -7.18486
-7.07207 -0.971845
-4.18359 7.2316
-1.58857 5.50297
0.578404 5.85449
2.1703 -5.76393
2.9476 1.21774
0.454276 0.19683
-1.86321 -3.61343
-19.846 3.78608
13.0314 -8.15466
4.29787 23.6508
15.4964 4.55007
-7.04667 10.4663
1.79809 7.99185
4.46252 -2.07111
-13.0503 -16.2265
-16.4853 0.100505
1.74378 14.0831
13.8734 15.4016
7.04759 11.5453
-10.8432 -16.696
26.0684 -4.74246
9.86741 -6.14221
-0.549863 5.64229
-23.4194 16.7445
-25.1725 23.9032
-11.8783 12.1673
-10.774 -11.4889
13.0712 -39.5241
22.7254 18.75
-44.7524 53.5185
-22.1922 -9.50416
18.6384 -80.5167
-51.681 96.0726
121.042 -105.901
191.734 201.259
104.257 -21.662
-240.187 -231.842
-278.92 -1240.63
939.518 -661.844
-1272.95 -1075.12
