17355 23077
1189.59 -5997.17
-679.697 1092.35
376.968 -776.235
201.93 -615.265
155.085 -73.4525
-136.941 12.6402
-87.0913 -98.5827
93.6285 -165.138
66.4455 -78.7052
-58.0307 5.05467
-12.3392 -93.0208
-38.8906 -25.4512
-50.6096 -8.30188
-50.1655 -16.105
15.0412 -26.4468
-21.7877 -12.4131
-24.7716 -30.9604
31.6163 0.26665
1.90853 5.57107
-20.9947 19.4178
11.4866 1.96992
20.707 5.30473
-9.95572 12.3201
-12.7762 3.00168
3.94975 -1.53553
-7.21905 19.8088
-4.86745 -9.93823
7.3297 -7.71515
-5.10611 -5.06259
2.48409 10.3867
-8.50255 9.12088
-0.370318 -0.668858
-7.84689 6.04939
-7.0001 -3.94831
-0.784077 -1.37203
-6.52148 -3.40073
0.114295 4.73308
4.4189 -1.05908
4.64376 3.75652
3.45106 0.496718
5.7934 -11.502
13.8473 -16.3346
-1.61042 -10.5807
0.59714 -10.1277
1.083 2.0585
-1.00466 7.16349
-2.48376 3.13614
-5.53305 5.04683
-8.37955 2.73792
6 10
-0.691433 -0.477184
4.48063 -1.68141
-0.860038 4.75365
-2.46687 1.5225
0.601491 2.35338
-8.17137 2.90838
1.948 -2.6738
4.52984 -1.86599
-1.73533 -0.585987
4.80697 0.515056
4.84704 0.915373
-4.04716 -0.443549
-7.389 -2.95536
-3.18078 -4.92327
-4.35995 9.11212
-5.38283 0.0532859
3.50525 -0.601909
0.777462 2.43506
-6.88988 7.7301
-4.88734 4.23133
7.94103 6.96371
0.286952 1.14796
6.68924 -4.08189
-2.53379 1.92002
-6.87868 1.05025
-4.12706 -1.63292
8.15863 3.85935
0.915701 4.63785
-3.8256 2.82907
3.08779 3.63194
5.44757 -2.06663
5.22046 -2.70536
-0.336364 3.82922
5.74421 1.84932
6.91971 3.01166
5.04348 -8.80464
13.0495 -2.77035
-0.858267 -9.23022
-4.65859 3.03965
-8.51028 20.2716
3.8511 -6.97725
-4.08737 12.8982
4.92919 5.44704
-6.83517 -1.84276
8.71447 3.55111
3.75087 3.01135
0.382926 5.76448
2.93549 3.54366
0.441517 -2.47128
-1 3
3.43569 3.72984
3.64375 3.17399
3.00739 4.46151
-1.08041 0.637128
0.212517 1.2226
-2.52072 -2.25632
-0.251989 1.52258
3.45446 -0.942895
-8.82299 4.18643
0.137422 5.46444
-7.41684 4.74977
1.70797 -22.3277
1.39112 8.07779
2.80512 -7.69436
6.92434 -9.37446
3.80946 -0.345192
-6.88293 4.76709
1.96768 3.52084
8.50542 0.793733
1.91221 -3.24997
-0.219971 2.14572
-3.05282 -5.296
5.1219 -7.85755
-6.03991 -3.90843
-5.94975 5.53553
-2.50995 0.631811
-1.08444 -1.00721
-7.51437 -3.36399
-0.485932 -1.85852
-1.51309 9.53916
-8.83621 3.57669
-4.23011 3.9515
-1.83769 9.08249
4.29307 -9.00383
-6.62418 0.848847
1.82599 -2.6784
1.54788 -8.22025
1.52846 2.8156
0.390871 5.31815
0.553713 0.68657
0.0776418 2.11958
-1.41959 -2.65124
-7.21022 2.49415
-16.8055 -1.70968
0.118139 0.686085
0.653256 7.46808
-0.889443 -1.14678
-2.86577 2.5139
6.04932 -3.53216
4 -2
-2.83407 -3.77461
5.64526 -8.46493
11.1578 -1.70317
-6.96537 -0.207593
0.0506483 8.76491
3.71403 9.22479
-4.50172 10.1409
-2.8779 7.81028
7.2899 1.14526
1.54894 2.12132
3.6048 3.87325
-2.68405 -5.10869
-0.032153 -0.669708
-4.94278 1.32713
-0.820471 6.02698
-7.06308 -1.59587
-4.42695 -6.63769
5.65065 -5.99841
-0.960576 -7.30415
2.05411 0.134599
-3.15191 12.3733
12.3086 -7.93027
9.54439 -4.39951
-22.1624 -6.49065
-11.1213 10.9497
-4.59144 -6.65907
8.99941 -3.01011
8.15686 -13.369
13.6587 -36.1941
-18.366 6.38055
-5.75397 -10.9223
18.2323 -0.46065
36.0309 21.3754
7.64432 18.2677
-6.23774 -2.66547
-77.3953 -27.899
-47.9062 -25.4348
63.9115 -13.5692
62.0545 8.91932
-51.7342 6.91753
-10.0888 -35.8196
-2.47117 29.5549
63.2916 -98.2243
58.1574 38.4597
184.076 239.675
-51.3517 27.7707
111.598 -924.343
1203.27 -1047.95
-241.357 -861.599
