18940 21975
2271.19 -6195.24
-669.979 778.43
494.069 -325.727
83.5778 -736.103
331.687 -400.524
-17.6285 -124.055
-46.1098 96.7669
-114.43 -33.06
25.6125 -190.875
26.3283 -32.142
12.7924 -17.2065
-26.9893 -27.4725
-0.687119 -45.4515
-22.6635 33.9388
8.99547 25.8519
-31.0348 -34.9943
-32.3706 -10.8857
-3.22577 33.9362
1.99967 -3.78234
-20.39 -11.845
19.0752 -8.7263
19.8411 25.1913
-4.69757 0.335588
-10.5859 12.2174
16.7782 -3.12132
4.53757 7.83688
-15.3507 -6.97193
-8.23249 2.87569
-5.59701 14.3931
-6.82696 -0.909953
-2.6746 3.82835
0.359891 5.0276
-7.566 -13.6667
1.67165 10.8241
12.103 -6.61621
8.85423 -5.25882
-1.34758 -3.91229
-7.36118 0.205884
-10.1744 -2.45315
-9.67229 7.76294
7.18003 7.03682
7.13153 4.87126
-4.87294 4.16448
1.53663 1.15851
-1.36781 -0.178805
7.94741 6.19475
3.41251 -8.09273
0.476222 -6.62172
0.537254 2.04279
1 2
-4.65572 3.51686
5.01912 6.53655
1.12866 -1.16263
6.08131 -3.00149
-1.05383 -6.20936
-4.16036 -3.59526
-7.38917 3.04031
1.4536 -0.488473
-3.10363 1.64383
-3.28555 12.2981
3.10405 4.35961
6.49089 -4.32787
-2.43278 2.19493
-7.16027 -0.113884
0.404227 5.53005
-2.05324 2.76108
-1.54676 5.04862
0.111666 1.82711
0.482634 -0.499252
7.32038 1.5067
-4.34622 3.05071
-6.1409 -4.36894
2.92448 3.31524
0.286344 5.03223
-1.70711 2.29289
6.64572 3.25758
0.766866 6.96122
9.65329 -3.56886
-1.29292 -0.90611
-9.72982 10.3601
4.03038 0.782529
-2.08138 -1.67385
0.0719873 1.71103
1.52171 5.98602
4.94802 6.62631
2.57649 -3.66445
-4.90073 4.20612
-4.97648 -0.743651
0.307354 1.09244
3.88647 -11.2187
14.1596 4.83726
0.557075 -3.19805
-0.50224 6.13362
-7.75815 15.3748
10.5065 -10.0348
-7.22638 0.193961
2.85385 6.34762
-10.1997 -0.286283
-0.640693 9.25348
0 -3
11.3734 -2.75203
2.52372 6.55205
-0.283859 7.30689
-13.7495 5.95959
-3.1214 2.8468
-1.60193 7.05339
-0.654159 -1.04628
8.93953 -27.2255
2.07657 1.94322
3.05257 -5.33024
-1.69739 -11.1867
1.10361 -6.25134
-4.46434 0.33772
-0.4058 1.29528
-2.09515 -2.06064
-0.814073 -6.51148
-2.48203 0.993586
-0.254199 7.59609
-1.13061 -0.088805
-6.65214 3.58418
3.77812 -3.33727
6.48802 -7.78579
-5.09986 -3.91978
0.328174 -3.25315
1.22183 1.12132
-1.67819 -4.48353
4.11323 2.65937
-2.745 7.44765
-4.0708 6.71052
-3.0847 7.14598
0.925499 1.4459
3.39889 0.807956
6.13447 2.38523
-5.44338 3.25788
-3.40653 -3.06356
-3.90764 -9.06615
-6.98324 7.88627
9.77988 8.78596
-0.75722 -7.40258
-0.207869 -6.06202
0.0396576 0.387614
2.12659 7.53708
-1.30238 4.77531
-2.39287 9.83807
3.61837 -2.91844
-2.3292 -6.1376
-8.36519 1.20109
2.86245 8.27944
4.79697 6.74013
11 -2
6.02321 -2.45723
3.87933 -11.2846
-0.374758 -8.63759
1.83817 -3.85586
-5.78495 12.5815
2.60847 1.86437
1.51222 -2.35251
3.78887 -2.93966
5.44256 -4.38864
-8.94575 -11.7072
-1.5752 3.28215
8.60763 -6.92876
-9.40112 -9.67819
3.22716 -4.91073
-1.53254 7.64249
-6.21954 5.99499
-2.88884 14.0389
6.60089 -3.08803
20.2099 -1.50509
-18.1301 -5.7853
-13.4356 4.28164
-1.49366 -7.91821
-7.27089 1.80316
-2.04246 -6.18826
-0.292893 3.70711
-6.81311 -4.70892
10.7896 -3.85343
16.5085 -18.9011
28.1471 14.18
-21.1166 13.609
7.57317 20.2255
-11.6018 -18.9123
-7.51206 -6.95513
-12.5183 -12.6403
27.3637 -27.0249
-50.7807 -2.7132
-19.7235 66.9985
-29.0669 51.693
50.1398 -41.7016
35.454 -43.2665
84.6304 35.5705
-39.5789 4.85285
139.057 -27.4458
-150.646 152.944
-37.2645 53.5512
82.4077 -267.434
806.008 -886.194
1146.62 -15.7025
-56.7362 -1300.75
