18842 21373
-722.713 -6996.39
-277.434 1113.81
230.831 -394.639
-201.997 -569.159
317.99 -554.084
-43.2622 -9.8672
-32.6952 25.7084
-147.359 0.970744
-20.9269 -145.944
79.9742 -56.1042
-49.6386 6.95996
9.76425 -5.81897
-33.6013 -87.9987
-16.5163 -34.4254
-73.3239 -9.24182
-19.0394 26.9268
19.8398 -4.13272
10.8194 -27.0441
-24.7166 -2.61381
-17.9533 -10.293
-19.5858 -18.4116
2.20897 -10.6214
-21.4627 22.6422
2.31762 -9.79423
-2.94975 -12.364
-18.7419 -4.03807
1.4401 0.936808
-2.92922 -7.29832
-9.94288 13.4565
-1.84621 -5.87086
-2.22103 3.59402
-5.85723 -1.25558
4.13929 0.478429
-11.5274 13.552
2.48363 1.30312
-1.4056 -15.9378
6.11146 7.12101
-3.16975 10.0266
-8.41977 -5.96528
-8.50619 0.311723
5.4922 -9.51796
2.1801 4.53152
-0.408092 -0.0715195
3.10701 -3.06755
1.41998 3.11861
-2.96089 4.72621
-15.5301 2.32931
-7.17191 -4.48131
3.16181 -0.310318
-5 4
0.466907 -10.3323
4.27712 -4.10703
3.02679 -5.15643
7.72492 2.13115
8.5375 -3.24937
3.81764 5.4288
-1.16375 8.71895
-8.55089 1.29492
-1.14221 -6.11825
-0.767668 -5.40118
-1.90959 5.28448
-1.58085 -1.36904
-3.80577 -4.16796
1.22027 -4.43209
0.627979 3.58162
-8.169 -2.54897
0.441719 -5.56134
-7.52563 -8.8753
-7.00156 3.99323
-7.20952 3.32171
-1.00747 -9.42251
6.82942 15.5675
-0.811919 6.57902
6.65639 -1.72778
6.12132 -5.53553
-11.3765 -21.4855
-2.42618 9.37245
1.71038 -2.5682
-6.44324 -5.36125
2.67525 -13.0302
-3.81533 2.66587
-1.8345 9.24942
-5.05039 2.6631
-7.01643 -4.63283
3.33692 2.34981
-4.95941 1.47026
5.11866 1.04593
1.74925 -5.32113
0.50443 1.65787
-1.43316 3.65335
-1.16817 -2.90829
2.44189 -3.50266
2.67284 -9.49959
-6.07019 -0.113572
-4.57183 5.325
0.976635 1.01901
-6.83088 -1.47208
-0.104063 1.09595
2.43441 1.09767
0 1
14.7743 -0.529442
-5.44215 -3.25606
-2.67269 -2.01014
7.03288 -0.0779711
5.12194 -4.62473
-5.04987 3.88184
-3.24012 6.26595
2.3713 -2.43774
3.94815 2.75681
1.3285 -0.522216
1.66694 -1.42869
6.03794 1.67759
7.51451 -3.13645
-3.24447 1.27948
-1.60055 -6.20545
-1.43117 -4.65984
-2.10898 -6.46302
3.83393 -0.657339
-3.69481 3.33763
6.65099 -0.441944
-2.65813 -12.5536
2.97873 -9.39402
0.437228 0.296514
5.12524 -2.82111
6.94975 0.363961
-4.13164 22.3747
7.19046 -3.53837
-8.07874 -0.779302
-4.0288 11.2816
-4.96916 4.41959
-2.52865 2.43543
-8.04551 3.40803
1.35956 -0.300851
-7.2487 8.30892
-8.08397 9.06211
-0.709548 -3.65697
7.23042 -0.248297
3.18253 5.17046
-10.1153 -1.23945
-5.08643 4.10938
-4.1301 3.93371
-0.647579 -3.99082
2.7457 -8.56985
2.33032 -2.91384
3.40912 -0.154662
3.42703 0.207327
-4.134 -3.96108
7.40271 -0.537913
2.72506 0.879776
-9 6
7.81041 8.71681
-10.8477 -5.64964
-0.677058 9.76531
6.23566 -0.00537298
2.18559 -0.645196
-0.512386 -1.76488
4.0829 6.90421
6.80484 6.69078
3.88201 -4.80456
2.17995 -4.83959
-5.7119 10.1287
-0.132421 3.00939
0.348521 -4.63344
-4.25241 10.0528
21.2221 -7.52024
5.06037 -6.81886
1.36171 -5.0594
-6.28383 0.683871
-15.8053 -1.07306
16.4281 -0.968743
6.94461 -2.73763
9.7917 10.8494
5.5319 -11.4676
3.24062 -16.2615
1.87868 1.53553
-4.30113 17.9679
-25.0018 0.871193
-10.7201 -2.4234
13.5008 20.0327
18.8074 -4.41518
-6.18196 -12.025
1.95511 -23.6624
1.26082 14.9157
-34.932 -3.38539
-37.1281 9.33337
35.3516 -26.2377
66.8402 18.2445
8.86972 7.89477
-75.2115 -5.26554
-28.2728 -57.9286
69.9624 3.18233
-82.7317 -108.495
183.562 41.6355
39.677 86.3416
226.374 127.652
-301.659 -336.098
76.5675 -1405.58
808.451 -312.117
-884.59 -1429.26
