18052 21143
-1010.16 -7509.52
-413.589 1450.12
254.643 -792.244
37.3182 -936.085
424.151 -269.674
-218.457 1.93569
-122.394 -43.7214
-42.8294 -156.975
138.342 -98.5106
24.7826 -14.548
-19.481 -73.6575
30.8453 -32.144
-10.9131 -112.142
-84.2866 -16.7355
16.6428 11.404
35.993 23.5696
20.2277 -25.364
-26.3742 -18.7819
-6.05212 -18.5606
19.462 21.7282
-52.0424 -9.62444
-19.0756 2.34028
11.5112 -18.9095
-16.9437 11.8643
-12.364 -39.9203
8.14477 -13.1757
-4.32408 -8.77206
-3.99659 7.94611
-18.1253 -3.13858
21.2564 -4.07451
-1.98769 0.260185
-15.5678 -7.99047
8.76372 5.75599
2.60174 4.02354
-9.0722 -0.691698
7.57316 11.0554
14.3748 -8.10339
1.80184 -4.63728
-0.774309 8.39532
0.289711 -2.81854
1.87863 -11.3412
5.98961 -5.30163
-14.4013 -10.3388
1.16488 2.35329
3.13951 10.9927
7.03226 -4.36203
-0.76063 8.30314
-1.34552 6.27409
-7.99794 -0.353684
7 6
8.13353 10.4097
11.5656 -1.90941
-12.3697 6.41039
-4.64073 3.87341
1.90157 -0.592405
6.80632 3.52137
3.17199 6.43793
-1.50096 -6.46216
4.3067 1.06818
-2.93928 -1.10513
-1.35996 3.51161
3.0418 -0.308504
-6.90196 3.15164
2.09644 3.88175
9.86737 6.66941
6.70055 0.14465
2.86205 -2.88532
-8.52052 4.82396
4.3856 -2.41167
1.5338 -6.55668
-1.50471 -7.23818
8.85222 -13.5424
0.464405 -7.8713
-2.46434 -0.1275
4.6066 1.77817
-0.153735 -5.0219
6.98776 -2.79696
4.10282 -2.89403
2.80994 3.60154
1.14719 5.12277
2.78017 -2.24357
0.574174 8.40193
3.0231 1.81444
2.81675 3.43601
1.74075 2.82576
-0.265116 -5.70502
1.04977 -7.25634
0.875118 1.1452
-2.77679 11.9384
-1.1859 -5.48645
0.481398 6.76813
-5.8456 0.0695085
-6.13688 0.549018
-3.22912 -2.74737
1.46939 9.32261
3.28341 6.08007
-6.78719 -2.41364
0.960379 3.92855
4.97145 -3.22006
-8 5
2.37802 3.17683
1.62649 -3.24948
-0.612666 -0.482416
1.49695 0.943917
-4.65192 -4.04587
-6.65803 0.134562
5.90836 6.72905
-4.76323 3.3982
0.175386 5.04861
-10.299 -2.21855
-3.63936 -3.69407
6.43726 8.663
2.8955 -1.48659
-2.04594 0.0718859
0.723301 -7.93317
1.9644 1.31697
1.41748 -4.49417
-6.0705 2.10158
-0.350977 -4.1943
9.03315 -1.0326
-0.87392 -4.61648
2.48798 1.46779
-0.379424 -0.616854
-5.68125 4.0725
0.363961 3.92031
-0.392229 1.74848
2.61518 3.71715
1.49415 7.035
-6.26655 1.52552
-2.42251 9.94605
-6.6318 -8.2438
0.245636 -4.57623
1.58406 -5.31456
4.74075 -9.94915
-9.2219 10.6109
6.58295 -1.78379
2.29647 1.16023
-1.30423 -4.2787
-15.0826 -7.69302
0.758943 2.48709
2.77205 3.80424
3.06538 -0.601087
-0.658925 3.15455
1.92551 -9.37182
-2.62897 0.785776
-0.748824 -3.46719
-2.23221 -0.0109522
5.84002 -0.695299
-4.42266 -8.36311
-3 -2
8.68623 5.64092
7.10886 -2.00306
-4.90866 11.1602
-9.45197 -5.00198
-1.36536 -5.69765
2.00392 5.82386
-5.68255 13.6511
0.228782 1.50122
2.26914 -2.02603
-12.4701 -4.27163
11.7982 -5.72083
-6.35206 4.22836
-0.86505 16.0472
0.378104 -5.48538
8.34298 -3.02189
7.32608 -5.58701
-7.87706 -17.0421
-2.14511 3.0978
-2.20948 7.72072
-23.1742 -0.911604
-4.71174 -5.58468
24.5759 7.81531
17.2166 7.76606
-14.034 -0.364358
-16.6066 -13.7782
-4.21213 -8.47003
-23.4668 3.88397
1.50988 -4.40988
1.62531 69.0816
0.718362 -18.1102
-0.0635524 -7.97283
-6.70385 -18.8338
43.6413 -6.78799
-15.6762 1.39585
2.03884 71.4679
-39.2849 14.8921
67.5317 -2.6034
55.8487 -63.244
38.7411 63.1205
-114.491 69.8497
82.6628 -66.592
-109.232 107.664
98.9829 -137.98
175.806 78.5951
260.922 135.577
-288.18 -87.9496
-385.069 -1364.84
729.188 -1142.53
-987.108 -1175.77
