19580 22404
-228.917 -6483.7
-314.296 917.439
181.263 -349.951
-68.8891 -533.933
328.405 -382.085
-66.9272 -2.97284
-59.8514 -54.6992
-111.991 -52.6713
51.957 -103.077
73.0565 -22.5264
-102.969 -21.546
-30.165 -10.818
9.58466 -66.6204
9.74479 -4.00176
-38.055 -32.3325
-1.33986 6.44204
20.5031 -0.735978
-5.89639 -41.9495
-45.576 9.80487
-8.08924 29.4506
-12.415 13.7123
-3.0963 -0.202338
-23.4683 1.36796
25.9909 7.80481
10.6569 8.31371
-2.67029 -5.66293
-15.4619 -6.0484
-1.21723 -0.0563428
2.70692 16.0612
-11.3485 -10.6211
-3.24869 4.25483
1.75003 -11.0968
-5.15057 5.64207
-4.73946 2.55608
4.38793 7.82123
-5.76891 11.5819
-4.90806 10.5114
-2.48232 2.02165
9.62603 8.99447
-4.18562 3.8867
4.4373 1.83595
-2.8442 6.95741
6.74164 -1.49859
4.49141 -3.32054
-2.94512 6.99597
-1.55781 3.57767
5.33036 0.776676
-1.97431 4.29981
-4.25651 1.63407
4 0
2.72825 -2.17517
-0.0342515 7.44338
-4.64537 -7.41956
3.81517 -9.58178
1.66915 3.38497
-2.89734 -1.28991
-2.69321 -4.97571
-4.5321 4.43628
1.35925 0.187719
0.999424 4.20972
-5.2612 0.29676
-2.06746 1.1769
0.436227 7.80291
0.258846 0.64172
1.41482 5.21194
3.57639 -0.548244
2.49258 2.09659
3.86938 -4.37924
-8.71185 5.77679
4.38294 0.857129
0.885906 -0.215511
-7.93132 1.71794
2.3121 -8.75361
4.96818 -2.37022
2.75736 0.414214
-0.694211 1.3744
-5.13644 9.43196
2.28387 -5.06443
3.59776 -1.47634
4.12006 -1.03556
5.5741 11.6226
0.645635 3.56651
5.59116 1.61199
-5.26958 0.0852217
-0.934539 1.693
1.88655 -0.734547
7.72589 2.97253
-4.39218 -3.00505
-1.22407 -16.4566
5.51897 -0.362109
1.99622 -0.486603
1.36858 -0.290295
3.24218 24.6425
3.01582 -8.01597
-5.52061 5.58047
0.661572 15.9007
-1.81323 0.730222
-2.71855 -2.1633
-7.50383 3.69122
2 10
-6.89066 4.7866
-6.49497 -0.825492
-5.04507 1.71523
-0.54132 2.73133
1.88919 15.4171
-1.24871 7.7771
8.89867 2.42865
-0.539457 2.10723
-1.18198 -23.9323
-3.16359 6.42127
1.70816 -1.67246
2.71116 -4.27416
5.36105 -3.04054
-3.4809 3.07999
-2.14822 3.87348
-0.863759 -2.3194
1.16904 -6.0003
4.51056 -3.27579
-2.22526 -2.7087
3.11601 0.417526
2.0977 -2.58445
2.44625 5.01886
-3.00407 2.8074
2.24785 -2.35903
-0.656854 -14.3137
-2.49062 2.43158
-3.70206 -4.48923
-1.3471 -4.75041
4.57967 6.24593
-7.3144 -5.10716
-4.6035 -8.48659
5.57099 4.23345
4.48822 0.494173
-1.07013 -10.0485
-9.29308 -1.74922
-0.301679 1.05544
4.89508 -0.262384
0.494885 -10.854
-2.22285 -3.1026
-2.52729 -5.06382
-4.69584 -9.1637
-8.03723 -1.3476
-4.7883 -5.16394
4.67628 4.71133
1.53596 -3.5745
-6.53727 -2.79942
6.21027 3.33152
1.58514 5.93929
-2.27437 3.29366
-2 -6
-6.05889 -2.676
5.12915 2.07527
8.80928 -2.5688
-4.54136 -5.4991
2.83111 -3.09315
0.244826 -0.223885
4.96849 -11.1902
0.836142 -0.33683
4.17473 4.57223
6.94955 -2.26867
0.520325 -14.4481
-0.459058 -10.8145
3.06385 -7.14359
5.01321 -1.12457
-2.6988 -0.0291956
-6.32019 5.24076
-2.98498 2.11324
16.2214 2.21651
4.91735 -16.4859
-10.2611 17.9957
-5.58817 8.75292
5.31015 -5.05519
-1.27238 -4.35248
17.4113 -3.74685
11.2426 -2.41421
19.3107 2.38481
-17.8281 -5.77307
5.91327 -11.5055
8.36134 -3.90018
-2.3829 -23.5965
-22.3038 12.6403
-0.544346 -6.88471
40.7056 10.7734
-13.5638 -9.0297
-26.6669 32.3704
11.1758 -3.24564
53.2411 3.49169
43.8666 -18.2633
-40.8055 15.7449
-32.8709 -20.6573
43.5671 -23.238
-145.43 -70.8644
201.023 12.8968
84.7437 106.581
242.129 168.515
-225.127 -215.622
29.2388 -1286.46
777.584 -527.409
-611.403 -1382.87
