20492 20917
-329.003 -7070.81
-685.424 1065.22
256.053 -438.946
-61.6303 -747.203
372.608 -283.489
-124.364 -112.899
-73.2933 26.8134
-92.4433 -170.43
81.3081 -47.0936
3.36749 18.3428
-29.7231 -89.5761
-29.5601 -59.1994
29.1247 -5.58063
-44.9339 -86.9113
-5.65517 -31.7306
-7.64959 -9.19266
-14.7983 41.7288
9.13727 -29.9037
14.1589 -29.433
-12.2517 -1.16605
-11.1423 1.33946
-9.6309 -30.0593
6.79471 -10.5454
-18.9052 -13.8389
-14.8995 13.0711
32.0385 -10.7898
13.727 -21.4934
-4.77181 -2.68624
-14.0514 -1.39207
-10.5529 -7.18233
-15.6821 13.862
0.277958 -8.69456
-3.59246 -14.7326
-2.57097 -0.14394
-5.57465 7.99902
3.03001 3.4934
3.15098 3.87802
6.65659 -2.12048
-2.24784 -19.1516
4.26538 -3.26393
7.29218 9.68071
-2.97453 0.483694
-7.15099 -10.019
2.4841 -0.419967
-7.96028 -2.60521
3.32579 1.41167
-2.46425 -8.0107
-1.97087 -1.84953
0.649632 -0.1878
-4 1
-7.91981 9.43352
3.54095 9.10494
5.90983 10.8283
-2.36741 9.09633
2.30002 5.74286
-1.32777 -3.39461
13.9697 8.05744
-1.36092 5.29684
-2.87011 -7.56477
-9.3365 -2.5605
4.77627 -0.682309
-3.64229 -2.51727
6.1963 -3.09149
-1.91447 3.65005
-7.55399 -8.69636
-10.5914 -5.27353
-1.25927 -0.774885
0.68413 10.1881
-9.30911 8.6699
1.82338 2.32823
-0.302174 2.46793
4.31869 -27.6521
-4.84543 7.94023
3.40104 1.6441
-5 -6
6.32155 -3.26026
-6.38123 -0.210936
-1.22326 6.29631
0.275851 -4.48763
4.71441 -7.73607
-5.48998 2.75691
-6.62667 0.740804
0.401123 -1.23951
8.15847 5.36208
3.84616 1.96993
-3.35986 -13.0672
-1.73127 -0.314893
-0.0457592 7.69014
-1.05155 3.75922
6.72268 -2.19691
7.75224 -2.91075
0.0450769 2.99735
-3.07198 3.30668
3.34064 0.420989
-3.75551 1.59709
-2.08231 2.03489
-3.533 1.86706
-0.888209 3.2388
1.25129 0.232307
-2 -9
1.81815 -4.74368
-1.15742 5.39684
-3.54869 3.48138
-5.06163 0.216966
-1.91002 -5.7076
0.315801 0.125894
7.89811 0.973112
0.90374 -2.42447
1.59785 2.12595
-2.61615 -2.01188
1.55845 5.0567
8.2723 1.97441
2.47113 8.22439
2.1978 4.43048
-1.77021 1.72899
-7.97984 -2.33277
3.81343 -0.284596
6.62278 7.26727
2.26476 -6.02521
-0.714412 -7.73607
-4.97822 3.89532
-4.50421 -0.422807
2.42689 -1.21338
0.644738 -2.17803
4.89949 -1.07107
-2.27733 -9.84271
2.39341 -11.0449
-0.369208 -12.0056
-0.794371 2.63268
3.12038 19.5375
3.62009 6.84076
-11.4256 3.63589
-3.49952 5.70887
-3.0041 0.276203
0.793385 5.64194
-3.13286 5.89591
2.63131 9.77235
-1.35868 4.37103
-2.02632 0.495553
-1.89956 -4.91164
5.05447 -0.371305
7.09759 4.2807
-1.04284 13.8009
0.150184 -1.42777
8.91195 -1.77905
10.92 4.3718
-7.47976 -1.37127
0.942528 -1.83508
3.32867 -11.4563
6 3
-2.08061 -6.14672
-3.89253 3.56031
-3.90932 17.9018
3.93184 5.84717
4.38388 5.4658
-2.59524 -1.84962
-0.124436 -3.65666
7.0945 -3.35267
1.08043 -1.73285
-0.265384 -3.26393
12.7987 8.06116
5.44382 8.41447
-4.7329 -0.324218
9.0094 1.07855
18.1323 0.238084
1.35235 -23.1977
-7.69948 -2.70369
-12.466 7.26165
-19.4329 16.1512
-4.21055 3.31657
23.1991 3.93161
5.08057 -4.36602
2.26431 5.19793
13.7218 -12.7953
-5 -6
-2.35156 31.057
2.23 4.15455
8.25226 -16.4068
-1.08897 8.48141
5.48781 2.63818
-6.08119 -7.82372
23.2201 -44.5323
-12.0131 -12.4059
-10.3641 21.3517
3.92612 8.06883
-3.5834 3.42956
10.2641 -46.7169
22.8229 12.8066
9.79239 63.321
-39.6544 3.86598
-56.9253 -161.265
0.957988 68.7931
23.5375 -111.789
189.245 165.325
159.278 15.5549
-125.705 -55.9125
-452.429 -1290.15
868.528 -993.151
-958.033 -1097.36
