18624 21563
543.123 -6973.31
-930.777 1037.01
251.587 -576.387
200.009 -716.403
378.71 -146.762
-158.28 -72.6538
-116.643 -66.6658
36.1674 -152.294
82.2137 -10.4481
-45.2166 -33.4284
40.4591 -86.0213
16.9411 -34.4528
-6.73336 -34.9174
-87.1236 -69.9304
18.1294 -22.8125
-0.0442442 -22.4677
3.14111 -3.82268
-30.7331 -16.838
23.1384 -27.3903
3.27964 -4.19159
10.5039 -25.48
-27.2232 6.88732
-18.357 4.85122
0.56327 -19.2858
13.8284 -12.8284
-11.8299 0.559655
-24.5943 -12.8078
-3.39754 -23.4342
-0.838838 6.19846
-3.34244 3.58044
-3.75503 -6.32832
-15.5425 -5.17769
-1.86873 11.3808
9.06982 2.35267
7.42689 -3.5506
-4.21149 0.606024
-7.99375 4.6755
0.231743 -12.7853
2.0544 -2.26626
-1.39883 -2.2381
5.23279 -1.4675
-1.74267 -0.431751
-8.961 7.41298
-4.31531 -10.1862
6.54096 0.00897826
1.26995 -1.98726
-2.66303 4.17823
-9.65469 0.848075
1.9651 -5.82016
4 5
3.07231 -2.0963
5.03605 -5.53157
0.0827077 -0.841485
-2.70789 -1.13421
10.0509 2.08805
4.94732 -5.21583
-4.2745 7.91139
-2.39012 1.71658
6.52479 2.21106
-8.07331 8.69003
0.502919 -4.64611
-6.76785 3.38404
0.298834 -17.4515
-5.29607 5.60379
3.36387 5.67636
15.3131 10.48
2.03775 0.861965
2.6323 11.406
4.6425 4.82017
4.11952 -27.1559
-12.7956 5.37976
-1.43635 -4.84616
4.41994 -7.85308
8.22066 2.02887
-8.17157 2.48528
-2.0944 -3.64965
1.9132 -4.15204
9.57512 -2.67265
4.31085 0.629539
-3.80751 -2.83151
-2.15476 -0.0746438
2.97746 -3.58486
1.11411 -2.39365
-1.12595 4.53367
-7.64116 6.93031
-0.856019 -4.38579
0.775481 -5.72408
0.486111 -0.637187
-8.88869 1.48267
0.328084 -1.36998
-6.52939 -3.09604
-2.97676 -1.7187
1.2516 1.61958
-3.22037 0.836613
-2.85824 2.95744
3.20642 -11.721
-1.50182 -3.42852
4.57917 0.292045
4.11746 4.33779
-4 -1
1.37482 -4.38594
1.60746 -0.202794
1.84754 5.39205
2.15903 4.96431
-2.78175 1.68037
-5.60764 -0.105225
-1.87994 5.2795
-0.44844 -2.57646
-6.56435 -1.06668
0.421089 5.04162
0.332306 -1.38514
-4.4948 5.30922
-2.17214 -3.84133
-0.117632 -11.2169
0.659091 3.95031
1.10491 0.925519
-9.37898 4.69681
1.77294 -4.72603
2.45889 -4.97673
5.42554 8.30365
-0.644431 13.1181
-4.88701 -2.49387
1.00064 4.51813
6.28396 -3.90463
8.17157 -7.17157
0.218779 -0.700376
-4.52615 -4.65072
-3.92681 -19.4348
4.67932 -5.13423
-0.99626 0.862796
5.53264 -3.45062
0.780915 18.0118
11.8068 -0.665978
9.49097 -5.10914
-4.37943 -0.780723
-4.52596 1.96652
6.05271 1.33315
-1.03246 2.80049
-6.85054 14.2522
-10.2529 -2.27362
3.6828 7.39949
10.9107 3.45026
-1.75106 3.44192
1.06622 5.73337
7.24938 -0.953841
6.29861 -6.04556
1.49659 14.8539
4.41989 -1.28324
5.6372 2.75192
0 1
-0.61843 -5.05559
-1.9475 0.87197
-2.00421 3.94702
-4.81579 1.1127
3.20528 4.73187
-1.48403 2.25574
0.364274 -2.28144
1.89726 -0.250529
4.3996 -2.80978
0.780797 -1.23404
-3.16243 2.43803
7.47756 9.85246
0.310063 -8.72544
6.9394 6.20172
-10.4688 -0.18104
9.82607 -15.4126
3.56082 -2.21323
-8.77499 3.00638
-4.42731 2.56062
-8.1152 -11.0644
-21.5355 -9.78888
10.7096 17.7762
8.9068 11.8036
-3.81488 -10.5719
-13.8284 -14.4853
-13.1758 -15.4747
-0.258661 10.7703
6.05167 13.8897
11.9638 13.0495
-5.95341 -16.2248
13.3276 -36.0063
1.94973 23.5976
-6.54765 2.74412
-29.351 23.7086
-6.97215 -6.39932
-36.2022 37.2448
12.9271 -18.7443
45.5734 -46.1557
35.55 -10.3739
-71.1982 67.5338
2.6446 -137.312
24.5749 39.543
48.6852 -119.987
120.147 111.375
279.766 65.4161
-155.376 -97.421
-326.193 -1278.9
911.243 -935.633
-839.958 -1125.65
