20786 21026
-1774.84 -6684.38
-336.294 1164.11
37.4872 -526.337
-154.295 -616.706
297.657 -454.358
-185.288 95.4698
-125.998 -50.4876
-89.7279 -95.0702
68.5783 -61.6235
-3.58393 -23.6269
-72.3245 -56.0696
6.94046 -70.9313
-7.45009 -65.6012
-19.9407 40.5074
-42.8909 -71.0332
-4.78695 -14.7934
-2.25358 3.31888
-52.2724 6.90957
6.27472 -0.252302
9.27053 -20.4465
-33.9313 -12.8982
4.48127 19.7478
0.783512 -18.369
3.273 8.36016
-12.1924 -2.12132
-0.179332 7.93079
17.4377 -3.50173
-3.3028 -5.72528
-3.76537 -11.5493
3.7189 -4.03536
-10.6956 5.73695
-8.52731 1.12344
-7.08787 -11.1872
-5.25166 0.153405
-7.24897 -13.0288
2.67096 -3.0937
-9.35768 -10.7425
-0.2154 3.58263
2.44781 8.55881
-0.231333 -3.90305
-7.18998 -6.62253
0.833182 -0.336071
2.72398 0.944832
8.37113 -3.06331
-0.890935 -5.11614
1.47521 7.07232
-0.0709847 -5.56705
-0.653579 3.45739
-3.19834 2.4889
-3 -1
-13.1648 2.97178
3.69349 -0.900361
-1.90657 6.64637
5.56246 7.71669
0.87735 -9.05951
5.80719 -4.16825
1.83055 5.41571
-6.0035 -4.54444
-1.95134 -0.410309
3.85407 -4.29313
0.221191 -4.68738
-11.9396 -7.14638
-8.41271 3.38733
5.81261 -0.669138
-3.32338 0.427423
-1.30464 4.12286
6.46088 3.09745
4.88344 1.94953
0.0577366 -0.919588
-3.03198 -6.4925
-3.88582 -3.37823
0.749229 3.29213
-0.2843 1.76023
-8.13305 -0.882501
-3.36396 -5.87868
3.19927 3.82684
2.03395 5.07565
-11.2725 -3.33929
-4.09839 5.24603
-2.91753 2.44189
3.79371 -2.56702
5.84284 -1.23894
-1.72236 -5.16865
-5.58278 1.68586
-9.40569 1.19402
6.55344 1.14023
9.12683 9.92581
-9.19575 1.68937
1.35849 6.43535
-0.506243 5.97439
-15.1025 -22.1849
1.92238 13.0931
-0.0553793 -10.4978
-6.64784 -7.91677
3.34513 -5.29224
-1.0819 6.42513
-4.9932 -3.10462
-1.90303 -4.26067
0.203852 0.898051
2 4
0.260844 -8.06351
-9.77761 -4.6565
4.2721 -5.52645
2.49611 10.9461
4.04296 -4.15612
-4.2977 -1.78823
-2.2183 -10.655
-1.84701 -4.17517
-4.50677 -4.00176
5.10087 -1.0908
0.764754 16.7901
1.82542 -6.95039
-5.87055 7.92322
-1.00695 3.27054
-1.1664 4.86735
-0.00753413 4.99626
6.50679 -1.20325
-0.884003 -0.717967
-9.53101 3.59427
-1.46444 1.26632
5.20641 5.68485
-0.408263 -3.24437
4.77582 1.02854
-2.71788 -1.16567
6.19239 2.12132
1.88117 1.44084
-0.188879 -8.37831
3.32364 -3.2958
0.867409 -1.32439
3.18181 4.14458
0.564371 3.18492
4.00928 2.25033
2.06907 -1.76688
-0.912073 -1.98375
-1.51029 2.47324
2.53393 -0.769239
-4.54741 -0.174847
-3.41109 4.36236
-3.36137 4.54984
-4.65244 -2.17901
7.54166 6.02644
6.8173 7.85035
9.2147 -1.54579
4.54318 -5.57207
2.00726 -1.28127
9.42734 -1.1707
-4.08518 -5.94447
5.42369 -4.18665
-0.404334 -5.94829
-1 -5
-6.3724 6.48551
-8.7771 -3.24169
0.233228 2.40001
9.91227 -0.55854
6.47701 0.864314
4.11608 5.57678
0.766041 -3.54236
9.003 -11.1613
-1.77684 0.408095
-6.3867 -5.80516
1.46779 2.52853
-0.82635 -0.792056
8.5055 11.8238
0.175242 0.381957
1.40386 9.27825
-9.45506 2.15472
-3.99381 8.97672
1.83431 -9.63322
-3.6202 5.46406
3.90836 9.50789
11.7132 -6.33313
9.82221 1.0375
15.653 -3.03215
-16.729 -7.20748
9.36396 -10.1213
8.73531 -18.9676
4.47259 2.10373
-8.43466 -17.8516
-14.8792 -5.0803
14.5278 22.9186
20.4379 -19.822
-35.5063 -20.0168
10.0139 9.99354
-13.8979 3.92959
14.5087 34.0121
-35.8725 -1.10737
11.9874 -11.9423
77.2339 8.2772
28.4879 13.9582
-64.7878 -18.3813
-20.3409 -42.7473
-179.286 3.90759
110.898 -104.325
114.584 126.914
236.117 26.2088
-339.709 -33.1278
-407.476 -1167.64
507.794 -762.537
-1120.58 -1487.72
