18297 21359
2735.42 -5931.12
-959.584 658.351
447.191 -199.376
141.56 -738.12
361.847 -255.365
-24.0466 -154.006
-27.0205 92.8942
-128.976 -107.522
29.9188 -104.547
-7.29412 -25.5479
-17.989 -15.9991
-55.7474 -23.2958
47.6764 -32.0203
-41.8363 2.00295
-15.378 13.0315
-16.8123 -43.4541
13.3607 -16.659
-7.36196 1.38394
-36.1168 23.4102
-44.9809 17.0667
-0.44213 -1.69823
3.45004 16.0061
17.8954 16.6632
-7.60688 -22.2203
9.36396 -11.5355
4.39414 -13.0246
-3.2071 -3.29424
-1.29943 9.58241
-4.35629 15.1676
-0.842548 -6.36585
5.69952 -2.38778
-7.67118 -11.5818
-0.772205 4.77028
-1.11608 -2.14223
1.7648 -2.24135
2.72739 -6.24827
2.79236 17.3371
-5.01925 3.87034
-5.32998 5.01252
-6.78501 8.74341
9.09322 3.69261
-0.152183 -0.491057
-1.88318 -6.7162
2.42695 -8.51068
-0.468451 -1.30033
4.76326 2.69819
-5.40116 3.72321
2.53162 -2.76919
-0.849331 9.91174
-6 8
0.358279 -1.63296
-5.55788 -1.41853
-0.301424 -3.46273
-1.17912 4.12874
4.13266 -2.36015
1.76193 1.64827
-0.174141 4.49983
9.16163 0.924585
-1.0418 -0.0925148
0.241316 -3.28917
-2.35653 0.658386
2.96283 -1.71002
0.122594 -0.395842
-2.5878 -1.76277
-2.30367 0.881145
2.49056 -2.36899
-0.735817 1.575
0.0272341 -7.93425
0.102922 -5.2027
-0.39352 -2.90466
6.12146 -0.368336
4.50687 7.98086
-1.00013 11.5199
4.04663 -4.02591
-3.94975 1.05025
-1.70318 1.2374
-0.899554 1.45778
-0.705406 -1.39519
0.326313 1.05772
-2.67615 11.2672
3.12088 4.21428
4.14047 -0.45174
1.89117 3.08329
-0.140744 3.52423
0.685805 7.35423
-2.8915 -1.69757
5.76359 0.871523
-1.09201 -11.946
9.1006 3.39707
5.29412 -2.72258
2.60304 4.74004
2.30127 5.20304
6.90086 -1.16303
2.14397 -4.41889
3.26238 3.30911
-10.8342 -8.46326
-0.243575 -0.769917
-6.1607 22.6428
6.12074 2.65354
-11 13
-8.7788 12.2718
-5.96875 9.20864
2.09169 0.80993
5.19189 -20.2551
-2.20308 12.147
-4.84716 3.17977
-3.33978 -4.76587
9.31487 -0.603529
-2.56736 5.66461
4.10793 -2.07759
5.16984 3.27259
4.3252 -0.685829
2.38695 -2.48894
5.8615 -3.97822
-4.86162 4.18278
11.9973 -2.54257
-6.55661 -3.32528
1.94923 -0.703255
-4.90719 -12.9654
-3.85172 -4.12126
-1.71891 0.96485
3.45995 2.13269
-3.13853 2.0153
-3.4161 3.68393
-3.36396 -4.46447
7.31955 -0.920566
-3.89016 -2.97845
1.75221 -5.84492
0.923693 12.0081
1.57565 9.68868
-2.08435 4.06954
-6.40666 6.65413
-3.52532 -2.00081
7.5585 -4.72827
-0.289122 -6.74998
2.21475 -1.61677
-7.20117 -3.34164
-1.83021 7.52601
-5.2926 5.75479
2.35543 4.4908
-2.58908 11.2234
3.99771 1.29797
-3.78331 -8.28382
6.87999 -12.6052
4.47354 -1.64605
-3.74367 -8.97274
-9.50489 -1.55153
-2.14815 7.86475
8.25741 -2.37647
8 0
12.4523 -10.3296
3.89378 2.24385
-8.28012 -2.13494
-5.76772 -0.399475
-6.68915 8.28817
-6.36414 3.85226
-6.60056 6.40617
-3.66909 -4.85418
5.94971 2.03023
-8.68712 5.11069
3.50917 -3.36701
-3.02312 3.04061
1.87042 -14.8225
-8.29694 -7.00876
-2.53065 2.96049
3.95576 13.8239
-14.4411 13.2924
-16.6961 8.94718
3.2108 -9.09796
-3.57565 -4.41817
-7.18431 -11.0247
-9.95853 -11.7321
0.207642 -2.27178
7.83479 8.6747
5.94975 10.9497
-14.1093 15.9483
3.71394 -29.328
5.31679 -26.4522
-1.72416 -9.50947
-1.61583 8.73169
4.44526 -1.98799
4.66276 -1.62249
38.3715 -25.6223
-1.28652 -6.76823
14.4991 10.9682
-14.8244 14.4273
8.01752 26.0601
-57.2223 30.705
-20.4755 -54.1691
-0.871864 26.3481
127.164 -65.394
-0.386052 -34.2725
162.246 -52.4532
-70.4606 238.698
-23.942 70.54
192.907 -229.892
703.302 -920.175
1124.72 24.3448
-247.164 -1415.48
