21205 21078
-160.078 -6900.53
-372.741 987.636
306.106 -306.992
-190.34 -542.244
311.399 -537.521
-82.6015 -16.0634
-59.2742 -12.0238
-118.705 -47.1443
-20.4247 -140.746
80.0007 -1.60851
-7.28723 2.69677
-38.9421 -9.38205
-16.6511 -85.9666
-13.1056 -15.0036
-19.1401 -7.32035
-9.29214 15.5258
15.0984 -24.395
-12.6597 -18.1004
-24.0231 -18.2508
9.06387 -17.0296
-8.44748 -37.8815
2.19229 0.188874
-3.85935 17.1516
-6.87164 -2.19093
7.94975 -19.6066
2.78631 -3.36603
-4.14367 -1.21763
-13.4173 -8.82029
-0.0724671 -14.0565
0.127203 9.48862
-18.4784 -3.7106
-1.19138 -1.48737
-11.6614 4.62611
-0.404771 7.43155
-3.91802 2.89649
-3.92106 -5.73357
2.05136 -4.72201
1.3458 8.10444
-5.24957 5.63871
0.582153 -3.84458
6.16229 -4.53275
5.09567 7.05226
-11.3458 -3.93277
1.86989 -7.75273
-4.2625 -2.13534
-1.12622 1.45457
-3.97003 10.9428
-11.6476 -9.46378
-6.91224 1.21553
-4 3
-10.6234 -2.54319
2.39231 10.08
-4.2326 -4.10409
0.80096 -1.21241
-4.16713 -1.31289
-2.7562 1.83764
5.24848 0.661784
-0.980779 -1.249
-2.59894 -1.52811
0.972479 -0.305379
1.49514 -1.84044
-3.16776 0.462383
-5.57866 5.80705
3.96464 8.21226
7.44573 4.36517
6.13661 -0.723896
1.84845 4.59921
-2.32261 -3.18137
2.25439 -2.48613
-0.599339 -0.127943
-4.03944 -4.0035
-1.8288 2.94122
3.34117 -4.68831
0.749937 -5.54598
2.05025 -3.46447
-4.17125 -4.56821
-8.71622 4.06209
-6.46294 -3.54006
3.96666 0.820415
-0.304639 -3.95965
0.271018 1.22605
0.998328 2.53355
-5.66848 1.48456
5.34407 -2.08269
-4.42245 0.404335
-0.613067 10.8862
2.52718 8.64864
-0.333221 0.926924
3.56382 5.18308
3.9567 -0.155423
-1.15571 -23.6768
-10.3676 9.21516
1.83149 2.59479
-8.86064 -6.49507
5.49833 -7.24528
3.27583 0.319421
-0.126719 -1.58443
-8.61956 0.956694
-5.23037 -9.0182
3 -2
2.73772 3.03317
-4.81059 -5.66516
8.0406 -0.543999
0.142651 0.0231318
-2.43275 -6.85008
-5.98229 -4.01958
1.04686 -15.6585
2.08171 -4.05916
-1.27621 -8.03383
5.77491 -4.19404
-4.8027 18.1082
2.09379 1.91345
-3.68622 -4.19824
0.873604 5.03958
-8.68507 5.22752
3.15056 -1.5403
3.18678 -1.8524
-4.80239 -5.59161
-0.261053 1.93995
-8.63963 2.19572
4.72665 5.08169
-0.370125 -1.92578
-3.92608 8.67213
3.55163 1.62505
-1.94975 1.6066
-0.789638 -2.10678
0.926758 -1.88044
6.44961 5.8726
-0.0342955 0.730862
-0.876729 -0.0403505
-4.06623 7.8369
2.9936 0.681864
-0.0349873 0.39703
4.66201 5.20254
-0.102773 -0.761086
6.12096 -8.0091
-2.35778 -3.24442
-1.1731 -1.56853
-4.24726 -2.74886
-0.0970906 0.249651
2.18303 8.91698
4.14695 1.32308
6.12824 4.05949
-0.0673938 0.438025
-2.3597 1.52572
4.78361 0.393209
3.94102 -3.25584
-0.759043 -3.19017
-2.37947 1.53228
-8 1
-4.565 -0.57566
-7.66528 -1.27313
-0.0916676 3.15703
-7.77593 4.5158
-4.2103 4.92652
9.06995 -5.20525
-6.88899 0.22106
2.92639 1.82467
-2.10897 3.01858
8.36212 -2.39149
19.0328 3.55076
-4.72543 -9.15663
0.320781 6.54154
0.181684 -2.72441
11.2633 9.55135
4.81721 -2.48589
-2.66001 -6.13147
6.88557 -10.2775
-5.62436 -13.0513
-9.0807 -6.19572
-4.73567 24.2025
3.27591 17.203
24.9951 6.63379
-3.03651 -24.5613
11.9497 -10.5355
-7.18268 2.91232
-0.624383 -4.9066
8.9295 8.22384
0.624104 5.02802
32.0607 -0.914656
19.1791 9.63131
-10.2262 -8.89498
14.1772 13.9007
-46.4323 6.10362
-2.63099 8.65977
51.6469 -19.7681
82.9209 -4.63005
-12.2298 5.57644
-65.5864 -36.7487
2.69723 -31.1666
20.1756 -23.1524
-44.9598 -62.1803
191.396 -24.911
-36.5679 196.641
100.725 97.5891
-227.441 -298.897
247.154 -1297.97
768.711 -362.827
-778.851 -1685.62
