19946 22157
-585.978 -6585.94
22.8491 1194.49
254.172 -662.54
-150.316 -679.119
220.202 -326.005
-49.9863 56.1649
-35.6628 -55.2268
-68.3763 -137.8
41.0263 -118.643
64.9094 27.8986
-52.4802 -7.76208
-28.25 -69.6597
-22.2413 -57.7982
-25.1493 36.9303
0.805783 -22.4513
-0.915694 -31.6072
-10.0938 -21.846
-27.7031 14.4452
4.23603 -37.4239
9.21055 -25.6141
-12.287 4.8935
9.64001 2.98462
-11.889 -30.8843
3.9465 4.21683
-11.6569 12.0711
15.987 -4.69267
-0.544269 -6.74384
-3.26611 3.0125
-12.5883 11.8546
-8.47253 -9.50225
-4.19962 -0.611783
-2.55056 -7.59925
-4.50028 8.09234
-5.41769 -11.114
-6.18361 -4.92507
-1.1738 6.91296
-9.34415 1.35801
-0.334193 -1.64383
3.07126 -3.72827
-6.4386 -8.30188
-3.08795 4.29163
-1.568 -3.01427
-4.48232 10.3357
-11.5689 -0.209876
-0.774818 6.96497
2.08886 -10.78
-4.48363 -1.78539
-4.11072 4.56259
2.28491 -0.672578
-2 1
4.76454 -3.58317
0.711302 0.881088
1.04596 -3.91632
0.316908 6.96863
4.05785 3.56161
4.493 -9.15051
-0.930988 -2.38637
-6.4186 0.310872
-0.884763 0.767742
1.63251 5.23617
6.87693 0.297586
5.41991 -1.89213
1.58247 -4.47379
-4.83975 -5.89696
-0.879796 2.40576
-0.336596 2.36771
1.88868 -3.01952
1.75506 -8.22209
4.9058 1.4343
-6.47988 1.59242
-7.08977 5.64808
-7.26496 6.35158
8.29394 -4.88009
-3.29038 -11.7941
1.41421 6.65685
-1.90078 0.771555
4.68504 -3.35471
2.03994 -4.32723
-1.46284 0.720146
-1.32678 -4.36562
1.73506 4.04869
-1.48099 -0.53181
2.58462 3.54111
-3.36953 3.76352
-2.8353 -6.82159
0.521248 2.49764
0.868483 3.65628
-7.72084 14.3336
-1.89856 5.3041
3.24969 10.608
1.47085 -4.96953
-1.96689 -24.4329
0.72265 9.08302
1.28144 -2.39038
0.764073 -6.15117
4.43865 -0.37195
4.10571 -0.353236
2.72378 -3.98628
-1.79236 -6.18485
4 -1
5.57822 1.79164
6.1042 1.23391
7.06603 -6.36519
-2.2249 -1.9319
-3.70466 -3.76976
0.589145 -13.5621
2.54521 -10.9488
4.04588 2.85449
-0.23643 -1.40571
1.13384 18.5703
-1.50964 -15.3179
-6.55548 3.48647
0.327886 7.06531
-9.35913 7.1476
-0.559315 3.26909
8.33677 -1.32435
4.75408 -2.52269
-7.84292 -2.70439
-8.98061 -0.407015
3.65302 3.69186
1.57635 14.2435
1.17029 -1.04109
5.81935 -0.990566
1.13156 -6.37306
-0.343146 -2.07107
-5.11001 5.65742
-2.57845 -2.17089
-0.51351 7.59917
0.26646 3.25171
-3.86148 1.47528
-4.88699 5.14258
0.210421 8.83089
6.20568 -0.131821
5.50359 1.09145
-12.8531 4.84494
-1.73189 11.9501
3.7396 6.52719
10.8599 -1.20129
7.31596 -3.5018
-1.72268 -2.4378
-7.78456 1.90089
-2.30918 4.24623
0.596361 4.58764
9.41871 1.2859
2.73286 -8.83989
2.32859 3.12361
2.98432 7.73431
-3.25456 2.51086
-0.107127 9.18165
0 7
8.62335 8.15773
8.75274 -8.9449
-3.01618 3.47136
-14.0755 -1.63391
-2.04894 3.96494
-6.40527 7.32169
4.26182 1.28224
3.27041 -3.10372
2.98262 -4.78415
-6.88763 -8.02436
-5.12536 0.0898301
-3.51075 11.8336
1.73916 8.40959
5.44937 -5.04255
3.10105 -5.91538
-2.97823 1.65161
-3.77158 15.6177
-13.2822 9.22023
3.35655 0.81209
2.70243 -0.98186
-1.20233 -7.47935
4.2838 0.522527
-7.17528 -0.994029
17.4785 -7.03688
-1.41421 -4.65685
10.2802 -7.3406
7.69637 8.99824
8.07835 -11.1069
-9.65305 4.5108
1.87962 3.81569
27.2234 7.54074
-2.38539 -21.8712
17.5356 20.8717
-6.51229 -15.7029
-35.8418 31.9806
-45.0286 5.9862
45.0627 -8.91582
97.4281 -25.158
-19.6877 -2.83802
-121.181 -37.6605
54.2306 1.23101
-49.7307 -1.66027
189.052 -78.5872
63.6032 83.9743
126.017 135.887
-226.88 -72.8405
6.36232 -1230.55
802.43 -843.677
-583.586 -1231.11
