18012 21446
2337.28 -6377.55
-969.605 722.88
353.158 -329.58
307.466 -763.781
434.13 -158.997
-147.35 -124.971
-73.3574 -22.7987
5.69431 -153.676
138.167 -36.7102
-30.2508 23.3861
-29.2809 -104.835
-11.9756 -47.8396
0.451948 -18.4895
-63.1601 -70.5116
-37.1653 16.0452
-12.1939 6.39761
-28.6825 -3.58399
-14.7757 -16.9731
-7.50649 -13.3747
-10.9657 6.55899
-5.26157 4.50189
-13.2751 -15.8514
1.61403 39.7071
6.61522 0.385292
-11.1213 -7.53553
6.2142 -13.9539
0.24121 5.97582
-18.7567 -10.3684
4.65279 4.41419
-1.07818 -0.901215
-1.57496 -8.25854
-6.3459 -11.8983
4.85828 -5.97463
-1.19508 14.2067
-4.07363 8.68671
8.29317 -12.175
8.95157 0.834869
2.20973 5.51181
0.560609 -5.41867
3.36623 -10.961
4.14853 17.1429
-1.9981 6.34066
1.46666 -0.313148
4.81415 -3.40762
-15.3996 -2.6765
-6.21988 -3.1935
5.11063 -4.01822
0.223287 4.19548
-6.8876 13.4116
-11 -1
-4.81925 10.8853
2.72579 7.63788
1.20256 -8.59191
2.09758 2.40772
-0.73207 5.69308
-1.19634 -13.0301
4.77713 5.23486
-4.56622 -3.32654
-2.66235 1.45643
-2.3329 0.0696668
1.45979 -3.25702
2.0527 1.68913
-6.0553 -2.63461
-0.672471 0.487731
8.38209 0.498801
0.38188 4.19114
3.13089 0.165188
3.65778 -6.92062
1.74436 -4.56875
0.0568977 0.102842
-5.54695 0.654184
-1.78381 -1.40823
3.91098 1.6864
5.39383 -0.428436
-2.05025 4.6066
-0.567964 -5.53698
-6.63004 0.852268
3.18807 -2.85382
-7.69135 -0.665283
3.98897 2.1236
0.25355 12.69
-5.4106 8.59535
4.56369 3.88644
-2.38403 2.67303
-0.398196 -21.9262
-4.44268 3.3604
1.33955 -6.73493
-1.09913 -1.83016
11.1567 -1.65461
-1.54758 -0.0598299
0.790694 2.8881
-5.24043 -8.12212
-2.95808 -6.29559
-13.0557 12.1846
-1.97811 -7.74337
-1.14835 -6.85497
3.2297 -8.77048
-0.0182621 -5.60704
-2.23945 -0.900447
-2 2
-2.89921 0.247099
-3.10795 -3.47893
-0.351768 -7.4205
-0.590807 -1.09949
1.52275 9.46741
-3.73854 -8.63484
2.3987 -1.13451
-0.623064 7.65867
-0.432711 -6.07556
4.57509 6.33161
2.88494 5.00857
-5.09346 -4.86075
6.0097 -14.2719
13.7122 -3.46382
-0.0165425 -0.248164
-3.42326 6.38018
-4.66244 24.6847
8.22549 -5.12026
-0.0474861 -0.603414
-6.69717 9.34854
-0.749124 5.8758
-0.729919 2.01517
4.92319 7.30484
-3.88381 2.76731
-6.87868 -0.464466
-1.42212 0.0358809
2.47068 -1.93119
8.96516 -3.00654
2.21398 5.10047
-1.30267 5.79199
-2.80125 5.87326
5.19827 -7.00205
6.81256 -5.62403
6.9932 -8.51384
8.68819 -3.45433
5.95409 0.915476
-0.456679 6.08562
2.65869 0.342799
4.50302 0.866686
-2.84744 1.69427
-4.68671 6.40355
-4.0009 -2.09023
-4.26916 -3.43068
7.64894 10.0905
5.64562 2.54064
8.84707 0.434978
-3.38017 6.84161
0.100597 -4.92902
-13.5248 2.78913
9 -3
-1.60365 -7.2525
0.232805 4.00191
-1.85516 8.11955
-0.755393 6.05606
-8.27436 8.9399
0.452834 3.31024
-2.14907 -14.447
-1.55573 0.335074
1.55286 -3.60805
7.34197 13.4889
3.46776 11.637
8.69781 10.4414
-9.83147 1.45443
7.85378 -4.01418
7.74975 -14.9306
8.08981 1.126
3.73013 7.7564
6.58084 8.08767
1.80274 15.5042
-5.89895 1.88177
-12.8152 -13.0318
-13.2952 28.5259
-0.979969 -1.97794
12.7557 6.96037
-11.9497 -16.6066
8.25258 -10.2236
-5.90144 -20.3997
-18.9989 17.4389
-4.38098 5.34571
28.1461 -0.322921
2.59236 -2.56833
16.5573 5.85017
-15.5103 -28.0986
-29.5788 13.8332
-23.6322 -5.97637
-25.1369 22.3921
66.3792 -19.7992
69.774 8.57299
-45.909 59.172
-52.5538 17.4668
30.991 -69.9562
-35.4643 49.4936
132.407 -138.508
76.0233 207.052
197.552 184.081
14.8138 -153.43
253.073 -1177.07
1360.42 -522.877
-336.084 -1300.27
