19072 21500
3389.51 -5937.84
-890.43 672.85
467.029 -337.614
289.972 -761.926
393.104 -242.319
-193.34 -56.0763
-136.709 13.3867
-48.8511 -146.131
46.8637 4.7962
-41.6666 21.6491
7.94442 -98.0225
-6.09459 -68.3283
-4.77647 -16.035
-105.806 -28.1304
-33.3555 14.9601
33.5411 -0.389465
-16.547 -7.47273
-34.0293 -18.5358
6.80504 7.53048
-3.82907 23.0328
-25.1614 3.31939
-12.2126 -3.87367
8.39153 23.7588
35.3159 -8.12527
1.24264 7.58579
-25.7694 -16.1937
-10.4759 15.8713
6.52316 13.2048
9.20648 14.8406
9.89736 -0.862572
10.4041 4.42206
-8.51355 -13.5759
-3.21838 4.8978
4.84933 0.495754
-11.3183 10.533
1.03895 1.83725
-0.610991 -9.3398
15.4409 -4.89303
-7.19504 10.0008
-9.46802 -9.67516
2.9065 2.42638
8.83351 -0.414626
9.7824 -10.3888
-8.09677 -2.89869
0.58354 -4.99317
3.52282 -9.2061
-0.193942 2.2364
-9.28131 5.48571
2.70516 1.01612
-4 -4
-6.89573 -0.640057
1.1491 1.95939
-0.738285 -6.30973
2.97555 -0.642243
-9.11802 -6.14275
-1.84559 -5.16002
-4.47585 -0.332694
-5.73089 2.03328
2.04899 5.15062
-4.03669 5.95203
-0.346633 2.02684
4.55757 1.90364
1.16917 -4.2239
0.571433 1.49865
4.92246 -2.09903
-1.84246 -0.36084
-4.8658 -2.09988
4.04709 4.17107
0.54529 -2.69398
6.99119 0.974028
-4.65887 -0.498955
3.00176 3.45003
-4.29935 -1.70493
-3.30265 -11.3117
-7 2.65685
-5.421 11.4434
-4.71787 3.41091
-2.38533 0.949751
-5.6359 -1.08264
17.1007 -13.8111
-9.3892 4.41703
7.71569 -3.07
8.59359 -10.8936
11.0827 -1.46826
1.5281 0.466274
-4.11582 7.60157
0.4992 -3.57307
5.34438 -2.99573
-4.25195 -2.12066
-0.93016 1.00337
0.475998 -0.799918
-0.431963 -6.4107
-6.30195 5.33683
-8.21684 3.8601
-2.88226 -1.10246
1.08152 -11.4594
3.73575 6.06422
-7.02014 0.153565
-4.75973 0.56383
-10 2
0.998547 -3.77663
-9.13982 -0.22041
2.25195 -1.85679
0.483736 -1.35128
-1.38841 -3.49692
3.13286 2.95475
2.79677 -1.04345
0.653807 3.98118
-4.46082 -0.165977
-3.2889 0.29047
-10.3739 4.86184
12.513 -3.69477
10.899 -5.77954
2.77825 -2.62798
1.85808 3.22106
7.73223 1.84385
-0.0805801 5.37465
11.0062 -5.5696
7.87759 1.86559
-1.9204 -5.13313
0.614774 4.54729
-12.632 19.5813
8.49642 -1.71109
-3.51426 0.726857
-7.24264 10.4142
-14.4327 6.72405
6.59478 -3.49418
14.7291 -8.03985
0.546417 -4.34561
0.114689 -6.76314
-7.38056 -0.297417
-7.71171 2.61515
3.69415 19.0132
3.89468 -2.35688
2.85827 3.66278
0.190423 -8.89277
3.79865 -6.80501
7.43435 -1.69622
-2.41368 10.9861
-4.37972 -0.243826
8.02066 6.2988
3.16982 4.46216
0.805526 -5.66544
-0.919189 -4.44394
-10.289 6.71394
5.33759 5.49719
4.48418 1.71012
5.14052 -15.5133
7.99988 -1.3273
2 -6
3.03448 1.61143
-3.93708 -0.406443
-7.09702 8.26256
8.85653 -0.864987
7.94855 0.638994
17.3407 -4.01112
1.19619 -3.38489
-8.79581 7.58121
-14.3732 8.75574
2.28768 8.61943
-1.33735 9.27828
14.3634 -3.28194
-2.55742 -0.571714
0.339665 14.9224
-2.91193 -6.70536
-14.2882 -2.8934
0.306502 4.33187
9.23031 8.83917
10.4186 11.161
6.48206 -1.88934
-4.36411 -13.761
8.14475 8.01928
-0.598236 0.709684
-9.34212 19.382
-7 -8.65685
9.49391 16.4334
-21.847 -4.97096
-7.17691 0.987674
0.886471 -10.7608
22.2455 -30.741
-3.44486 -17.6567
7.79939 32.1131
-14.1243 -2.526
-12.0115 12.7917
-19.5487 -25.5667
-67.1133 6.79243
18.0703 44.8424
34.6944 31.1543
-56.4823 1.7508
-15.5996 35.5981
69.0731 -49.073
-20.1371 36.1674
123.319 -77.0806
-18.2541 237.012
58.0091 240.229
93.4116 -135.322
643.206 -1099.8
1529.71 -250.716
39.1562 -1211.29
