18901 21323
1822.33 -6790.99
-675.642 712.536
326.842 -180.077
-55.1445 -663.809
444.672 -357.728
53.9576 -155.838
36.5006 50.8212
-125.052 -97.2095
27.8942 -140.047
-7.87129 -7.95084
-22.7192 -35.0992
-47.7324 -0.00263089
57.0747 -28.8961
22.9265 -21.8086
-23.841 -4.82945
-38.9133 -22.5731
5.11602 25.2037
2.19192 -0.0220368
-8.03313 -3.27718
-6.78637 -18.2211
24.9329 -6.1151
-8.45757 -4.29992
-3.11065 -17.3645
-30.4795 -13.1517
-9.36396 9.29289
-7.94018 13.4214
-6.57989 14.0053
0.987887 -9.15905
11.3968 -14.6528
-10.2829 2.37831
-30.7602 19.4943
-10.2046 1.21683
11.4972 -3.35085
-18.3261 -9.33985
-9.54763 -5.20357
-17.4109 7.8595
-0.629942 0.864084
-1.19023 -14.6222
-1.87533 1.63286
-3.59216 -0.48552
2.67305 -2.33638
-7.02029 -3.56063
-3.25329 -1.40897
5.4049 12.3081
-4.3454 -0.517679
-0.242083 3.81737
2.23872 8.55071
10.0722 -8.20617
0.420286 -2.80735
0 -6
-1.41246 6.49606
-2.934 -8.47202
-2.39837 -0.72322
-2.38889 4.64777
1.43074 -1.20734
2.1436 -5.86279
3.63296 3.98946
-4.06406 -5.92379
0.776658 3.69531
-1.04055 4.74534
-1.89474 -3.02262
-3.04498 -1.88887
-4.35289 -0.695832
-1.09923 1.14143
4.43118 8.91159
-0.53361 -2.74927
2.9875 0.201262
1.17977 -0.831992
1.30306 1.06462
0.574723 -3.43403
-1.54515 4.0584
1.58662 -1.40406
-4.029 -4.02975
-6.55555 -1.95374
-7.94975 -2.36396
-3.77656 0.508256
1.85877 1.06109
1.81801 2.67203
-7.61462 3.99118
-9.60205 9.32859
-3.78557 -0.126468
5.09305 1.03089
-10.6993 -1.36554
5.29996 -26.5484
-2.4846 8.68398
4.41299 0.561043
-1.20323 -8.1595
8.023 -3.50816
-1.22668 -3.75504
0.63522 -4.70164
-4.31578 -2.42013
-1.94027 0.141365
-4.60567 -2.23558
-0.422677 2.35495
-2.94863 0.807215
2.94563 1.18411
1.26571 -4.41433
1.43427 1.05364
-11.7941 15.0796
3 -1
-0.0632203 2.86053
8.2304 -4.15918
2.72231 -2.44674
0.354819 2.04811
-7.52668 -3.38217
2.94247 -5.93607
-2.22061 -0.0800573
0.378492 1.30865
1.21255 6.02292
6.38487 2.8386
0.283929 0.838955
2.64946 -5.65887
-1.11843 -5.02801
3.89565 -14.1482
9.53705 1.86027
0.586844 1.17011
-3.80374 3.30023
-4.50753 22.1535
6.35604 -6.81562
-3.72419 1.99765
0.0452711 17.2747
-1.18191 12.1667
-3.64471 -5.14635
1.98697 -4.30777
3.36396 10.7071
-6.50344 8.28588
6.1723 0.703708
-0.564445 -0.184426
-3.54215 6.40819
-4.01062 2.44433
3.63274 -0.875264
9.7472 -2.99464
-0.855406 12.9603
6.16784 5.99007
-5.23042 6.93667
2.3617 0.834033
-3.3148 0.946694
-5.43237 3.99336
0.121728 7.393
-3.28569 -3.65517
6.35074 -5.40418
2.71399 10.9707
-3.25828 -2.73271
7.43153 -3.5317
0.917907 4.45094
-5.51365 0.131253
-6.23404 -8.33155
4.93946 -10.6705
5.34623 -7.99743
-4 0
-9.22067 2.39803
4.1756 10.0489
3.90784 -18.5378
5.18479 -1.04125
3.94097 6.6296
-2.69729 -8.62204
-8.92746 -12.5783
-5.82507 7.28397
9.16346 14.6094
5.9184 -3.84072
-4.56761 -10.4058
-4.35859 -7.16154
9.79382 8.02912
-2.32583 2.89525
-11.1454 -12.9218
-15.6635 -0.664045
-6.38698 4.42118
6.18991 -2.32802
-24.3105 0.306673
1.24669 16.2081
16.9431 -0.254272
1.10441 -10.8575
-15.2864 -14.0242
-18.9006 -0.158462
1.94975 10.364
-6.55518 -1.95619
10.5512 -2.42736
5.93081 24.9446
13.6476 10.9877
18.1126 8.13095
0.798824 -34.9753
-17.158 -2.67557
6.94475 -19.1221
11.5314 -5.04199
31.4806 -17.4966
35.9617 -8.4135
2.49686 -5.50595
-37.8126 -9.89552
-47.7532 -23.4706
-2.67667 -21.7829
80.6391 -47.1098
-36.5971 49.1432
152.31 -8.94643
-66.066 265.972
102.659 -2.99341
130.158 -435.02
430.197 -1230.97
1144.08 -67.6229
-648.028 -1189.12
