271
84 48
85 47
86 47
87 47
88 47
89 47
90 47
91 47
92 48
92 49
93 50
93 51
93 52
93 53
93 54
93 55
93 56
93 57
94 58
94 59
93 60
94 61
94 62
94 63
94 64
95 65
94 66
94 67
95 68
95 69
94 70
94 71
94 72
94 73
94 74
94 75
94 76
95 77
96 78
96 79
96 80
97 81
96 81
95 82
95 83
96 84
97 84
98 85
99 85
100 85
101 86
101 87
102 88
103 89
103 90
103 91
104 92
104 93
104 94
105 95
106 96
107 97
108 97
109 98
110 99
110 100
111 101
111 102
111 103
112 104
111 105
111 106
111 107
112 108
113 108
113 109
113 110
113 111
112 112
113 113
113 114
113 115
113 116
113 117
113 118
113 119
113 120
113 121
114 122
114 123
114 124
114 125
113 126
113 127
113 128
112 129
112 130
111 131
111 132
111 133
111 134
110 135
110 136
109 137
109 138
109 139
109 140
108 141
108 142
109 143
109 144
109 145
109 146
109 147
109 148
110 149
110 150
109 151
110 152
109 153
110 154
110 155
110 156
110 157
110 158
110 159
109 159
108 159
107 159
106 159
105 159
104 159
103 159
102 159
101 159
100 160
99 159
98 159
97 159
96 159
95 159
94 159
93 159
92 159
91 159
90 159
89 158
88 158
87 158
86 158
85 158
84 157
83 157
82 157
81 156
80 156
79 156
78 155
77 154
77 153
77 152
78 151
78 150
78 149
77 148
77 147
77 146
78 145
78 144
77 143
76 142
76 141
76 140
76 139
76 138
76 137
76 136
76 135
76 134
75 133
75 132
74 131
73 130
72 129
72 128
72 127
72 126
72 125
72 124
72 123
72 122
72 121
72 120
72 119
71 118
71 117
71 116
71 115
71 114
70 113
70 112
70 111
70 110
70 109
71 108
70 107
71 106
71 105
71 104
72 104
73 103
73 102
74 102
75 101
75 100
76 99
76 98
77 97
76 96
75 95
74 94
75 93
75 92
75 91
75 90
75 89
75 88
75 87
75 86
74 85
74 84
74 83
73 82
73 81
73 80
73 79
73 78
73 77
73 76
74 75
74 74
74 73
74 72
74 71
74 70
74 69
74 68
74 67
74 66
75 65
75 64
74 63
74 62
74 61
74 60
75 59
75 58
75 57
75 56
75 55
76 54
77 53
77 52
77 51
77 50
78 49
79 49
80 48
81 48
82 48
83 48
