269
97 47
98 46
99 46
100 47
101 47
101 48
102 49
102 50
102 51
101 52
102 53
102 54
102 55
102 56
102 57
103 58
103 59
104 60
104 61
104 62
104 63
104 64
104 65
104 66
104 67
103 67
102 68
102 69
102 70
102 71
102 72
103 73
103 74
103 75
103 76
103 77
103 78
103 79
102 80
102 81
102 82
102 83
103 84
104 84
105 85
106 85
107 86
107 87
108 88
109 89
110 90
110 91
111 92
112 93
113 94
113 95
114 96
115 97
116 98
117 98
118 98
119 99
120 100
121 101
122 102
121 103
122 104
122 105
122 106
121 107
120 108
120 109
119 110
120 111
120 112
121 113
122 113
122 114
122 115
122 116
122 117
123 118
123 119
123 120
122 121
122 122
122 123
122 124
122 125
122 126
121 127
121 128
121 129
121 130
121 131
120 132
120 133
119 134
119 135
118 136
118 137
119 138
119 139
118 140
118 141
118 142
119 143
119 144
119 145
119 146
118 147
118 148
118 149
118 150
118 151
119 152
119 153
119 154
119 155
120 156
119 156
118 157
117 157
116 157
115 158
114 158
113 158
112 158
111 158
110 159
109 159
108 159
107 159
106 159
105 159
104 159
103 159
102 159
101 159
100 160
99 159
98 159
97 159
96 159
95 159
94 159
93 159
92 159
91 159
90 159
89 158
88 158
88 157
88 156
88 155
88 154
87 153
87 152
87 151
87 150
87 149
87 148
87 147
87 146
87 145
87 144
87 143
87 142
87 141
87 140
87 139
87 138
86 137
86 136
85 135
84 134
84 133
84 132
83 131
83 130
82 129
82 128
82 127
81 126
82 125
82 124
82 123
82 122
82 121
81 120
81 119
81 118
81 117
80 116
80 115
80 114
80 113
80 112
80 111
80 110
81 110
82 109
82 108
82 107
82 106
83 105
83 104
83 103
83 102
83 101
83 100
82 99
81 99
81 98
82 97
82 96
82 95
82 94
82 93
82 92
83 91
83 90
83 89
83 88
84 87
84 86
84 85
84 84
84 83
83 82
84 81
84 80
84 79
84 78
84 77
84 76
83 75
83 74
83 73
83 72
83 71
83 70
84 69
84 68
84 67
85 66
85 65
85 64
85 63
84 62
85 61
85 60
85 59
86 58
85 57
86 56
86 55
87 54
88 53
88 52
89 51
90 51
91 51
92 50
93 50
94 49
94 48
95 48
96 47
