267
93 52
94 51
95 51
96 51
97 51
98 51
99 52
100 53
100 54
100 55
101 56
101 57
101 58
101 59
101 60
101 61
101 62
101 63
101 64
102 65
102 66
103 67
104 67
104 68
104 69
103 69
102 70
102 71
102 72
103 73
102 74
102 75
103 76
103 77
103 78
103 79
104 80
104 81
105 82
106 83
106 84
106 85
106 86
106 87
107 88
108 89
109 89
110 90
111 89
111 90
111 91
111 92
112 93
113 93
112 93
111 94
111 95
111 96
112 97
113 97
113 98
113 99
113 100
113 101
113 102
114 103
115 104
116 104
117 104
118 105
119 105
120 105
121 106
122 106
123 107
124 108
125 109
125 110
126 111
127 112
128 113
129 114
129 115
129 116
129 117
130 118
129 119
128 120
128 121
128 122
128 123
128 124
129 125
130 126
130 127
130 128
130 129
130 130
130 131
130 132
129 133
129 134
129 135
129 136
129 137
129 138
129 139
129 140
129 141
129 142
128 143
128 144
127 145
127 146
127 147
127 148
127 149
128 150
128 151
129 152
128 153
127 153
126 154
125 154
124 154
123 155
122 155
121 156
120 156
119 156
118 157
117 157
116 157
115 158
114 158
113 158
112 158
111 158
110 159
109 159
108 159
107 159
106 159
105 159
104 159
103 159
102 159
101 159
100 160
99 159
98 159
97 159
96 159
95 159
94 159
93 159
92 159
92 158
92 157
92 156
91 155
91 154
91 153
91 152
90 151
90 150
90 149
90 148
90 147
90 146
89 145
88 144
88 143
88 142
87 141
87 140
87 139
86 138
86 137
86 136
86 135
86 134
86 133
85 132
85 131
85 130
84 129
84 128
84 127
84 126
83 125
83 124
82 123
82 122
81 121
81 120
81 119
81 118
81 117
82 117
83 116
83 115
84 114
84 113
85 112
85 111
86 110
86 109
86 108
85 107
85 106
85 105
85 104
85 103
84 102
84 101
84 100
83 99
83 98
83 97
83 96
84 95
84 94
83 93
83 92
84 91
83 90
83 89
83 88
83 87
83 86
83 85
83 84
82 83
82 82
83 81
82 80
82 79
82 78
83 77
83 76
83 75
82 74
82 73
82 72
82 71
82 70
82 69
82 68
82 67
82 66
82 65
82 64
82 63
82 62
83 61
83 60
84 59
85 58
86 58
87 57
87 56
88 56
89 55
90 55
91 54
92 53
