267
83 47
84 46
85 46
86 46
87 46
88 46
89 47
90 48
90 49
91 50
91 51
91 52
91 53
91 54
91 55
91 56
91 57
91 58
91 59
92 60
91 61
91 62
92 63
92 64
93 65
93 66
93 67
93 68
93 69
92 70
92 71
92 72
92 73
91 74
91 75
91 76
91 77
92 78
92 79
92 80
92 81
92 82
93 83
94 83
95 83
96 83
97 83
98 83
99 83
100 84
101 84
102 84
102 85
103 86
104 87
105 88
106 89
107 90
107 91
108 92
108 93
108 94
108 95
108 96
108 97
108 98
108 99
108 100
107 101
108 102
108 103
108 104
109 105
109 106
110 107
110 108
110 109
110 110
110 111
110 112
111 113
111 114
110 115
111 116
111 117
111 118
111 119
110 120
110 121
110 122
110 123
109 124
109 125
108 126
108 127
108 128
107 129
107 130
107 131
107 132
106 133
105 134
105 135
105 136
106 137
107 137
107 138
106 139
106 140
105 141
106 142
105 143
105 144
106 145
106 146
106 147
105 148
106 149
106 150
106 151
106 152
106 153
106 154
106 155
106 156
105 157
105 158
105 159
104 159
103 159
102 159
101 159
100 160
99 159
98 159
97 159
96 159
95 159
94 159
93 159
92 159
91 159
90 159
89 158
88 158
87 158
86 158
85 158
84 157
83 157
82 157
81 156
80 156
79 156
78 155
77 155
76 154
76 153
76 152
76 151
76 150
77 149
77 148
77 147
77 146
77 145
77 144
77 143
77 142
77 141
77 140
76 139
76 138
76 137
76 136
76 135
77 134
76 133
77 132
76 131
76 130
75 129
75 128
76 127
75 126
75 125
75 124
75 123
75 122
74 121
74 120
74 119
74 118
74 117
74 116
74 115
74 114
74 113
74 112
74 111
74 110
74 109
74 108
74 107
75 106
74 105
75 104
75 103
76 102
77 101
77 100
76 99
75 99
74 99
74 98
73 97
73 96
74 95
74 94
74 93
74 92
74 91
74 90
75 89
75 88
75 87
74 86
74 85
74 84
74 83
73 82
73 81
73 80
73 79
73 78
73 77
73 76
73 75
73 74
73 73
73 72
73 71
73 70
73 69
73 68
74 67
74 66
74 65
74 64
75 63
75 62
75 61
75 60
75 59
75 58
75 57
76 56
76 55
76 54
77 53
77 52
77 51
78 51
79 50
80 49
81 48
82 47
