253
99 48
100 47
101 47
102 47
102 48
103 49
104 49
104 50
105 51
105 52
105 53
105 54
106 55
105 56
106 57
106 58
105 59
106 60
106 61
107 62
108 63
108 64
109 65
110 66
110 67
111 68
111 69
112 70
112 71
111 72
111 73
111 74
111 75
111 76
111 77
112 78
113 79
113 80
113 81
113 82
114 83
114 84
114 85
115 86
116 87
117 88
117 89
118 90
119 91
120 91
120 92
121 93
121 94
122 95
123 95
124 96
125 97
126 97
127 97
128 97
129 97
130 97
131 98
132 98
133 98
134 99
134 100
134 101
134 102
135 103
134 104
135 105
136 106
137 106
138 106
139 107
140 107
140 108
140 109
140 110
139 111
139 112
139 113
139 114
139 115
140 116
140 117
140 118
141 119
142 120
142 121
142 122
142 123
142 124
142 125
142 126
142 127
142 128
141 129
141 130
141 131
141 132
141 133
141 134
141 135
141 136
141 137
141 138
141 139
141 140
141 141
141 142
141 143
140 144
139 145
138 146
137 147
136 148
135 148
134 149
133 150
132 150
131 151
130 151
129 152
128 153
127 153
126 154
125 154
124 154
123 155
122 155
121 156
120 156
119 156
118 157
117 157
116 157
115 158
114 158
113 158
112 158
111 157
111 156
110 155
109 154
109 153
109 152
108 151
108 150
108 149
107 148
107 147
107 146
107 145
107 144
106 143
106 142
105 141
105 140
104 139
104 138
103 137
102 136
102 135
101 134
101 133
100 132
99 131
99 130
98 129
98 128
98 127
97 126
97 125
97 124
97 123
97 122
97 121
97 120
96 119
95 119
95 118
94 117
93 116
93 115
92 114
92 113
92 112
93 111
93 110
94 109
94 108
95 107
95 106
95 105
95 104
95 103
96 102
97 101
97 100
97 99
98 98
99 97
99 96
98 95
97 95
97 94
96 93
96 92
95 91
95 90
95 89
95 88
94 87
94 86
94 85
93 84
92 83
92 82
92 81
92 80
92 79
92 78
92 77
92 76
93 75
93 74
93 73
92 72
92 71
92 70
92 69
91 68
91 67
91 66
90 65
90 64
90 63
90 62
90 61
90 60
90 59
90 58
90 57
91 56
92 55
93 54
94 53
95 52
96 51
97 50
98 49
