270
79 48
80 47
81 47
82 47
83 47
84 47
85 48
86 49
86 50
86 51
86 52
86 53
87 54
87 55
87 56
87 57
88 58
88 59
89 60
88 61
88 62
88 63
89 64
90 65
89 66
88 67
88 68
89 69
90 69
90 70
90 71
90 72
90 73
90 74
90 75
91 76
90 77
90 78
90 79
90 80
90 81
91 82
92 83
92 84
93 85
94 85
95 86
96 87
97 88
98 89
99 90
100 90
100 91
100 92
101 93
101 94
102 95
103 95
104 95
105 96
106 96
107 97
108 97
109 98
110 98
110 99
111 100
111 101
112 102
112 103
112 104
112 105
111 106
111 107
110 108
111 109
112 109
112 110
112 111
113 112
113 113
114 114
114 115
114 116
114 117
115 118
114 119
115 120
114 121
115 122
115 123
115 124
115 125
115 126
115 127
114 128
114 129
113 130
112 131
112 132
113 133
113 134
113 135
113 136
113 137
113 138
113 139
113 140
113 141
112 142
112 143
112 144
111 145
112 146
111 147
112 148
112 149
112 150
112 151
112 152
112 153
113 154
113 155
114 156
113 157
114 158
113 158
112 158
111 158
110 159
109 159
108 159
107 159
106 159
105 159
104 159
103 159
102 159
101 159
100 160
99 159
98 159
97 159
96 159
95 159
94 159
93 159
92 159
91 159
90 159
89 158
88 158
87 158
86 158
85 158
84 157
83 157
82 157
82 156
81 155
81 154
81 153
82 152
81 151
81 150
81 149
82 148
82 147
81 146
81 145
81 144
80 143
80 142
80 141
80 140
79 139
79 138
79 137
79 136
78 135
78 134
78 133
77 132
76 131
76 130
75 129
74 129
74 128
73 127
73 126
73 125
73 124
73 123
72 122
72 121
72 120
71 119
71 118
71 117
71 116
70 115
70 114
70 113
70 112
70 111
70 110
71 109
71 108
71 107
71 106
72 105
72 104
73 103
73 102
73 101
74 101
75 100
74 99
74 98
73 97
73 96
74 95
74 94
74 93
74 92
73 91
73 90
73 89
73 88
72 87
71 86
71 85
71 84
71 83
71 82
70 81
71 80
71 79
71 78
70 77
70 76
71 75
71 74
71 73
71 72
71 71
71 70
71 69
70 68
71 67
71 66
71 65
71 64
72 63
72 62
73 61
73 60
73 59
72 58
72 57
72 56
72 55
72 54
73 53
73 52
74 51
75 50
76 49
77 49
78 48
