275
114 47
115 46
116 47
117 47
118 47
119 47
120 47
121 47
122 47
123 47
124 47
125 47
126 47
127 47
128 47
129 48
130 49
131 50
131 51
130 52
130 53
130 54
129 55
129 56
129 57
128 58
128 59
128 60
128 61
127 62
127 63
126 64
126 65
125 65
124 66
124 67
123 68
123 69
122 69
121 70
121 71
120 72
120 73
119 74
119 75
119 76
119 77
118 78
118 79
117 80
117 81
117 82
116 83
115 84
115 85
114 86
114 87
114 88
113 89
113 90
113 91
113 92
112 92
111 92
110 93
110 94
111 95
112 96
113 95
114 96
115 97
116 98
116 99
116 100
117 101
117 102
118 103
118 104
118 105
118 106
118 107
117 108
118 109
117 110
117 111
118 112
119 113
120 114
121 115
122 116
122 117
122 118
122 119
121 120
121 121
120 122
120 123
119 124
118 125
118 126
118 127
118 128
117 128
116 129
116 130
115 131
115 132
115 133
114 134
114 135
113 136
113 137
112 138
111 139
111 140
110 140
109 141
108 142
108 143
107 144
107 145
107 146
106 146
105 147
105 148
104 149
103 150
102 151
101 152
100 152
99 153
98 154
97 155
97 156
96 157
96 158
95 159
94 159
93 159
92 159
91 159
90 159
89 158
88 158
87 158
86 158
85 158
84 157
83 157
82 157
81 156
80 156
79 156
78 155
77 155
76 154
75 154
74 154
73 153
72 153
71 152
70 151
69 151
68 150
67 150
66 149
65 148
64 148
63 147
62 146
62 145
62 144
62 143
62 142
62 141
63 140
63 139
63 138
64 137
64 136
64 135
65 134
65 133
65 132
66 131
66 130
67 129
67 128
67 127
67 126
67 125
68 124
68 123
69 122
69 121
69 120
69 119
70 118
71 117
71 116
72 115
73 114
74 113
74 112
75 111
75 110
75 109
75 108
76 107
76 106
77 105
77 104
78 103
79 103
80 103
81 102
82 101
82 100
81 99
81 98
81 97
81 96
82 95
83 94
83 93
84 92
85 91
86 90
86 89
87 88
88 87
88 86
89 85
90 85
91 84
91 83
92 82
92 81
92 80
92 79
92 78
92 77
93 76
93 75
93 74
94 74
95 73
96 73
97 72
98 71
99 70
99 69
99 68
99 67
99 66
100 65
100 64
101 63
101 62
102 61
102 60
102 59
103 58
104 57
105 56
106 56
107 56
108 55
109 54
109 53
110 52
111 51
112 50
113 49
113 48
