260
115 53
116 52
117 52
118 52
119 52
120 53
120 54
120 55
121 56
121 57
121 58
122 59
121 60
121 61
121 62
121 63
121 64
121 65
122 66
122 67
122 68
121 69
121 70
122 71
122 72
121 73
121 74
121 75
120 76
120 77
120 78
120 79
119 80
119 81
119 82
118 83
118 84
118 85
117 86
117 87
117 88
117 89
116 89
115 89
114 90
115 91
116 92
117 93
117 94
117 95
118 96
118 97
119 98
119 99
119 100
119 101
120 102
121 103
122 103
123 103
124 104
125 105
125 106
126 107
126 108
127 109
128 110
129 110
129 111
130 112
130 113
131 114
131 115
131 116
130 117
130 118
130 119
129 120
128 121
128 122
127 123
127 124
127 125
127 126
126 127
126 128
126 129
125 130
125 131
125 132
124 133
124 134
123 135
122 136
122 137
121 138
121 139
121 140
121 141
120 142
119 143
119 144
119 145
119 146
119 147
118 148
117 149
117 150
117 151
117 152
117 153
118 154
118 155
117 156
117 157
116 157
115 158
114 158
113 158
112 158
111 158
110 159
109 159
108 159
107 159
106 159
105 159
104 159
103 159
102 159
101 159
100 160
99 159
98 159
97 159
96 159
95 159
94 159
93 159
92 159
91 159
90 159
89 158
88 158
87 158
86 158
85 158
86 157
86 156
87 155
87 154
87 153
87 152
87 151
87 150
87 149
87 148
88 147
88 146
88 145
88 144
88 143
88 142
89 141
89 140
88 139
88 138
89 137
89 136
89 135
88 134
88 133
88 132
88 131
88 130
88 129
88 128
88 127
88 126
88 125
88 124
88 123
87 122
87 121
87 120
86 119
86 118
86 117
86 116
86 115
86 114
85 113
85 112
85 111
85 110
86 109
86 108
87 107
87 106
87 105
87 104
88 103
88 102
89 102
90 101
90 100
91 100
92 99
92 98
93 98
94 97
94 96
95 95
96 94
97 93
98 92
99 91
100 90
99 89
99 88
99 87
99 86
100 85
100 84
99 83
100 82
100 81
100 80
100 79
100 78
100 77
100 76
100 75
100 74
101 73
101 72
102 72
103 71
103 70
103 69
103 68
103 67
103 66
103 65
103 64
104 63
104 62
104 61
103 60
104 59
105 58
106 58
107 57
108 57
109 56
110 56
111 56
112 55
113 54
114 53
