257
121 53
121 52
122 52
123 53
124 53
125 53
126 53
127 53
128 54
129 54
130 55
131 55
131 56
131 57
131 58
131 59
130 60
130 61
129 62
129 63
129 64
128 65
128 66
128 67
128 68
128 69
128 70
128 71
127 72
127 73
126 74
126 75
125 76
125 77
124 78
124 79
124 80
124 81
124 82
124 83
123 84
123 85
123 86
123 87
122 88
122 89
122 90
123 91
124 91
125 91
126 91
127 92
128 92
129 93
129 94
129 95
129 96
129 97
130 98
129 99
130 100
131 101
131 102
131 103
132 104
132 105
133 106
133 107
133 108
133 109
134 110
134 111
134 112
133 113
133 114
133 115
132 116
131 117
131 118
130 118
129 119
129 120
128 121
128 122
128 123
128 124
128 125
128 126
128 127
128 128
128 129
127 130
127 131
126 132
126 133
125 134
125 135
125 136
124 137
123 138
122 139
122 140
121 141
120 142
120 143
119 144
119 145
118 146
118 147
117 148
117 149
117 150
117 151
116 152
116 153
115 154
115 155
115 156
115 157
115 158
114 158
113 158
112 158
111 158
110 159
109 159
108 159
107 159
106 159
105 159
104 159
103 159
102 159
101 159
100 160
99 159
98 159
97 159
96 159
95 159
94 159
93 159
92 159
91 159
90 159
89 158
88 158
87 158
86 158
87 157
87 156
87 155
88 154
88 153
88 152
88 151
88 150
88 149
88 148
89 147
89 146
89 145
89 144
89 143
89 142
89 141
90 140
90 139
90 138
91 137
91 136
91 135
91 134
91 133
91 132
91 131
92 130
91 129
91 128
92 127
92 126
92 125
92 124
92 123
92 122
92 121
92 120
93 119
93 118
93 117
93 116
94 115
94 114
95 113
95 112
95 111
95 110
95 109
95 108
96 107
97 106
97 105
96 104
96 103
97 102
97 101
97 100
97 99
97 98
96 97
96 96
96 95
96 94
97 93
98 92
98 91
98 90
99 89
99 88
100 88
101 87
101 86
102 85
102 84
103 83
103 82
103 81
104 80
104 79
104 78
105 77
105 76
105 75
104 74
105 73
105 72
106 71
106 70
107 69
107 68
108 67
108 66
109 65
110 64
111 63
111 62
111 61
112 60
113 59
114 59
115 58
116 57
116 56
117 56
118 55
119 55
120 54
