257
89 48
90 47
91 48
92 48
93 49
93 50
93 51
93 52
94 53
94 54
95 55
95 56
96 57
96 58
97 59
97 60
98 61
99 62
99 63
99 64
99 65
100 66
100 67
100 68
101 69
101 70
102 71
103 72
103 73
104 74
104 75
104 76
104 77
105 78
106 79
107 80
108 81
109 81
110 82
111 82
111 83
110 84
110 85
110 86
110 87
110 88
109 89
110 90
111 91
112 92
113 93
114 93
115 93
116 93
117 93
118 93
119 92
120 92
121 91
122 92
123 92
124 92
125 93
126 94
126 95
126 96
127 97
127 98
128 99
129 100
130 101
130 102
131 103
131 104
132 105
132 106
133 107
134 107
134 108
134 109
135 110
135 111
135 112
135 113
136 114
137 115
137 116
137 117
137 118
137 119
137 120
137 121
136 122
136 123
137 124
137 125
137 126
137 127
137 128
137 129
137 130
136 131
136 132
136 133
136 134
135 135
135 136
134 137
134 138
135 139
136 140
137 141
138 142
139 143
139 144
139 145
138 146
137 147
136 148
135 148
134 149
133 150
132 150
131 151
130 151
129 152
128 153
127 153
126 154
125 154
124 154
123 155
122 155
121 156
120 156
119 156
118 157
117 157
116 157
115 158
114 158
113 158
112 158
111 158
110 158
109 157
109 156
108 155
108 154
108 153
107 152
107 151
107 150
106 149
106 148
106 147
106 146
105 145
105 144
104 143
103 142
102 141
102 140
101 139
101 138
100 137
99 136
98 135
98 134
97 133
96 132
96 131
96 130
95 129
95 128
94 127
94 126
93 125
94 124
93 123
92 122
92 121
91 120
91 119
91 118
91 117
90 116
89 115
89 114
89 113
89 112
88 111
88 110
87 109
87 108
88 107
88 106
89 105
89 104
89 103
90 102
91 101
91 100
91 99
91 98
91 97
91 96
91 95
90 94
89 93
88 92
88 91
87 90
87 89
87 88
86 87
86 86
85 85
85 84
84 83
84 82
83 81
83 80
82 79
82 78
82 77
82 76
82 75
82 74
82 73
82 72
82 71
81 70
81 69
81 68
80 67
80 66
80 65
80 64
80 63
80 62
81 61
81 60
81 59
81 58
81 57
82 56
83 55
83 54
83 53
84 53
85 52
85 51
86 50
87 49
87 48
88 48
