264
115 49
116 48
117 49
117 50
118 51
119 52
119 53
118 54
117 55
117 56
117 57
117 58
117 59
117 60
116 61
117 62
117 63
117 64
117 65
116 66
116 67
116 68
116 69
116 70
116 71
115 72
116 73
115 74
115 75
115 76
115 77
115 78
115 79
114 80
114 81
114 82
113 83
113 84
114 85
114 86
114 87
115 88
116 89
117 89
118 89
119 90
120 90
121 91
121 92
122 93
122 94
123 95
123 96
124 97
124 98
125 99
126 100
127 101
128 102
129 103
130 104
130 105
131 106
131 107
130 108
131 109
131 110
130 111
130 112
130 113
130 114
129 115
129 116
128 117
127 118
127 119
127 120
127 121
128 122
128 123
128 124
128 125
128 126
128 127
128 128
127 129
128 130
128 131
128 132
128 133
129 134
128 135
128 136
128 137
127 138
126 139
125 140
124 141
123 142
123 143
122 144
122 145
121 146
122 147
121 148
121 149
121 150
121 151
121 152
121 153
121 154
121 155
121 156
120 156
119 156
118 157
117 157
116 157
115 158
114 158
113 158
112 158
111 158
110 159
109 159
108 159
107 159
106 159
105 159
104 159
103 159
102 159
101 159
100 160
99 159
98 159
97 159
96 159
95 159
94 159
93 159
92 159
91 159
90 159
90 158
90 157
90 156
90 155
90 154
90 153
91 152
91 151
91 150
91 149
91 148
91 147
91 146
91 145
91 144
91 143
91 142
91 141
90 140
90 139
90 138
90 137
90 136
89 135
89 134
89 133
90 132
90 131
90 130
90 129
90 128
90 127
89 126
89 125
89 124
89 123
89 122
89 121
89 120
89 119
89 118
90 117
90 116
90 115
90 114
90 113
90 112
91 111
91 110
92 109
92 108
92 107
92 106
92 105
91 104
91 103
91 102
90 101
91 100
91 99
91 98
91 97
91 96
92 95
92 94
93 93
93 92
93 91
93 90
94 89
94 88
93 87
93 86
93 85
93 84
93 83
93 82
92 81
92 80
92 79
93 78
93 77
94 76
94 75
94 74
95 73
95 72
96 72
97 71
97 70
97 69
97 68
97 67
97 66
98 65
98 64
97 63
97 62
97 61
98 61
99 60
99 59
100 58
100 57
101 56
102 55
103 54
103 53
103 52
104 52
105 52
106 52
107 51
108 51
109 50
110 50
111 50
112 49
113 49
114 49
