251
126 58
127 57
128 57
129 57
130 57
131 57
131 58
132 59
132 60
133 61
133 62
133 63
132 64
132 65
132 66
132 67
131 68
130 69
130 70
130 71
129 72
129 73
128 74
128 75
128 76
128 77
128 78
128 79
127 80
127 81
127 82
126 83
126 84
127 85
126 85
125 86
125 87
124 88
124 89
123 89
122 90
122 91
121 92
122 93
123 94
123 95
123 96
123 97
123 98
122 99
123 100
124 100
124 101
124 102
125 103
126 104
126 105
126 106
127 107
127 108
127 109
128 110
128 111
127 112
128 113
127 114
126 115
126 116
125 117
125 118
125 119
126 120
127 120
128 121
127 122
127 123
127 124
126 125
127 126
126 127
125 128
124 129
124 130
123 131
122 132
122 133
121 134
120 135
119 136
118 137
118 138
117 139
116 140
116 141
115 141
114 142
113 143
112 144
112 145
111 145
110 146
109 147
108 148
108 149
107 150
108 151
109 152
109 153
109 154
109 155
109 156
109 157
109 158
109 159
108 159
107 159
106 159
105 159
104 159
103 159
102 159
101 159
100 160
99 159
98 159
97 159
96 159
95 159
94 159
93 159
92 159
91 159
90 159
89 158
88 158
87 158
86 158
85 158
84 157
83 157
82 157
81 156
80 156
79 156
79 155
79 154
80 153
80 152
80 151
80 150
80 149
80 148
80 147
81 146
81 145
82 144
83 143
83 142
83 141
83 140
83 139
84 138
84 137
84 136
84 135
84 134
85 133
85 132
86 131
86 130
86 129
86 128
86 127
86 126
86 125
87 124
87 123
87 122
87 121
87 120
88 119
88 118
88 117
88 116
89 115
89 114
90 113
90 112
90 111
89 110
90 110
91 109
91 108
92 107
92 106
93 105
94 104
95 103
95 102
96 102
97 101
97 100
98 99
98 98
99 98
100 97
101 96
102 95
102 94
103 93
104 93
105 92
104 91
103 91
103 90
103 89
103 88
104 88
105 87
105 86
106 85
106 84
107 83
107 82
108 81
108 80
109 79
109 78
110 77
110 76
111 75
111 74
111 73
111 72
111 71
112 70
113 69
114 68
114 67
115 66
115 65
116 64
117 63
118 62
119 61
120 60
121 60
122 60
123 60
124 59
125 58
