266
81 48
82 47
83 47
84 47
85 47
86 48
87 48
87 49
87 50
87 51
88 52
88 53
88 54
88 55
87 56
88 57
87 58
87 59
87 60
86 61
87 62
87 63
87 64
87 65
87 66
87 67
87 68
87 69
87 70
88 71
88 72
88 73
88 74
88 75
88 76
88 77
87 78
87 79
87 80
87 81
87 82
87 83
87 84
87 85
87 86
88 87
89 87
90 88
91 88
92 89
93 90
94 91
95 91
95 92
96 93
97 93
98 94
99 94
100 95
100 96
100 97
100 98
101 99
102 100
103 101
104 101
105 101
106 101
107 101
106 101
105 102
105 103
104 104
103 105
103 106
102 107
102 108
102 109
102 110
101 111
101 112
101 113
101 114
101 115
101 116
101 117
101 118
101 119
101 120
101 121
101 122
101 123
100 124
100 125
101 126
101 127
101 128
100 129
100 130
100 131
100 132
99 133
99 134
98 135
98 136
97 137
97 138
96 139
96 140
96 141
96 142
95 143
95 144
95 145
95 146
95 147
96 148
96 149
96 150
95 151
96 152
96 153
96 154
96 155
96 156
97 157
97 158
97 159
96 159
95 159
94 159
93 159
92 159
91 159
90 159
89 158
88 158
87 158
86 158
85 158
84 157
83 157
82 157
81 156
80 156
79 156
78 155
77 155
76 154
75 154
74 154
73 153
72 153
71 152
70 151
69 151
68 150
67 150
68 149
68 148
67 147
68 146
68 145
67 144
67 143
66 142
67 141
66 140
66 139
66 138
66 137
66 136
66 135
66 134
65 133
65 132
65 131
65 130
65 129
65 128
64 127
64 126
64 125
64 124
64 123
64 122
65 121
65 120
66 119
66 118
66 117
66 116
66 115
66 114
66 113
66 112
66 111
66 110
66 109
66 108
65 107
64 107
63 107
63 106
63 105
63 104
63 103
63 102
63 101
63 100
63 99
63 98
63 97
63 96
63 95
63 94
63 93
63 92
64 91
64 90
65 89
65 88
65 87
65 86
66 85
66 84
66 83
65 82
65 81
65 80
66 79
66 78
66 77
67 76
67 75
67 74
68 73
68 72
68 71
68 70
67 69
67 68
68 67
68 66
68 65
68 64
69 63
70 62
71 61
71 60
70 59
71 58
71 57
71 56
71 55
72 54
72 53
72 52
73 51
74 50
75 50
76 50
77 50
78 50
79 49
80 48
