262
117 48
118 47
119 47
120 48
120 49
121 50
122 51
122 52
122 53
122 54
122 55
122 56
122 57
122 58
122 59
122 60
122 61
122 62
121 63
121 64
121 65
121 66
121 67
121 68
121 69
121 70
121 71
121 72
121 73
121 74
121 75
122 76
122 77
122 78
122 79
121 80
121 81
120 82
119 83
119 84
118 85
119 86
120 86
121 87
122 87
123 87
124 87
125 86
125 87
125 88
125 89
125 90
126 91
126 92
126 93
127 94
127 95
128 96
129 97
130 98
131 99
132 100
133 101
134 102
135 103
135 104
135 105
135 106
135 107
135 108
134 109
134 110
134 111
134 112
134 113
135 114
135 115
135 116
134 117
134 118
133 119
134 120
134 121
133 122
133 123
133 124
133 125
133 126
133 127
133 128
132 129
132 130
131 131
131 132
131 133
131 134
130 135
130 136
130 137
129 138
129 139
129 140
128 141
128 142
128 143
128 144
128 145
128 146
128 147
127 148
127 149
127 150
127 151
127 152
127 153
126 154
125 154
124 154
123 155
122 155
121 156
120 156
119 156
118 157
117 157
116 157
115 158
114 158
113 158
112 158
111 158
110 159
109 159
108 159
107 159
106 159
105 159
104 159
103 159
102 159
101 159
100 160
99 159
98 159
97 159
96 159
96 158
96 157
96 156
96 155
96 154
97 153
97 152
97 151
98 150
99 149
99 148
98 147
98 146
98 145
98 144
97 143
97 142
97 141
97 140
97 139
97 138
97 137
97 136
97 135
96 134
96 133
96 132
95 131
95 130
96 129
96 128
96 127
95 126
95 125
95 124
95 123
95 122
94 121
93 120
94 119
94 118
94 117
94 116
94 115
94 114
95 113
95 112
95 111
95 110
96 109
96 108
96 107
95 106
96 105
96 104
97 103
97 102
98 101
98 100
97 99
97 98
97 97
97 96
97 95
97 94
97 93
97 92
98 91
98 90
99 89
100 88
100 87
100 86
100 85
100 84
100 83
100 82
100 81
100 80
100 79
100 78
100 77
100 76
101 75
101 74
101 73
101 72
101 71
101 70
101 69
102 68
102 67
102 66
103 65
103 64
104 63
105 62
104 61
104 60
104 59
105 58
105 57
105 56
105 55
105 54
106 54
107 54
108 53
109 52
110 51
111 51
112 51
113 50
114 49
115 48
116 48
