259
101 49
102 48
103 48
104 48
105 48
106 48
107 48
107 49
107 50
107 51
108 52
108 53
108 54
108 55
108 56
108 57
108 58
108 59
107 60
107 61
107 62
106 63
107 64
108 65
107 65
106 66
106 67
106 68
106 69
106 70
106 71
105 72
105 73
105 74
105 75
105 76
104 77
104 78
104 79
104 80
103 81
103 82
103 83
102 84
102 85
103 86
104 87
105 87
106 87
106 88
107 89
108 89
109 90
110 90
110 91
110 92
111 93
111 94
112 95
111 96
111 97
112 98
112 99
112 100
113 101
114 102
115 103
116 104
117 105
117 106
117 107
116 108
115 109
115 110
115 111
114 112
113 113
112 114
111 115
112 116
111 117
111 118
112 119
112 120
112 121
112 122
112 123
111 124
111 125
111 126
110 127
109 128
109 129
108 130
108 131
108 132
107 133
107 134
106 135
106 136
105 137
104 138
104 139
103 140
103 141
103 142
103 143
102 144
101 145
101 146
101 147
100 148
99 149
100 150
100 151
100 152
100 153
100 154
100 155
100 156
99 157
99 158
99 159
98 159
97 159
96 159
95 159
94 159
93 159
92 159
91 159
90 159
89 158
88 158
87 158
86 158
85 158
84 157
83 157
82 157
81 156
80 156
79 156
78 155
77 155
76 154
75 154
74 154
73 153
72 153
71 152
71 151
71 150
71 149
71 148
71 147
71 146
71 145
71 144
71 143
71 142
72 141
72 140
72 139
73 139
74 138
74 137
74 136
74 135
74 134
74 133
74 132
74 131
74 130
74 129
74 128
74 127
74 126
74 125
74 124
73 123
73 122
74 121
74 120
74 119
74 118
75 117
75 116
76 115
76 114
76 113
76 112
76 111
76 110
77 109
77 108
77 107
77 106
78 105
78 104
78 103
78 102
78 101
78 100
78 99
78 98
79 97
80 96
80 95
80 94
81 93
81 92
82 91
82 90
82 89
82 88
82 87
83 86
83 85
83 84
83 83
83 82
83 81
83 80
84 79
85 78
84 77
84 76
84 75
85 74
85 73
85 72
85 71
85 70
85 69
86 68
86 67
87 66
87 65
88 64
88 63
89 62
90 61
91 60
91 59
92 58
92 57
92 56
93 55
93 54
93 53
94 52
94 51
95 50
96 50
97 49
98 49
99 49
100 49
