271
107 47
108 46
109 46
110 46
111 46
112 46
113 46
114 46
115 47
116 48
117 49
117 50
117 51
117 52
117 53
117 54
116 55
116 56
116 57
115 58
115 59
114 60
114 61
114 62
113 63
113 64
113 65
113 66
112 67
112 68
111 69
111 70
111 71
111 72
112 73
111 74
111 75
112 76
112 77
111 78
111 79
110 80
111 81
110 82
110 83
110 84
110 85
111 86
112 86
113 86
114 86
115 87
116 87
117 87
117 88
117 89
117 90
117 91
116 92
115 93
115 94
115 95
115 96
115 97
115 98
116 99
117 100
118 101
119 102
119 103
119 104
120 105
120 106
120 107
120 108
120 109
120 110
119 111
119 112
118 113
119 114
120 115
120 116
120 117
119 118
119 119
119 120
118 121
118 122
117 123
117 124
117 125
117 126
117 127
116 128
116 129
116 130
115 131
114 132
113 133
112 134
111 135
110 136
110 137
110 138
109 139
109 140
109 141
109 142
109 143
109 144
108 145
108 146
108 147
108 148
107 149
107 150
106 151
106 152
105 153
105 154
104 155
104 156
104 157
104 158
104 159
103 159
102 159
101 159
100 160
99 159
98 159
97 159
96 159
95 159
94 159
93 159
92 159
91 159
90 159
89 158
88 158
87 158
86 158
85 158
84 157
83 157
82 157
81 156
80 156
79 156
78 155
77 155
76 154
75 154
74 154
74 153
74 152
74 151
74 150
75 149
75 148
75 147
75 146
76 145
76 144
77 143
77 142
77 141
78 140
78 139
78 138
78 137
78 136
78 135
77 134
77 133
77 132
77 131
77 130
77 129
77 128
78 127
78 126
78 125
79 124
79 123
79 122
79 121
79 120
79 119
80 118
79 117
79 116
79 115
79 114
79 113
80 112
80 111
80 110
81 109
81 108
82 107
82 106
83 105
82 104
82 103
82 102
81 101
82 100
81 99
81 98
82 98
83 97
83 96
84 96
85 95
85 94
85 93
85 92
86 91
86 90
86 89
86 88
86 87
86 86
87 85
87 84
88 84
89 83
89 82
90 81
90 80
89 79
89 78
89 77
89 76
89 75
89 74
89 73
89 72
90 72
91 71
91 70
92 69
92 68
93 67
93 66
94 65
94 64
95 63
95 62
95 61
95 60
95 59
96 58
97 57
97 56
97 55
98 54
98 53
98 52
98 51
99 50
100 49
101 48
102 48
103 47
104 47
105 47
106 47
