254
107 59
108 58
109 58
110 59
111 60
112 61
112 62
113 63
114 63
114 64
115 65
116 65
117 66
118 66
118 67
118 68
118 69
119 70
118 71
118 72
118 73
119 74
120 75
121 74
122 74
123 74
124 73
124 74
124 75
123 76
124 77
123 78
123 79
123 80
124 81
123 82
123 83
123 84
123 85
122 86
123 87
122 88
122 89
122 90
121 91
121 92
121 93
121 94
120 95
120 96
120 97
120 98
119 99
119 100
119 101
119 102
119 103
119 104
119 105
119 106
119 107
119 108
119 109
119 110
118 111
119 112
119 113
119 114
119 115
118 115
117 116
117 117
117 118
118 119
117 120
117 121
117 122
116 123
116 124
116 125
116 126
115 127
115 128
115 129
114 130
114 131
114 132
113 133
113 134
112 135
112 136
111 137
111 138
111 139
110 140
109 141
109 142
109 143
108 144
108 145
108 146
108 147
107 148
106 149
106 150
106 151
105 152
105 153
105 154
105 155
105 156
105 157
105 158
104 159
103 159
102 159
101 159
100 160
99 159
98 159
97 159
96 159
95 159
94 159
93 159
92 159
91 159
90 159
89 158
88 158
87 158
86 158
85 158
84 157
83 157
82 157
81 156
80 156
79 156
78 155
77 155
76 154
76 153
76 152
76 151
76 150
76 149
75 148
75 147
75 146
75 145
75 144
75 143
75 142
75 141
74 140
74 139
73 138
73 137
72 136
72 135
72 134
71 133
70 132
70 131
69 130
69 129
68 128
68 127
68 126
69 125
69 124
69 123
69 122
68 121
67 120
66 119
66 118
66 117
66 116
67 115
67 114
68 113
68 112
68 111
68 110
67 109
67 108
68 107
68 106
68 105
68 104
68 103
68 102
69 101
69 100
69 99
69 98
70 97
70 96
70 95
71 94
72 93
72 92
73 91
74 90
75 89
76 88
77 88
78 88
79 88
80 89
81 88
82 88
83 87
83 86
84 85
84 84
85 84
86 83
86 82
86 81
87 80
87 79
87 78
88 77
88 76
89 75
90 74
90 73
90 72
91 71
91 70
92 69
93 68
92 67
93 66
93 65
94 64
94 63
95 62
95 61
96 61
97 61
98 61
99 60
99 59
100 59
101 59
102 60
103 60
104 59
105 59
106 59
