246
111 58
112 57
113 57
114 58
115 58
116 59
116 60
117 61
118 61
119 62
120 63
121 64
122 65
123 65
124 66
125 66
126 67
127 68
127 69
127 70
127 71
127 72
127 73
128 74
129 75
130 76
131 76
132 77
133 77
134 78
135 79
136 80
137 81
138 82
138 83
138 84
138 85
138 86
139 87
139 88
139 89
139 90
139 91
139 92
139 93
139 94
140 95
140 96
140 97
141 98
141 99
141 100
141 101
140 102
141 103
140 104
140 105
140 106
140 107
140 108
141 109
141 110
142 111
142 112
142 113
142 114
142 115
143 116
143 117
143 118
143 119
143 120
143 121
144 122
144 123
145 124
145 125
145 126
145 127
145 128
144 129
144 130
144 131
144 132
144 133
144 134
143 135
143 136
144 137
144 138
144 139
144 140
143 141
142 142
141 143
140 144
139 145
138 146
137 147
136 148
135 148
134 149
133 150
132 150
131 151
130 151
129 152
128 153
127 153
126 154
125 154
124 154
123 155
122 155
121 156
120 156
119 156
118 157
117 157
116 157
115 158
114 158
113 158
112 158
111 158
110 159
109 159
108 159
107 159
106 159
105 159
104 159
103 159
102 159
101 159
100 160
99 159
98 159
97 159
97 158
97 157
96 156
96 155
96 154
95 153
95 152
94 151
93 150
93 149
92 148
91 147
91 146
90 145
90 144
89 143
88 142
88 141
87 140
88 139
87 138
87 137
86 136
86 135
86 134
86 133
86 132
86 131
86 130
86 129
86 128
86 127
86 126
86 125
86 124
86 123
86 122
86 121
86 120
86 119
86 118
86 117
86 116
86 115
86 114
86 113
86 112
86 111
86 110
86 109
87 108
87 107
88 106
89 105
90 104
90 103
91 102
92 102
93 102
94 102
95 102
96 102
97 101
98 100
99 99
99 98
99 97
99 96
99 95
99 94
99 93
99 92
99 91
99 90
100 89
100 88
100 87
100 86
100 85
100 84
99 83
99 82
99 81
99 80
99 79
99 78
99 77
99 76
100 75
100 74
100 73
100 72
100 71
100 70
101 69
102 68
102 67
103 66
104 65
105 65
106 64
106 63
107 62
108 61
108 60
109 59
110 58
