274
107 49
108 48
109 48
110 48
111 48
112 49
113 49
114 50
115 51
115 52
115 53
116 54
117 55
117 56
117 57
118 58
119 59
120 60
120 61
120 62
120 63
121 64
120 64
119 65
119 66
118 67
118 68
118 69
119 70
120 71
120 72
121 73
122 73
123 73
124 74
125 74
126 75
127 76
127 77
127 78
127 79
126 80
125 81
125 82
125 83
125 84
125 85
125 86
125 87
125 88
125 89
125 90
124 91
123 92
123 93
123 94
122 95
122 96
122 97
121 98
121 99
121 100
121 101
121 102
121 103
121 104
120 105
121 106
120 107
121 108
120 109
120 110
120 111
120 112
119 113
118 114
118 115
118 116
117 117
117 118
117 119
117 120
116 121
116 122
116 123
116 124
115 125
115 126
115 127
115 128
114 129
114 130
113 131
113 132
112 133
112 134
111 135
111 136
110 137
110 138
109 139
109 140
108 141
107 142
107 143
106 144
105 145
105 146
104 146
103 147
104 148
104 149
103 150
102 151
102 152
102 153
102 154
101 155
101 156
101 157
100 158
100 159
100 160
99 159
98 159
97 159
96 159
95 159
94 159
93 159
92 159
91 159
90 159
89 158
88 158
87 158
86 158
85 158
84 157
83 157
82 157
81 156
80 156
79 156
78 155
77 155
76 154
75 154
74 154
73 153
72 153
71 152
70 151
69 151
69 150
69 149
69 148
69 147
69 146
69 145
69 144
68 143
68 142
67 141
67 140
66 139
66 138
65 137
65 136
64 135
64 134
64 133
63 132
63 131
63 130
62 129
62 128
62 127
61 126
60 125
59 124
59 123
58 122
59 121
59 120
59 119
59 118
59 117
59 116
59 115
59 114
59 113
59 112
60 111
60 110
60 109
60 108
61 107
61 106
61 105
61 104
62 103
62 102
61 101
61 100
61 99
61 98
62 97
63 96
63 95
63 94
64 94
65 93
66 92
67 91
68 91
69 90
70 89
70 88
70 87
70 86
71 86
72 85
73 84
74 84
75 84
76 84
77 84
78 85
79 85
80 84
81 84
82 83
82 82
82 81
82 80
83 79
83 78
84 77
84 76
85 75
85 74
85 73
85 72
86 72
87 71
87 70
87 69
87 68
88 67
88 66
89 65
89 64
89 63
90 62
91 61
91 60
92 59
93 58
93 57
94 56
94 55
95 54
96 53
97 53
98 52
99 51
100 51
101 51
102 51
103 51
104 51
105 51
106 50
