263
82 47
83 46
84 47
85 47
86 48
87 48
88 49
89 49
90 50
91 50
92 50
93 50
93 51
94 52
94 53
95 54
96 55
96 56
97 57
98 58
99 58
100 58
101 58
102 58
102 59
103 60
104 60
105 61
105 62
106 63
107 63
107 64
108 65
109 66
109 67
110 68
110 69
111 70
111 71
112 72
111 73
112 74
112 75
113 76
114 77
114 78
115 79
115 80
116 81
116 82
116 83
116 84
116 85
117 86
117 87
118 88
118 89
119 90
119 91
119 92
120 93
120 94
120 95
121 96
121 97
121 98
122 99
123 99
123 100
123 101
124 102
124 103
124 104
124 105
124 106
125 107
125 108
126 109
127 109
127 110
128 111
128 112
129 113
128 114
128 115
128 116
128 117
128 118
129 119
129 120
129 121
130 122
130 123
130 124
130 125
131 126
131 127
130 128
130 129
131 130
131 131
131 132
131 133
131 134
131 135
132 136
132 137
132 138
132 139
133 140
133 141
133 142
133 143
133 144
134 145
134 146
134 147
134 148
134 149
133 150
132 150
131 151
130 151
129 152
128 153
127 153
126 154
125 154
124 154
123 155
122 155
121 156
120 156
119 156
118 157
117 157
116 157
115 158
114 158
113 158
112 158
111 158
110 159
109 159
108 159
107 159
106 159
105 159
104 159
104 158
104 157
103 156
102 155
102 154
102 153
101 152
100 151
99 150
99 149
99 148
98 147
97 146
96 145
95 144
95 143
94 142
94 141
93 140
93 139
93 138
92 137
92 136
91 135
90 134
89 133
88 132
88 131
87 130
86 129
86 128
85 127
85 126
84 125
83 124
82 123
82 122
81 121
81 120
81 119
81 118
82 117
82 116
82 115
81 114
81 113
81 112
81 111
80 110
80 109
80 108
79 107
79 106
79 105
78 104
77 103
77 102
77 101
77 100
76 99
76 98
76 97
76 96
76 95
76 94
76 93
76 92
76 91
76 90
76 89
75 88
74 87
73 86
73 85
72 84
71 83
71 82
71 81
71 80
70 79
71 78
71 77
71 76
70 75
70 74
70 73
70 72
70 71
71 70
71 69
71 68
71 67
71 66
71 65
70 64
70 63
70 62
70 61
70 60
70 59
71 58
72 57
72 56
73 55
74 54
74 53
75 52
76 52
77 51
78 50
79 49
79 48
80 47
81 47
