269
115 51
116 50
117 50
118 50
119 50
120 50
121 51
122 52
122 53
123 54
123 55
124 56
125 57
126 58
127 59
128 60
129 61
130 62
130 63
131 64
131 65
132 66
133 66
132 67
132 68
131 69
131 70
132 71
133 71
133 72
134 73
135 74
135 75
136 76
136 77
137 78
137 79
137 80
137 81
137 82
137 83
137 84
137 85
138 86
138 87
138 88
138 89
137 90
137 91
137 92
138 93
137 94
137 95
136 96
136 97
135 98
135 99
135 100
135 101
134 102
134 103
134 104
135 105
135 106
135 107
135 108
136 109
136 110
135 111
135 112
135 113
135 114
135 115
135 116
135 117
135 118
135 119
134 120
134 121
134 122
133 123
133 124
133 125
133 126
133 127
133 128
133 129
133 130
133 131
133 132
133 133
133 134
133 135
132 136
132 137
132 138
132 139
131 139
130 140
130 141
129 142
128 143
128 144
127 145
127 146
127 147
127 148
127 149
126 150
125 151
124 152
124 153
124 154
123 155
122 155
121 156
120 156
119 156
118 157
117 157
116 157
115 158
114 158
113 158
112 158
111 158
110 159
109 159
108 159
107 159
106 159
105 159
104 159
103 159
102 159
101 159
100 160
99 159
98 159
97 159
96 159
95 159
94 159
93 159
92 159
91 159
90 159
89 158
88 157
88 156
88 155
87 154
87 153
86 152
86 151
86 150
86 149
85 148
85 147
85 146
84 145
84 144
83 143
83 142
82 141
82 140
81 139
80 138
79 137
79 136
78 135
78 134
78 133
77 132
77 131
76 130
76 129
75 128
75 127
75 126
75 125
75 124
75 123
76 122
76 121
76 120
77 119
77 118
77 117
78 116
77 115
77 114
77 113
76 112
76 111
76 110
76 109
76 108
76 107
76 106
76 105
77 104
77 103
78 102
78 101
78 100
79 99
80 98
81 97
81 96
82 95
82 94
82 93
82 92
83 91
84 91
85 91
86 91
87 91
88 91
89 90
90 90
91 89
92 89
93 88
94 87
94 86
94 85
94 84
95 84
96 83
96 82
96 81
96 80
97 79
97 78
98 77
98 76
98 75
98 74
99 73
99 72
99 71
99 70
100 69
100 68
100 67
100 66
100 65
100 64
100 63
100 62
100 61
101 60
101 59
102 58
103 58
104 57
104 56
105 55
106 55
107 54
108 54
109 54
110 54
111 54
112 53
113 52
114 52
