259
104 53
105 52
106 52
107 53
108 54
109 55
110 56
110 57
111 58
112 58
113 59
114 60
115 61
116 62
116 63
116 64
116 65
115 66
116 67
116 68
116 69
116 70
117 71
118 72
118 73
119 74
120 75
121 76
122 77
122 78
123 79
124 78
124 79
123 80
122 81
122 82
122 83
122 84
122 85
122 86
122 87
123 88
123 89
124 90
124 91
124 92
124 93
124 94
123 95
124 96
123 97
123 98
123 99
123 100
123 101
122 101
121 102
121 103
122 104
121 105
121 106
121 107
121 108
121 109
121 110
121 111
120 112
120 113
120 114
120 115
120 116
120 117
120 118
120 119
120 120
120 121
119 122
119 123
119 124
119 125
119 126
119 127
119 128
119 129
119 130
118 131
118 132
117 133
117 134
116 135
116 136
115 137
115 138
115 139
114 140
113 141
112 142
112 143
111 144
111 145
111 146
111 147
111 148
111 149
110 150
110 151
110 152
109 153
109 154
108 155
108 156
108 157
108 158
108 159
107 159
106 159
105 159
104 159
103 159
102 159
101 159
100 160
99 159
98 159
97 159
96 159
95 159
94 159
93 159
92 159
91 159
90 159
89 158
88 158
87 158
86 158
85 158
84 157
83 157
82 157
81 156
80 156
79 156
78 155
77 155
76 154
75 154
74 154
75 153
75 152
76 151
76 150
76 149
76 148
77 147
77 146
77 145
77 144
76 143
76 142
76 141
76 140
76 139
76 138
75 137
74 136
74 135
73 134
73 133
72 132
72 131
71 130
71 129
71 128
70 127
69 126
69 125
69 124
69 123
68 122
68 121
67 120
67 119
67 118
66 117
66 116
67 115
67 114
67 113
67 112
67 111
67 110
68 109
68 108
68 107
68 106
68 105
68 104
68 103
68 102
68 101
68 100
69 99
69 98
69 97
70 96
71 96
72 95
73 94
74 93
74 92
74 91
74 90
75 89
76 88
77 87
77 86
78 86
79 85
79 84
80 84
81 84
82 84
83 83
84 82
85 81
85 80
85 79
85 78
86 77
86 76
87 75
87 74
88 73
88 72
88 71
88 70
89 69
89 68
89 67
89 66
89 65
90 64
90 63
91 63
92 62
93 61
93 60
94 59
95 58
96 57
97 57
98 57
99 57
100 57
101 56
101 55
102 54
103 53
