266
112 53
113 52
114 52
115 52
116 52
117 53
118 54
118 55
118 56
118 57
119 58
120 59
121 59
122 60
123 60
124 61
125 62
126 63
126 64
126 65
126 66
125 67
125 68
124 69
124 70
124 71
124 72
124 73
125 74
126 74
127 75
128 75
129 75
130 76
131 77
131 78
131 79
131 80
131 81
131 82
130 83
129 83
128 84
128 85
128 86
128 87
127 88
127 89
126 90
126 91
126 92
126 93
126 94
126 95
126 96
126 97
126 98
125 99
124 100
124 101
124 102
124 103
124 104
124 105
123 106
123 107
122 108
122 109
122 110
121 111
121 112
121 113
120 114
121 115
121 116
121 117
121 118
121 119
121 120
121 121
120 122
120 123
120 124
120 125
119 126
119 127
119 128
118 129
118 130
117 131
117 132
117 133
117 134
116 135
116 136
116 137
115 138
115 139
114 140
113 141
113 142
112 143
112 144
111 145
111 146
110 147
110 148
109 149
109 150
108 151
107 152
107 153
107 154
106 155
105 156
105 157
104 157
103 158
102 159
101 159
100 160
99 159
98 159
97 159
96 159
95 159
94 159
93 159
92 159
91 159
90 159
89 158
88 158
87 158
86 158
85 158
84 157
83 157
82 157
81 156
80 156
79 156
78 155
77 155
76 154
75 154
74 154
73 153
73 152
73 151
73 150
74 149
74 148
74 147
74 146
74 145
74 144
74 143
73 142
73 141
72 140
73 139
72 138
72 137
72 136
72 135
72 134
72 133
72 132
71 131
71 130
71 129
71 128
71 127
70 126
70 125
70 124
70 123
69 122
68 121
68 120
68 119
68 118
68 117
67 116
67 115
67 114
67 113
67 112
68 111
68 110
68 109
68 108
69 107
69 106
69 105
69 104
69 103
69 102
69 101
69 100
70 99
70 98
70 97
70 96
70 95
71 94
71 93
71 92
72 91
72 90
73 90
74 89
75 88
76 87
76 86
77 85
77 84
77 83
77 82
77 81
78 80
79 80
80 80
81 79
82 79
83 80
84 81
85 82
86 82
87 82
88 81
89 80
90 79
90 78
91 77
91 76
92 75
92 74
93 73
93 72
93 71
94 70
94 69
95 68
95 67
95 66
95 65
96 64
97 63
97 62
97 61
98 60
99 59
100 58
101 57
102 57
103 56
104 55
105 55
106 54
107 54
108 54
109 54
110 54
111 53
