258
116 57
117 56
118 56
119 56
120 56
121 56
122 56
123 56
123 57
124 58
125 59
125 60
126 61
127 62
127 63
127 64
128 65
129 65
129 66
129 67
129 68
129 69
129 70
128 71
129 72
130 73
130 74
131 75
132 75
132 76
133 77
134 78
134 79
135 80
134 81
134 82
134 83
135 84
135 85
135 86
134 87
134 88
134 89
134 90
134 91
134 92
133 93
133 94
133 95
133 96
132 97
132 98
132 99
132 100
131 101
131 102
131 103
131 104
131 105
131 106
131 107
131 108
131 109
130 110
130 111
130 112
129 113
129 114
129 115
129 116
129 117
129 118
128 119
128 120
128 121
128 122
128 123
128 124
128 125
128 126
128 127
127 128
126 129
126 130
125 131
124 132
124 133
124 134
123 135
123 136
122 137
122 138
121 139
121 140
120 141
120 142
120 143
120 144
120 145
120 146
119 147
119 148
118 149
118 150
117 150
116 151
116 152
116 153
116 154
116 155
115 156
115 157
115 158
114 158
113 158
112 158
111 158
110 159
109 159
108 159
107 159
106 159
105 159
104 159
103 159
102 159
101 159
100 160
99 159
98 159
97 159
96 159
95 159
94 159
93 159
92 159
91 159
90 159
89 158
88 158
87 158
86 158
85 158
84 157
84 156
84 155
84 154
84 153
85 152
85 151
85 150
85 149
85 148
85 147
85 146
85 145
85 144
85 143
85 142
85 141
84 140
85 139
84 138
84 137
83 136
83 135
83 134
82 133
81 132
80 131
80 130
80 129
80 128
79 127
78 126
78 125
78 124
78 123
78 122
77 121
77 120
77 119
77 118
77 117
77 116
77 115
77 114
77 113
77 112
77 111
77 110
77 109
77 108
77 107
77 106
78 105
78 104
78 103
78 102
79 101
79 100
79 99
79 98
80 97
80 96
80 95
81 94
82 93
82 92
83 91
84 90
85 89
85 88
85 87
85 86
86 85
87 84
88 84
89 84
90 85
91 85
92 85
93 85
94 85
95 85
96 84
97 84
98 83
98 82
99 81
99 80
99 79
99 78
100 77
100 76
101 75
101 74
101 73
101 72
101 71
101 70
102 69
103 68
104 67
104 66
105 65
105 64
106 63
106 62
107 61
108 60
109 60
110 59
111 59
112 58
113 58
114 58
115 58
