267
106 49
107 48
108 49
109 49
110 50
110 51
111 52
111 53
111 54
111 55
112 56
112 57
113 58
114 58
115 58
116 59
117 60
118 61
118 62
118 63
118 64
118 65
118 66
117 67
117 68
117 69
117 70
117 71
118 72
119 73
120 73
121 73
121 74
121 75
121 76
121 77
121 78
121 79
122 80
121 81
120 82
120 83
121 84
120 85
120 86
121 87
120 88
120 89
121 90
120 91
120 92
120 93
120 94
119 95
119 96
119 97
118 98
118 99
118 100
117 101
117 102
116 103
116 104
116 105
115 106
115 107
115 108
115 109
115 110
115 111
114 112
114 113
114 114
114 115
113 116
112 117
112 118
112 119
111 120
111 121
111 122
111 123
111 124
110 125
110 126
109 127
109 128
109 129
108 130
108 131
108 132
107 133
107 134
106 135
106 136
106 137
105 138
105 139
104 140
104 141
103 142
102 143
101 143
100 144
100 145
99 145
98 146
97 147
97 148
96 149
96 150
96 151
96 152
96 153
95 154
95 155
94 156
94 157
94 158
94 159
93 159
92 159
91 159
90 159
89 158
88 158
87 158
86 158
85 158
84 157
83 157
82 157
81 156
80 156
79 156
78 155
77 155
76 154
75 154
74 154
73 153
72 153
71 152
70 151
69 151
68 150
67 150
66 149
65 148
64 148
63 147
63 146
63 145
63 144
63 143
63 142
64 141
64 140
64 139
64 138
64 137
64 136
63 135
63 134
63 133
62 132
61 131
60 130
60 129
60 128
60 127
60 126
59 125
59 124
60 123
59 122
59 121
59 120
59 119
59 118
59 117
59 116
59 115
59 114
59 113
59 112
59 111
59 110
59 109
60 108
60 107
61 106
62 105
62 104
63 103
63 102
64 101
64 100
64 99
65 98
65 97
65 96
65 95
65 94
66 93
66 92
67 91
66 90
67 89
67 88
67 87
68 86
68 85
69 84
69 83
70 82
71 81
71 80
72 79
73 79
74 79
75 78
76 79
77 79
78 79
79 79
80 79
81 79
82 78
83 78
84 77
84 76
85 75
85 74
85 73
85 72
86 72
87 71
87 70
87 69
87 68
87 67
88 66
88 65
88 64
89 63
89 62
90 61
90 60
90 59
91 58
92 57
93 56
93 55
94 54
95 53
95 52
96 52
97 51
98 51
99 51
100 51
101 50
102 51
103 50
104 50
105 50
