243
99 61
100 60
101 60
102 60
103 61
104 61
105 62
105 63
106 64
106 65
106 66
107 67
108 67
109 68
110 69
111 70
111 71
110 72
111 73
111 74
111 75
112 76
112 77
112 78
113 79
114 80
115 80
116 81
117 82
117 83
117 84
117 85
117 86
117 87
116 88
115 89
115 90
116 91
117 92
117 93
117 94
117 95
117 96
117 97
117 98
117 99
117 100
117 101
116 102
116 103
116 104
116 105
116 106
116 107
116 108
115 109
115 110
115 111
115 112
115 113
116 114
115 115
115 116
116 117
116 118
115 119
115 120
115 121
115 122
114 123
115 124
114 125
114 126
114 127
114 128
114 129
113 130
113 131
113 132
113 133
113 134
112 135
112 136
112 137
112 138
111 139
110 140
110 141
109 142
109 143
108 144
108 145
107 146
107 147
107 148
107 149
106 150
106 151
106 152
106 153
106 154
106 155
106 156
106 157
106 158
106 159
105 159
104 159
103 159
102 159
101 159
100 160
99 159
98 159
97 159
96 159
95 159
94 159
93 159
92 159
91 159
90 159
89 158
88 158
87 158
86 158
85 158
84 157
83 157
82 157
81 156
80 156
79 156
78 155
77 155
77 154
77 153
77 152
78 151
78 150
78 149
77 148
78 147
78 146
78 145
78 144
78 143
77 142
77 141
77 140
76 139
76 138
75 137
75 136
74 135
74 134
74 133
73 132
72 132
71 131
70 130
70 129
69 128
69 127
68 126
68 125
67 124
67 123
67 122
67 121
66 120
66 119
66 118
66 117
66 116
66 115
66 114
67 113
67 112
67 111
67 110
67 109
67 108
67 107
66 106
67 105
67 104
68 104
69 103
69 102
69 101
69 100
70 99
70 98
71 97
71 96
71 95
72 94
73 93
74 92
75 91
76 92
77 92
78 92
79 92
80 92
81 92
82 91
82 90
82 89
82 88
81 87
81 86
81 85
80 84
81 83
81 82
82 81
82 80
83 79
83 78
83 77
83 76
84 75
84 74
85 74
86 73
86 72
87 71
87 70
88 69
89 68
89 67
90 66
91 65
91 64
92 64
93 63
94 63
95 62
96 61
97 61
98 61
