272
104 51
105 50
106 50
107 50
108 50
109 50
110 51
110 52
110 53
111 54
111 55
112 56
113 57
114 58
115 59
116 60
117 61
117 62
117 63
117 64
117 65
117 66
117 67
117 68
118 69
119 69
119 70
119 71
120 72
121 72
121 73
122 74
122 75
123 76
124 77
125 77
126 78
127 79
127 80
127 81
128 82
129 82
129 83
129 84
128 85
127 86
128 87
127 88
127 89
127 90
127 91
126 92
126 93
127 94
126 95
127 96
127 97
127 98
127 99
128 100
128 101
128 102
128 103
128 104
128 105
128 106
127 107
126 108
126 109
126 110
127 111
126 112
127 113
126 114
127 115
127 116
126 117
127 118
127 119
127 120
127 121
127 122
127 123
128 124
128 125
128 126
128 127
128 128
128 129
128 130
128 131
127 132
127 133
127 134
127 135
127 136
127 137
126 138
126 139
126 140
125 141
124 142
124 143
124 144
124 145
124 146
124 147
124 148
123 149
123 150
124 151
123 152
122 153
121 154
121 155
121 156
120 156
119 156
118 157
117 157
116 157
115 158
114 158
113 158
112 158
111 158
110 159
109 159
108 159
107 159
106 159
105 159
104 159
103 159
102 159
101 159
100 160
99 159
98 159
97 159
96 159
95 159
94 159
93 159
92 159
91 159
90 159
89 158
88 158
87 158
86 158
85 158
84 157
83 157
82 157
81 156
80 156
80 155
80 154
79 153
78 153
78 152
78 151
77 150
77 149
76 148
75 147
75 146
74 145
73 144
72 143
72 142
72 141
72 140
72 139
72 138
71 137
70 136
69 135
68 134
68 133
67 132
67 131
67 130
67 129
67 128
67 127
66 126
66 125
66 124
66 123
66 122
66 121
66 120
67 119
67 118
68 117
68 116
68 115
68 114
68 113
67 112
67 111
67 110
67 109
67 108
67 107
67 106
68 105
69 104
70 103
70 102
71 101
71 100
72 99
72 98
72 97
72 96
73 95
74 94
75 94
76 93
76 92
77 92
78 91
79 91
80 91
81 91
82 91
83 90
83 89
84 88
84 87
84 86
85 85
85 84
85 83
85 82
85 81
86 80
85 79
86 78
86 77
87 76
87 75
88 74
88 73
89 72
88 71
88 70
88 69
88 68
89 67
89 66
89 65
89 64
90 63
91 62
91 61
92 60
92 59
93 58
94 57
95 57
96 56
97 56
98 56
99 55
100 54
101 53
102 53
103 52
