327
138 68
139 67
140 67
141 67
141 68
142 69
143 70
143 71
143 72
143 73
143 74
143 75
143 76
143 77
143 78
142 79
142 80
142 81
142 82
141 83
141 84
141 85
140 86
139 87
139 88
139 89
139 90
138 91
137 92
137 93
136 94
136 95
136 96
135 97
135 98
134 99
134 100
133 101
133 102
133 103
133 104
133 105
132 106
132 107
131 108
131 109
130 110
130 111
130 112
130 113
131 114
131 115
131 116
131 117
132 118
131 119
131 120
131 121
130 122
130 123
129 124
129 125
130 126
129 127
128 128
128 129
128 130
128 131
127 132
127 133
126 134
126 135
126 136
126 137
126 138
126 139
126 140
125 141
126 142
126 143
126 144
126 145
126 146
126 147
126 148
126 149
126 150
126 151
126 152
126 153
126 154
125 154
124 154
123 155
122 155
121 156
120 156
119 156
118 157
117 157
116 157
115 158
114 158
113 158
112 158
111 158
110 159
109 159
108 159
107 159
106 159
105 159
104 159
103 159
102 159
101 159
100 160
99 159
98 159
97 159
96 159
95 159
94 159
93 159
93 158
93 157
93 156
93 155
93 154
92 153
92 152
92 151
92 150
92 149
92 148
92 147
92 146
91 145
91 144
90 143
90 142
89 141
89 140
89 139
88 138
88 137
88 136
87 135
86 134
86 133
86 132
85 131
85 130
84 129
83 128
83 127
82 126
81 126
81 125
80 124
79 123
78 122
77 121
76 120
76 119
76 118
75 117
74 116
74 115
73 114
72 113
71 112
71 111
71 110
70 109
70 108
70 107
70 106
70 105
70 104
69 103
69 102
68 101
68 100
68 99
68 98
68 97
68 96
68 95
68 94
68 93
67 92
67 91
67 90
67 89
66 88
66 87
65 86
64 85
63 84
63 83
63 82
62 81
61 80
60 79
61 78
61 77
61 76
62 76
63 75
64 76
65 76
66 76
67 76
68 77
69 78
70 78
71 78
72 78
73 79
74 80
75 81
76 82
76 83
76 84
77 85
77 86
77 87
77 88
77 89
77 90
77 91
78 92
79 93
79 94
79 95
80 96
81 96
82 97
83 97
84 97
85 96
86 97
87 97
88 97
89 97
90 96
90 95
89 94
88 95
89 94
89 93
89 92
89 91
90 90
90 89
90 88
91 87
91 86
92 85
92 84
92 83
93 83
94 82
94 81
94 80
95 80
96 80
97 80
98 79
99 80
100 80
101 81
102 81
103 82
104 82
104 83
105 84
106 85
106 86
107 87
108 87
109 88
110 88
111 88
112 89
113 90
114 90
115 90
116 90
117 90
118 90
119 90
120 90
121 90
121 91
122 92
123 92
124 93
125 93
126 93
127 92
128 91
129 90
129 89
130 88
130 87
130 86
131 85
131 84
131 83
130 82
129 82
130 82
131 81
132 80
133 79
134 78
135 77
135 76
135 75
136 74
136 73
136 72
136 71
137 70
138 69
