307
66 59
66 58
67 58
68 58
69 58
70 58
71 59
71 60
72 61
73 61
73 62
74 63
74 64
75 65
75 66
75 67
75 68
75 69
75 70
75 71
75 72
75 73
75 74
75 75
75 76
75 77
75 78
75 79
76 80
76 81
76 82
77 83
78 84
79 85
80 85
81 84
81 83
82 82
83 81
84 81
85 81
86 81
87 81
88 80
88 79
89 79
90 79
91 78
92 77
93 77
94 76
94 75
95 75
96 75
97 76
97 77
98 78
99 78
100 79
101 79
102 80
102 81
103 82
104 83
105 84
106 84
107 84
107 85
107 86
107 87
107 88
108 89
109 90
109 91
110 92
111 93
112 94
113 94
114 95
115 96
116 97
117 97
118 96
119 96
120 95
121 94
122 93
123 92
124 92
125 91
126 90
127 89
128 89
129 88
130 87
131 87
132 86
133 85
133 84
134 83
135 82
136 82
137 82
138 81
139 80
140 81
141 82
141 83
141 84
140 85
140 86
140 87
139 88
139 89
138 90
137 91
136 92
135 93
134 94
133 95
132 96
131 96
130 97
129 97
128 98
128 99
127 99
126 100
125 100
124 101
124 102
123 103
122 104
122 105
121 105
120 106
120 107
119 108
119 109
118 110
118 111
117 112
117 113
116 114
115 114
114 115
114 116
113 117
113 118
112 119
112 120
111 121
111 122
110 123
109 124
108 125
108 126
107 127
107 128
106 129
106 130
105 131
104 132
103 133
102 134
101 135
100 135
99 136
98 137
97 138
97 139
97 140
96 141
97 142
96 143
96 144
96 145
95 146
95 147
94 148
93 149
93 150
92 151
92 152
92 153
92 154
92 155
92 156
91 157
91 158
91 159
90 159
89 158
88 158
87 158
86 158
85 158
84 157
83 157
82 157
81 156
80 156
79 156
78 155
77 155
76 154
75 154
74 154
73 153
72 153
71 152
70 151
69 151
68 150
67 150
66 149
65 148
64 148
63 147
62 146
61 145
61 144
62 143
62 142
62 141
63 140
64 139
64 138
65 137
65 136
66 135
66 134
66 133
66 132
67 132
68 131
68 130
67 129
67 128
67 127
67 126
67 125
67 124
67 123
67 122
68 121
68 120
68 119
67 118
68 117
68 116
67 115
67 114
67 113
67 112
67 111
67 110
66 109
66 108
65 107
65 106
65 105
64 104
64 103
64 102
63 101
63 100
62 99
62 98
61 97
60 96
60 95
60 94
60 93
60 92
60 91
60 90
60 89
61 88
62 87
62 86
62 85
62 84
62 83
63 82
64 81
64 80
64 79
65 78
65 77
66 76
66 75
67 74
67 73
67 72
68 71
68 70
68 69
68 68
68 67
68 66
68 65
67 64
67 63
67 62
66 61
66 60
