356
126 50
126 49
127 49
128 50
129 51
129 52
130 53
130 54
130 55
130 56
130 57
131 58
131 59
131 60
131 61
131 62
131 63
131 64
131 65
130 66
129 67
129 68
129 69
128 70
129 71
129 72
129 73
129 74
129 75
129 76
129 77
128 78
127 79
127 80
126 81
126 82
126 83
126 84
126 85
126 86
126 87
126 88
126 89
126 90
126 91
125 92
125 93
125 94
125 95
124 96
124 97
125 98
125 99
126 100
126 101
126 102
126 103
126 104
125 105
124 106
124 107
124 108
123 109
123 110
123 111
123 112
123 113
123 114
123 115
123 116
123 117
123 118
123 119
123 120
123 121
122 122
123 123
123 124
123 125
123 126
123 127
123 128
123 129
123 130
123 131
123 132
124 133
124 134
124 135
124 136
124 137
124 138
124 139
125 140
125 141
125 142
125 143
125 144
125 145
126 146
126 147
127 148
128 149
128 150
129 151
129 152
128 153
127 153
126 154
125 154
124 154
123 155
122 155
121 156
120 156
119 156
118 157
117 157
116 157
115 158
114 158
113 158
112 158
111 158
110 159
109 159
108 159
107 159
106 159
105 159
104 159
103 159
102 159
101 159
100 160
99 159
98 159
97 159
96 159
95 159
94 159
94 158
94 157
94 156
94 155
93 154
92 153
92 152
92 151
92 150
92 149
91 148
91 147
91 146
91 145
90 144
90 143
90 142
89 141
89 140
88 139
88 138
87 137
87 136
87 135
86 134
85 133
85 132
85 131
85 130
84 129
83 128
83 127
82 126
81 125
80 124
79 123
78 122
77 121
76 120
76 119
75 118
74 117
73 117
72 116
71 115
71 114
70 113
69 112
68 111
67 110
66 110
65 109
65 108
64 107
63 106
63 105
63 104
63 103
62 102
62 101
62 100
62 99
62 98
62 97
61 96
61 95
61 94
60 93
60 92
60 91
59 90
59 89
59 88
59 87
58 86
57 85
56 85
56 84
55 83
54 82
53 81
52 80
51 79
50 78
49 78
49 77
49 76
49 75
50 74
51 73
52 73
53 73
54 73
55 74
56 74
57 75
58 75
59 75
60 76
61 76
62 76
63 77
64 78
65 78
66 79
66 80
67 81
67 82
67 83
68 84
68 85
68 86
68 87
67 88
68 89
68 90
69 91
70 92
71 92
72 92
73 93
74 93
75 93
76 93
77 93
78 92
79 92
80 92
81 91
81 90
81 89
81 88
82 87
82 86
82 85
81 84
81 83
81 82
80 81
80 80
80 79
80 78
80 77
80 76
81 75
82 74
83 73
84 73
85 72
86 72
87 72
88 72
89 72
90 73
91 73
92 74
92 75
93 76
94 77
95 78
96 78
97 78
98 78
99 79
100 79
101 80
102 80
103 80
104 80
105 79
106 79
107 79
108 79
109 79
110 79
111 79
112 80
112 81
113 82
114 83
115 83
116 83
117 83
118 82
118 81
118 80
119 79
120 78
120 77
120 76
119 75
118 74
119 73
120 72
121 71
121 70
121 69
121 68
121 67
121 66
121 65
121 64
121 63
121 62
121 61
121 60
121 59
122 58
123 57
123 56
123 55
123 54
123 53
124 52
125 51
