326
57 80
58 79
59 79
60 80
61 80
62 81
63 81
64 82
65 83
66 84
65 85
66 86
67 86
68 86
69 87
69 88
70 89
70 90
70 91
71 92
71 93
71 94
71 95
71 96
71 97
71 98
72 99
72 100
72 101
72 102
72 103
72 104
73 105
73 106
73 107
74 108
75 108
76 108
77 109
78 108
79 107
80 106
81 105
81 104
82 103
83 102
84 101
85 101
86 100
87 99
87 98
88 97
89 97
90 96
90 95
91 95
92 95
93 94
94 94
95 94
96 94
97 94
98 94
99 95
100 96
101 97
102 97
102 98
102 99
102 100
103 101
104 101
105 101
106 101
107 102
108 101
109 101
110 102
110 103
111 104
111 105
112 106
113 107
112 108
112 109
113 110
114 110
115 109
115 108
116 108
117 108
118 108
119 108
120 108
121 109
122 110
123 110
124 110
125 109
125 108
126 108
127 107
127 106
128 105
129 104
130 103
130 102
131 101
131 100
132 99
132 98
132 97
133 96
133 95
134 94
135 93
135 92
136 92
137 91
138 90
139 89
139 88
140 87
141 86
142 85
142 84
143 83
143 82
144 82
145 81
146 81
147 82
148 82
149 83
150 83
149 84
149 85
149 86
149 87
148 88
148 89
148 90
147 91
147 92
146 93
145 94
144 95
144 96
143 97
143 98
142 99
141 100
141 101
141 102
140 103
140 104
139 105
139 106
138 107
137 108
136 109
136 110
135 111
134 112
133 113
133 114
132 115
132 116
131 117
131 118
130 119
130 120
129 121
128 122
127 123
127 124
127 125
127 126
128 127
127 128
127 129
127 130
127 131
127 132
127 133
127 134
126 135
126 136
125 137
125 138
125 139
124 140
123 141
123 142
123 143
122 144
122 145
122 146
122 147
122 148
122 149
121 150
121 151
120 152
120 153
119 154
118 155
118 156
118 157
117 157
116 157
115 158
114 158
113 158
112 158
111 158
110 159
109 159
108 159
107 159
106 159
105 159
104 159
103 159
102 159
101 159
100 160
99 159
98 159
97 159
96 159
95 159
94 159
93 159
92 159
91 159
90 159
89 158
88 158
87 158
86 158
85 158
84 157
83 157
82 157
81 156
80 156
79 156
78 155
78 154
78 153
77 152
77 151
77 150
77 149
77 148
77 147
76 146
75 145
74 144
73 143
72 142
71 141
71 140
71 139
70 138
70 137
70 136
69 135
69 134
68 133
67 132
67 131
67 130
67 129
66 128
66 127
65 126
64 126
64 125
64 124
63 123
62 122
61 121
60 120
60 119
60 118
60 117
60 116
60 115
60 114
60 113
60 112
60 111
61 110
61 109
61 108
61 107
61 106
61 105
62 104
62 103
62 102
62 101
61 100
60 99
60 98
60 97
60 96
59 95
59 94
60 93
60 92
60 91
59 90
58 89
58 88
57 87
57 86
57 85
57 84
56 83
55 83
55 82
55 81
56 80
