278
124 79
125 78
126 78
127 78
128 78
129 78
129 79
130 80
130 81
130 82
130 83
130 84
131 85
131 86
131 87
130 88
130 89
129 90
128 91
128 92
127 93
127 94
126 95
125 96
125 97
125 98
125 99
125 100
124 101
124 102
123 103
123 104
123 105
122 106
122 107
122 108
121 109
120 110
119 111
119 112
118 113
118 114
118 115
118 116
118 117
118 118
118 119
118 120
118 121
118 122
117 123
117 124
116 125
116 126
115 127
115 128
115 129
115 130
115 131
114 132
114 133
114 134
113 135
113 136
113 137
112 138
112 139
112 140
111 141
111 142
111 143
111 144
111 145
110 146
109 147
109 148
110 149
110 150
110 151
111 152
111 153
111 154
111 155
111 156
111 157
111 158
110 159
109 159
108 159
107 159
106 159
105 159
104 159
103 159
102 159
101 159
100 160
99 159
98 159
97 159
96 159
95 159
94 159
93 159
92 159
91 159
90 159
89 158
88 158
87 158
86 158
85 158
84 157
83 157
82 157
81 156
80 156
79 156
78 155
77 155
77 154
78 153
78 152
78 151
78 150
78 149
78 148
78 147
78 146
78 145
77 144
77 143
77 142
78 141
78 140
78 139
78 138
78 137
78 136
78 135
79 134
79 133
78 132
77 131
77 130
77 129
76 128
76 127
75 126
74 125
74 124
73 123
72 122
71 121
71 120
71 119
71 118
70 117
70 116
69 115
69 114
68 113
67 112
67 111
66 110
65 109
65 108
64 107
64 106
64 105
63 104
63 103
63 102
64 101
64 100
64 99
63 98
63 97
63 96
63 95
63 94
63 93
63 92
62 91
61 90
60 89
59 88
58 87
58 86
58 85
58 84
58 83
59 82
60 82
61 82
62 82
63 82
64 82
65 82
66 82
66 83
67 84
68 85
68 86
69 87
70 87
71 87
71 88
72 89
72 90
72 91
72 92
73 93
74 94
75 95
76 95
77 96
78 95
79 95
80 95
81 94
82 94
83 93
83 92
83 91
83 90
84 89
84 88
84 87
85 86
85 85
86 84
86 83
87 83
88 82
89 81
90 80
91 80
92 79
93 79
94 80
95 80
96 81
97 82
97 83
98 84
99 84
100 85
101 86
102 87
103 87
104 88
105 89
106 89
107 89
108 90
109 90
110 90
111 90
112 90
113 90
114 90
115 90
116 91
117 90
118 91
119 90
120 89
121 88
121 87
121 86
122 85
123 84
123 83
122 82
121 81
122 81
123 80
