336
59 65
59 64
60 64
61 64
62 64
63 64
64 64
65 65
66 65
67 65
68 66
69 67
70 68
71 68
72 69
72 70
73 71
74 72
74 73
75 74
76 75
76 76
77 77
77 78
78 79
78 80
79 81
79 82
80 83
81 84
82 84
83 84
84 83
84 82
85 81
86 80
87 80
88 79
89 79
90 79
91 78
92 77
93 76
94 76
95 75
96 74
96 73
97 73
98 73
99 73
100 73
101 72
102 71
103 71
104 71
105 72
106 73
107 74
108 75
108 76
108 77
109 78
110 79
111 79
112 80
113 80
114 80
115 81
116 81
117 81
118 82
119 83
120 84
121 85
122 86
123 86
124 87
125 86
125 85
126 84
126 83
127 82
127 81
128 80
129 79
130 78
130 77
130 76
131 76
132 76
133 76
134 75
135 74
136 73
136 72
136 71
137 70
138 69
138 68
139 67
140 66
141 65
142 65
143 65
144 65
145 66
145 67
145 68
145 69
145 70
144 71
144 72
143 73
143 74
142 75
141 76
141 77
140 78
140 79
139 80
138 81
137 82
137 83
136 84
135 85
134 86
133 87
132 88
132 89
131 90
130 91
129 92
128 92
127 92
126 92
125 93
125 94
125 95
125 96
124 97
123 98
124 99
125 100
126 101
127 100
127 101
127 102
127 103
127 104
127 105
126 105
125 106
125 107
124 108
124 109
123 109
122 110
122 111
122 112
122 113
122 114
122 115
122 116
122 117
121 118
121 119
121 120
121 121
120 122
120 123
120 124
120 125
119 126
119 127
119 128
118 129
117 130
117 131
116 132
116 133
116 134
115 135
115 136
115 137
114 138
114 139
114 140
114 141
114 142
114 143
114 144
114 145
114 146
114 147
114 148
114 149
114 150
114 151
114 152
113 153
113 154
113 155
113 156
113 157
114 158
113 158
112 158
111 158
110 159
109 159
108 159
107 159
106 159
105 159
104 159
103 159
102 159
101 159
100 160
99 159
98 159
97 159
96 159
95 159
94 159
93 159
92 159
91 159
90 159
89 158
88 158
87 158
86 158
85 158
84 157
83 157
82 157
81 156
80 156
79 156
79 155
79 154
79 153
79 152
80 152
81 151
81 150
82 149
82 148
83 147
83 146
82 145
82 144
83 143
83 142
82 141
82 140
82 139
82 138
82 137
82 136
83 135
83 134
83 133
83 132
83 131
84 130
85 129
84 128
84 127
85 126
84 125
84 124
84 123
83 122
83 121
83 120
82 119
82 118
82 117
81 116
80 115
80 114
79 113
79 112
78 111
77 110
76 110
76 109
75 108
74 107
73 106
72 105
72 104
71 103
71 102
71 101
71 100
70 99
69 99
68 98
67 98
67 97
67 96
68 95
68 94
68 93
68 92
68 91
68 90
68 89
68 88
67 87
67 86
67 85
67 84
67 83
67 82
67 81
67 80
67 79
66 78
65 78
65 77
64 76
64 75
64 74
63 73
63 72
63 71
63 70
62 69
61 69
60 68
60 67
59 66
