308
64 61
65 60
66 60
67 60
68 60
69 61
70 60
71 61
72 62
73 63
74 64
75 65
76 65
76 66
76 67
76 68
77 69
78 70
78 71
79 72
79 73
79 74
79 75
79 76
79 77
78 78
77 79
77 80
78 81
78 82
79 83
79 84
80 85
81 86
82 87
83 87
84 87
85 86
86 86
87 85
88 84
89 84
90 83
91 83
92 83
93 83
94 83
95 83
96 83
97 83
98 82
99 82
100 81
101 81
102 81
103 81
104 80
105 80
106 80
106 81
107 82
107 83
108 84
109 84
109 85
110 86
110 87
111 88
111 89
112 90
112 91
112 92
112 93
113 94
113 95
114 96
114 97
115 98
115 99
116 100
117 100
118 101
119 102
119 103
120 104
121 103
122 103
123 102
124 102
125 101
126 101
127 100
128 100
129 100
130 99
131 99
132 98
133 98
134 97
135 96
136 96
137 95
138 95
139 95
140 94
141 93
142 93
143 94
144 94
145 95
145 96
145 97
144 98
143 99
142 100
141 101
140 101
139 102
138 103
137 103
136 104
135 105
134 105
133 106
132 106
131 107
130 107
129 108
128 109
127 110
126 110
125 110
124 110
123 110
122 111
121 111
120 112
120 113
119 114
118 115
117 116
116 116
115 117
114 117
113 118
113 119
112 120
112 121
111 122
110 123
109 124
109 125
109 126
108 127
107 128
107 129
106 130
106 131
105 132
104 133
103 134
102 135
101 136
101 137
101 138
100 139
101 140
101 141
101 142
101 143
101 144
101 145
101 146
101 147
101 148
101 149
101 150
101 151
101 152
101 153
102 154
102 155
102 156
102 157
102 158
102 159
101 159
100 160
99 159
98 159
97 159
96 159
95 159
94 159
93 159
92 159
91 159
90 159
89 158
88 158
87 158
86 158
85 158
84 157
83 157
82 157
81 156
80 156
79 156
78 155
77 155
76 154
75 154
74 154
73 153
72 153
71 152
70 151
70 150
70 149
70 148
70 147
69 146
69 145
70 144
70 143
69 142
69 141
69 140
69 139
69 138
69 137
69 136
70 135
70 134
70 133
70 132
71 131
71 130
71 129
71 128
71 127
71 126
71 125
71 124
71 123
71 122
71 121
71 120
71 119
71 118
71 117
71 116
71 115
71 114
71 113
71 112
71 111
71 110
71 109
71 108
71 107
71 106
70 105
70 104
69 103
69 102
69 101
69 100
69 99
68 98
68 97
68 96
67 95
67 94
67 93
67 92
67 91
67 90
67 89
67 88
67 87
68 86
68 85
68 84
68 83
68 82
68 81
68 80
68 79
69 78
69 77
69 76
70 75
70 74
70 73
69 72
70 71
70 70
70 69
69 68
69 67
68 66
68 65
67 64
66 64
65 63
64 62
