270
78 84
78 83
79 83
80 83
81 84
82 85
83 86
83 87
84 88
85 89
86 90
87 90
87 91
88 92
88 93
89 94
90 95
90 96
90 97
89 98
90 99
90 100
89 101
89 102
89 103
90 104
91 105
92 105
93 106
94 106
95 105
96 105
97 104
98 103
99 102
100 102
101 101
102 100
103 100
104 99
105 99
106 99
107 99
108 99
109 99
110 100
111 100
112 101
113 101
114 102
115 102
116 103
117 104
118 105
119 105
120 106
121 106
121 107
122 108
123 109
124 110
125 110
126 111
127 111
128 111
129 111
130 111
131 110
132 109
132 108
132 107
133 107
134 106
135 105
134 104
134 103
134 102
135 102
136 101
137 101
138 101
139 100
140 99
140 98
141 97
142 96
142 95
143 94
143 93
144 92
145 92
146 91
147 91
148 91
148 92
149 93
149 94
150 95
149 96
149 97
148 98
148 99
147 100
147 101
147 102
146 103
146 104
146 105
145 106
145 107
144 108
143 109
142 110
142 111
141 111
140 112
139 113
138 114
137 115
136 115
135 115
134 116
133 117
133 118
132 119
132 120
131 121
130 122
130 123
129 124
128 125
129 126
130 127
131 127
130 128
130 129
130 130
130 131
130 132
130 133
130 134
130 135
130 136
130 137
129 138
129 139
128 140
128 141
127 142
127 143
127 144
127 145
127 146
127 147
126 148
126 149
125 150
125 151
125 152
125 153
124 153
123 154
122 155
121 156
120 156
119 156
118 157
117 157
116 157
115 158
114 158
113 158
112 158
111 158
110 159
109 159
108 159
107 159
106 159
105 159
104 159
103 159
102 159
101 159
100 160
99 159
98 159
97 159
96 159
95 159
94 159
93 159
92 159
91 159
90 159
89 158
88 158
88 157
88 156
89 155
89 154
89 153
89 152
90 151
90 150
90 149
89 148
89 147
89 146
89 145
88 144
88 143
88 142
88 141
88 140
88 139
87 138
87 137
87 136
86 135
85 134
85 133
85 132
85 131
84 130
83 129
83 128
83 127
82 126
81 125
80 124
79 123
78 122
78 121
78 120
78 119
78 118
78 117
78 116
79 115
79 114
79 113
79 112
79 111
79 110
79 109
79 108
80 107
80 106
80 105
79 104
80 103
80 102
79 101
79 100
78 99
78 98
78 97
78 96
78 95
78 94
78 93
78 92
78 91
78 90
78 89
78 88
77 87
78 86
77 85
