255
131 95
132 94
133 94
134 94
135 94
136 94
137 95
138 95
139 96
138 97
137 98
137 99
137 100
138 101
137 102
137 103
136 103
135 104
135 105
134 106
134 107
133 108
133 109
132 110
132 111
132 112
131 113
131 114
130 115
130 116
129 117
129 118
128 119
129 120
128 121
127 122
127 123
127 124
126 125
126 126
126 127
126 128
125 129
125 130
125 131
124 132
124 133
124 134
124 135
124 136
125 137
124 138
123 139
123 140
123 141
122 141
121 142
120 143
119 144
119 145
119 146
119 147
119 148
119 149
118 150
118 151
118 152
117 153
117 154
117 155
116 156
116 157
115 158
114 158
113 158
112 158
111 158
110 159
109 159
108 159
107 159
106 159
105 159
104 159
103 159
102 159
101 159
100 160
99 159
98 159
97 159
96 159
95 159
94 159
93 159
92 159
91 159
90 159
89 158
88 158
87 158
86 158
85 158
84 157
83 157
82 157
82 156
82 155
82 154
83 153
83 152
83 151
83 150
83 149
83 148
83 147
83 146
82 145
82 144
81 143
81 142
80 141
79 140
79 139
79 138
79 137
79 136
78 135
78 134
77 133
76 133
75 132
75 131
75 130
75 129
74 128
74 127
73 126
73 125
72 124
71 123
71 122
70 121
70 120
70 119
70 118
69 117
70 116
69 115
69 114
70 113
70 112
70 111
70 110
70 109
70 108
70 107
70 106
69 105
69 104
68 103
67 103
66 102
66 101
66 100
65 99
65 98
66 97
67 97
68 97
69 97
70 97
71 97
72 98
73 98
74 99
75 99
76 99
77 99
78 100
79 100
79 101
79 102
79 103
79 104
79 105
79 106
79 107
80 108
81 109
82 109
82 110
82 111
83 112
84 111
85 110
86 109
87 108
88 107
89 107
90 106
91 105
91 104
91 103
91 102
91 101
92 100
93 99
94 98
94 97
95 96
96 95
97 95
98 95
99 95
100 95
101 96
102 96
103 97
103 98
104 99
105 100
105 101
106 102
107 103
108 103
109 104
110 104
111 105
112 105
113 105
114 106
115 106
116 107
117 107
118 106
119 106
120 107
121 107
122 107
123 108
124 107
125 107
126 106
126 105
127 104
128 103
128 102
129 101
129 100
128 99
127 98
128 98
129 97
130 96
