301
65 78
65 77
66 77
67 77
68 77
69 77
70 77
71 77
72 78
73 78
74 78
75 78
76 79
77 80
77 81
78 82
79 83
79 84
80 85
81 86
81 87
81 88
81 89
82 90
82 91
83 92
84 93
85 94
86 94
87 95
88 95
89 95
90 95
91 94
92 93
93 92
94 91
95 90
96 89
96 88
97 87
98 87
99 86
100 86
101 85
102 84
102 83
103 82
104 82
105 82
106 82
107 83
108 84
109 84
110 85
111 86
111 87
112 88
113 88
113 89
114 90
115 90
116 91
117 92
118 91
119 92
120 92
121 91
122 91
123 91
122 92
123 93
124 93
125 94
126 94
127 95
128 95
129 94
130 93
131 92
132 91
132 90
133 90
134 89
135 88
135 87
136 86
136 85
137 84
137 83
137 82
138 81
139 80
140 79
141 78
142 78
143 77
144 77
145 78
146 78
147 79
147 80
147 81
147 82
146 83
145 84
145 85
144 86
144 87
143 88
143 89
142 90
141 91
141 92
140 92
139 93
138 94
138 95
137 96
137 97
136 98
135 99
135 100
134 101
133 102
132 103
131 104
130 104
129 104
128 105
127 105
126 106
126 107
126 108
125 109
125 110
124 111
124 112
125 113
126 113
126 114
127 115
128 116
129 117
129 118
129 119
129 120
128 121
127 121
126 122
126 123
127 124
126 125
126 126
125 127
125 128
125 129
125 130
124 131
123 132
123 133
122 134
122 135
121 136
121 137
120 138
120 139
120 140
119 141
118 142
118 143
117 144
117 145
117 146
117 147
116 148
116 149
116 150
116 151
115 152
115 153
115 154
115 155
115 156
115 157
115 158
114 158
113 158
112 158
111 158
110 159
109 159
108 159
107 159
106 159
105 159
104 159
103 159
102 159
101 159
100 160
99 159
98 159
97 159
96 159
95 159
94 159
93 159
92 159
91 159
90 159
89 158
88 158
87 158
86 158
85 158
84 157
83 157
82 157
82 156
83 156
84 155
84 154
84 153
84 152
84 151
84 150
84 149
84 148
84 147
85 146
85 145
85 144
86 143
86 142
87 141
87 140
88 139
88 138
88 137
88 136
88 135
87 134
88 133
88 132
88 131
88 130
87 129
86 128
85 127
85 126
85 125
84 124
84 123
84 122
83 121
83 120
83 119
82 118
82 117
81 116
81 115
80 114
79 114
78 113
78 112
77 111
76 110
75 109
75 108
74 107
74 106
73 105
73 104
72 103
72 102
72 101
72 100
72 99
72 98
72 97
72 96
73 95
72 94
72 93
72 92
72 91
73 90
72 89
72 88
71 87
70 87
70 86
69 85
69 84
68 83
68 82
67 81
66 80
65 80
65 79
