325
117 55
118 54
119 54
120 54
120 55
121 56
121 57
121 58
121 59
122 60
122 61
122 62
121 63
121 64
122 65
121 66
122 67
122 68
121 69
121 70
121 71
121 72
121 73
121 74
121 75
121 76
120 77
119 78
120 79
120 80
120 81
119 82
120 83
119 84
120 85
120 86
120 87
120 88
120 89
120 90
120 91
120 92
120 93
120 94
121 95
121 96
120 97
120 98
120 99
120 100
119 101
119 102
118 103
119 104
119 105
119 106
119 107
118 108
118 109
118 110
118 111
118 112
118 113
118 114
118 115
118 116
117 117
118 118
118 119
118 120
118 121
118 122
118 123
118 124
118 125
119 126
118 127
118 128
118 129
118 130
117 131
117 132
117 133
117 134
117 135
117 136
117 137
117 138
118 139
118 140
119 141
120 142
119 143
119 144
120 145
120 146
121 147
121 148
122 149
122 150
122 151
123 152
123 153
124 154
123 155
122 155
121 156
120 156
119 156
118 157
117 157
116 157
115 158
114 158
113 158
112 158
111 158
110 159
109 159
108 159
107 159
106 159
105 159
104 159
103 159
102 159
101 159
100 160
99 159
98 159
97 159
96 159
95 159
94 159
93 159
92 159
91 159
90 159
89 158
88 158
88 157
88 156
88 155
88 154
88 153
88 152
87 151
87 150
87 149
87 148
87 147
86 146
85 145
84 144
84 143
84 142
84 141
83 140
82 139
82 138
81 137
80 136
80 135
80 134
79 133
79 132
78 131
78 130
77 129
77 128
76 127
75 126
74 126
73 125
73 124
72 123
71 122
70 121
69 121
68 120
67 120
66 120
65 119
64 119
63 118
62 117
61 116
60 115
59 114
58 114
58 113
57 112
56 111
56 110
56 109
56 108
55 107
54 106
54 105
54 104
53 103
53 102
52 101
51 100
50 99
49 98
48 98
47 97
46 97
45 96
44 96
43 96
42 96
42 95
42 94
43 93
44 93
45 93
46 93
47 93
48 92
48 91
49 91
50 91
51 92
52 91
53 91
54 91
55 91
56 92
57 93
58 93
58 94
59 95
59 96
60 97
61 98
62 99
63 99
64 100
65 101
66 101
67 101
68 100
69 99
70 98
71 98
72 97
72 96
73 95
74 95
75 94
75 93
75 92
75 91
76 90
76 89
76 88
76 87
76 86
76 85
76 84
76 83
76 82
76 81
77 80
78 79
79 79
80 78
81 78
82 78
83 78
84 78
85 78
86 79
87 79
87 80
88 81
89 82
90 83
91 83
92 83
93 83
94 83
95 84
96 83
97 83
98 82
99 82
100 82
101 82
102 81
103 82
104 82
105 82
106 82
107 82
108 82
109 81
109 80
110 79
111 78
111 77
112 76
113 75
114 74
114 73
114 72
114 71
114 70
114 69
114 68
114 67
114 66
114 65
115 64
116 63
115 62
115 61
115 60
114 59
114 58
114 57
115 56
116 55
