294
74 63
75 62
76 62
77 63
78 63
77 64
78 65
79 66
79 67
79 68
79 69
80 70
81 70
81 71
81 72
81 73
82 74
81 75
82 76
81 77
81 78
81 79
80 80
79 81
79 82
78 83
78 84
78 85
77 86
77 87
77 88
77 89
76 90
76 91
76 92
77 93
77 94
78 95
79 95
80 94
81 94
82 94
83 93
84 93
85 93
86 93
87 94
88 94
89 94
90 93
91 93
92 92
93 91
93 90
94 89
95 88
96 89
97 89
98 90
99 90
100 91
100 92
100 93
101 94
101 95
102 96
102 97
102 98
102 99
103 100
104 101
104 102
105 103
105 104
106 105
106 106
106 107
106 108
107 109
107 110
107 111
108 112
109 113
110 114
110 115
110 116
111 117
112 117
113 117
114 117
115 117
116 117
117 116
118 115
119 114
120 114
121 114
122 113
123 113
124 113
125 113
126 113
127 112
128 112
129 112
130 111
131 111
132 110
133 110
134 109
135 109
136 108
135 107
136 106
137 106
138 107
139 107
140 108
141 109
142 110
142 111
142 112
141 113
141 114
141 115
141 116
140 116
139 116
138 117
137 117
136 117
135 118
134 118
133 119
132 119
131 119
130 120
129 120
128 121
127 121
126 121
125 121
124 122
123 122
122 122
121 122
120 123
119 123
118 124
117 124
116 125
115 125
114 125
113 125
112 126
111 126
110 126
109 127
108 128
107 129
106 130
105 131
104 131
103 132
103 133
102 134
101 134
100 135
99 136
98 137
97 138
96 138
95 139
94 140
93 141
92 142
91 143
91 144
90 144
89 145
88 145
87 146
86 147
85 148
84 148
83 149
82 149
81 150
80 151
79 151
78 152
78 153
78 154
77 155
76 154
75 154
74 154
73 153
72 153
71 152
70 151
69 151
68 150
67 150
66 149
65 148
64 148
63 147
62 146
61 145
60 144
59 143
58 142
57 141
56 140
55 139
54 138
53 137
52 136
52 135
51 134
51 133
51 132
52 131
52 130
53 129
53 128
54 127
54 126
55 125
55 124
56 124
57 123
57 122
57 121
57 120
58 120
59 119
59 118
59 117
59 116
59 115
59 114
58 113
59 112
58 111
59 110
59 109
59 108
59 107
59 106
59 105
60 104
60 103
59 102
59 101
59 100
60 99
60 98
60 97
59 96
59 95
59 94
60 93
60 92
61 91
61 90
61 89
62 88
63 87
63 86
64 85
64 84
65 83
65 82
66 82
67 81
68 80
68 79
68 78
69 77
70 76
70 75
71 74
72 73
72 72
73 71
74 70
74 69
74 68
74 67
74 66
74 65
74 64
