325
74 55
74 54
75 54
76 55
77 55
78 56
79 56
80 57
81 58
82 58
82 59
83 60
84 60
83 61
84 62
84 63
85 64
85 65
85 66
85 67
85 68
85 69
85 70
85 71
85 72
85 73
85 74
86 75
86 76
86 77
86 78
86 79
87 80
87 81
87 82
88 83
89 84
90 84
91 83
92 82
93 82
94 83
95 83
96 83
97 83
98 84
99 84
100 83
101 82
100 81
101 80
102 79
103 78
103 77
104 76
104 75
105 75
106 75
107 76
108 77
109 77
110 78
111 78
112 78
112 79
113 80
114 81
115 81
116 82
117 82
117 83
117 84
117 85
117 86
117 87
117 88
116 89
116 90
116 91
116 92
116 93
117 94
117 95
117 96
117 97
118 98
119 99
120 100
120 101
120 102
121 103
122 104
123 105
124 105
125 104
126 104
127 103
128 103
129 102
130 102
131 102
132 101
133 100
134 100
135 100
136 100
137 100
138 99
139 98
140 98
141 98
142 97
143 97
144 97
145 97
146 98
147 99
147 100
147 101
147 102
148 103
147 103
146 104
145 105
144 105
143 106
142 106
141 106
140 106
139 107
138 107
137 108
136 109
135 110
134 110
133 110
132 111
131 110
130 110
129 110
128 110
127 111
126 111
125 111
124 112
123 112
122 112
121 113
120 113
119 114
118 115
118 116
118 117
117 118
116 118
115 119
114 120
113 120
112 121
112 122
111 123
111 124
110 125
109 125
108 126
108 127
107 127
106 128
106 129
105 130
104 130
103 131
102 132
102 133
101 134
101 135
100 136
99 137
99 138
98 139
98 140
98 141
98 142
98 143
97 144
97 145
97 146
97 147
96 148
97 149
97 150
97 151
97 152
97 153
97 154
97 155
97 156
97 157
97 158
97 159
96 159
95 159
94 159
93 159
92 159
91 159
90 159
89 158
88 158
87 158
86 158
85 158
84 157
83 157
82 157
81 156
80 156
79 156
78 155
77 155
76 154
75 154
74 154
73 153
72 153
71 152
70 151
69 151
68 150
67 150
66 149
65 148
65 147
65 146
65 145
65 144
65 143
65 142
65 141
65 140
66 139
66 138
67 137
68 136
68 135
68 134
68 133
68 132
69 131
69 130
69 129
69 128
70 127
70 126
70 125
70 124
70 123
70 122
71 121
71 120
71 119
71 118
71 117
72 116
73 115
73 114
73 113
73 112
73 111
73 110
73 109
73 108
73 107
72 106
72 105
72 104
72 103
72 102
72 101
72 100
72 99
72 98
72 97
72 96
72 95
72 94
72 93
72 92
72 91
72 90
73 89
73 88
72 87
72 86
71 85
72 84
72 83
72 82
72 81
72 80
73 79
73 78
73 77
73 76
73 75
73 74
74 74
75 73
75 72
75 71
76 70
76 69
76 68
77 67
77 66
77 65
77 64
77 63
77 62
76 61
76 60
75 59
74 58
74 57
73 56
