303
70 57
71 56
72 56
73 57
74 58
75 59
76 60
77 60
77 61
78 62
78 63
79 64
80 65
80 66
81 67
82 68
81 69
81 70
81 71
81 72
81 73
81 74
81 75
81 76
81 77
81 78
80 79
80 80
81 81
82 82
83 83
84 84
85 84
86 83
87 82
88 81
88 80
89 80
90 80
91 80
92 80
93 80
94 80
95 79
96 79
97 78
98 78
99 77
100 77
101 78
102 78
103 78
104 79
105 79
106 79
107 80
107 81
108 82
109 82
109 83
110 84
111 84
111 85
112 86
112 87
112 88
113 89
113 90
113 91
113 92
113 93
113 94
113 95
114 96
114 97
115 98
116 98
117 98
118 99
119 99
120 99
121 99
122 98
123 98
124 97
125 96
126 95
127 95
128 94
129 94
130 93
131 93
132 92
133 91
134 90
135 89
136 89
137 88
138 89
139 89
140 90
141 91
142 92
142 93
142 94
141 94
140 95
140 96
139 97
138 98
137 98
136 98
135 99
134 100
133 100
132 101
131 102
130 102
129 102
128 103
127 104
126 104
125 105
124 105
123 105
122 105
121 106
120 107
119 107
119 106
119 105
118 104
117 104
116 104
115 105
114 106
113 107
112 108
111 109
110 110
110 111
110 112
110 113
110 114
110 115
109 116
109 117
109 118
108 119
107 120
107 121
106 122
106 123
106 124
105 125
104 126
103 127
103 128
103 129
102 130
101 131
100 132
100 133
99 134
98 135
97 135
96 136
95 137
94 138
93 139
93 140
92 141
91 142
91 143
91 144
90 145
90 146
90 147
89 148
90 149
89 150
89 151
89 152
89 153
88 154
87 155
87 156
87 157
87 158
86 158
85 158
84 157
83 157
82 157
81 156
80 156
79 156
78 155
77 155
76 154
75 154
74 154
73 153
72 153
71 152
70 151
69 151
68 150
67 150
66 149
65 148
64 148
63 147
62 146
61 145
60 144
60 143
60 142
61 141
61 140
62 139
62 138
62 137
62 136
62 135
62 134
62 133
62 132
63 132
64 131
65 130
65 129
66 128
67 127
67 126
68 125
68 124
68 123
68 122
68 121
68 120
68 119
68 118
68 117
68 116
68 115
68 114
69 113
70 112
70 111
70 110
70 109
70 108
70 107
70 106
70 105
70 104
69 103
69 102
69 101
69 100
69 99
68 98
68 97
68 96
68 95
68 94
68 93
68 92
68 91
67 90
67 89
68 88
67 87
67 86
67 85
68 84
68 83
68 82
68 81
68 80
69 79
69 78
69 77
69 76
69 75
70 74
70 73
71 72
71 71
71 70
71 69
71 68
71 67
71 66
71 65
71 64
71 63
70 62
70 61
69 60
70 59
70 58
