309
60 71
61 70
62 70
63 70
64 70
65 71
66 71
67 72
68 73
69 73
70 73
71 74
72 74
73 75
74 75
75 76
75 77
76 78
76 79
76 80
77 81
77 82
77 83
77 84
78 85
78 86
79 87
79 88
79 89
80 90
81 90
82 91
83 91
84 90
85 90
86 89
87 89
88 88
88 87
89 86
90 86
91 86
92 86
93 85
94 85
95 85
96 84
97 84
98 83
99 82
100 81
101 81
102 81
103 82
104 81
105 82
106 82
106 83
106 84
107 85
108 86
109 87
110 87
111 88
112 89
113 90
114 91
115 91
116 91
117 92
118 93
119 94
120 94
121 95
122 96
123 95
124 96
125 95
126 94
126 93
127 92
128 91
128 90
129 89
130 88
131 87
132 86
131 85
132 84
132 83
133 83
134 83
135 82
136 82
137 81
137 80
138 79
139 78
139 77
140 76
140 75
141 75
142 74
143 74
144 75
145 76
146 77
146 78
146 79
146 80
145 81
145 82
145 83
144 84
144 85
143 86
143 87
142 87
141 88
140 89
139 90
139 91
138 92
137 93
136 94
135 95
134 96
133 97
132 98
131 99
130 100
130 101
129 102
129 103
128 104
127 104
126 104
125 104
124 105
123 105
122 106
122 107
121 108
121 109
120 110
119 111
119 112
120 113
120 114
121 115
121 116
122 117
123 118
122 119
123 120
123 121
123 122
123 123
122 124
122 125
121 126
120 127
119 128
119 129
119 130
119 131
119 132
119 133
118 134
118 135
117 136
117 137
116 138
116 139
115 140
115 141
114 142
114 143
113 144
113 145
113 146
113 147
112 148
112 149
112 150
112 151
112 152
112 153
111 154
111 155
111 156
110 157
111 158
110 159
109 159
108 159
107 159
106 159
105 159
104 159
103 159
102 159
101 159
100 160
99 159
98 159
97 159
96 159
95 159
94 159
93 159
92 159
91 159
90 159
89 158
88 158
87 158
86 158
85 158
84 157
83 157
82 157
81 156
80 156
79 156
79 155
79 154
79 153
79 152
80 151
80 150
81 149
81 148
82 147
82 146
82 145
81 144
82 143
82 142
82 141
82 140
81 139
81 138
81 137
81 136
81 135
81 134
81 133
81 132
82 131
82 130
82 129
81 128
80 127
79 126
79 125
78 124
78 123
77 122
77 121
77 120
76 119
76 118
75 117
75 116
74 115
73 114
72 113
71 112
71 111
70 110
70 109
69 108
68 107
68 106
67 105
67 104
67 103
67 102
67 101
67 100
67 99
67 98
67 97
67 96
68 95
68 94
68 93
68 92
68 91
67 90
67 89
67 88
67 87
67 86
67 85
67 84
67 83
66 82
65 81
65 80
64 79
63 78
62 77
61 76
60 75
60 74
60 73
60 72
