346
54 65
55 64
56 64
57 65
57 66
58 67
59 67
60 68
60 69
61 70
62 71
63 72
64 73
64 74
65 75
66 76
66 77
66 78
67 79
68 80
67 81
67 82
68 83
68 84
68 85
68 86
69 87
69 88
69 89
68 90
69 91
68 92
69 93
70 94
71 94
72 94
73 94
74 94
75 94
76 93
76 92
76 91
77 90
77 89
78 89
79 88
80 87
81 86
82 85
82 84
83 83
84 83
85 82
85 81
86 80
87 79
88 78
89 79
90 79
91 80
92 80
93 80
94 80
95 81
96 82
97 82
97 83
97 84
98 85
99 84
100 85
101 86
102 86
103 87
104 87
105 88
105 89
106 90
107 90
108 90
109 90
110 90
111 90
112 91
112 92
113 93
114 93
115 93
116 93
117 94
117 95
118 96
119 95
120 95
121 94
121 93
121 92
121 91
122 90
122 89
123 88
123 87
124 86
124 85
125 84
124 83
124 82
124 81
125 80
126 80
127 79
128 78
129 77
130 77
131 76
132 75
132 74
133 73
133 72
134 72
135 71
135 70
135 69
136 68
137 67
138 67
139 67
140 67
141 67
142 67
143 67
144 68
144 69
144 70
144 71
144 72
143 73
142 74
142 75
142 76
141 77
140 78
140 79
140 80
139 81
139 82
138 83
137 84
137 85
136 86
136 87
135 87
134 88
134 89
133 90
133 91
132 92
132 93
131 94
131 95
130 96
129 97
128 98
128 99
128 100
127 101
127 102
126 103
126 104
126 105
126 106
125 107
124 108
124 109
123 110
123 111
123 112
123 113
123 114
123 115
123 116
122 117
122 118
122 119
122 120
121 121
121 122
121 123
121 124
121 125
121 126
121 127
120 128
119 129
120 130
120 131
119 132
119 133
118 134
118 135
118 136
118 137
117 138
116 139
116 140
116 141
115 142
115 143
114 144
114 145
114 146
114 147
113 148
112 149
112 150
112 151
112 152
112 153
112 154
112 155
111 156
111 157
111 158
110 159
109 159
108 159
107 159
106 159
105 159
104 159
103 159
102 159
101 159
100 160
99 159
98 159
97 159
96 159
95 159
94 159
93 159
92 159
91 159
90 159
89 158
88 158
87 158
86 158
85 158
84 157
83 157
82 157
81 156
80 156
79 156
78 155
77 155
76 154
77 153
77 152
77 151
77 150
77 149
77 148
76 147
75 146
75 145
75 144
74 143
74 142
74 141
74 140
73 139
73 138
72 137
73 136
73 135
72 134
71 133
70 132
70 131
70 130
70 129
69 128
69 127
68 126
68 125
67 124
66 123
65 122
65 121
64 120
63 119
62 118
62 117
61 116
60 115
60 114
59 113
59 112
58 111
58 110
58 109
58 108
57 107
57 106
57 105
57 104
57 103
57 102
58 101
58 100
58 99
58 98
58 97
57 96
57 95
57 94
57 93
57 92
56 91
56 90
56 89
56 88
56 87
56 86
56 85
55 84
54 83
54 82
54 81
54 80
54 79
54 78
54 77
53 76
53 75
52 74
52 73
52 72
52 71
52 70
51 69
51 68
52 67
53 66
