303
54 79
55 78
56 79
57 78
58 78
59 79
60 79
60 80
60 81
60 82
60 83
61 84
62 84
63 84
64 85
65 86
66 87
67 88
68 89
67 90
68 91
68 92
67 93
67 94
67 95
67 96
68 97
69 98
69 99
69 100
70 101
71 101
72 101
73 100
73 99
74 98
75 98
76 97
77 96
78 96
79 95
80 94
81 94
82 93
83 92
84 91
84 90
85 89
86 89
87 89
88 89
89 89
90 89
91 88
92 89
93 89
94 90
95 90
96 91
97 92
98 93
99 92
100 93
101 94
102 95
103 96
104 96
105 97
106 98
107 99
108 99
109 100
110 100
110 101
111 102
112 101
112 102
113 103
114 102
115 101
116 100
116 99
116 98
116 97
116 96
116 95
116 94
116 93
116 92
117 91
118 90
118 89
119 88
119 87
120 86
121 85
122 84
122 83
122 82
122 81
123 80
124 79
125 78
126 78
127 78
128 78
129 78
129 79
130 80
130 81
130 82
130 83
130 84
131 85
131 86
131 87
130 88
129 89
128 90
128 91
127 92
127 93
127 94
126 95
125 96
125 97
125 98
124 98
123 99
123 100
122 101
121 101
120 102
120 103
119 104
118 104
117 104
116 105
116 106
115 107
115 108
115 109
115 110
114 111
115 112
115 113
115 114
115 115
116 116
116 117
116 118
116 119
116 120
117 121
117 122
117 123
117 124
116 124
115 124
114 125
114 126
115 127
115 128
115 129
115 130
115 131
115 132
115 133
114 134
114 135
113 136
113 137
112 138
112 139
112 140
112 141
111 142
111 143
110 144
110 145
110 146
109 147
108 148
107 149
107 150
107 151
107 152
106 153
107 154
107 155
106 156
106 157
106 158
106 159
105 159
104 159
103 159
102 159
101 159
100 160
99 159
98 159
97 159
96 159
95 159
94 159
93 159
92 159
91 159
90 159
89 158
88 158
87 158
86 158
85 158
84 157
83 157
82 157
81 156
80 156
79 156
78 155
77 155
76 154
75 154
74 154
75 153
75 152
75 151
76 150
76 149
76 148
76 147
76 146
76 145
76 144
77 143
76 142
76 141
76 140
75 139
75 138
74 137
74 136
73 135
72 135
72 134
71 133
71 132
70 131
70 130
69 129
69 128
68 127
67 127
66 126
65 125
64 124
64 123
63 122
63 121
63 120
62 119
61 118
60 117
59 116
59 115
58 114
58 113
58 112
58 111
58 110
59 109
59 108
59 107
59 106
60 105
60 104
60 103
59 102
59 101
59 100
59 99
60 98
59 97
59 96
59 95
58 94
57 93
57 92
57 91
56 90
56 89
56 88
56 87
55 86
54 85
54 84
53 83
52 82
52 81
52 80
53 79
