282
120 79
121 78
122 78
123 78
124 78
125 78
126 79
126 80
126 81
127 82
127 83
126 84
126 85
125 86
125 87
126 88
125 89
124 90
124 91
124 92
123 93
123 94
122 95
122 96
121 97
120 98
120 99
120 100
119 100
118 101
118 102
117 103
117 104
116 105
116 106
116 107
116 108
116 109
116 110
115 111
115 112
115 113
115 114
115 115
115 116
115 117
115 118
115 119
115 120
114 121
114 122
114 123
114 124
113 125
113 126
112 127
112 128
112 129
112 130
111 131
110 132
110 133
110 134
109 135
108 136
108 137
107 138
107 139
107 140
107 141
106 142
106 143
106 144
106 145
106 146
106 147
106 148
107 149
107 150
108 151
108 152
108 153
108 154
108 155
108 156
108 157
108 158
108 159
107 159
106 159
105 159
104 159
103 159
102 159
101 159
100 160
99 159
98 159
97 159
96 159
95 159
94 159
93 159
92 159
91 159
90 159
89 158
88 158
87 158
86 158
85 158
84 157
83 157
82 157
81 156
80 156
79 156
78 155
77 155
76 154
75 154
74 154
75 153
74 152
75 151
74 150
74 149
74 148
74 147
74 146
73 145
73 144
73 143
72 142
72 141
73 140
72 139
72 138
72 137
72 136
72 135
73 134
72 133
72 132
72 131
72 130
71 129
71 128
70 127
69 126
68 125
67 124
66 123
65 122
65 121
64 120
64 119
63 118
63 117
62 116
62 115
61 114
60 113
59 112
59 111
59 110
59 109
59 108
59 107
59 106
59 105
59 104
59 103
58 102
58 101
58 100
58 99
58 98
58 97
58 96
58 95
58 94
57 93
57 92
56 91
55 90
54 90
53 89
53 88
52 87
52 86
52 85
53 85
54 85
55 85
56 85
57 85
58 85
59 86
60 86
61 87
62 87
63 88
64 88
65 89
65 90
65 91
65 92
65 93
66 94
67 95
68 96
69 97
70 98
71 98
72 99
73 98
74 98
75 97
76 96
77 95
78 94
78 93
78 92
78 91
79 90
80 89
80 88
80 87
81 87
82 86
82 85
83 85
84 84
84 83
85 83
86 82
87 82
88 82
89 82
90 82
90 83
90 84
91 85
92 85
93 85
93 86
94 87
95 87
96 88
97 88
98 89
99 90
100 90
101 91
101 92
102 93
103 94
104 94
105 94
106 94
107 93
108 92
109 93
110 94
111 94
112 94
113 93
114 92
115 91
116 91
117 90
118 89
118 88
118 87
118 86
119 85
119 84
118 83
118 82
118 81
119 80
