335
62 63
61 62
62 62
63 62
64 63
65 63
66 63
67 63
68 64
69 65
70 66
71 66
72 66
73 67
73 68
74 69
74 70
74 71
74 72
74 73
74 74
74 75
74 76
75 77
75 78
75 79
75 80
75 81
75 82
76 83
76 84
76 85
77 86
78 87
79 87
80 86
81 85
81 84
82 84
83 83
84 82
85 81
85 80
86 79
87 79
88 79
89 78
90 78
91 77
91 76
92 75
92 74
93 73
94 72
95 72
96 72
97 72
98 72
99 71
100 71
101 72
101 73
102 74
103 75
103 76
102 77
102 78
103 79
104 79
105 80
106 81
107 82
108 82
109 82
110 82
111 82
112 83
111 84
112 85
113 86
114 86
115 86
116 87
117 87
118 87
119 88
120 87
121 87
122 86
123 85
124 85
125 84
126 83
126 82
127 81
128 81
129 80
129 79
130 78
130 77
130 76
131 75
131 74
132 74
133 74
134 73
135 72
135 71
136 71
137 70
138 70
139 70
140 70
141 71
141 72
141 73
141 74
140 75
140 76
140 77
139 78
139 79
139 80
138 81
139 82
138 82
137 83
136 84
136 85
136 86
135 87
134 86
133 87
132 88
131 89
131 90
130 91
130 92
129 92
128 93
127 94
126 95
125 96
125 97
125 98
124 98
123 99
123 100
123 101
122 102
122 103
121 103
120 104
120 105
120 106
120 107
119 108
119 109
119 110
119 111
118 112
118 113
118 114
118 115
118 116
118 117
118 118
117 119
116 119
115 120
115 121
115 122
114 123
114 124
113 125
112 126
112 127
111 128
111 129
110 129
109 130
109 131
109 132
108 133
108 134
108 135
108 136
108 137
108 138
108 139
107 140
107 141
107 142
106 143
107 144
106 144
105 145
105 146
105 147
104 148
104 149
104 150
103 151
103 152
103 153
103 154
104 155
104 156
104 157
105 158
105 159
104 159
103 159
102 159
101 159
100 160
99 159
98 159
97 159
96 159
95 159
94 159
93 159
92 159
91 159
90 159
89 158
88 158
87 158
86 158
85 158
84 157
83 157
82 157
81 156
80 156
79 156
78 155
77 155
76 154
75 154
74 154
73 153
72 153
72 152
73 151
73 150
73 149
73 148
73 147
73 146
73 145
73 144
73 143
73 142
73 141
73 140
74 139
75 138
75 137
75 136
75 135
75 134
75 133
75 132
75 131
74 130
74 129
75 128
74 127
74 126
74 125
75 124
75 123
74 122
74 121
74 120
75 119
75 118
74 117
74 116
74 115
74 114
73 113
73 112
72 111
72 110
71 109
71 108
70 107
70 106
69 105
69 104
68 103
68 102
67 101
66 100
65 99
65 98
64 97
64 96
63 95
62 95
62 94
61 93
61 92
62 92
63 91
64 90
64 89
64 88
64 87
64 86
65 85
65 84
64 83
64 82
64 81
65 80
65 79
65 78
65 77
65 76
65 75
65 74
65 73
65 72
65 71
65 70
64 69
64 68
63 67
62 66
62 65
62 64
