364
59 58
60 57
60 58
61 59
62 59
63 60
64 60
65 61
65 62
66 63
67 64
67 65
67 66
67 67
67 68
67 69
68 70
68 71
68 72
69 73
69 74
69 75
69 76
69 77
69 78
68 79
69 80
68 81
68 82
68 83
68 84
69 85
69 86
69 87
69 88
70 89
71 90
71 91
72 92
73 92
74 92
75 92
76 92
77 91
77 90
78 89
79 88
79 87
80 86
81 85
82 85
83 85
84 84
85 84
86 83
86 82
86 81
86 80
86 79
86 78
87 77
87 76
88 75
89 74
90 74
91 73
92 73
93 72
94 72
95 72
96 72
97 72
98 72
99 73
99 74
100 75
101 75
102 75
102 76
102 77
102 78
103 79
103 80
103 81
104 82
105 82
106 83
107 83
108 84
109 84
110 85
111 86
112 87
113 88
114 88
115 88
116 88
117 89
117 90
118 91
118 92
119 93
119 94
120 95
121 96
122 95
123 94
124 93
125 93
126 92
126 91
127 90
128 89
128 88
129 87
130 86
131 85
132 84
133 83
133 82
134 82
135 81
136 80
137 79
137 78
138 77
139 76
139 75
140 75
141 75
142 74
143 73
144 72
145 72
146 71
147 72
148 72
149 72
149 73
150 74
151 74
151 75
150 76
150 77
149 78
148 79
147 80
147 81
147 82
147 83
147 84
146 85
145 84
144 85
143 86
142 87
141 88
140 89
140 90
139 91
139 92
138 93
137 94
136 94
135 95
134 96
133 97
133 98
132 98
131 99
131 100
130 101
130 102
130 103
129 104
128 104
127 105
127 106
126 107
125 108
125 109
125 110
124 111
124 112
124 113
123 114
122 115
123 116
122 116
121 117
121 118
120 119
120 120
119 121
119 122
119 123
119 124
118 125
118 126
118 127
118 128
117 129
117 130
116 131
116 132
115 133
114 134
113 135
113 136
113 137
112 138
112 139
112 140
111 141
111 142
111 143
110 144
110 145
110 146
109 147
109 148
109 149
110 150
111 151
111 152
110 153
110 154
110 155
110 156
110 157
110 158
110 159
109 159
108 159
107 159
106 159
105 159
104 159
103 159
102 159
101 159
100 160
99 159
98 159
97 159
96 159
95 159
94 159
93 159
92 159
91 159
90 159
89 158
88 158
87 158
86 158
85 158
84 157
83 157
82 157
81 156
80 156
79 156
78 155
77 155
76 154
75 154
74 154
73 153
72 153
71 152
70 151
70 150
69 149
69 148
69 147
69 146
70 145
70 144
70 143
70 142
70 141
70 140
70 139
70 138
71 137
71 136
71 135
72 134
71 133
70 132
69 131
69 130
68 129
68 128
67 127
67 126
66 125
65 124
65 123
65 122
65 121
65 120
64 119
64 118
64 117
64 116
63 115
62 114
61 113
60 112
59 111
59 110
58 109
58 108
58 107
58 106
58 105
57 104
56 103
56 102
56 101
55 100
54 99
54 98
54 97
54 96
53 95
53 94
54 93
54 92
54 91
54 90
54 89
54 88
55 87
55 86
55 85
55 84
55 83
56 82
56 81
56 80
57 79
57 78
57 77
57 76
57 75
57 74
57 73
57 72
58 71
57 70
58 69
58 68
58 67
58 66
58 65
58 64
58 63
58 62
58 61
58 60
58 59
