318
63 63
64 62
65 62
66 62
67 63
68 64
69 65
69 66
69 67
69 68
69 69
70 70
70 71
71 72
71 73
71 74
71 75
71 76
71 77
70 78
70 79
70 80
69 81
69 82
69 83
69 84
69 85
69 86
69 87
69 88
70 89
70 90
71 91
72 91
72 92
73 93
74 93
75 93
76 93
77 92
77 91
78 91
79 90
80 90
81 89
82 88
83 88
84 87
85 86
86 85
87 84
88 83
88 82
89 81
90 81
91 81
92 80
93 80
94 80
95 80
96 80
97 80
98 80
99 81
100 82
100 83
100 84
100 85
100 86
101 87
101 88
102 89
103 89
104 90
105 91
106 91
106 92
107 93
107 94
107 95
108 96
109 97
109 98
109 99
110 100
111 100
112 101
112 102
113 103
113 104
114 105
115 104
116 104
117 103
118 102
119 101
120 101
121 100
122 99
123 99
124 98
125 97
126 96
127 95
128 94
128 93
128 92
129 91
130 90
131 89
132 88
133 87
133 86
134 85
135 85
136 85
137 85
138 85
139 86
140 86
141 87
142 88
142 89
142 90
142 91
142 92
141 93
141 94
140 95
139 95
138 95
137 96
136 97
135 97
134 97
133 98
132 99
132 100
131 101
131 102
130 103
129 104
128 105
127 105
126 106
125 107
124 108
123 109
122 110
121 110
120 110
119 111
118 112
117 113
116 114
115 115
114 116
114 117
113 117
112 118
111 119
111 120
111 121
111 122
111 123
111 124
110 125
110 126
109 127
109 128
109 129
109 130
108 131
108 132
107 133
106 134
106 135
105 135
104 136
103 137
102 138
101 139
101 140
101 141
100 142
100 143
99 144
98 145
98 146
97 147
97 148
97 149
97 150
97 151
96 152
96 153
96 154
96 155
96 156
96 157
97 158
96 159
95 159
94 159
93 159
92 159
91 159
90 159
89 158
88 158
87 158
86 158
85 158
84 157
83 157
82 157
81 156
80 156
79 156
78 155
77 155
76 154
75 154
74 154
73 153
72 153
71 152
70 151
69 151
68 150
67 150
66 149
65 148
64 148
63 147
63 146
63 145
64 144
64 143
64 142
64 141
64 140
64 139
64 138
64 137
64 136
65 135
65 134
65 133
65 132
65 131
65 130
65 129
64 128
64 127
64 126
64 125
64 124
64 123
63 122
64 121
64 120
63 119
63 118
62 117
61 116
60 115
60 114
59 113
59 112
59 111
59 110
59 109
59 108
59 107
58 106
58 105
57 104
57 103
56 102
56 101
55 100
55 99
56 98
56 97
56 96
55 95
55 94
56 93
55 92
56 91
56 90
56 89
56 88
56 87
57 86
57 85
57 84
58 83
58 82
58 81
59 80
59 79
60 78
60 77
60 76
61 75
62 74
62 73
62 72
63 71
63 70
62 69
62 68
62 67
63 66
63 65
63 64
