283
54 82
54 81
55 81
56 81
57 81
58 81
59 81
60 81
61 82
62 82
63 83
64 83
65 84
66 83
66 84
66 85
67 86
67 87
68 88
68 89
68 90
69 91
69 92
69 93
70 94
70 95
71 96
71 97
71 98
72 99
72 100
73 101
74 102
75 103
76 104
77 104
78 104
79 103
80 103
81 102
82 101
82 100
83 100
84 99
85 99
86 99
87 98
87 97
87 96
88 95
89 95
90 94
91 94
92 94
93 95
94 94
95 94
96 93
97 92
98 92
99 92
100 91
100 92
101 93
102 94
103 95
103 96
103 97
103 98
104 99
105 100
106 101
107 102
108 103
109 104
110 104
111 104
111 105
112 106
113 107
114 108
115 109
116 110
117 110
118 110
119 109
120 108
121 107
121 106
122 105
123 104
124 103
125 102
126 101
127 100
128 99
128 98
129 97
129 96
129 95
129 94
130 93
131 93
132 93
133 92
134 92
135 92
136 92
137 93
138 94
138 95
137 96
137 97
137 98
136 99
135 100
136 101
135 102
134 103
133 104
133 105
132 106
131 107
130 108
130 109
129 109
128 110
127 111
126 112
125 112
124 113
124 114
124 115
123 116
123 117
122 117
121 117
120 117
119 117
118 118
118 119
117 120
118 121
118 122
118 123
118 124
118 125
118 126
117 127
117 128
117 129
116 130
116 131
115 132
115 133
115 134
114 135
113 136
113 137
112 138
112 139
112 140
111 141
111 142
110 143
109 144
109 145
109 146
108 147
107 148
106 149
105 150
105 151
105 152
104 153
104 154
104 155
104 156
104 157
104 158
104 159
103 159
102 159
101 159
100 160
99 159
98 159
97 159
96 159
95 159
94 159
93 159
92 159
91 159
90 159
89 158
88 158
87 158
86 158
85 158
84 157
83 157
82 157
81 156
80 156
79 156
78 155
77 155
76 154
75 154
74 154
73 153
72 153
72 152
73 151
73 150
73 149
73 148
73 147
73 146
73 145
72 144
73 143
72 142
72 141
72 140
72 139
72 138
71 137
71 136
71 135
71 134
71 133
71 132
70 131
69 130
70 129
70 128
69 127
69 126
68 125
67 124
66 123
65 122
64 121
64 120
64 119
63 118
63 117
62 116
62 115
62 114
61 113
61 112
61 111
61 110
61 109
62 108
62 107
62 106
63 105
63 104
63 103
63 102
62 101
61 100
61 99
61 98
60 97
59 96
59 95
59 94
58 93
58 92
58 91
58 90
57 89
57 88
56 87
55 86
55 85
54 84
53 83
