324
119 57
120 56
121 56
122 56
123 56
124 57
125 58
125 59
125 60
125 61
125 62
126 63
126 64
126 65
126 66
125 67
125 68
125 69
124 70
124 71
124 72
123 73
124 74
124 75
123 76
123 77
123 78
124 79
123 80
123 81
122 82
122 83
122 84
122 85
122 86
122 87
122 88
122 89
122 90
123 91
124 92
124 93
124 94
124 95
124 96
124 97
124 98
123 99
123 100
124 101
124 102
124 103
123 104
123 105
122 106
122 107
122 108
122 109
122 110
122 111
122 112
123 113
123 114
123 115
123 116
124 117
124 118
124 119
124 120
124 121
123 122
124 123
124 124
124 125
124 126
123 127
123 128
123 129
122 130
122 131
122 132
122 133
122 134
122 135
122 136
123 137
123 138
123 139
124 140
124 141
124 142
124 143
124 144
125 145
126 145
126 146
126 147
126 148
127 149
127 150
127 151
127 152
127 153
126 154
125 154
124 154
123 155
122 155
121 156
120 156
119 156
118 157
117 157
116 157
115 158
114 158
113 158
112 158
111 158
110 159
109 159
108 159
107 159
106 159
105 159
104 159
103 159
102 159
101 159
100 160
99 159
98 159
97 159
96 159
95 159
94 159
93 159
92 158
92 157
92 156
93 155
93 154
93 153
93 152
93 151
93 150
92 149
91 148
90 147
90 146
89 145
89 144
89 143
88 142
88 141
88 140
88 139
88 138
89 137
89 136
88 135
88 134
87 133
87 132
86 131
85 130
84 129
83 129
82 128
81 128
81 127
80 126
79 125
78 125
77 124
76 123
75 122
74 121
74 120
73 119
72 119
71 118
71 117
70 116
69 116
68 115
67 115
67 114
66 113
65 113
64 112
63 111
62 110
63 109
63 108
63 107
63 106
63 105
63 104
63 103
62 102
61 101
61 100
60 99
60 98
59 97
59 96
59 95
58 94
58 93
57 92
56 91
56 90
55 89
54 89
53 89
52 88
51 87
50 86
50 85
50 84
51 84
52 84
53 84
54 84
55 85
56 85
57 85
58 85
59 85
60 86
61 87
62 87
63 88
64 88
65 89
66 90
66 91
67 92
67 93
68 94
69 95
70 96
71 97
72 98
73 99
74 99
75 99
76 98
77 98
78 98
79 98
80 97
80 96
81 95
81 94
81 93
81 92
81 91
81 90
81 89
81 88
81 87
81 86
81 85
81 84
81 83
82 82
82 81
83 81
84 80
85 79
86 79
87 79
88 79
89 79
90 79
91 79
92 79
93 80
94 81
95 81
96 82
97 82
98 83
99 83
100 83
101 83
102 83
103 83
104 83
105 84
106 84
107 83
108 83
109 83
110 83
111 83
112 83
113 82
114 81
114 80
115 79
116 78
116 77
116 76
117 75
117 74
117 73
117 72
117 71
117 70
118 69
118 68
119 67
119 66
119 65
119 64
118 63
118 62
118 61
118 60
118 59
118 58
