312
54 81
55 80
56 81
57 81
58 81
59 82
60 82
61 83
62 84
63 85
64 86
65 87
66 87
66 88
67 89
68 90
69 91
69 92
70 93
70 94
70 95
70 96
70 97
70 98
70 99
69 100
69 101
70 102
71 102
71 103
72 104
73 104
74 104
75 104
76 103
76 102
77 101
77 100
77 99
78 98
79 97
80 97
81 97
82 96
83 95
84 94
85 94
85 95
86 96
87 96
88 95
88 94
88 93
89 93
90 93
91 93
92 93
93 92
94 92
95 92
96 92
97 92
98 92
99 92
100 93
101 94
101 95
102 96
102 97
103 98
104 99
105 99
106 99
107 99
108 99
107 100
107 101
108 102
109 102
109 103
110 104
111 105
112 105
113 106
114 106
115 106
116 106
117 105
117 104
117 103
117 102
118 102
119 101
120 100
121 99
121 98
122 98
123 97
123 96
123 95
124 94
125 94
126 93
127 92
128 91
129 90
130 89
131 89
132 88
132 87
133 86
133 85
134 84
135 84
136 83
137 83
138 83
139 83
139 84
138 85
138 86
139 87
139 88
139 89
138 89
137 90
137 91
136 92
137 93
136 94
136 95
136 96
135 96
134 97
134 98
133 99
132 99
131 100
130 101
130 102
129 103
128 104
127 105
126 106
125 107
124 108
123 109
122 109
121 109
120 109
119 109
118 109
117 110
117 111
117 112
117 113
116 114
116 115
117 116
117 117
118 118
117 119
117 120
118 121
117 122
117 123
117 124
116 125
116 126
116 127
116 128
116 129
115 130
115 131
115 132
115 133
115 134
115 135
115 136
114 137
114 138
113 139
114 140
113 141
112 142
112 143
111 144
111 145
110 146
109 147
109 148
109 149
108 150
108 151
108 152
108 153
107 154
108 155
107 156
107 157
107 158
107 159
106 159
105 159
104 159
103 159
102 159
101 159
100 160
99 159
98 159
97 159
96 159
95 159
94 159
93 159
92 159
91 159
90 159
89 158
88 158
87 158
86 158
85 158
84 157
83 157
82 157
81 156
80 156
79 156
78 155
77 155
76 154
75 154
74 154
75 153
75 152
75 151
75 150
76 149
76 148
76 147
76 146
76 145
76 144
77 143
76 142
75 141
74 140
74 139
74 138
73 137
72 136
72 135
72 134
71 133
71 132
71 131
70 130
69 130
69 129
68 128
67 127
66 126
66 125
65 124
64 124
63 123
63 122
63 121
62 120
62 119
62 118
61 117
60 116
59 115
59 114
59 113
59 112
59 111
59 110
60 109
60 108
60 107
60 106
60 105
60 104
61 103
61 102
61 101
60 100
60 99
60 98
59 97
59 96
58 95
58 94
57 93
56 93
56 92
56 91
56 90
55 89
55 88
54 87
54 86
53 85
52 85
52 84
52 83
52 82
53 81
