107 57
109 56
111 58
111 60
110 62
109 63
106 66
105 68
104 70
104 73
103 75
102 77
101 79
99 81
98 83
97 85
97 87
97 90
99 91
101 90
104 90
106 88
107 86
108 84
111 81
112 79
114 78
116 76
118 74
120 72
121 70
124 67
126 65
128 63
131 63
133 64
133 66
132 68
129 71
128 73
126 75
125 77
122 80
120 81
118 83
116 86
115 88
114 90
114 92
112 95
112 97
114 97
115 98
117 96
119 95
121 93
124 92
125 90
126 88
129 86
131 85
133 84
135 82
138 81
139 81
141 83
141 85
141 88
139 88
137 90
134 92
132 94
130 95
128 97
126 100
124 101
122 103
119 105
117 107
117 109
116 111
118 113
120 113
122 113
125 112
127 111
129 111
131 111
134 110
136 109
138 108
140 107
143 109
143 111
141 113
138 115
136 117
134 117
132 118
129 119
127 120
125 120
122 121
120 121
118 121
116 122
113 124
111 126
109 128
108 131
106 133
105 135
104 137
101 140
100 142
98 144
96 146
95 149
93 151
94 153
93 156
93 158
92 159
90 159
87 158
85 158
83 157
80 156
78 155
76 154
74 154
71 152
69 151
67 150
67 147
67 145
67 143
67 141
66 138
66 136
67 134
67 132
66 129
64 127
63 125
62 122
61 120
61 118
59 116
59 113
59 111
59 109
58 106
58 104
58 102
58 100
59 97
59 95
58 93
57 90
56 88
56 86
55 84
54 81
56 79
58 78
60 78
63 80
65 82
66 84
68 87
67 89
67 91
68 93
68 96
69 98
71 99
74 100
76 100
78 99
80 98
83 95
84 93
85 91
85 88
87 87
89 85
90 83
92 80
92 78
92 77
94 76
95 73
96 71
97 69
99 66
100 64
102 62
103 60
105 57
