119 65
121 64
122 66
122 68
121 70
119 72
117 74
115 77
114 79
113 81
112 83
110 85
108 87
106 89
105 91
104 93
104 95
105 97
107 98
110 96
112 94
114 93
116 91
117 89
119 87
121 86
123 85
125 83
126 81
127 79
128 78
130 78
132 76
134 75
136 75
137 73
139 75
140 77
139 79
138 81
136 83
135 85
133 85
131 87
130 88
129 90
129 90
127 91
125 93
123 95
121 97
122 99
124 98
126 98
128 97
130 96
132 95
133 94
135 93
136 91
138 90
140 89
142 89
143 91
143 93
142 95
140 97
138 98
136 100
134 102
132 104
130 105
128 107
126 109
124 110
122 112
121 114
122 116
124 116
126 117
128 117
130 116
133 115
135 114
137 114
139 115
140 117
139 119
137 120
135 121
133 122
131 123
129 123
127 124
124 124
122 125
120 125
118 126
116 127
114 128
112 129
110 131
108 133
106 135
104 137
103 139
101 141
98 144
96 146
94 148
94 150
94 152
93 154
93 156
93 158
92 159
90 159
88 158
86 158
83 157
81 156
79 156
77 155
75 154
73 153
71 152
69 151
67 150
67 148
68 146
68 144
68 142
67 139
67 137
67 135
68 133
68 131
67 129
66 127
65 125
65 123
65 121
65 119
65 117
65 114
64 112
64 110
64 108
64 106
65 104
66 102
67 100
67 98
68 96
70 94
71 92
71 90
71 87
71 85
71 83
71 81
71 79
71 77
73 75
75 76
77 77
79 79
79 81
79 83
79 86
78 88
77 90
76 92
76 94
76 96
78 98
80 99
82 100
84 100
86 99
88 98
90 96
92 94
93 92
95 91
96 89
97 87
98 85
100 84
102 82
103 80
104 78
104 76
106 75
109 73
110 72
111 70
113 69
115 67
117 66
