113 67
115 66
117 66
120 68
121 70
120 72
119 74
117 75
114 76
112 78
111 80
110 82
108 83
105 85
104 87
103 89
102 91
101 93
101 96
103 96
105 96
107 95
108 93
111 91
113 89
115 88
117 87
119 86
122 83
124 81
126 79
128 78
130 77
133 77
135 79
135 81
135 83
133 84
130 87
128 88
126 89
124 90
123 92
120 94
118 95
117 96
115 98
113 100
110 102
109 104
108 106
110 107
112 107
114 105
116 105
118 104
120 103
122 102
125 100
127 100
129 98
131 97
133 96
136 94
138 96
138 98
138 100
136 102
133 104
131 105
129 106
127 106
126 108
123 109
121 110
119 112
117 113
115 115
112 116
111 118
110 120
111 122
113 122
116 121
118 121
120 120
122 120
124 120
127 120
129 120
131 119
133 118
135 117
138 118
138 120
138 122
136 123
135 125
132 125
130 126
128 126
126 126
124 127
121 128
119 129
117 129
115 129
113 129
110 130
108 131
106 133
104 134
102 136
99 137
97 139
95 141
93 142
91 144
88 145
86 147
84 148
82 149
80 150
77 150
75 151
73 152
71 152
69 151
66 149
64 148
62 146
60 144
58 142
55 139
53 137
52 135
50 133
51 132
53 129
53 127
54 125
55 123
55 121
56 118
57 116
57 114
57 112
56 110
57 107
56 105
57 103
57 101
58 99
60 96
62 95
63 93
63 91
64 89
65 86
65 84
66 82
66 80
66 78
68 75
68 74
70 74
72 74
73 76
72 79
74 79
74 80
75 82
74 84
73 87
72 89
71 91
71 93
72 95
73 98
75 99
77 101
79 99
81 99
84 96
86 95
88 94
89 93
90 91
93 89
94 87
95 85
97 83
99 82
100 79
102 78
104 76
105 74
107 73
110 70
111 68
