117 56
119 55
118 58
117 60
116 62
114 65
112 67
110 68
109 70
106 73
106 75
107 77
110 77
112 78
112 76
115 75
117 74
119 72
122 71
124 70
125 68
128 66
130 64
132 63
134 62
137 62
138 63
137 65
135 68
133 70
131 72
129 74
127 76
125 78
122 81
121 83
120 85
118 87
115 89
113 90
112 92
112 95
112 97
114 99
117 97
119 95
121 93
124 92
126 91
128 90
130 88
132 87
134 85
135 83
138 82
140 80
142 79
143 80
145 80
146 82
148 84
146 85
144 86
142 88
140 90
141 92
139 92
136 94
134 95
132 96
129 97
127 99
125 100
122 102
120 104
118 106
117 109
118 111
120 112
122 112
125 111
127 110
129 110
132 109
134 109
136 108
139 106
141 106
143 106
146 106
147 107
149 109
148 108
146 110
144 111
142 112
139 113
137 114
135 115
132 116
130 117
128 117
125 118
123 118
121 119
118 120
116 121
114 123
112 124
109 126
107 127
105 129
102 132
100 134
98 135
95 137
93 139
91 141
88 143
86 144
84 145
81 147
79 148
77 150
76 152
74 154
72 153
70 151
67 150
65 148
63 147
60 144
58 142
56 140
53 137
52 135
53 133
54 131
55 128
56 126
57 124
57 121
57 119
57 117
59 114
59 112
58 110
58 107
57 105
57 103
57 100
57 98
58 96
59 94
61 91
62 89
63 88
64 85
64 83
65 81
65 78
67 76
68 74
69 71
69 69
69 67
71 66
74 68
75 70
76 72
76 75
76 77
76 79
75 82
75 84
75 86
73 89
72 91
74 93
76 94
79 93
81 92
82 90
85 89
87 87
88 85
90 82
91 80
93 78
95 75
97 73
98 71
100 68
102 67
103 65
105 64
108 61
110 59
112 57
115 57
