76 46
79 45
81 45
83 47
84 50
85 53
85 55
86 58
86 61
89 61
90 60
88 63
88 66
88 68
89 71
89 74
90 77
92 78
92 81
92 84
93 87
95 88
98 87
101 84
100 82
101 79
101 76
101 73
102 71
103 68
103 65
102 63
101 60
99 58
101 56
102 54
102 51
102 48
105 46
107 48
109 51
110 54
110 56
109 59
109 62
109 65
110 67
110 70
110 73
110 76
110 78
110 81
109 84
109 86
112 88
115 89
117 86
118 84
118 81
120 78
122 75
122 73
124 70
124 67
122 65
124 64
126 61
129 61
130 62
132 61
131 64
131 66
130 69
130 72
129 75
129 77
128 80
127 83
126 86
125 88
123 91
123 94
122 96
122 99
122 102
123 105
123 107
123 110
124 113
125 116
125 118
126 121
126 124
125 126
125 129
126 132
126 135
127 137
126 140
125 143
125 146
124 148
124 151
123 154
122 155
119 156
116 157
113 158
111 158
108 159
105 159
103 159
100 160
97 159
95 158
96 156
94 153
93 150
91 147
89 145
86 144
83 144
81 143
78 142
75 139
72 137
70 135
68 134
67 131
64 128
62 127
59 124
56 122
54 121
51 119
48 119
45 119
43 118
43 115
46 115
49 114
51 114
54 114
57 113
59 113
62 115
65 117
68 119
70 121
73 120
76 119
78 118
78 115
77 112
77 109
75 107
74 104
73 101
71 99
71 97
70 94
69 91
68 89
66 86
65 83
64 80
63 78
61 75
61 72
60 69
60 67
60 64
60 61
60 59
62 57
65 60
66 63
67 65
68 68
70 71
71 74
72 76
74 79
76 82
77 84
80 87
82 84
82 81
81 79
80 76
80 73
80 71
80 68
80 65
80 62
79 60
77 57
76 54
75 51
75 49
