75 53
78 52
79 54
81 57
83 59
84 62
85 64
86 67
88 67
86 69
86 71
88 74
90 75
91 78
91 80
93 83
94 85
94 88
96 88
99 88
100 86
101 83
101 81
101 78
100 76
98 73
97 71
97 68
96 66
95 63
94 61
94 58
94 56
97 55
99 54
100 57
101 59
103 62
103 64
104 67
104 69
105 72
105 74
106 77
107 79
107 82
108 84
108 87
109 89
112 92
114 92
117 89
118 87
119 84
120 82
119 79
121 77
120 74
122 72
122 69
123 67
125 66
127 67
127 70
127 72
128 75
127 77
126 80
125 82
125 85
125 87
124 90
124 92
123 95
123 97
123 100
123 102
123 105
123 107
123 110
124 112
125 115
126 117
127 120
127 122
127 125
127 127
128 130
129 132
129 135
129 137
129 140
128 142
128 145
128 147
128 150
129 152
126 154
124 154
121 156
119 156
116 157
114 158
111 158
109 159
106 159
104 159
102 156
101 154
98 151
96 150
93 149
91 148
88 146
86 146
83 144
81 143
78 143
76 142
73 139
71 137
69 135
68 133
67 130
65 128
62 127
60 127
57 124
55 123
53 120
51 120
51 117
53 116
56 115
58 115
61 116
63 118
66 120
68 122
71 123
73 124
76 126
78 126
81 124
81 122
81 119
80 117
80 114
80 112
79 109
78 107
77 104
75 102
73 100
71 98
70 95
68 94
67 91
67 89
66 86
64 85
63 82
62 80
60 77
60 75
59 72
59 70
60 67
62 67
65 68
67 70
67 73
68 75
70 78
71 79
73 82
73 84
75 87
77 89
79 92
81 94
83 97
85 97
87 95
87 93
86 90
85 88
84 85
82 83
81 80
80 78
79 75
80 73
79 70
78 68
76 65
76 63
75 60
74 58
74 55
