112 62
114 61
117 61
118 62
119 65
118 67
115 70
114 72
111 75
110 77
109 79
106 82
106 84
105 87
104 89
103 92
102 94
104 95
107 94
108 93
111 90
112 88
114 85
116 83
119 81
120 79
121 77
123 75
125 73
127 70
129 68
131 66
133 65
136 66
138 67
138 67
137 70
135 72
134 75
132 77
130 80
128 81
127 83
124 86
123 88
121 91
121 93
118 95
117 97
115 99
113 101
113 103
116 104
118 104
121 103
123 101
126 99
128 97
131 94
133 93
135 91
138 88
140 86
143 85
145 85
146 84
147 86
148 88
147 90
146 92
146 93
144 93
141 96
139 97
136 100
134 102
132 104
130 106
128 108
125 109
123 110
120 112
120 114
119 117
121 118
123 119
126 118
128 117
131 116
133 115
136 115
138 114
140 113
143 113
145 112
148 111
150 111
150 114
149 116
147 117
146 118
144 120
141 121
139 122
136 123
134 123
131 125
129 126
126 126
124 127
122 128
119 130
117 132
114 135
113 137
110 139
109 141
107 143
104 146
102 148
99 151
97 153
95 156
93 157
91 159
89 158
87 158
84 157
82 157
79 156
77 155
74 154
72 153
69 151
67 150
65 148
63 146
63 144
63 141
63 139
65 137
66 135
65 133
63 130
62 128
62 125
62 123
61 120
61 118
60 115
59 113
60 111
61 108
62 106
63 103
64 101
63 98
63 96
63 93
63 91
64 89
62 87
61 85
60 82
62 80
65 79
67 80
68 81
70 84
72 86
72 89
72 91
72 94
72 96
71 99
71 101
71 103
73 105
75 106
78 107
80 107
83 105
84 103
86 100
87 98
88 96
90 93
92 91
94 88
94 86
96 83
96 81
98 80
100 77
102 76
104 73
106 71
108 68
109 66
111 64
