110 72
112 71
114 72
112 73
113 75
113 77
113 79
112 81
111 83
110 85
109 88
109 90
109 92
107 94
106 96
104 98
103 100
103 102
102 104
103 106
103 108
105 108
106 106
108 105
109 103
111 101
111 99
112 97
113 95
113 93
116 91
117 89
117 87
119 85
121 84
123 84
124 86
124 88
124 90
123 92
122 93
120 95
119 97
118 99
117 101
116 103
115 105
114 107
112 109
110 111
109 114
110 116
112 117
114 117
116 116
118 114
120 113
122 111
124 110
126 110
127 108
128 106
129 105
131 104
133 104
133 106
131 108
129 110
127 111
125 112
124 115
123 117
121 119
120 120
118 122
116 123
114 125
113 127
112 129
110 131
110 133
109 135
109 137
109 139
108 141
107 142
105 144
103 146
101 148
99 150
98 153
97 155
96 157
95 159
93 159
91 159
89 158
87 158
85 158
83 157
81 156
79 156
77 155
75 154
73 153
71 152
69 151
69 149
69 147
70 145
70 142
69 140
67 138
65 136
65 134
64 132
63 130
61 128
60 126
60 124
60 122
61 120
62 118
62 116
61 114
61 112
61 110
61 108
60 106
60 104
58 101
57 99
59 99
61 99
63 100
65 102
66 104
66 106
66 108
67 110
68 112
69 114
71 116
72 118
74 117
76 116
78 115
79 113
80 111
81 109
81 106
81 104
81 102
82 100
82 98
83 96
85 94
86 92
86 90
87 88
87 86
88 84
90 83
90 81
91 79
92 77
93 75
95 73
97 72
98 74
98 77
97 79
96 81
96 83
95 85
94 87
93 89
92 91
92 93
93 95
93 97
93 99
92 101
93 103
95 105
96 103
97 101
97 99
97 97
98 95
99 92
101 90
102 88
103 86
105 84
106 82
107 80
108 78
109 76
109 74
