117 60
118 60
118 63
118 65
115 68
113 69
111 70
108 73
106 74
104 77
102 77
101 79
100 82
99 84
99 86
102 87
104 86
107 84
109 83
111 81
114 81
115 79
118 77
120 76
122 75
125 73
127 72
130 69
132 69
132 69
135 71
136 73
136 75
133 76
131 78
129 81
127 81
125 81
122 82
120 84
117 86
115 88
113 89
111 92
110 93
107 94
105 95
103 95
103 98
103 100
106 101
108 100
110 100
113 98
115 97
117 96
120 95
122 94
125 94
127 93
129 91
132 89
134 87
136 89
138 90
140 92
139 93
137 94
134 96
132 96
131 98
128 101
126 101
124 101
121 103
119 103
117 106
115 107
113 108
110 109
108 109
106 112
106 114
107 116
110 117
112 116
115 116
117 116
119 116
122 116
124 115
126 115
129 114
131 114
134 113
136 114
138 115
139 115
137 116
135 119
133 120
131 121
128 121
126 122
123 123
121 123
119 123
116 124
114 124
111 124
109 125
107 125
104 126
102 127
100 128
97 130
95 132
92 133
90 134
88 136
85 137
83 138
80 140
78 142
76 142
73 144
71 145
68 145
66 146
64 148
61 145
59 143
57 141
54 138
52 136
50 133
49 131
48 129
46 126
46 124
44 121
45 119
47 117
47 114
48 112
49 109
48 107
48 105
49 102
49 100
51 97
51 95
52 93
53 90
55 88
56 86
59 83
61 81
61 78
63 76
64 74
66 71
67 69
68 66
70 64
71 65
74 68
73 70
74 73
74 75
73 77
71 79
70 81
68 83
67 86
66 88
66 91
68 93
70 94
73 92
75 91
78 89
79 88
81 86
84 83
86 82
89 80
90 78
92 76
94 73
95 72
96 70
99 67
101 66
103 65
105 65
107 64
110 62
112 60
115 60
