103 60
105 59
106 61
106 63
107 64
106 66
105 68
103 68
101 69
100 71
98 72
97 73
97 75
97 77
98 79
99 81
100 83
102 84
103 84
105 85
107 86
109 86
111 87
113 87
115 87
116 87
118 87
120 88
122 89
124 89
126 90
128 91
129 91
131 92
133 93
135 95
136 97
135 99
135 100
133 101
131 100
129 99
127 98
125 98
123 97
122 96
120 96
118 96
116 96
114 96
112 97
112 99
113 100
115 101
117 103
119 103
121 104
123 106
125 107
126 108
128 109
130 110
132 111
134 112
135 114
136 116
136 117
135 118
133 118
131 118
129 117
127 115
125 115
124 114
122 114
120 112
118 111
116 111
114 112
112 111
111 112
113 114
113 115
115 117
117 118
119 118
121 118
121 119
122 121
124 122
124 124
124 126
124 128
123 128
122 129
120 128
119 126
117 124
115 124
113 123
111 121
110 121
108 119
106 118
104 118
102 117
100 117
99 118
98 120
98 122
99 124
101 126
103 127
105 129
105 130
106 132
107 134
106 135
104 135
102 134
100 133
99 132
98 130
97 128
96 126
94 124
92 122
90 121
89 121
88 119
86 118
84 116
82 114
80 114
78 113
77 113
75 111
73 110
71 110
69 109
67 107
65 106
64 105
62 104
60 104
58 102
56 101
54 100
52 99
51 99
49 99
47 98
45 99
43 100
41 100
41 98
41 97
41 95
41 93
41 91
42 89
42 87
42 85
43 84
43 82
44 80
45 78
46 76
46 74
47 73
49 73
50 71
52 71
53 72
55 73
57 74
58 74
60 74
62 74
64 74
66 74
68 74
70 73
71 72
73 72
75 71
77 71
79 70
81 69
83 68
84 68
86 68
88 67
90 67
92 66
94 65
96 65
97 65
99 64
101 62
