88 50
90 49
91 51
93 53
93 56
93 58
91 61
90 63
88 66
88 68
87 71
87 73
86 76
87 78
86 81
86 83
87 85
88 88
90 88
93 87
94 85
95 82
96 80
97 78
98 76
99 73
99 71
99 68
100 66
102 65
103 62
103 60
104 57
105 55
106 52
108 51
111 50
112 52
112 55
111 57
110 60
109 62
108 65
108 66
107 68
106 71
106 73
105 76
104 78
103 81
102 83
102 86
102 88
104 91
106 89
109 88
110 86
112 83
113 81
114 79
116 77
117 75
119 72
119 70
120 67
121 65
123 64
125 63
127 63
127 65
126 68
125 70
124 72
123 75
122 77
121 80
121 82
119 85
118 86
116 89
115 91
113 94
114 96
115 99
116 97
119 96
121 96
123 94
126 92
128 90
130 87
132 86
135 84
137 85
137 88
137 90
134 93
132 94
129 97
128 99
125 101
123 103
121 105
119 108
117 110
116 113
114 115
113 118
112 120
110 123
110 125
108 128
108 130
106 133
105 135
104 137
102 140
102 142
100 145
99 147
98 150
98 152
98 155
98 157
96 159
94 159
91 159
89 158
86 158
84 157
82 157
79 156
77 155
74 154
72 153
69 151
67 150
67 147
66 145
65 142
65 140
65 137
65 135
65 133
64 130
62 128
59 126
59 124
59 121
57 121
55 118
54 116
53 113
53 111
53 108
54 106
54 103
54 101
53 99
52 96
52 95
50 92
48 90
46 87
46 85
49 83
51 83
54 85
56 87
58 89
60 91
60 94
62 95
62 97
62 100
63 102
66 104
68 105
71 104
72 102
73 99
75 97
76 94
76 92
76 89
76 87
76 85
77 82
78 80
79 77
80 75
81 72
81 70
82 67
83 65
84 62
84 60
84 57
85 55
86 52
