87 64
89 64
90 66
89 68
89 71
89 73
88 75
88 78
86 78
84 80
86 81
88 81
85 82
83 82
81 84
81 87
81 89
82 92
83 94
85 95
88 95
90 94
92 93
95 93
97 93
100 93
102 93
104 93
106 91
108 90
111 89
113 89
115 90
118 89
120 89
122 89
125 89
127 88
130 88
132 88
134 87
135 90
136 92
134 95
132 95
130 95
127 95
125 95
123 96
120 96
118 96
115 96
113 96
111 98
108 100
106 101
103 102
103 104
105 104
108 103
110 104
112 104
115 105
117 105
120 105
122 106
124 106
127 106
129 106
131 104
131 105
132 107
135 108
137 108
139 107
142 106
144 107
144 109
144 111
142 112
139 113
137 113
134 113
132 113
130 114
128 114
126 113
124 113
121 113
119 113
116 114
114 115
112 115
109 115
108 117
109 120
110 122
112 122
115 123
117 123
120 124
122 125
124 125
127 125
129 125
131 125
134 125
136 126
138 129
138 130
136 131
133 131
131 130
128 131
126 131
124 131
121 130
119 130
117 130
114 131
112 130
109 130
107 129
105 129
102 130
100 132
101 135
103 137
105 139
108 141
110 142
112 142
115 143
117 144
114 143
112 142
110 144
110 146
108 145
105 145
103 145
101 145
98 143
96 141
94 139
91 137
89 137
86 136
84 135
82 136
80 135
79 135
76 135
74 136
72 137
69 136
67 136
65 136
62 136
60 136
57 134
55 134
53 134
50 133
49 131
47 128
46 126
46 124
44 121
44 119
43 117
42 114
42 112
41 109
41 107
41 105
41 102
40 100
43 100
45 100
47 100
50 98
52 97
54 95
56 93
57 91
59 88
61 86
63 84
65 81
67 79
70 78
72 77
74 77
77 74
79 73
81 73
84 70
85 68
87 66
