112 53
115 52
117 54
117 57
117 59
116 62
116 64
115 67
113 69
112 72
111 74
110 77
110 79
109 82
109 84
107 86
107 88
106 91
106 93
107 96
110 95
110 93
113 92
113 90
115 87
116 85
119 82
120 80
122 77
123 75
125 72
126 70
126 67
126 65
129 64
131 65
132 67
133 69
132 72
131 74
129 77
127 80
127 82
126 85
125 87
123 90
122 92
121 95
120 97
118 100
117 102
119 105
121 106
124 105
126 103
129 101
131 100
134 98
135 96
138 94
141 91
143 89
145 89
147 91
148 94
147 96
146 99
144 98
141 101
139 102
136 104
134 106
131 109
129 111
126 113
125 115
123 118
122 120
121 123
120 125
119 128
118 131
117 133
117 136
116 138
114 141
113 143
111 146
110 148
110 151
110 153
108 156
108 158
106 159
104 159
101 159
99 159
96 159
94 159
91 159
88 158
86 158
83 157
81 156
78 155
77 154
75 151
76 149
75 146
74 144
72 141
72 139
69 136
68 134
66 131
64 129
61 127
61 125
60 122
60 120
59 117
59 114
59 112
58 109
56 107
55 104
54 102
51 99
50 97
51 94
53 94
56 94
58 94
61 96
63 97
64 100
65 102
67 105
68 107
70 110
73 112
75 111
78 109
80 107
81 104
81 102
81 99
80 97
81 94
82 92
82 89
82 87
84 84
83 82
83 79
84 77
84 74
85 72
87 69
87 67
88 64
89 61
89 59
90 56
92 54
95 54
96 55
97 57
97 59
95 62
96 64
95 67
95 69
94 72
93 74
93 77
92 79
93 82
93 84
93 87
92 90
93 92
95 94
97 94
99 91
100 89
100 86
100 84
100 81
101 79
102 76
103 74
104 71
105 69
106 66
106 64
106 61
107 59
108 56
109 54
