97 48
99 48
100 50
101 53
101 56
100 58
99 61
96 64
96 66
97 69
97 71
97 74
98 77
97 79
97 82
100 81
100 79
102 77
104 74
105 72
106 69
108 66
108 64
108 61
109 59
111 56
112 53
113 51
114 48
117 47
119 48
120 51
119 54
118 56
117 59
116 62
116 64
117 66
115 68
115 70
115 73
114 75
114 78
112 81
112 83
110 86
109 89
107 90
108 93
108 96
110 96
113 95
115 92
116 90
117 88
119 86
120 83
122 80
123 78
124 75
126 72
128 70
129 67
131 64
133 63
135 64
137 67
136 69
135 72
134 75
133 77
133 80
133 82
132 85
129 88
128 90
126 93
124 96
123 98
121 101
120 104
122 106
125 105
128 104
129 102
132 99
134 97
137 94
140 91
142 89
145 87
148 88
148 88
148 91
147 94
145 96
142 99
140 102
138 104
136 106
133 108
131 109
129 112
127 113
125 116
123 119
122 121
121 124
120 127
119 129
117 132
116 135
115 137
114 140
112 143
111 145
109 147
108 149
108 152
106 155
105 157
102 159
99 159
97 159
94 159
91 159
89 158
86 158
83 157
81 156
78 155
76 154
73 153
70 151
70 149
69 146
69 143
68 141
68 138
67 135
66 133
66 130
64 127
63 125
61 123
60 120
60 118
59 115
58 113
59 110
60 107
60 105
61 102
60 99
60 97
59 94
58 91
59 89
58 86
59 83
58 81
60 78
61 76
64 78
67 79
68 81
69 84
70 87
69 89
69 92
70 95
70 97
70 100
68 103
69 105
71 107
74 108
76 107
79 105
79 103
81 100
82 97
83 95
84 92
84 89
85 87
86 84
86 81
87 79
86 76
87 73
88 71
89 68
89 66
90 63
90 60
91 58
92 55
93 52
94 50
