77 49
80 48
82 51
83 53
84 56
86 59
86 62
86 64
85 67
85 70
88 72
91 73
93 72
91 74
91 77
91 80
91 82
93 85
95 87
96 90
97 93
99 93
100 90
101 87
101 84
101 81
101 79
102 76
101 73
101 70
100 68
102 65
101 62
100 59
102 56
103 55
106 55
107 58
106 61
107 63
109 66
109 69
110 72
110 75
111 77
111 79
111 82
111 85
111 87
111 90
112 93
114 96
117 96
116 98
119 98
120 95
120 92
121 90
123 87
124 84
125 81
126 78
126 76
128 73
128 71
131 71
133 71
135 73
135 74
134 77
135 79
133 80
133 83
132 86
131 89
130 92
129 94
129 97
127 100
127 103
127 105
126 108
126 111
127 114
128 117
128 119
128 122
129 125
130 128
130 130
130 133
130 136
130 139
131 142
130 144
131 147
131 150
129 152
127 153
124 154
121 156
118 157
115 158
113 158
110 159
107 159
104 159
102 159
99 159
96 159
94 158
91 156
89 156
87 153
84 152
81 152
79 151
76 150
73 148
70 146
67 143
65 142
62 140
60 137
57 134
55 132
53 132
50 131
48 129
46 126
46 124
44 121
47 121
50 120
53 121
55 121
58 123
61 125
64 126
66 128
69 129
72 129
75 127
75 124
76 122
76 119
77 116
75 113
74 111
73 108
71 105
70 102
68 99
67 97
67 94
66 91
64 88
63 87
63 84
62 81
61 78
59 75
59 73
58 70
57 67
57 64
57 62
60 60
63 62
64 65
65 68
66 70
67 73
68 76
70 79
72 82
73 84
75 87
76 90
78 93
78 95
81 98
84 98
86 96
87 93
87 91
85 88
83 85
81 82
81 80
79 77
78 74
78 71
77 68
78 66
76 63
75 60
74 57
74 55
75 52
