91 49
94 48
96 49
98 52
99 55
100 58
100 60
101 63
102 66
103 68
104 71
106 74
107 76
108 79
108 82
109 85
110 87
113 88
116 88
117 86
117 83
118 80
118 78
118 75
119 72
119 69
119 67
118 64
119 61
121 59
123 57
125 59
126 61
127 64
127 67
126 70
126 72
127 75
127 78
127 80
128 83
127 86
126 88
125 91
125 94
126 97
126 99
127 102
128 105
130 107
131 110
133 113
133 115
134 118
135 121
136 124
136 126
137 129
138 132
139 133
140 136
140 139
141 141
140 144
137 147
134 149
132 150
129 152
126 154
124 154
121 156
118 157
116 157
113 158
111 157
109 154
109 152
106 150
103 149
101 148
98 149
95 148
93 147
90 146
87 146
84 146
82 145
79 144
76 143
74 143
72 141
70 138
68 138
65 136
62 134
59 135
57 134
54 133
51 132
49 131
48 128
49 125
51 124
54 122
57 122
60 122
62 122
65 123
67 126
69 127
72 127
75 127
77 126
80 124
80 121
80 118
81 116
78 113
77 110
76 108
74 106
71 103
70 101
67 98
65 95
62 93
60 91
58 89
56 86
54 84
52 81
51 78
50 76
50 73
49 70
50 67
52 65
54 64
56 67
58 69
58 72
60 75
61 77
63 80
66 81
69 83
70 85
72 88
75 90
76 92
78 95
81 97
83 97
86 95
87 92
84 89
82 88
79 85
77 82
76 80
75 77
74 74
72 72
70 69
68 66
68 63
66 62
66 59
64 56
63 54
65 52
68 50
70 52
72 55
74 58
76 61
77 63
80 65
81 68
82 70
85 73
86 76
87 78
89 81
90 84
93 84
95 86
97 83
96 80
96 78
95 75
95 72
94 70
94 67
92 64
91 62
91 60
90 57
89 54
89 52
