92 51
94 50
97 52
97 54
97 56
97 58
97 61
97 63
97 65
96 68
96 70
95 72
96 74
95 77
96 79
96 81
97 83
100 82
102 81
103 79
105 76
105 74
106 72
106 70
107 67
108 65
108 63
109 60
111 59
113 60
114 62
113 65
113 67
113 69
112 72
111 74
111 76
111 78
111 81
111 83
110 85
110 87
108 90
109 92
109 94
111 96
113 96
115 97
117 95
117 92
119 90
121 88
123 85
124 83
124 81
124 79
126 76
127 74
128 73
131 74
132 76
132 78
131 80
129 83
128 85
128 87
127 89
126 92
126 94
124 96
121 99
119 101
118 103
118 105
118 108
118 110
117 112
118 115
118 117
118 119
118 121
117 124
116 126
115 128
115 131
115 133
114 135
114 137
112 140
111 142
111 144
110 146
111 149
111 151
111 153
110 156
110 158
109 159
107 159
104 159
102 159
100 160
97 159
95 159
93 159
91 159
88 158
86 158
84 157
82 156
83 154
83 152
83 150
83 147
82 145
81 143
79 141
77 138
75 137
73 136
71 134
69 132
67 130
65 129
64 126
62 124
62 122
60 119
59 117
58 115
56 113
53 111
51 109
49 107
48 104
49 102
51 102
53 102
56 104
58 105
60 106
62 108
65 110
65 112
67 114
69 116
71 116
73 116
75 114
75 111
76 109
76 107
76 104
76 102
76 100
76 98
76 95
75 93
74 91
74 88
73 86
72 84
71 82
71 79
70 77
70 75
71 73
71 70
72 68
72 66
71 63
72 61
73 59
75 60
75 63
76 65
77 67
77 70
77 72
78 74
79 76
79 79
79 81
80 83
83 86
85 85
87 83
87 81
88 78
88 76
88 74
88 72
89 69
89 67
88 65
89 62
90 60
90 58
91 56
91 53
