126 55
129 54
131 54
132 57
132 59
131 61
129 63
126 65
124 68
122 69
120 71
118 72
115 74
114 76
111 79
109 82
110 84
113 86
115 86
117 85
119 83
121 81
123 78
125 76
127 76
129 75
132 73
134 71
137 68
140 65
142 64
145 62
147 63
149 66
148 68
145 71
142 73
140 74
137 77
135 79
133 82
131 83
128 86
125 89
123 91
120 93
118 95
116 98
116 100
119 101
122 101
124 100
127 100
129 99
132 97
134 95
137 94
139 93
142 91
142 88
142 88
145 90
147 89
150 88
152 86
154 85
156 86
157 88
156 91
154 92
151 95
149 97
146 97
143 99
141 100
138 102
137 104
134 105
132 106
129 107
126 109
124 110
123 112
121 113
123 116
125 116
128 116
131 116
133 116
136 115
138 115
141 115
143 115
146 114
149 113
151 112
154 112
156 113
156 116
154 118
151 119
148 120
146 121
143 122
141 123
138 124
136 124
133 124
130 125
128 126
125 126
123 126
120 127
118 128
115 130
112 132
110 134
107 136
105 137
102 140
100 142
97 144
94 146
92 146
89 147
87 149
84 150
82 151
79 153
76 154
74 154
71 152
69 151
66 149
64 148
61 145
58 142
56 140
53 137
52 135
51 132
53 130
56 128
57 125
58 123
59 120
59 118
59 115
60 113
61 110
62 107
61 105
62 102
62 100
62 97
63 95
65 92
66 90
69 87
71 84
72 82
74 79
75 77
77 74
77 72
78 69
80 66
81 64
83 63
84 64
85 67
86 69
87 72
87 75
86 77
84 80
83 82
80 84
79 86
79 89
81 91
83 93
86 92
88 91
91 88
93 86
96 84
98 81
100 80
102 77
104 75
106 72
106 70
109 68
112 66
114 65
117 62
119 61
122 59
124 58
