84 51
85 50
87 51
87 54
87 56
86 58
86 60
86 63
86 65
86 67
86 69
87 71
88 74
88 76
88 78
89 80
90 83
92 83
94 81
96 80
95 77
93 78
93 78
95 77
95 75
97 72
97 70
97 68
97 66
98 63
99 61
100 59
101 57
102 55
103 52
104 53
105 55
104 57
105 60
103 62
103 64
103 66
103 68
103 71
102 73
102 75
102 77
101 80
101 82
101 84
102 86
104 85
107 84
109 82
109 80
110 78
113 75
114 73
114 71
115 69
117 66
119 64
120 62
120 62
122 64
122 66
121 68
122 70
121 72
120 75
119 77
118 79
117 81
116 83
114 86
113 88
113 90
114 92
117 93
119 92
121 90
123 88
125 86
128 83
130 82
132 82
132 84
132 87
131 89
129 91
127 93
125 94
122 96
121 97
119 98
118 100
117 103
116 105
115 107
113 109
112 112
111 114
110 116
109 118
109 120
109 123
108 125
108 127
106 129
105 132
104 134
104 136
103 138
102 140
101 143
101 145
100 147
98 148
97 151
97 153
96 155
95 157
95 159
92 159
90 159
88 158
86 158
83 157
81 156
79 156
77 155
75 154
74 152
74 150
74 148
74 146
75 143
76 141
77 139
77 137
77 134
77 132
77 130
75 128
74 126
72 123
70 121
68 120
67 118
65 115
63 113
62 111
62 109
61 107
61 104
60 102
59 100
59 98
56 95
54 93
52 92
50 91
50 89
52 87
54 88
56 88
57 89
58 92
60 94
62 94
64 95
65 97
67 98
68 100
70 102
72 103
75 103
76 101
78 100
79 98
78 95
79 93
79 91
79 89
78 87
79 84
80 82
80 80
80 78
80 75
80 73
80 71
80 69
80 67
81 64
81 62
81 60
81 58
82 55
84 53
