307
125 80
126 79
127 79
128 80
129 81
130 80
131 80
132 81
133 81
134 81
135 81
136 81
137 82
138 82
139 82
140 81
141 82
141 83
141 84
140 85
139 86
138 86
137 87
136 88
135 88
134 89
133 90
132 90
131 90
130 90
129 91
128 92
127 92
126 92
125 91
124 91
123 91
122 91
121 91
120 92
119 92
118 92
117 92
116 92
115 93
114 93
113 93
112 93
111 93
110 93
109 93
108 93
107 93
106 93
105 93
104 93
103 94
104 95
104 96
105 97
105 98
106 99
107 99
108 100
109 101
110 102
111 102
111 103
112 104
112 105
112 106
111 107
110 108
110 109
109 110
108 111
107 112
106 113
107 114
108 115
109 115
110 116
111 116
112 116
113 116
114 117
115 118
116 118
117 119
118 119
119 119
120 120
121 120
122 120
123 120
124 121
125 122
126 122
126 123
127 124
128 124
128 125
129 126
130 127
130 128
130 129
130 130
130 131
129 131
128 132
127 132
126 132
125 132
124 132
123 132
122 132
121 131
120 130
119 130
118 130
117 130
116 131
115 131
114 131
113 131
112 130
111 130
110 130
109 130
108 130
107 129
106 129
105 130
104 130
103 130
102 131
101 131
100 131
99 131
98 131
97 131
96 131
95 132
94 132
93 132
92 132
91 132
90 133
89 132
88 132
87 133
86 133
85 133
84 133
83 133
82 133
81 134
80 134
79 135
79 136
78 136
77 136
76 136
75 136
74 136
73 137
72 136
71 135
70 135
69 136
69 137
68 137
67 137
66 137
66 136
65 135
64 136
63 136
62 136
61 136
60 137
60 138
59 139
60 140
61 141
60 142
60 143
60 144
59 143
58 142
57 141
56 140
55 139
54 138
53 137
52 136
52 135
51 134
50 133
50 132
49 131
49 130
48 129
47 128
47 127
46 126
46 125
46 124
45 123
45 122
44 121
44 120
44 119
43 118
43 117
43 116
42 115
42 114
42 113
43 113
44 113
45 112
46 111
47 110
48 109
49 108
50 107
50 106
51 105
52 104
53 103
53 102
54 102
55 101
55 100
56 100
57 99
58 98
59 97
59 96
60 95
61 95
62 94
63 94
64 94
65 94
66 93
67 92
68 91
69 90
70 89
71 88
71 87
72 86
73 86
74 85
75 84
76 84
77 83
78 83
79 83
80 83
81 83
82 83
83 83
84 84
85 83
86 84
87 84
88 84
89 85
90 85
91 84
92 84
93 84
94 84
95 83
95 82
96 82
97 82
98 82
99 81
100 81
101 81
102 81
103 81
104 81
105 81
106 81
107 80
108 80
109 80
110 81
111 81
112 81
113 81
114 81
115 81
116 81
117 81
118 81
119 81
120 81
121 81
122 81
123 81
124 80
