324
94 74
95 73
96 74
97 74
98 74
99 74
100 73
101 73
102 74
103 74
104 74
105 74
106 74
107 74
108 75
109 75
110 75
111 76
112 76
113 76
114 76
115 75
116 75
117 76
118 76
119 76
120 76
121 76
122 76
123 75
124 75
125 75
126 75
127 75
128 75
129 75
128 76
129 77
130 78
130 79
131 80
132 81
133 81
134 82
135 83
136 84
137 84
138 83
139 84
140 84
141 85
142 85
143 86
144 86
145 86
146 87
147 87
148 87
149 88
150 89
151 89
152 90
153 90
154 91
154 92
154 93
153 94
153 95
153 96
152 97
152 98
151 98
150 98
149 98
148 98
147 97
146 96
145 95
144 95
143 95
142 94
141 94
140 94
139 94
138 94
137 94
136 93
135 93
134 93
133 93
132 92
131 92
130 91
129 91
128 90
127 90
126 90
125 90
124 90
123 90
122 90
121 91
120 90
119 91
118 91
117 91
116 91
115 92
115 93
115 94
115 95
115 96
115 97
116 98
117 99
118 100
119 101
119 102
119 103
120 104
120 105
119 106
120 107
120 108
119 108
118 108
117 109
117 110
117 111
118 112
119 113
120 113
121 114
121 115
122 116
123 117
124 118
125 118
126 119
126 120
127 121
127 122
127 123
127 124
127 125
127 126
128 127
127 128
127 129
127 130
126 130
125 131
124 131
123 131
122 130
121 130
120 129
120 128
119 127
118 127
117 126
116 126
115 126
114 125
113 125
112 124
111 124
110 123
109 123
108 122
107 122
106 122
105 122
104 121
103 121
102 121
101 121
100 121
99 121
98 121
97 121
96 121
95 121
94 121
93 120
92 120
91 119
90 119
89 119
88 119
87 119
86 119
85 119
84 119
83 119
82 118
81 118
80 119
79 120
78 119
77 119
76 119
75 119
74 119
73 118
72 118
71 117
70 118
69 118
68 119
67 119
66 119
65 120
64 121
64 122
63 122
62 123
62 124
61 124
60 125
60 126
59 127
58 128
58 129
57 130
57 131
57 132
56 133
56 134
55 135
54 136
54 137
54 138
53 137
52 136
52 135
51 134
50 133
50 132
49 131
49 130
48 129
47 128
47 127
46 126
46 125
46 124
45 123
45 122
44 121
44 120
44 119
43 118
43 117
43 116
42 115
42 114
42 113
42 112
42 111
41 110
41 109
41 108
41 107
41 106
41 105
41 104
42 103
43 102
44 101
44 100
45 100
46 99
46 98
47 98
48 97
49 96
50 95
51 95
52 94
53 93
53 92
54 92
55 91
56 90
57 89
57 88
58 87
59 87
60 87
61 87
62 87
63 86
64 86
65 85
66 85
67 85
68 85
69 85
70 84
70 83
71 82
72 83
73 82
74 81
75 80
76 80
77 79
78 78
79 78
80 78
81 78
82 78
83 77
84 77
85 77
86 76
87 76
88 75
89 75
90 75
91 74
92 75
93 74
