306
78 73
79 72
80 73
81 73
82 73
83 74
84 74
85 75
86 75
87 75
88 75
89 75
90 75
91 75
92 76
93 75
94 75
95 75
96 75
97 75
98 75
99 75
100 75
101 76
102 76
103 77
104 77
105 77
106 77
105 78
106 79
107 80
107 81
108 82
109 82
110 83
111 84
112 85
113 85
114 86
115 87
116 88
117 88
118 88
119 89
120 90
121 91
122 91
123 91
124 91
125 92
126 93
126 94
127 95
128 96
129 96
130 97
130 98
131 99
132 99
133 100
134 101
134 102
135 103
136 103
137 104
138 104
139 105
140 106
141 106
142 106
142 107
142 108
143 109
142 110
142 111
141 111
140 111
139 111
138 111
137 111
136 111
135 111
134 111
133 111
132 110
132 109
131 108
130 107
129 107
128 106
127 106
126 106
125 105
124 104
123 104
122 104
121 103
120 103
119 103
118 102
117 101
116 100
115 100
114 100
113 99
112 100
111 101
111 102
111 103
112 104
112 105
112 106
112 107
112 108
112 109
111 110
111 111
110 112
109 113
109 114
108 114
107 114
106 115
105 116
106 117
106 118
105 119
106 120
107 120
108 121
109 121
110 122
111 123
112 124
112 125
112 126
113 127
113 128
113 129
114 130
114 131
115 132
115 133
116 134
116 135
115 136
115 137
114 138
114 139
113 140
112 140
111 140
110 139
109 139
108 138
107 138
107 137
106 136
105 135
104 134
103 133
102 132
101 131
101 130
100 129
99 129
98 128
97 127
96 126
95 126
94 125
94 124
93 123
92 123
91 122
90 121
89 121
88 121
87 121
86 121
85 120
84 119
83 119
82 118
81 117
80 117
79 117
78 117
77 117
76 117
75 117
74 116
73 115
72 115
71 115
70 115
69 115
68 115
67 115
66 114
65 113
64 112
63 113
62 113
61 112
60 112
59 111
58 110
57 110
57 109
56 108
55 108
54 108
53 108
52 108
51 109
52 110
52 111
52 112
52 113
52 114
51 115
50 116
50 117
49 118
49 119
48 120
47 120
46 121
46 122
45 123
45 122
44 121
44 120
44 119
43 118
43 117
43 116
42 115
42 114
42 113
42 112
42 111
41 110
41 109
41 108
41 107
41 106
41 105
41 104
41 103
41 102
41 101
40 100
41 99
41 98
41 97
41 96
41 95
41 94
41 93
41 92
41 91
41 90
42 89
42 88
42 87
42 86
42 85
43 84
43 83
44 82
45 82
46 81
47 80
48 79
49 79
50 79
51 78
52 78
53 78
54 77
55 76
56 76
57 76
58 76
59 76
60 77
61 77
62 77
63 76
64 76
65 76
66 76
67 76
68 76
69 75
70 75
71 75
72 75
73 75
74 75
75 75
76 74
77 74
