337
112 67
113 66
114 66
115 66
115 67
116 68
117 68
118 69
119 68
120 68
121 68
122 68
123 68
124 67
125 67
126 67
127 67
128 66
129 67
130 67
131 67
132 67
133 68
134 67
135 67
136 67
137 67
138 67
139 67
140 67
141 68
142 68
143 68
143 69
143 70
143 71
143 72
142 73
141 74
140 74
139 75
138 75
137 75
136 76
135 76
134 76
133 76
132 76
131 76
130 76
129 76
128 76
127 76
126 76
125 76
124 77
124 78
124 79
123 80
122 80
121 80
120 80
119 80
118 80
117 80
116 79
115 79
114 79
113 79
112 79
111 80
110 80
109 80
108 81
108 82
107 83
106 83
105 83
104 83
103 84
103 85
104 86
104 87
104 88
105 89
106 89
107 89
108 90
109 91
110 91
111 92
111 93
111 94
111 95
111 96
110 97
109 97
108 98
107 99
107 100
106 101
106 102
106 103
105 104
106 105
107 105
108 105
109 105
110 105
111 105
112 105
113 105
114 104
115 104
116 104
117 104
118 104
119 104
120 104
121 105
122 106
123 107
124 108
125 109
126 109
127 110
128 111
129 111
130 112
131 113
132 114
132 115
133 116
133 117
133 118
133 119
133 120
132 121
131 121
130 122
129 123
128 123
127 122
126 121
125 121
124 122
123 122
122 122
121 122
120 122
119 122
118 121
117 121
116 120
115 120
114 119
113 119
112 119
111 119
110 118
109 119
108 118
107 119
106 119
105 119
104 120
103 120
102 120
101 121
100 121
99 121
98 121
97 121
96 121
95 121
94 121
93 121
92 121
91 121
90 121
89 121
88 122
87 122
86 122
85 123
84 123
83 123
82 124
81 124
80 125
79 125
78 126
77 126
76 126
75 127
74 128
73 128
72 128
71 129
70 128
69 128
68 128
67 127
66 127
65 127
64 126
63 126
62 126
61 126
60 127
59 128
58 129
57 129
56 129
55 129
54 130
54 131
54 132
55 133
56 133
56 134
56 135
55 136
55 137
54 138
53 137
52 136
52 135
51 134
50 133
50 132
49 131
49 130
48 129
47 128
47 127
46 126
46 125
46 124
45 123
45 122
44 121
44 120
44 119
43 118
43 117
43 116
42 115
42 114
42 113
42 112
42 111
41 110
41 109
41 108
41 107
41 106
41 105
42 104
43 103
43 102
44 102
45 101
45 100
46 99
46 98
47 97
47 96
48 95
49 95
50 94
51 93
51 92
52 92
53 91
54 91
55 90
55 89
56 88
57 87
57 86
58 85
58 84
59 84
60 83
61 83
62 83
63 82
64 81
64 80
65 79
66 78
67 78
68 77
69 77
70 76
71 75
72 75
73 74
74 73
75 73
76 73
77 73
78 72
79 73
80 73
81 73
82 73
83 73
84 73
85 73
86 72
87 72
88 72
89 72
90 72
91 71
92 70
93 70
94 69
95 69
96 69
97 69
98 69
99 69
100 68
101 68
102 69
103 69
104 69
105 69
106 68
107 68
108 68
109 67
110 67
111 67
