340
100 66
101 65
102 65
103 65
104 65
105 66
106 67
106 68
107 69
108 69
109 69
110 70
111 71
112 71
113 71
114 71
115 71
116 71
117 71
118 71
119 72
119 73
118 74
119 75
120 75
121 76
122 76
123 76
124 77
125 77
126 78
127 78
128 78
129 79
130 79
131 80
132 80
133 81
133 82
134 83
135 84
135 85
136 86
137 86
137 87
138 88
139 88
139 89
140 90
140 91
141 92
142 93
143 94
144 95
145 96
145 97
146 98
147 99
147 100
148 101
148 102
149 103
149 104
148 105
147 105
146 105
145 105
144 105
143 105
142 105
141 104
140 103
139 102
139 101
138 100
137 99
136 99
135 98
134 97
133 96
132 95
131 94
130 94
129 93
128 93
127 92
126 91
125 91
124 91
123 90
122 90
121 90
120 90
119 91
119 92
119 93
119 94
118 95
119 96
119 97
120 98
120 99
120 100
119 101
120 102
120 103
119 104
118 105
117 106
116 107
117 108
118 109
119 109
120 109
120 110
121 111
122 111
123 112
124 112
125 113
126 114
127 114
128 113
128 114
128 115
127 116
128 117
128 118
128 119
128 120
128 121
128 122
129 123
129 124
129 125
129 126
128 127
127 127
126 128
125 128
124 127
123 127
122 126
121 126
120 125
119 125
119 124
118 123
117 122
116 122
115 122
114 121
113 121
112 120
111 120
110 120
109 120
108 119
107 119
106 119
105 118
104 118
103 118
102 117
101 117
100 116
99 116
98 115
97 115
96 114
95 114
94 114
93 113
92 113
91 113
90 113
89 113
88 113
87 112
86 112
85 111
84 112
83 112
82 112
81 112
80 112
79 112
78 112
77 112
76 111
75 110
74 110
73 109
72 109
71 109
70 109
69 109
68 108
67 107
66 107
65 106
64 105
63 106
62 107
62 108
62 109
61 110
60 111
59 112
58 113
57 113
56 114
55 114
54 115
54 116
54 117
54 118
54 119
54 120
53 121
53 122
53 123
53 124
52 125
53 126
52 127
53 128
53 129
54 130
53 130
52 131
52 132
51 133
51 134
50 133
50 132
49 131
49 130
48 129
47 128
47 127
46 126
46 125
46 124
45 123
45 122
44 121
44 120
44 119
43 118
43 117
43 116
42 115
42 114
42 113
42 112
42 111
41 110
41 109
41 108
41 107
41 106
41 105
41 104
41 103
41 102
41 101
40 100
41 99
41 98
41 97
41 96
41 95
41 94
41 93
41 92
41 91
41 90
42 89
42 88
43 87
43 86
44 86
45 85
46 84
47 84
48 83
48 82
49 82
50 81
50 80
51 79
52 79
53 79
54 78
55 78
56 77
57 76
58 75
59 75
60 74
61 74
62 74
63 74
64 73
65 73
66 73
67 73
68 72
69 72
70 71
71 71
72 71
73 70
74 70
75 70
76 69
77 69
78 69
79 68
80 69
81 70
82 69
83 68
84 68
85 68
86 68
87 67
88 68
89 68
90 68
91 67
92 67
93 67
94 67
95 67
96 67
97 67
98 66
99 66
