353
92 64
93 63
94 63
95 63
96 63
97 64
98 64
99 65
100 66
101 66
102 67
103 67
104 67
105 66
106 66
107 66
108 65
109 66
110 66
111 65
112 65
113 66
114 66
115 66
116 66
117 66
118 66
119 66
120 66
121 66
122 66
123 65
124 66
125 66
126 65
127 66
128 66
129 66
130 66
131 66
132 66
133 65
134 65
135 65
134 65
133 66
134 67
135 68
136 69
137 68
138 69
139 70
140 70
141 70
142 71
143 71
144 71
145 71
146 70
147 69
148 70
149 70
150 70
151 70
152 71
153 72
153 73
154 74
154 75
154 76
154 77
153 77
152 78
152 79
151 80
150 80
149 80
148 80
147 80
146 80
145 80
144 79
143 79
142 79
141 78
140 78
139 79
138 79
137 79
136 79
135 78
134 78
133 78
132 78
131 78
130 78
129 77
128 78
127 78
126 78
125 79
124 79
123 79
122 79
121 79
120 79
119 79
118 79
117 79
116 79
115 79
114 79
113 80
114 81
113 82
114 83
115 84
116 85
117 86
117 87
118 88
119 89
119 90
120 91
120 92
120 93
120 94
119 95
119 96
118 97
117 98
118 99
117 100
118 101
119 101
120 101
121 101
122 101
122 102
123 103
124 104
125 104
126 105
127 106
128 106
129 107
130 107
131 108
132 108
133 109
134 110
135 110
136 111
136 112
137 113
137 114
137 115
137 116
137 117
136 118
135 119
134 119
133 119
132 120
131 120
130 119
129 119
128 119
127 119
126 118
125 118
124 117
123 117
122 117
121 116
120 116
119 116
118 116
117 116
116 115
115 115
114 114
113 114
112 113
111 113
110 113
109 113
108 113
107 114
106 115
105 115
104 115
103 116
102 115
101 114
100 114
99 114
98 114
97 113
96 113
95 113
94 113
93 113
92 113
91 113
90 113
89 113
88 114
87 114
86 114
85 115
84 115
83 115
82 115
81 115
80 115
79 116
78 116
77 116
76 116
75 116
74 116
73 115
72 115
71 114
70 114
69 114
68 114
67 113
66 113
65 113
64 113
63 113
62 113
61 114
62 115
61 115
60 116
61 117
62 117
63 118
62 118
61 119
61 120
61 121
60 122
60 123
59 124
59 125
58 126
57 127
57 128
56 129
55 130
54 131
54 132
53 133
53 134
52 135
52 136
52 135
51 134
50 133
50 132
49 131
49 130
48 129
47 128
47 127
46 126
46 125
46 124
45 123
45 122
44 121
44 120
44 119
43 118
43 117
43 116
42 115
42 114
42 113
42 112
42 111
41 110
41 109
41 108
41 107
41 106
41 105
41 104
41 103
41 102
41 101
40 100
41 99
42 98
42 97
43 96
44 95
45 94
46 93
47 92
48 91
48 90
49 90
50 89
51 88
52 87
52 86
53 86
54 85
55 85
56 86
57 86
58 85
58 84
59 83
59 82
60 81
61 80
61 79
62 78
63 78
64 77
65 77
66 76
67 75
68 75
69 75
70 75
71 74
72 73
73 73
74 72
75 71
76 70
77 70
78 70
79 69
80 68
81 68
82 67
83 67
84 67
85 67
86 67
87 66
88 66
89 66
90 65
91 65
