338
98 74
99 73
100 74
101 75
102 75
103 75
104 76
105 76
106 76
107 76
108 76
109 77
110 77
111 77
110 78
111 79
111 80
112 81
113 81
114 81
115 81
116 82
117 82
118 82
119 82
120 82
121 82
122 82
123 82
124 83
125 83
126 84
127 84
128 85
129 86
130 87
131 87
132 88
133 89
134 90
135 91
136 92
137 92
138 93
139 93
140 94
141 95
142 95
143 96
144 97
145 98
146 99
147 100
148 100
148 101
148 102
148 103
148 104
147 105
146 105
145 106
144 106
143 106
142 106
141 106
140 105
139 104
138 103
137 102
136 102
135 101
134 100
133 99
132 99
131 99
130 99
129 98
128 97
127 97
126 97
125 97
124 97
123 97
122 96
121 96
120 96
119 95
118 94
117 94
116 93
115 93
114 93
113 94
112 95
113 96
114 96
114 97
114 98
114 99
115 100
115 101
115 102
115 103
115 104
115 105
115 106
115 107
114 108
113 108
112 109
111 109
110 110
109 111
108 111
107 112
108 113
107 113
106 114
107 115
108 115
109 116
110 117
111 117
112 117
113 117
114 118
115 119
116 120
117 120
118 121
119 122
120 123
120 124
121 125
122 125
122 126
122 127
123 128
123 129
123 130
124 131
124 132
124 133
125 134
125 135
124 136
124 137
123 138
122 138
121 138
120 138
119 138
118 137
117 137
116 136
115 135
114 134
114 133
113 132
112 131
111 131
110 130
109 130
108 129
107 129
106 129
105 128
104 128
103 128
103 127
102 126
101 126
100 125
99 125
98 125
97 125
96 124
95 124
94 124
93 124
92 124
91 124
90 123
89 123
88 124
87 123
86 122
85 122
84 121
83 121
82 120
81 120
80 120
79 120
78 119
77 119
76 119
75 119
74 119
73 119
72 119
71 119
70 119
69 119
68 119
67 119
67 118
66 117
65 117
64 116
63 116
62 116
61 116
60 116
59 115
58 115
57 115
56 115
55 114
54 113
53 113
52 113
51 114
50 114
49 114
48 114
47 115
47 116
46 117
47 118
48 118
49 117
50 118
51 118
50 119
50 120
50 121
49 122
49 123
48 123
47 124
47 125
46 126
46 125
46 124
45 123
45 122
44 121
44 120
44 119
43 118
43 117
43 116
42 115
42 114
42 113
42 112
42 111
41 110
41 109
41 108
41 107
41 106
41 105
41 104
41 103
41 102
41 101
40 100
41 99
41 98
41 97
41 96
41 95
41 94
41 93
41 92
41 91
41 90
42 89
42 88
43 88
44 87
45 86
46 86
47 85
48 84
49 83
49 82
50 82
51 81
52 81
53 80
54 80
55 79
56 79
57 79
58 78
59 78
60 77
61 77
62 77
63 77
64 77
65 76
66 76
67 76
68 76
69 75
70 76
71 75
72 75
73 74
74 75
75 75
76 74
77 74
78 74
79 74
80 75
81 75
82 74
83 74
84 74
85 74
86 74
87 74
88 74
89 75
90 75
91 75
92 75
93 75
94 74
94 75
95 76
96 75
97 74
