315
91 79
92 78
93 78
94 78
95 79
96 79
97 79
98 79
99 78
100 78
101 78
102 79
103 78
104 78
105 78
106 78
107 78
108 78
109 79
110 79
111 80
112 81
113 82
114 83
115 83
116 82
116 83
115 84
116 85
117 85
118 85
119 86
120 86
121 86
122 86
123 87
124 88
125 89
126 89
127 90
128 90
129 90
130 90
131 90
132 90
133 90
134 90
134 91
135 92
135 93
135 94
136 95
137 96
138 97
138 98
139 99
140 100
141 101
142 101
142 102
143 103
144 102
144 103
145 104
146 104
147 105
147 106
147 107
147 108
148 109
148 110
147 111
146 111
145 111
144 111
143 111
142 110
141 110
140 109
139 108
138 108
137 108
136 107
135 106
134 106
133 106
132 105
131 104
130 103
129 102
128 101
127 101
126 100
125 100
124 100
123 99
122 99
121 99
120 99
119 99
118 99
117 99
116 98
115 99
114 100
114 101
114 102
115 103
115 104
116 105
116 106
116 107
116 108
116 109
116 110
115 111
115 112
114 112
113 112
112 113
111 114
112 115
112 116
113 117
114 118
115 119
116 119
117 120
118 120
119 121
120 122
120 123
120 124
121 125
121 126
122 127
122 128
122 129
123 130
122 131
123 132
123 133
124 134
124 135
124 136
124 137
123 138
122 139
121 139
120 139
119 139
118 139
117 138
116 138
115 137
114 136
113 135
112 134
111 133
110 132
109 131
109 130
109 129
108 128
108 127
107 126
106 126
105 125
104 125
103 124
102 124
101 124
100 123
99 122
98 122
97 121
96 121
95 120
94 120
93 120
92 119
91 119
90 118
89 118
88 118
87 118
86 118
85 118
84 118
83 118
82 118
81 118
80 118
79 117
78 116
77 115
76 115
75 114
74 114
73 114
72 113
71 113
70 112
69 112
68 112
67 112
66 112
65 112
64 113
64 114
63 115
62 115
61 116
60 117
59 118
58 119
57 120
56 121
56 122
55 123
54 123
53 124
53 125
53 126
52 127
52 128
51 129
50 130
50 131
49 131
49 130
48 129
47 128
47 127
46 126
46 125
46 124
45 123
45 122
44 121
44 120
44 119
43 118
43 117
43 116
42 115
42 114
42 113
42 112
42 111
41 110
41 109
41 108
41 107
41 106
41 105
41 104
41 103
41 102
41 101
40 100
41 99
41 98
41 97
41 96
42 95
42 94
43 94
44 94
45 93
46 92
47 92
48 92
49 91
50 90
51 89
52 89
53 89
54 88
55 88
56 87
57 86
58 86
59 85
60 84
61 83
62 82
63 83
64 82
65 81
66 81
67 81
68 82
69 82
70 82
71 82
72 81
73 81
74 81
75 81
76 80
77 80
78 80
79 79
80 79
81 79
82 80
83 80
84 80
85 79
86 79
87 79
88 79
89 79
90 79
