342
86 78
85 78
86 78
87 79
88 79
89 79
90 80
91 80
92 80
93 80
94 80
95 80
96 80
97 80
98 79
99 79
100 79
101 79
102 79
103 79
104 80
105 79
106 80
107 80
108 80
109 80
110 80
111 80
112 80
113 80
114 80
115 79
116 79
117 79
118 79
119 79
120 79
121 79
122 79
123 78
124 78
125 78
126 78
127 79
128 79
129 79
130 80
131 80
132 80
133 80
134 80
135 81
136 80
137 81
138 81
139 81
140 81
141 81
142 81
143 81
144 81
145 81
146 81
147 81
148 81
148 82
148 83
149 84
149 85
148 86
148 87
147 88
146 88
145 89
144 90
143 90
142 91
141 91
140 91
139 91
138 91
137 91
136 91
135 90
134 90
133 90
132 90
131 91
130 91
129 91
128 91
127 92
126 92
125 92
124 92
123 91
122 92
121 92
120 92
119 92
118 92
117 91
116 91
115 92
114 92
113 92
112 93
111 93
110 93
109 93
108 93
107 93
106 94
107 95
108 96
108 97
109 98
110 98
111 99
111 100
112 101
113 102
113 103
114 104
114 105
114 106
113 107
113 108
112 109
111 110
110 110
109 111
108 112
108 113
108 114
109 115
110 115
111 116
112 116
113 117
114 117
115 117
116 116
117 116
117 117
118 118
119 118
120 118
121 118
122 118
123 119
124 120
125 120
126 121
127 121
127 122
128 123
129 123
130 124
131 125
132 125
132 126
132 127
133 128
134 129
133 130
133 131
133 132
132 133
132 134
131 135
130 136
129 135
128 135
127 135
126 134
125 134
125 133
124 132
123 132
122 132
121 131
120 130
119 130
118 130
117 130
116 130
115 130
114 130
113 130
112 130
111 131
110 130
109 131
108 130
107 130
106 130
105 130
104 130
103 130
102 130
101 130
100 129
99 129
98 129
97 129
96 129
95 129
94 129
93 129
92 129
91 129
90 129
89 130
88 131
87 132
86 132
85 131
84 131
83 130
82 130
81 131
80 130
79 130
78 130
77 130
76 130
75 131
74 130
73 131
72 131
71 131
70 131
69 131
68 131
67 131
66 132
65 132
64 131
63 131
62 132
61 132
60 132
59 131
58 131
57 131
56 131
55 131
54 131
53 132
53 133
53 134
54 135
55 136
55 137
55 138
55 139
54 138
53 137
52 136
52 135
51 134
50 133
50 132
49 131
49 130
48 129
47 128
47 127
46 126
46 125
46 124
45 123
45 122
44 121
44 120
44 119
43 118
43 117
43 116
42 115
42 114
42 113
42 112
42 111
41 110
41 109
41 108
41 107
42 106
43 106
44 105
44 104
45 103
45 102
46 101
47 100
48 100
49 99
50 98
51 98
52 97
53 97
54 96
55 96
56 95
57 94
58 93
59 92
60 91
61 91
62 90
63 89
64 89
65 88
66 88
67 87
67 86
68 86
69 86
70 86
71 85
72 84
73 83
74 83
75 82
76 82
77 82
78 81
79 81
80 82
81 82
82 81
81 80
80 79
81 80
82 80
83 80
84 80
85 80
86 80
87 79
