312
87 87
87 86
88 86
89 86
90 86
91 86
92 87
93 87
94 88
95 88
96 88
97 88
98 88
99 89
100 89
101 90
102 90
103 91
104 92
105 92
106 92
107 92
108 92
109 92
110 92
111 92
112 92
113 92
114 92
115 92
116 92
117 92
118 92
119 93
120 93
121 94
122 94
123 94
124 95
125 94
126 94
127 94
128 94
129 94
130 94
131 94
132 93
133 94
133 95
134 96
135 97
136 96
137 97
138 97
139 97
140 98
141 98
142 98
143 99
144 99
145 99
146 100
147 101
148 101
149 102
149 103
149 104
148 105
147 106
146 107
145 107
144 107
143 107
142 107
141 107
140 107
139 106
138 106
137 106
136 106
135 107
134 106
133 106
132 107
131 106
130 106
129 106
128 106
127 105
126 105
125 105
124 105
123 105
122 105
121 105
120 105
119 106
118 106
117 106
116 106
115 106
114 106
113 106
112 105
111 105
110 106
110 107
110 108
110 109
111 110
111 111
112 112
113 113
113 114
113 115
113 116
113 117
112 118
112 119
112 120
111 121
110 122
109 123
110 124
111 124
112 125
113 125
114 126
115 126
116 126
117 126
118 127
119 128
120 128
121 129
122 129
123 130
124 131
125 132
126 133
127 134
128 135
128 136
128 137
129 138
130 139
131 139
131 140
131 141
131 142
130 142
129 143
128 142
127 142
126 142
125 141
124 141
123 141
122 140
121 140
120 140
119 141
118 140
117 141
116 140
115 140
114 140
113 140
112 139
111 138
110 138
109 138
108 138
107 138
106 138
105 138
104 137
103 137
102 137
101 137
100 137
99 137
98 137
97 137
96 137
95 136
94 136
93 136
92 136
91 136
90 136
89 136
88 137
87 137
86 137
85 137
84 137
83 137
82 138
81 138
80 139
79 139
78 139
77 138
76 138
75 138
74 138
73 137
73 136
72 135
71 135
70 135
69 136
68 136
67 135
66 134
65 134
64 134
63 134
62 134
61 134
60 134
59 133
58 133
57 134
56 133
55 134
55 135
55 136
55 137
56 138
57 138
57 139
57 140
56 140
55 139
54 138
53 137
52 136
52 135
51 134
50 133
50 132
49 131
49 130
48 129
47 128
47 127
46 126
46 125
46 124
45 123
45 122
44 121
44 120
44 119
43 118
43 117
43 116
42 115
42 114
42 113
43 113
44 112
45 112
46 111
47 111
48 110
48 109
49 109
50 109
51 108
52 107
52 106
53 105
53 104
54 104
55 104
56 104
57 103
58 103
59 102
60 102
61 102
62 101
63 100
64 100
65 99
65 98
66 98
67 97
67 96
68 95
68 94
69 93
70 93
71 94
72 93
73 94
74 94
75 93
76 93
77 92
78 91
79 91
80 90
81 90
82 89
83 89
84 88
85 88
86 88
