309
97 86
98 85
99 85
100 85
101 85
102 85
103 85
104 85
105 86
106 86
107 87
108 88
109 89
110 89
111 89
112 90
113 90
114 90
115 90
116 90
117 90
118 90
119 90
118 91
119 92
120 92
121 93
122 94
123 94
123 95
124 96
125 96
126 96
127 96
128 97
129 98
130 98
131 99
132 99
133 100
134 101
135 101
136 102
137 103
138 103
139 104
140 104
141 104
142 104
143 104
144 104
145 104
146 104
147 103
147 102
148 102
149 102
150 103
151 104
150 105
150 106
149 106
148 107
149 108
150 109
149 110
150 111
149 112
149 113
148 113
147 114
147 115
146 114
145 114
144 114
143 114
142 113
141 113
140 113
139 112
138 111
137 110
136 110
135 110
134 110
133 110
132 110
131 110
130 110
129 109
128 108
127 107
126 107
125 107
124 107
123 107
122 107
121 107
120 106
119 106
118 105
117 105
116 105
115 104
114 105
113 106
113 107
113 108
114 109
114 110
114 111
114 112
114 113
114 114
114 115
114 116
114 117
113 118
113 119
112 120
112 121
112 122
113 123
114 124
115 124
116 125
117 125
118 126
119 127
119 128
120 129
121 130
122 130
123 131
123 132
123 133
124 134
124 135
124 136
124 137
124 138
124 139
124 140
124 141
124 142
123 143
123 144
122 144
121 144
120 144
119 143
118 143
117 142
117 141
116 140
115 140
114 139
113 139
112 139
111 138
110 137
109 136
108 136
107 135
106 135
105 134
104 133
103 133
102 132
101 133
100 133
99 132
98 132
97 132
96 131
95 131
94 131
93 130
92 130
91 130
90 130
89 129
88 129
87 128
86 128
85 128
84 127
83 127
82 127
81 127
80 127
79 127
78 127
77 127
76 127
75 126
74 127
73 126
72 126
71 125
70 125
69 124
68 124
67 124
66 123
65 124
64 123
63 124
63 125
62 126
61 127
60 127
59 128
58 128
57 129
56 129
55 130
55 131
54 131
53 131
52 132
51 133
51 134
50 133
50 132
49 131
49 130
48 129
47 128
47 127
46 126
46 125
46 124
45 123
45 122
44 121
44 120
44 119
43 118
43 117
43 116
42 115
42 114
42 113
42 112
42 111
41 110
41 109
41 108
41 107
41 106
41 105
42 104
43 104
44 103
44 102
45 101
46 101
47 101
48 100
49 99
50 99
51 98
52 98
53 97
54 97
55 96
56 95
57 95
58 94
58 93
59 93
60 93
61 93
62 92
63 92
64 92
65 92
66 91
67 90
68 89
69 89
70 89
71 89
72 89
73 88
74 88
75 88
76 88
77 87
78 87
79 87
80 87
81 87
82 87
83 87
84 87
85 87
86 87
87 87
88 86
89 86
90 86
91 86
92 86
93 86
94 86
95 86
96 86
