356
89 47
90 46
91 46
92 46
93 46
94 46
95 47
95 48
95 49
95 50
96 51
96 52
95 53
95 54
95 55
95 56
95 57
95 58
94 59
94 60
94 61
93 62
93 63
93 64
93 65
93 66
93 67
92 68
92 69
92 70
92 71
92 72
91 73
90 74
90 75
90 76
90 77
91 78
92 78
93 79
94 80
94 81
94 82
94 83
94 84
94 85
94 86
95 87
96 87
97 87
98 86
98 85
99 85
100 84
101 83
101 82
101 81
101 80
101 79
102 78
102 77
103 76
103 75
104 74
105 73
106 72
106 71
106 70
107 69
108 69
109 68
110 67
111 66
111 65
112 64
112 63
113 62
114 61
113 60
114 60
115 59
115 58
116 57
116 56
116 55
117 55
118 54
118 53
119 52
120 52
121 51
121 50
122 50
123 50
124 51
124 52
125 53
126 53
126 54
126 55
126 56
126 57
126 58
125 58
124 59
124 60
123 61
122 62
121 63
121 64
121 65
121 66
121 67
120 68
120 69
120 70
119 70
118 71
118 72
117 71
116 72
116 73
115 74
115 75
115 76
115 77
115 78
115 79
114 80
113 81
113 82
112 83
111 84
111 85
110 85
109 86
109 87
108 88
107 88
106 89
106 90
106 91
105 92
105 93
106 94
107 94
108 94
109 94
110 94
110 95
111 96
111 97
111 98
111 99
111 100
111 101
111 102
111 103
111 104
111 105
112 106
113 107
114 107
115 108
115 109
116 110
116 111
116 112
116 113
116 114
116 115
116 116
115 117
115 118
115 119
116 120
115 121
115 122
115 123
115 124
115 125
115 126
115 127
115 128
115 129
114 130
114 131
114 132
114 133
113 134
113 135
112 136
112 137
112 138
111 139
110 140
110 141
109 142
109 143
108 144
108 145
107 146
108 147
108 148
108 149
108 150
108 151
107 152
108 153
107 154
107 155
107 156
107 157
107 158
107 159
106 159
105 159
104 159
103 159
102 159
101 159
100 160
99 159
98 159
97 159
96 159
95 159
94 159
93 159
92 159
91 159
90 159
89 158
88 158
87 158
86 158
85 158
84 157
83 157
82 157
81 156
80 156
79 156
78 155
77 155
76 154
75 154
74 154
74 153
73 152
74 151
74 150
74 149
74 148
74 147
74 146
73 145
74 144
74 143
73 142
73 141
72 140
72 139
72 138
73 137
73 136
72 135
72 134
72 133
72 132
72 131
72 130
72 129
71 128
72 127
72 126
72 125
72 124
71 123
71 122
71 121
71 120
70 119
70 118
70 117
70 116
70 115
70 114
70 113
70 112
69 111
69 110
69 109
69 108
70 107
70 106
71 105
71 104
72 103
72 102
73 102
74 101
74 100
75 99
76 98
77 97
78 96
79 95
80 94
81 93
81 92
81 91
81 90
81 89
81 88
81 87
81 86
81 85
81 84
81 83
82 82
81 81
81 80
80 79
80 78
81 77
81 76
81 75
81 74
81 73
81 72
81 71
81 70
82 69
82 68
83 67
83 66
83 65
83 64
83 63
83 62
84 61
84 60
84 59
84 58
84 57
85 56
85 55
85 54
85 53
86 52
87 51
87 50
88 49
88 48
88 47
