338
94 52
94 51
95 51
96 51
97 52
98 51
99 52
100 53
100 54
101 55
101 56
101 57
101 58
101 59
100 60
100 61
99 62
99 63
98 64
98 65
97 66
97 67
96 68
96 69
96 70
97 71
98 72
98 73
98 74
98 75
99 76
98 77
99 78
99 79
99 80
98 81
98 82
98 83
97 84
98 85
99 86
99 87
99 88
100 89
101 89
102 89
103 89
104 89
105 88
106 88
107 87
107 86
107 85
107 84
107 83
107 82
108 81
108 80
109 79
110 78
111 77
112 76
112 75
112 74
113 73
114 73
115 72
115 71
115 70
115 69
116 68
116 67
117 66
118 65
118 64
118 63
118 62
118 61
118 60
118 59
119 58
120 57
120 56
121 55
122 55
123 55
124 54
125 54
126 55
127 55
128 55
129 56
130 57
130 58
130 59
130 60
129 61
129 62
129 63
128 63
127 64
126 65
126 66
125 67
125 68
124 69
125 70
124 71
123 72
123 73
122 74
121 75
120 76
120 77
120 78
119 79
119 80
119 81
119 82
119 83
119 84
119 85
119 86
118 87
117 88
117 89
116 89
115 90
115 91
114 92
113 93
112 94
112 95
112 96
113 97
113 98
112 99
112 100
113 101
114 102
115 101
116 101
117 102
118 103
119 103
120 103
121 104
122 105
123 106
123 107
123 108
123 109
123 110
124 111
125 112
126 112
127 112
127 113
127 114
128 115
127 116
127 117
127 118
127 119
127 120
126 121
126 122
125 123
125 124
124 125
124 126
124 127
124 128
124 129
123 130
123 131
122 132
122 133
121 134
121 135
120 136
120 137
120 138
120 139
120 140
119 141
119 142
119 143
119 144
118 145
118 146
117 147
116 148
116 149
116 150
115 151
115 152
115 153
115 154
115 155
115 156
115 157
115 158
114 158
113 158
112 158
111 158
110 159
109 159
108 159
107 159
106 159
105 159
104 159
103 159
102 159
101 159
100 160
99 159
98 159
97 159
96 159
95 159
94 159
93 159
92 159
91 159
90 159
89 158
88 158
87 158
86 158
85 158
84 157
84 156
84 155
84 154
85 153
85 152
85 151
84 150
84 149
85 148
85 147
85 146
84 145
84 144
84 143
84 142
84 141
84 140
83 139
83 138
83 137
83 136
83 135
83 134
83 133
82 132
82 131
82 130
82 129
81 128
81 127
80 126
80 125
80 124
79 123
79 122
79 121
79 120
79 119
79 118
79 117
80 116
80 115
81 114
81 113
81 112
82 111
82 110
83 109
83 108
84 107
84 106
85 105
85 104
86 103
86 102
86 101
86 100
86 99
86 98
86 97
86 96
86 95
86 94
87 93
87 92
87 91
87 90
87 89
87 88
88 87
88 86
88 85
87 84
87 83
87 82
87 81
87 80
87 79
87 78
87 77
87 76
88 75
88 74
88 73
88 72
89 71
89 70
89 69
90 68
90 67
90 66
89 65
89 64
90 63
90 62
90 61
90 60
90 59
90 58
90 57
91 56
92 55
92 54
93 53
