319
99 60
100 59
101 59
102 59
103 59
104 59
103 60
104 61
104 62
104 63
104 64
105 65
105 66
106 67
105 68
105 69
105 70
104 71
103 72
103 73
103 74
102 75
101 75
100 76
100 77
100 78
99 79
99 80
100 81
101 82
101 83
101 84
102 85
103 86
104 87
103 88
104 89
104 90
104 91
105 92
106 92
107 92
108 91
107 90
108 90
109 90
110 90
111 89
111 88
112 88
113 87
113 86
113 85
114 84
114 83
114 82
115 82
116 81
116 80
117 79
118 78
119 77
119 76
120 75
121 74
122 73
122 72
122 71
123 70
124 70
125 69
126 68
126 67
126 66
126 65
126 64
127 63
127 62
128 62
129 62
130 61
131 62
132 63
133 64
133 65
134 66
134 67
134 68
134 69
134 70
134 71
133 72
133 73
133 74
132 75
131 76
130 77
130 78
129 78
128 79
128 80
128 81
127 81
126 81
125 82
125 83
125 84
125 85
124 86
124 87
124 88
123 89
123 90
123 91
122 92
122 93
121 94
120 94
119 95
119 96
118 97
117 97
116 98
115 99
114 100
113 100
112 101
111 102
112 103
112 104
113 105
114 105
115 106
116 107
117 106
118 107
119 107
120 107
121 108
122 109
123 109
124 110
125 111
125 112
125 113
126 114
126 115
127 116
128 117
128 118
129 119
129 120
129 121
129 122
128 123
128 124
127 125
127 126
126 127
125 128
124 129
124 130
124 131
124 132
124 133
123 134
123 135
122 135
121 136
120 137
119 138
119 139
119 140
119 141
118 142
118 143
118 144
117 145
117 146
117 147
117 148
116 149
116 150
116 151
115 152
114 153
113 154
112 155
111 156
110 157
109 158
109 159
108 159
107 159
106 159
105 159
104 159
103 159
102 159
101 159
100 160
99 159
98 159
97 159
96 159
95 159
94 159
93 159
92 159
91 159
90 159
89 158
88 158
87 158
86 158
85 158
84 157
83 157
82 157
81 156
81 155
81 154
81 153
82 152
82 151
82 150
82 149
82 148
83 147
83 146
83 145
83 144
83 143
83 142
83 141
84 140
84 139
83 138
83 137
83 136
83 135
83 134
83 133
82 132
81 132
81 131
81 130
81 129
81 128
80 127
80 126
80 125
80 124
80 123
81 122
81 121
81 120
82 119
82 118
81 117
81 116
81 115
82 114
83 113
83 112
83 111
84 110
85 110
86 109
86 108
87 107
87 106
88 105
88 104
88 103
88 102
89 101
89 100
89 99
89 98
90 97
90 96
90 95
90 94
90 93
90 92
90 91
90 90
90 89
90 88
90 87
90 86
90 85
89 84
89 83
90 82
90 81
91 80
91 79
92 78
93 77
94 76
94 75
95 75
96 74
96 73
96 72
97 71
97 70
97 69
97 68
97 67
97 66
97 65
97 64
97 63
98 62
97 61
98 60
