331
111 50
112 49
113 49
114 49
115 49
116 50
117 50
118 51
118 52
118 53
118 54
118 55
118 56
118 57
117 57
116 58
115 59
115 60
115 61
114 62
114 63
113 64
113 65
113 66
112 67
111 68
111 69
111 70
111 71
111 72
111 73
110 74
110 75
110 76
110 77
110 78
109 79
109 80
108 81
108 82
107 83
107 84
106 85
105 86
105 87
104 88
103 89
103 90
103 91
103 92
102 92
101 93
101 94
100 95
100 96
100 97
100 98
101 99
102 99
103 99
104 99
105 99
106 99
107 98
108 97
109 98
110 98
111 99
112 99
113 99
113 100
113 101
114 102
114 103
114 104
115 105
116 106
117 107
117 108
117 109
117 110
118 111
118 112
118 113
118 114
118 115
118 116
118 117
118 118
118 119
117 120
117 121
116 122
116 123
116 124
116 125
116 126
116 127
116 128
115 129
116 130
116 131
116 132
115 133
115 134
115 135
114 136
114 137
114 138
114 139
113 140
113 141
113 142
113 143
113 144
112 144
111 145
110 145
109 146
109 147
108 148
109 149
109 150
109 151
109 152
109 153
109 154
109 155
109 156
110 157
109 158
109 159
108 159
107 159
106 159
105 159
104 159
103 159
102 159
101 159
100 160
99 159
98 159
97 159
96 159
95 159
94 159
93 159
92 159
91 159
90 159
89 158
88 158
87 158
86 158
85 158
84 157
83 157
82 157
81 156
80 156
79 156
78 155
77 155
77 154
77 153
76 152
76 151
76 150
76 149
76 148
77 147
77 146
77 145
77 144
77 143
77 142
77 141
77 140
77 139
77 138
77 137
78 136
78 135
77 134
77 133
76 132
75 131
74 130
73 130
73 129
72 128
72 127
71 126
71 125
71 124
72 123
72 122
72 121
72 120
72 119
72 118
72 117
72 116
72 115
71 114
71 113
71 112
71 111
71 110
71 109
71 108
72 107
72 106
72 105
73 104
73 103
73 102
74 101
74 100
75 99
75 98
75 97
76 96
76 95
76 94
76 93
77 92
77 91
77 90
77 89
77 88
78 87
78 86
78 85
78 84
79 83
79 82
79 81
78 80
79 79
79 78
79 77
78 76
78 75
79 74
78 73
79 72
79 71
79 70
80 69
80 68
81 67
81 66
82 65
82 64
82 63
82 62
82 61
83 60
83 59
83 58
83 57
84 56
84 55
85 54
86 53
87 52
88 51
89 50
90 50
91 50
92 50
92 51
92 52
92 53
92 54
93 55
93 56
94 57
94 58
94 59
94 60
94 61
94 62
93 63
92 64
92 65
91 66
90 67
90 68
90 69
90 70
89 71
90 72
90 73
91 74
91 75
91 76
92 77
93 76
93 75
94 75
95 76
96 75
97 74
98 74
99 73
99 72
100 71
100 70
100 69
101 68
102 67
103 66
103 65
104 64
104 63
105 62
105 61
105 60
105 59
105 58
106 58
107 57
108 56
108 55
109 54
110 53
110 52
111 51
