331
102 52
103 51
104 51
105 52
106 52
107 53
107 54
107 55
107 56
106 57
106 58
106 59
105 60
105 61
104 62
104 63
103 64
103 65
103 66
102 67
102 68
101 69
101 70
100 71
99 72
100 73
100 74
100 75
100 76
99 77
98 78
98 79
98 80
98 81
97 82
97 83
97 84
97 85
96 86
96 87
97 88
97 89
97 90
97 91
98 92
99 92
100 92
101 92
102 91
103 91
104 90
105 89
106 88
107 87
107 86
108 85
108 84
108 83
108 82
109 81
110 81
111 81
112 81
113 80
114 80
115 79
116 79
117 78
118 77
118 76
119 75
120 74
120 73
121 72
122 71
122 70
123 69
124 69
125 68
125 67
126 67
127 67
128 68
129 68
130 67
131 66
131 65
132 65
133 65
134 65
135 66
136 67
137 66
137 67
138 68
138 69
137 70
137 71
137 72
136 73
135 73
134 74
133 75
132 76
131 77
130 78
129 79
128 80
127 81
127 82
127 83
127 84
126 84
125 85
124 85
123 86
122 87
121 88
120 88
119 89
118 90
118 91
117 92
116 92
115 93
114 94
113 95
113 96
113 97
112 97
111 98
110 99
109 99
108 100
108 101
107 102
107 103
107 104
107 105
107 106
108 107
109 108
110 108
110 109
111 110
111 111
112 112
113 113
114 114
114 115
114 116
114 117
115 118
116 118
116 119
117 120
117 121
118 122
118 123
118 124
118 125
118 126
118 127
118 128
117 129
117 130
117 131
116 131
115 132
114 133
113 133
112 133
111 133
110 134
110 135
111 136
110 137
109 138
109 139
108 140
107 141
106 142
105 143
105 144
104 145
104 146
103 146
102 147
102 148
101 149
100 150
99 151
99 152
98 153
97 154
96 155
96 156
95 157
95 158
94 159
93 159
92 159
91 159
90 159
89 158
88 158
87 158
86 158
85 158
84 157
83 157
82 157
81 156
80 156
79 156
78 155
77 155
76 154
75 154
74 154
73 153
72 153
71 152
70 151
69 151
68 150
67 150
66 149
66 148
66 147
67 146
67 145
67 144
68 143
68 142
69 141
69 140
69 139
69 138
68 137
68 136
68 135
68 134
68 133
68 132
68 131
68 130
67 129
67 128
67 127
67 126
67 125
67 124
68 123
68 122
68 121
67 120
66 120
66 119
67 118
68 117
68 116
68 115
67 114
67 113
68 112
68 111
69 110
69 109
70 108
71 107
72 106
73 105
74 104
74 103
75 103
76 102
77 101
77 100
78 100
79 99
79 98
80 97
81 96
82 96
83 95
83 94
82 93
82 92
83 91
83 90
82 89
82 88
82 87
83 86
83 85
84 84
85 83
86 83
87 83
88 83
89 82
88 81
88 80
87 79
88 78
88 77
88 76
88 75
88 74
89 73
89 72
89 71
90 70
91 69
92 68
93 67
94 66
95 65
95 64
95 63
96 62
96 61
96 60
97 59
98 58
98 57
98 56
99 55
100 54
101 53
