342
102 44
103 43
104 44
105 44
105 45
105 46
106 47
106 48
106 49
106 50
105 51
105 52
105 53
105 54
105 55
104 56
103 57
104 58
103 59
103 60
102 61
101 62
100 63
100 64
99 65
98 66
98 67
97 68
97 69
97 70
97 71
96 71
95 72
96 73
96 74
95 75
95 76
96 77
97 78
98 78
99 78
100 78
101 78
102 77
103 76
104 76
105 76
106 76
107 75
108 75
109 74
109 73
110 73
111 73
112 72
113 71
113 70
114 69
115 68
116 67
117 67
118 66
118 65
119 64
120 63
121 63
122 62
122 61
122 60
123 59
123 58
124 58
125 57
126 58
127 59
128 58
129 57
129 56
129 55
128 54
128 53
129 53
130 53
131 54
132 54
133 55
134 55
135 56
136 56
137 56
136 57
136 58
136 59
135 60
135 61
134 61
133 62
132 63
131 64
131 65
130 66
130 67
129 68
129 69
128 70
127 70
126 71
125 72
124 72
123 73
122 74
121 75
120 75
119 76
118 77
117 78
116 79
115 80
115 81
115 82
114 83
113 83
112 84
111 85
110 85
109 86
108 86
107 86
106 86
105 86
104 87
105 88
105 89
105 90
106 91
105 92
104 93
104 94
105 95
106 95
107 95
108 95
109 96
110 97
111 98
112 99
113 100
113 101
113 102
114 103
115 104
116 104
117 105
117 106
117 107
118 108
118 109
118 110
117 111
117 112
117 113
117 114
116 115
116 116
115 117
114 118
113 119
112 120
111 121
111 122
110 123
109 124
108 125
107 126
107 127
107 128
106 128
105 128
104 129
104 130
103 131
102 132
102 133
101 134
101 135
100 136
99 137
100 138
100 139
100 140
99 141
99 142
98 143
97 144
97 145
96 146
95 147
95 148
95 149
94 150
95 151
94 152
94 153
94 154
94 155
94 156
95 157
94 158
93 158
92 159
91 159
90 159
89 158
88 158
87 158
86 158
85 158
84 157
83 157
82 157
81 156
80 156
79 156
78 155
77 155
76 154
75 154
74 154
73 153
72 153
71 152
70 151
69 151
68 150
67 150
66 149
65 148
64 148
64 147
63 146
64 145
65 144
65 143
65 142
65 141
65 140
66 139
66 138
66 137
67 136
68 135
68 134
68 133
69 132
69 131
70 130
70 129
70 128
70 127
70 126
71 125
71 124
71 123
70 122
70 121
70 120
70 119
70 118
70 117
70 116
70 115
71 114
71 113
71 112
70 111
69 110
70 109
69 108
70 107
70 106
71 105
71 104
72 103
72 102
72 101
73 100
73 99
74 98
74 97
75 96
76 95
76 94
77 93
77 92
77 91
78 90
79 89
79 88
79 87
80 86
81 85
81 84
82 83
82 82
82 81
82 80
83 79
83 78
84 77
84 76
85 75
85 74
85 73
86 72
86 71
86 70
86 69
87 68
87 67
88 66
88 65
88 64
88 63
89 62
89 61
90 60
90 59
90 58
91 57
92 57
93 56
94 55
94 54
95 53
95 52
96 51
97 50
98 49
99 48
99 47
100 46
101 45
