328
102 52
103 51
104 51
105 52
106 53
107 53
108 54
108 55
108 56
107 57
106 58
105 59
105 60
105 61
104 62
103 63
103 64
102 65
102 66
102 67
101 68
101 69
101 70
101 71
101 72
100 73
99 74
100 75
99 76
99 77
98 78
98 79
98 80
97 81
97 82
97 83
96 84
97 85
98 85
99 86
98 87
99 88
100 88
101 88
102 88
103 87
104 86
105 86
106 85
107 84
107 83
107 82
107 81
107 80
108 79
109 78
110 78
111 77
111 76
112 75
113 74
114 74
115 73
115 72
116 71
117 70
118 70
119 69
120 68
121 67
122 66
123 66
124 65
125 64
126 63
126 62
127 62
128 61
129 61
130 61
131 62
132 62
133 61
133 60
134 59
134 58
135 58
136 59
136 60
135 61
135 62
135 63
135 64
135 65
134 66
134 67
134 68
133 69
132 70
131 71
130 72
129 73
129 74
128 75
127 76
126 77
126 78
125 77
124 78
123 79
123 80
122 81
122 82
121 83
121 84
120 85
120 86
119 87
118 88
117 89
116 89
115 90
114 91
113 91
112 92
111 93
110 94
109 95
109 96
109 97
108 98
107 99
108 100
109 100
110 101
111 102
112 102
113 103
113 104
114 105
115 105
115 106
116 107
116 108
116 109
116 110
116 111
117 112
117 113
118 114
119 115
119 116
119 117
120 118
120 119
119 120
119 121
119 122
118 122
117 123
116 124
116 125
115 126
114 126
113 126
112 126
111 126
110 127
110 128
110 129
111 130
110 131
110 132
109 133
109 134
108 135
107 136
107 137
106 138
105 139
105 140
105 141
104 142
103 143
103 144
102 145
102 146
101 145
100 146
100 147
99 148
98 148
97 149
97 150
96 151
96 152
95 153
95 154
94 155
94 156
94 157
94 158
93 158
92 159
91 159
90 159
89 158
88 158
87 158
86 158
85 158
84 157
83 157
82 157
81 156
80 156
79 156
78 155
77 155
76 154
75 154
74 154
73 153
72 153
71 152
70 151
69 151
68 150
67 150
68 149
68 148
69 147
69 146
69 145
69 144
69 143
69 142
69 141
70 140
70 139
71 139
72 138
72 137
73 136
73 135
73 134
73 133
72 132
72 131
72 130
72 129
72 128
72 127
72 126
72 125
72 124
72 123
72 122
72 121
72 120
72 119
72 118
72 117
72 116
72 115
73 114
72 113
73 112
72 111
72 110
73 109
74 108
74 107
74 106
75 105
76 104
77 103
78 102
79 101
78 100
79 99
80 98
80 97
80 96
81 95
81 94
82 93
82 92
82 91
82 90
83 89
83 88
84 87
84 86
85 85
85 84
85 83
86 82
86 81
86 80
86 79
86 78
86 77
87 76
88 75
89 74
90 73
90 72
90 71
91 70
91 69
92 68
93 67
93 66
93 65
93 64
94 63
93 62
93 61
94 60
94 59
95 58
96 57
97 56
98 55
99 54
100 53
101 52
