349
102 52
102 51
103 51
104 51
105 51
106 51
107 51
107 52
108 53
109 54
109 55
109 56
110 57
110 58
110 59
110 60
110 61
110 62
109 63
109 64
109 65
109 66
108 67
108 68
107 69
107 70
107 71
107 72
107 73
107 74
107 75
107 76
107 77
107 78
106 79
106 80
106 81
107 82
106 83
105 83
104 84
103 85
104 86
103 87
103 88
103 89
103 90
104 91
104 92
103 93
102 94
101 95
101 96
101 97
101 98
101 99
102 100
103 101
104 101
105 101
106 101
107 101
108 100
109 101
110 101
111 101
112 102
113 103
114 103
114 104
115 105
116 105
117 106
118 107
119 108
120 109
120 110
120 111
120 112
120 113
120 114
119 115
120 116
121 117
121 118
120 119
120 120
119 121
119 122
119 123
118 124
117 125
117 126
117 127
118 128
119 128
120 128
121 129
121 130
121 131
121 132
121 133
121 134
120 135
120 136
119 137
119 138
119 139
118 140
118 141
119 142
119 143
119 144
120 145
120 146
120 147
119 148
119 149
119 150
118 151
118 152
118 153
119 154
119 155
119 156
118 157
117 157
116 157
115 158
114 158
113 158
112 158
111 158
110 159
109 159
108 159
107 159
106 159
105 159
104 159
103 159
102 159
101 159
100 160
99 159
98 159
97 159
96 159
95 159
94 159
93 159
92 159
91 159
90 159
89 158
88 158
88 157
87 156
87 155
87 154
87 153
86 152
86 151
85 150
84 150
83 149
83 148
83 147
83 146
82 145
81 144
81 143
80 142
79 141
79 140
78 139
78 138
79 137
78 136
78 135
77 134
76 134
75 133
75 132
75 131
74 130
74 129
73 128
73 127
73 126
73 125
72 124
72 123
72 122
72 121
72 120
72 119
72 118
73 118
74 117
74 116
74 115
74 114
74 113
74 112
74 111
74 110
74 109
75 108
76 107
76 106
77 105
77 104
77 103
77 102
77 101
76 100
76 99
76 98
76 97
76 96
76 95
76 94
76 93
76 92
76 91
75 90
76 89
75 88
74 87
74 86
73 85
73 84
72 83
72 82
72 81
72 80
72 79
71 78
71 77
72 76
72 75
72 74
72 73
72 72
73 71
73 70
74 69
73 68
73 67
72 66
72 65
71 64
71 63
71 62
71 61
72 60
72 59
72 58
73 57
74 56
75 55
76 54
76 53
77 53
78 54
79 55
79 56
79 57
80 58
80 59
80 60
80 61
80 62
80 63
80 64
81 65
81 66
81 67
81 68
81 69
82 70
82 71
83 72
83 73
83 74
83 75
83 76
83 77
83 78
83 79
83 80
83 81
83 82
84 83
85 84
85 85
85 86
85 87
86 88
86 89
86 90
86 91
86 92
87 93
88 93
89 94
90 94
91 93
92 92
93 91
93 90
93 89
92 88
93 87
93 86
94 85
93 84
94 83
94 82
95 81
95 80
95 79
96 78
96 77
96 76
96 75
96 74
96 73
96 72
96 71
96 70
97 69
97 68
97 67
97 66
97 65
97 64
97 63
97 62
97 61
98 60
98 59
98 58
99 57
99 56
100 55
100 54
101 53
