329
99 52
100 51
101 51
102 52
102 53
103 54
103 55
104 56
104 57
104 58
104 59
103 60
103 61
102 62
102 63
101 64
101 65
101 66
101 67
101 68
101 69
101 70
101 71
101 72
101 73
101 74
101 75
101 76
101 77
101 78
101 79
101 80
101 81
102 82
102 83
102 84
103 85
104 86
105 86
106 86
107 85
108 84
109 83
109 82
110 81
111 80
111 79
111 78
112 77
112 76
112 75
112 74
113 73
114 72
114 71
115 70
115 69
116 68
116 67
116 66
117 65
117 64
118 63
118 62
119 61
119 60
120 60
121 59
121 58
122 57
123 56
123 55
124 54
125 54
126 53
127 53
128 53
129 54
130 54
130 55
130 56
130 57
130 58
129 58
128 59
128 60
128 61
128 62
128 63
127 64
127 65
127 66
127 67
127 68
126 69
126 70
126 71
125 72
125 73
124 74
125 75
124 75
123 76
122 77
122 78
122 79
121 80
120 81
119 82
119 83
118 84
117 85
117 86
116 87
116 88
116 89
116 90
116 91
116 92
115 93
115 94
114 95
114 96
115 97
116 98
117 98
118 98
119 98
120 99
121 99
122 99
123 100
124 101
125 101
125 102
126 103
126 104
127 105
128 105
128 106
129 107
129 108
129 109
129 110
129 111
129 112
129 113
129 114
128 115
128 116
127 117
127 118
127 119
127 120
127 121
127 122
127 123
127 124
126 125
126 126
125 127
125 128
125 129
124 130
124 131
124 132
123 133
123 134
123 135
122 136
122 137
121 138
121 139
120 140
120 141
119 142
120 143
120 144
120 145
120 146
120 147
120 148
120 149
120 150
120 151
119 152
119 153
119 154
119 155
118 156
118 157
117 157
116 157
115 158
114 158
113 158
112 158
111 158
110 159
109 159
108 159
107 159
106 159
105 159
104 159
103 159
102 159
101 159
100 160
99 159
98 159
97 159
96 159
95 159
94 159
93 159
92 159
91 159
90 159
90 158
90 157
90 156
90 155
90 154
91 153
91 152
91 151
91 150
92 149
92 148
92 147
92 146
92 145
92 144
92 143
92 142
92 141
91 140
91 139
91 138
91 137
91 136
90 135
90 134
90 133
89 132
89 131
90 130
90 129
90 128
90 127
89 126
89 125
88 124
88 123
87 122
86 122
86 121
86 120
85 119
85 118
85 117
84 116
83 115
83 114
83 113
83 112
83 111
83 110
83 109
83 108
84 108
85 107
86 106
86 105
87 104
87 103
88 102
89 101
89 100
90 100
91 99
91 98
91 97
91 96
92 95
92 94
91 93
91 92
92 91
92 90
92 89
92 88
92 87
92 86
92 85
92 84
92 83
92 82
92 81
92 80
92 79
92 78
92 77
92 76
92 75
92 74
93 73
93 72
93 71
94 70
94 69
94 68
94 67
94 66
94 65
94 64
93 63
92 62
92 61
92 60
93 59
93 58
94 57
95 56
96 55
97 55
98 54
98 53
