326
96 58
97 57
98 57
99 57
100 57
101 57
102 57
103 58
103 59
103 60
103 61
102 62
101 63
101 64
101 65
100 66
100 67
99 68
98 69
98 70
99 71
98 72
98 73
99 74
99 75
99 76
99 77
99 78
98 79
98 80
97 80
96 81
96 82
95 83
96 84
95 85
94 85
93 86
93 87
93 88
94 89
94 90
95 91
96 91
96 92
97 93
98 93
99 93
100 92
101 91
102 90
103 89
103 88
104 88
105 87
106 86
106 85
106 84
107 83
107 82
107 81
107 80
107 79
107 78
108 77
109 76
110 76
111 75
111 74
112 73
113 73
114 72
115 72
116 71
117 70
117 69
117 68
117 67
118 66
119 66
120 65
120 64
121 63
122 62
123 62
124 62
125 62
126 61
127 61
128 62
129 61
130 61
129 62
129 63
130 64
130 65
129 66
129 67
129 68
128 69
127 69
126 70
126 71
125 72
125 73
124 74
124 75
123 76
122 75
121 76
121 77
120 78
120 79
119 80
118 81
118 82
117 82
116 83
116 84
115 85
116 86
116 87
115 88
115 89
114 90
113 91
113 92
113 93
112 94
111 95
110 95
109 96
109 97
109 98
109 99
109 100
109 101
109 102
109 103
110 104
110 105
110 106
111 107
112 107
113 107
114 108
115 108
116 109
117 110
117 111
117 112
117 113
118 114
118 115
118 116
118 117
119 118
119 119
120 120
120 121
120 122
120 123
120 124
119 125
118 126
117 127
116 128
116 129
115 129
114 130
113 131
114 132
114 133
114 134
114 135
114 136
113 137
112 138
112 139
111 140
111 141
110 142
109 143
109 144
109 145
108 145
107 146
107 147
106 148
105 149
105 150
104 151
103 152
103 153
103 154
103 155
103 156
103 157
103 158
102 159
101 159
100 160
99 159
98 159
97 159
96 159
95 159
94 159
93 159
92 159
91 159
90 159
89 158
88 158
87 158
86 158
85 158
84 157
83 157
82 157
81 156
80 156
79 156
78 155
77 155
76 154
75 154
74 154
73 153
73 152
73 151
73 150
74 149
75 148
75 147
75 146
76 145
77 144
77 143
77 142
78 141
77 140
76 139
76 138
77 137
77 136
78 135
77 134
77 133
78 132
78 131
77 130
76 129
76 128
75 127
75 126
74 125
74 124
74 123
74 122
74 121
74 120
74 119
74 118
74 117
74 116
74 115
74 114
74 113
75 112
76 111
76 110
77 110
78 109
78 108
79 108
80 107
80 106
81 105
81 104
81 103
82 102
82 101
83 100
84 99
84 98
85 97
86 96
85 95
84 94
83 94
83 93
83 92
84 91
84 90
85 89
85 88
85 87
86 86
86 85
86 84
87 83
87 82
87 81
87 80
87 79
87 78
87 77
88 76
89 75
90 74
91 73
91 72
91 71
91 70
91 69
92 68
92 67
92 66
92 65
92 64
93 63
93 62
93 61
94 60
95 59
