317
102 51
103 50
104 50
105 50
106 50
107 50
108 50
108 51
109 52
108 53
109 54
110 55
110 56
109 57
108 58
107 59
106 60
105 61
104 62
103 63
104 64
104 65
103 66
103 67
102 68
101 69
100 70
99 71
99 72
99 73
98 74
97 75
96 76
97 77
97 78
97 79
97 80
98 81
99 81
100 81
101 81
102 81
103 80
104 79
104 78
105 77
106 77
107 76
108 75
108 74
109 74
110 73
111 73
112 72
113 71
113 70
114 69
115 69
116 69
117 68
117 67
118 66
119 66
120 65
120 64
120 63
120 62
120 61
121 61
122 62
123 62
124 62
125 63
126 62
127 62
128 62
129 62
129 63
130 64
129 65
129 66
129 67
129 68
128 69
127 70
126 71
125 72
124 73
124 74
123 75
122 75
121 76
121 77
120 77
119 77
118 78
117 79
117 80
116 80
115 81
115 82
114 82
113 83
112 84
111 85
110 85
109 86
108 87
107 87
106 87
105 88
104 89
103 89
102 90
102 91
101 92
101 93
101 94
101 95
101 96
102 97
103 98
104 99
105 99
106 99
107 99
108 100
109 100
109 101
110 102
109 103
109 104
109 105
109 106
109 107
109 108
109 109
109 110
109 111
109 112
110 113
109 114
109 115
108 116
108 117
107 117
106 117
105 118
104 118
103 118
102 118
101 118
100 119
100 120
99 121
99 122
99 123
99 124
98 125
98 126
97 126
96 127
95 128
95 129
94 130
94 131
93 132
92 132
91 132
90 133
89 133
88 133
87 134
86 134
85 135
85 136
85 137
85 138
85 139
85 140
85 141
85 142
84 143
84 144
83 145
83 146
83 147
82 148
82 149
82 150
81 151
81 152
81 153
81 154
81 155
81 156
80 156
79 156
78 155
77 155
76 154
75 154
74 154
73 153
72 153
71 152
70 151
69 151
68 150
67 150
66 149
65 148
64 148
63 147
62 146
61 145
60 144
59 143
58 142
57 141
56 140
57 139
57 138
57 137
57 136
58 135
58 134
59 134
60 133
60 132
61 132
62 131
62 130
63 129
63 128
64 127
64 126
64 125
65 124
65 123
65 122
65 121
65 120
65 119
65 118
65 117
66 116
66 115
66 114
66 113
67 112
67 111
66 110
66 109
66 108
67 107
67 106
67 105
67 104
68 103
68 102
68 101
68 100
69 99
69 98
70 97
71 96
72 95
72 94
73 93
73 92
74 92
75 91
76 90
77 89
78 89
79 88
78 87
79 86
79 85
80 84
80 83
80 82
81 81
82 80
83 79
83 78
83 77
84 77
85 76
85 75
86 74
86 73
86 72
87 71
87 70
88 70
89 69
89 68
90 67
90 66
91 66
92 65
92 64
92 63
93 62
93 61
94 61
95 60
96 59
96 58
97 57
98 56
98 55
99 54
100 53
101 52
