360
88 51
89 50
90 50
91 50
92 50
93 50
93 51
94 52
95 53
95 54
95 55
95 56
95 57
96 58
95 59
95 60
95 61
94 62
94 63
94 64
93 65
93 66
93 67
92 68
91 69
91 70
90 71
90 72
91 73
92 73
92 74
92 75
92 76
93 77
93 78
93 79
93 80
93 81
93 82
93 83
93 84
93 85
94 86
94 87
94 88
95 89
96 90
97 90
98 90
99 90
100 90
101 89
102 89
103 88
103 87
104 86
105 85
105 84
105 83
106 82
106 81
107 80
107 79
108 78
108 77
109 76
109 75
108 74
109 73
110 72
111 71
111 70
111 69
112 69
113 68
113 67
114 66
114 65
114 64
115 63
115 62
116 61
116 60
117 59
118 58
118 57
118 56
118 55
119 54
120 53
121 53
122 52
122 51
123 51
124 50
125 51
126 52
127 53
128 53
128 54
128 55
128 56
129 57
129 58
129 59
128 60
128 61
127 62
127 63
126 64
125 65
124 66
124 67
124 68
124 69
124 70
123 71
123 72
123 73
122 72
121 73
120 74
119 75
119 76
119 77
118 78
118 79
118 80
118 81
117 82
117 83
116 84
115 85
115 86
114 87
113 88
112 88
111 88
110 89
110 90
110 91
109 91
108 92
108 93
107 94
107 95
107 96
107 97
106 98
107 99
108 100
109 99
110 99
111 99
112 100
113 101
114 102
115 103
116 104
117 105
117 106
117 107
118 108
118 109
119 110
119 111
120 112
121 113
122 113
123 113
123 114
123 115
124 116
125 117
125 118
125 119
125 120
125 121
124 122
124 123
123 124
122 125
122 126
121 127
120 128
121 129
122 130
123 130
124 130
124 131
124 132
124 133
124 134
124 135
123 136
123 137
122 138
122 139
121 140
120 141
121 142
120 143
120 144
120 145
120 146
119 147
119 148
118 149
118 150
118 151
118 152
117 153
116 154
116 155
115 156
114 157
113 158
112 158
111 158
110 159
109 159
108 159
107 159
106 159
105 159
104 159
103 159
102 159
101 159
100 160
99 159
98 159
97 159
96 159
95 159
94 159
93 159
92 159
91 159
90 159
89 158
88 158
87 158
86 158
85 158
84 157
83 157
82 157
81 156
80 156
79 156
79 155
79 154
79 153
79 152
79 151
80 150
80 149
79 148
80 147
79 146
78 145
78 144
78 143
77 142
78 141
78 140
78 139
78 138
78 137
77 136
77 135
76 134
77 133
77 132
77 131
78 130
77 129
78 128
78 127
78 126
78 125
78 124
78 123
78 122
78 121
79 120
79 119
80 118
80 117
81 117
82 117
83 116
83 115
84 114
83 113
82 113
81 113
80 112
79 111
79 110
80 109
80 108
81 107
81 106
80 105
80 104
80 103
80 102
81 101
81 100
81 99
82 98
83 97
83 96
84 95
84 94
84 93
83 92
83 91
82 90
82 89
82 88
81 87
81 86
81 85
81 84
81 83
82 82
82 81
82 80
82 79
81 78
82 77
82 76
82 75
82 74
83 73
82 72
83 71
83 70
83 69
84 68
84 67
84 66
84 65
84 64
84 63
85 62
85 61
85 60
85 59
85 58
85 57
85 56
85 55
85 54
86 53
86 52
87 51
