329
95 57
96 56
97 56
98 56
99 56
100 56
101 57
102 57
103 58
103 59
103 60
103 61
103 62
103 63
103 64
103 65
102 66
102 67
102 68
102 69
102 70
102 71
102 72
102 73
102 74
102 75
102 76
102 77
102 78
102 79
103 80
103 81
103 82
103 83
102 84
103 85
104 86
104 87
104 88
103 89
104 90
104 91
104 92
103 93
103 94
102 95
103 96
102 97
102 98
103 99
103 100
103 101
104 102
104 103
105 104
106 104
107 103
108 103
109 103
110 103
111 103
112 103
113 103
114 104
115 104
116 104
117 104
118 104
119 104
120 105
120 106
121 107
122 108
122 109
123 110
124 111
125 112
126 113
126 114
126 115
126 116
126 117
125 118
126 119
126 120
127 121
128 121
128 122
129 123
129 124
129 125
129 126
129 127
129 128
129 129
129 130
129 131
129 132
129 133
129 134
129 135
129 136
130 137
130 138
130 139
130 140
130 141
130 142
131 143
130 144
131 145
131 146
130 147
130 148
130 149
130 150
130 151
129 152
128 153
127 153
126 154
125 154
124 154
123 155
122 155
121 156
120 156
119 156
118 157
117 157
116 157
115 158
114 158
113 158
112 158
111 158
110 159
109 159
108 159
107 159
106 159
105 159
104 159
103 159
102 159
101 159
101 158
100 157
99 156
99 155
99 154
99 153
98 152
98 151
97 150
96 149
95 149
94 148
93 147
93 146
92 145
91 144
91 143
90 142
89 141
89 140
89 139
88 138
87 138
86 137
85 136
84 135
83 135
82 135
81 134
80 133
79 132
78 131
78 130
78 129
78 128
77 127
77 126
77 125
77 124
77 123
78 122
78 121
78 120
79 119
79 118
79 117
80 117
81 116
80 115
80 114
81 113
81 112
80 111
80 110
80 109
79 108
78 107
78 106
78 105
78 104
77 103
77 102
76 101
76 100
76 99
75 98
74 97
74 96
75 95
74 94
74 93
74 92
74 91
74 90
74 89
73 88
73 87
73 86
72 85
72 84
72 83
71 82
71 81
70 80
70 79
69 78
69 77
70 76
70 75
70 74
70 73
70 72
70 71
70 70
70 69
70 68
69 67
70 66
70 65
71 64
72 64
73 64
74 64
74 65
75 66
76 67
77 68
78 69
78 70
79 71
79 72
79 73
79 74
79 75
79 76
79 77
80 78
81 79
81 80
82 81
82 82
82 83
82 84
83 85
83 86
83 87
84 88
84 89
85 90
85 91
86 92
86 93
87 94
87 95
87 96
88 97
89 98
90 98
91 98
92 98
93 98
94 97
95 96
96 95
96 94
96 93
95 92
95 91
94 90
94 89
95 88
95 87
94 86
94 85
94 84
95 83
94 82
94 81
94 80
93 79
93 78
93 77
93 76
93 75
93 74
93 73
94 72
94 71
94 70
95 69
95 68
94 67
94 66
94 65
94 64
94 63
94 62
93 61
92 61
93 60
93 59
93 58
94 57
