330
82 52
83 51
84 51
85 51
86 51
87 51
88 51
88 52
88 53
89 54
89 55
89 56
89 57
89 58
89 59
88 60
88 61
87 62
87 63
87 64
87 65
87 66
88 67
87 68
88 69
88 70
88 71
89 72
89 73
89 74
89 75
90 76
90 77
90 78
91 79
92 80
93 81
94 81
95 82
96 82
97 82
98 81
99 80
100 79
101 78
101 77
101 76
101 75
102 74
102 73
103 72
104 71
104 70
104 69
105 68
106 67
106 66
106 65
107 64
107 63
108 62
108 61
107 60
108 59
108 58
108 57
109 56
110 55
111 54
112 53
113 52
114 51
115 51
116 51
117 51
118 52
118 53
119 54
119 55
119 56
119 57
120 58
120 59
119 60
119 61
119 62
119 63
118 64
118 65
117 66
116 67
115 68
115 69
115 70
115 71
115 72
115 73
114 74
113 75
113 76
112 77
112 78
111 79
111 80
110 81
110 82
109 83
108 84
108 85
107 86
107 87
106 88
106 89
105 90
104 91
103 92
103 93
103 94
102 95
102 96
102 97
103 98
104 98
105 98
106 98
107 99
108 98
109 98
110 99
111 99
112 99
113 99
114 100
115 100
115 101
114 102
115 103
116 103
117 104
117 105
117 106
118 107
119 108
119 109
119 110
119 111
119 112
119 113
118 114
118 115
117 116
117 117
117 118
117 119
117 120
117 121
117 122
116 123
117 124
118 125
118 126
117 127
117 128
117 129
117 130
117 131
117 132
117 133
117 134
117 135
117 136
117 137
117 138
116 139
115 140
115 141
115 142
114 143
114 144
114 145
113 146
112 147
112 148
111 149
111 150
110 151
110 152
109 153
110 154
110 155
110 156
110 157
110 158
110 159
109 159
108 159
107 159
106 159
105 159
104 159
103 159
102 159
101 159
100 160
99 159
98 159
97 159
96 159
95 159
94 159
93 159
92 159
91 159
90 159
89 158
88 158
87 158
86 158
85 158
84 157
83 157
82 157
81 156
80 156
79 155
79 154
79 153
79 152
79 151
79 150
79 149
79 148
78 147
78 146
78 145
78 144
78 143
78 142
78 141
78 140
78 139
78 138
78 137
78 136
78 135
78 134
78 133
78 132
77 131
76 131
76 130
76 129
75 128
74 127
74 126
74 125
74 124
75 123
75 122
74 121
73 120
73 119
73 118
74 117
74 116
74 115
73 114
73 113
73 112
73 111
73 110
74 109
74 108
74 107
75 107
76 106
77 105
77 104
78 103
79 102
79 101
79 100
79 99
80 98
79 97
79 96
79 95
79 94
79 93
79 92
79 91
79 90
79 89
79 88
78 87
78 86
77 85
78 84
78 83
78 82
77 81
77 80
77 79
77 78
77 77
77 76
77 75
77 74
77 73
77 72
77 71
78 70
78 69
79 68
80 67
79 66
80 65
80 64
80 63
79 62
79 61
79 60
79 59
80 58
80 57
80 56
80 55
80 54
81 53
81 52
