346
83 47
84 46
85 46
86 46
87 46
88 47
89 47
89 48
89 49
89 50
89 51
90 52
89 53
89 54
89 55
89 56
89 57
89 58
88 59
87 60
87 61
86 62
86 63
86 64
86 65
86 66
86 67
86 68
86 69
86 70
86 71
85 72
85 73
84 74
84 75
83 76
84 77
85 77
85 78
85 79
86 80
86 81
86 82
87 83
87 84
87 85
88 86
89 86
90 85
90 84
91 83
91 82
92 81
92 80
91 79
92 78
92 77
92 76
92 75
92 74
92 73
93 72
94 71
95 70
95 69
95 68
96 67
97 66
98 65
98 64
99 63
100 62
100 61
100 60
101 59
101 58
101 57
102 56
102 55
103 54
104 53
105 52
106 51
107 50
108 49
109 48
110 48
111 48
112 49
113 49
113 50
113 51
114 52
113 53
113 54
112 55
112 56
112 57
112 58
112 59
111 60
111 61
111 62
111 63
111 64
110 65
109 66
108 67
107 68
107 69
107 70
107 71
106 72
105 73
105 74
105 75
104 76
104 77
103 78
102 79
102 80
102 81
102 82
102 83
101 84
100 85
100 86
100 87
99 88
100 89
99 89
98 90
98 91
98 92
98 93
98 94
98 95
99 96
100 96
101 97
102 97
103 98
104 99
105 100
106 100
107 101
108 101
109 102
110 103
111 103
112 104
112 105
113 106
113 107
114 108
114 109
114 110
115 111
115 112
115 113
115 114
115 115
115 116
115 117
114 118
114 119
113 120
112 121
111 122
111 123
110 123
109 124
108 125
107 126
107 127
108 128
109 129
110 130
111 131
111 132
111 133
111 134
110 135
110 136
110 137
110 138
110 139
109 140
109 141
109 142
109 143
109 144
108 144
107 145
107 146
106 147
106 148
107 149
107 150
107 151
107 152
108 153
107 154
107 155
107 156
107 157
107 158
107 159
106 159
105 159
104 159
103 159
102 159
101 159
100 160
99 159
98 159
97 159
96 159
95 159
94 159
93 159
92 159
91 159
90 159
89 158
88 158
87 158
86 158
85 158
84 157
83 157
82 157
81 156
80 156
79 156
78 155
77 155
76 154
75 154
75 153
75 152
75 151
75 150
75 149
75 148
75 147
76 146
76 145
75 144
75 143
75 142
74 141
73 140
73 139
73 138
73 137
72 136
73 135
73 134
72 133
71 132
71 131
71 130
70 129
70 128
70 127
69 126
69 125
69 124
69 123
68 122
69 121
68 120
67 119
67 118
67 117
66 116
66 115
65 114
65 113
65 112
65 111
65 110
66 109
67 108
67 107
68 106
68 105
69 104
69 103
70 102
70 101
70 100
71 99
71 98
71 97
72 96
72 95
72 94
72 93
72 92
72 91
72 90
72 89
72 88
72 87
72 86
73 85
73 84
72 83
73 82
73 81
73 80
72 79
72 78
72 77
72 76
73 75
73 74
74 73
74 72
75 71
76 70
77 69
77 68
78 67
78 66
78 65
78 64
78 63
78 62
78 61
78 60
78 59
78 58
78 57
78 56
79 55
79 54
79 53
79 52
80 51
80 50
81 49
82 48
