340
102 58
103 57
103 58
103 59
104 60
103 61
103 62
102 63
102 64
101 65
101 66
101 67
100 68
99 69
99 70
99 71
98 72
98 73
97 74
97 75
96 76
96 77
96 78
96 79
95 80
95 81
94 82
94 83
93 84
93 85
92 86
93 87
93 88
94 89
95 89
96 90
97 90
98 91
99 90
100 89
101 88
102 87
103 86
103 85
104 84
105 84
106 83
106 82
106 81
106 80
107 80
108 79
108 78
108 77
109 76
110 76
111 75
111 74
112 74
113 73
114 72
115 71
115 70
116 69
117 69
118 68
118 67
119 68
120 67
121 66
121 65
121 66
121 67
121 68
122 69
123 70
124 69
125 68
126 68
127 67
127 66
126 65
125 65
124 65
125 65
126 65
127 64
126 63
125 63
125 62
126 61
127 61
128 61
129 61
129 62
128 62
127 63
127 64
128 65
129 65
130 65
129 65
128 66
129 67
128 66
127 67
126 68
126 69
125 70
124 70
123 71
123 72
122 73
122 74
122 75
122 76
121 77
121 78
120 78
119 79
118 80
118 81
118 82
118 83
117 84
116 85
115 86
114 87
114 88
113 89
112 90
112 91
111 91
110 91
109 92
108 93
107 94
107 95
106 96
106 97
106 98
106 99
106 100
107 101
108 101
109 102
110 103
111 104
112 105
112 106
113 107
114 108
114 109
115 110
115 111
116 112
116 113
117 114
118 115
119 115
119 116
119 117
120 118
120 119
120 120
120 121
119 122
119 123
118 124
117 125
116 126
116 127
115 128
114 129
113 130
112 131
111 131
110 132
110 133
111 134
111 135
111 136
111 137
111 138
111 139
110 140
109 141
108 142
107 143
106 144
105 145
105 146
104 146
103 147
103 148
103 149
102 150
102 151
101 152
102 153
102 154
102 155
101 156
101 157
101 158
101 159
100 160
99 159
98 159
97 159
96 159
95 159
94 159
93 159
92 159
91 159
90 159
89 158
88 158
87 158
86 158
85 158
84 157
83 157
82 157
81 156
80 156
79 156
78 155
77 155
76 154
75 154
74 154
73 153
72 153
71 152
72 151
72 150
73 149
73 148
73 147
73 146
73 145
74 144
74 143
73 142
74 141
73 140
73 139
74 138
75 137
75 136
74 135
74 134
75 133
74 132
74 131
74 130
74 129
74 128
74 127
74 126
74 125
73 124
74 123
74 122
73 121
73 120
73 119
73 118
74 117
74 116
74 115
74 114
74 113
74 112
74 111
74 110
73 109
73 108
74 107
74 106
75 106
76 105
76 104
77 103
77 102
78 101
78 100
78 99
78 98
78 97
78 96
78 95
79 94
79 93
80 92
80 91
80 90
81 89
81 88
82 87
82 86
83 85
83 84
83 83
83 82
84 82
85 81
85 80
85 79
85 78
86 77
86 76
87 75
87 74
88 73
89 72
89 71
90 70
90 69
91 68
92 67
93 66
93 65
93 64
94 64
95 65
96 65
97 64
98 63
99 64
100 63
100 62
100 61
101 61
102 60
101 59
100 58
101 58
