332
91 53
92 52
93 53
94 53
95 54
96 54
96 55
97 56
98 57
98 58
97 59
97 60
97 61
97 62
96 63
96 64
96 65
96 66
96 67
96 68
95 69
95 70
95 71
94 72
94 73
94 74
94 75
93 76
93 77
94 78
94 79
94 80
95 81
95 82
95 83
95 84
96 85
97 85
98 86
99 87
100 87
100 88
101 89
102 90
103 89
104 89
105 88
105 87
105 86
106 85
107 84
107 83
108 82
108 81
109 80
109 79
110 78
111 77
111 76
112 75
112 74
113 73
114 73
115 72
115 71
115 70
116 69
117 68
117 67
117 66
118 65
118 64
118 63
119 62
120 61
120 60
121 59
122 60
123 60
124 59
125 58
126 59
127 60
128 59
129 60
130 60
130 61
130 62
130 63
130 64
129 65
128 66
127 67
126 68
126 69
125 70
124 70
123 71
123 72
123 73
124 74
123 75
122 76
121 77
121 78
121 79
121 80
120 81
120 82
119 83
119 84
118 85
118 86
117 87
116 88
115 88
114 89
114 90
114 91
113 92
113 93
112 94
111 95
110 96
111 97
110 98
109 98
108 99
108 100
108 101
108 102
109 103
109 104
108 105
109 106
110 106
111 106
112 106
113 106
114 106
115 107
116 108
117 109
118 109
118 110
119 111
120 112
121 113
122 114
123 115
124 115
125 116
126 116
126 117
126 118
126 119
126 120
126 121
125 122
125 123
124 124
123 125
123 126
123 127
122 128
122 129
121 130
120 131
120 132
120 133
120 134
120 135
120 136
120 137
120 138
120 139
119 140
119 141
118 142
118 143
117 144
117 145
117 146
116 147
116 148
115 149
114 150
114 151
113 152
113 153
113 154
113 155
113 156
113 157
113 158
112 158
111 158
110 159
109 159
108 159
107 159
106 159
105 159
104 159
103 159
102 159
101 159
100 160
99 159
98 159
97 159
96 159
95 159
94 159
93 159
92 159
91 159
90 159
89 158
88 158
87 158
86 158
85 158
84 157
83 157
82 157
82 156
83 155
83 154
83 153
83 152
83 151
83 150
83 149
83 148
83 147
83 146
83 145
82 144
82 143
82 142
82 141
82 140
82 139
81 138
81 137
81 136
80 135
79 134
79 133
79 132
79 131
78 130
77 129
77 128
76 127
76 126
75 125
75 124
75 123
75 122
75 121
76 120
76 119
77 118
77 117
78 116
78 115
78 114
79 114
80 113
80 112
80 111
81 110
81 109
81 108
81 107
80 106
80 105
80 104
81 104
82 103
82 102
82 101
82 100
82 99
82 98
83 97
83 96
82 95
83 94
83 93
83 92
82 91
83 90
83 89
83 88
83 87
83 86
82 85
82 84
83 83
83 82
83 81
83 80
83 79
83 78
84 77
84 76
84 75
85 74
85 73
85 72
85 71
85 70
85 69
86 68
85 67
86 66
86 65
86 64
86 63
87 62
87 61
87 60
87 59
87 58
87 57
88 56
88 55
89 55
90 54
