338
74 51
75 50
76 50
77 50
78 51
79 52
80 52
81 53
80 54
80 55
80 56
80 57
80 58
80 59
79 60
79 61
79 62
79 63
79 64
78 64
77 65
77 66
77 67
77 68
78 69
79 70
79 71
79 72
79 73
79 74
78 75
78 76
78 77
78 78
78 79
77 80
78 81
79 82
79 83
79 84
80 85
80 86
81 87
82 88
83 88
84 87
85 87
86 86
87 85
87 84
87 83
88 82
88 81
89 80
90 79
91 78
91 77
91 76
92 75
92 74
93 73
93 72
94 71
94 70
95 69
96 68
97 67
98 66
99 65
100 64
100 63
100 62
100 61
101 60
101 59
101 58
101 57
102 57
103 56
104 55
104 54
105 54
106 53
107 53
108 54
109 54
110 54
111 55
111 56
111 57
111 58
111 59
111 60
111 61
110 61
109 62
108 63
108 64
108 65
107 66
107 67
107 68
106 69
106 70
105 71
105 72
105 73
104 74
104 75
103 75
102 75
101 76
101 77
101 78
100 79
99 80
99 81
99 82
98 83
97 84
97 85
96 86
96 87
95 88
95 89
95 90
95 91
94 92
94 93
93 94
93 95
93 96
92 97
92 98
92 99
93 100
94 101
95 100
96 100
97 100
98 99
99 99
100 99
101 99
102 100
103 101
104 102
104 103
104 104
104 105
105 106
105 107
106 108
107 108
107 109
108 110
109 111
109 112
109 113
109 114
108 115
107 116
108 117
107 118
106 119
106 120
107 121
107 122
108 123
108 124
108 125
108 126
107 127
107 128
107 129
106 130
106 131
105 132
106 133
105 134
105 135
105 136
105 137
105 138
104 139
104 140
103 141
103 142
102 143
101 144
101 145
100 146
99 147
99 148
99 149
99 150
99 151
98 152
98 153
99 154
99 155
98 156
99 157
99 158
99 159
100 160
99 159
98 159
97 159
96 159
95 159
94 159
93 159
92 159
91 159
90 159
89 158
88 158
87 158
86 158
85 158
84 157
83 157
82 157
81 156
80 156
79 156
78 155
77 155
76 154
75 154
74 154
73 153
72 153
71 152
70 151
69 151
69 150
69 149
69 148
69 147
69 146
69 145
69 144
69 143
70 142
70 141
70 140
69 139
69 138
68 137
68 136
68 135
67 134
66 133
66 132
66 131
66 130
66 129
66 128
66 127
65 126
65 125
65 124
65 123
65 122
65 121
64 120
64 119
63 118
62 117
62 116
62 115
62 114
61 113
61 112
62 111
63 110
64 110
65 109
65 108
65 107
65 106
65 105
65 104
65 103
65 102
65 101
65 100
66 99
67 98
67 97
67 96
67 95
67 94
67 93
67 92
67 91
68 90
68 89
67 88
68 87
68 86
68 85
68 84
68 83
68 82
68 81
68 80
68 79
68 78
68 77
68 76
69 75
69 74
69 73
69 72
69 71
69 70
70 69
70 68
69 67
69 66
69 65
69 64
70 63
69 62
70 62
71 61
72 60
72 59
72 58
72 57
72 56
73 55
73 54
73 53
73 52
