344
102 53
103 52
104 52
105 52
106 52
107 53
107 54
108 55
108 56
108 57
108 58
108 59
107 60
107 61
107 62
107 63
107 64
106 65
106 66
106 67
106 68
106 69
106 70
105 71
105 72
105 73
105 74
105 75
104 76
105 77
105 78
105 79
105 80
104 81
104 82
104 83
104 84
104 85
104 86
104 87
104 88
105 89
106 90
106 91
106 92
107 93
108 93
109 94
110 94
111 93
112 92
112 91
113 90
114 89
114 88
114 87
114 86
115 85
115 84
116 83
116 82
117 81
118 80
118 79
119 78
119 77
119 76
120 76
121 75
121 74
121 73
122 72
122 71
123 70
124 69
125 69
126 68
126 67
127 66
127 65
127 64
127 63
127 62
127 61
128 60
129 59
130 59
131 58
132 57
133 56
134 56
135 55
136 56
137 56
138 57
139 58
139 59
139 60
139 61
139 62
139 63
138 64
138 65
137 66
137 67
136 68
136 69
135 69
134 70
134 71
134 72
134 73
134 74
133 75
133 76
134 77
133 78
132 79
132 80
131 79
130 80
130 81
129 82
129 83
128 84
127 85
126 86
126 87
126 88
125 89
125 90
124 91
124 92
123 93
123 94
123 95
122 96
121 97
121 98
120 99
119 99
118 100
118 101
119 102
120 102
120 103
121 104
122 104
123 105
124 105
125 106
125 107
126 108
126 109
127 110
127 111
128 112
129 113
130 114
131 115
131 116
132 117
132 118
132 119
132 120
131 121
131 122
131 123
131 124
130 125
129 126
129 127
128 128
129 129
130 130
130 131
130 132
129 133
129 134
130 135
130 136
129 137
129 138
128 139
128 140
127 141
127 142
126 143
126 144
126 145
125 146
125 147
124 148
124 149
123 150
123 151
122 152
122 153
121 154
121 155
121 156
120 156
119 156
118 157
117 157
116 157
115 158
114 158
113 158
112 158
111 158
110 159
109 159
108 159
107 159
106 159
105 159
104 159
103 159
102 159
101 159
100 160
99 159
98 159
97 159
96 159
95 159
94 159
93 159
92 159
91 159
90 159
90 158
90 157
89 156
89 155
89 154
89 153
89 152
89 151
89 150
88 149
88 148
88 147
87 146
87 145
87 144
86 143
86 142
86 141
86 140
85 139
85 138
85 137
85 136
85 135
86 134
85 133
84 133
84 132
84 131
83 130
84 129
84 128
83 127
83 126
83 125
83 124
83 123
83 122
82 121
82 120
82 119
82 118
82 117
82 116
82 115
82 114
82 113
83 112
83 111
84 111
85 110
86 109
87 109
88 108
89 108
90 107
91 106
92 105
92 104
93 103
93 102
93 101
94 100
94 99
95 98
95 97
96 96
96 95
95 94
95 93
95 92
94 91
94 90
95 89
95 88
95 87
94 86
95 86
96 85
96 84
96 83
96 82
97 81
97 80
96 79
95 80
94 79
94 78
94 77
94 76
94 75
94 74
94 73
95 72
96 71
96 70
96 69
97 68
97 67
97 66
97 65
97 64
97 63
97 62
96 61
97 60
97 59
97 58
98 57
99 56
100 55
101 54
