340
86 49
87 48
88 48
89 48
90 49
90 50
91 51
92 51
91 52
91 53
90 54
89 55
89 56
89 57
89 58
89 59
89 60
89 61
89 62
89 63
89 64
89 65
89 66
88 67
88 68
87 69
87 70
87 71
87 72
87 73
87 74
87 75
86 76
87 77
88 78
88 79
89 80
90 80
91 80
92 79
92 78
93 77
94 77
95 77
96 76
96 75
96 74
97 73
97 72
97 71
98 70
98 69
98 68
98 67
98 66
99 65
99 64
100 63
100 62
100 61
101 61
102 60
102 59
102 58
102 57
103 56
103 55
104 54
104 53
104 52
105 51
106 50
107 49
108 48
109 48
110 48
111 48
112 49
113 49
114 49
114 50
114 51
114 52
114 53
113 54
113 55
113 56
112 57
112 58
112 59
111 60
112 61
111 62
111 63
111 64
110 65
110 66
110 67
110 68
109 69
109 70
109 71
108 72
108 73
108 74
108 75
107 76
106 77
105 78
105 79
105 80
105 81
105 82
105 83
104 84
103 85
103 86
102 87
101 88
100 89
100 90
100 91
100 92
100 93
100 94
99 95
100 96
101 97
102 97
103 97
104 96
105 97
106 96
107 97
108 97
108 98
108 99
109 100
110 101
111 102
112 103
113 104
114 104
115 105
116 105
117 105
118 106
118 107
119 108
119 109
119 110
119 111
119 112
118 113
118 114
118 115
117 116
117 117
117 118
116 119
115 120
115 121
115 122
115 123
114 124
113 125
114 126
115 126
115 127
114 128
114 129
114 130
114 131
114 132
115 133
114 134
114 135
114 136
114 137
114 138
113 139
113 140
112 141
111 142
111 143
110 144
110 145
109 146
110 147
110 148
109 149
110 150
111 150
111 151
111 152
111 153
111 154
111 155
111 156
111 157
111 158
110 159
109 159
108 159
107 159
106 159
105 159
104 159
103 159
102 159
101 159
100 160
99 159
98 159
97 159
96 159
95 159
94 159
93 159
92 159
91 159
90 159
89 158
88 158
87 158
86 158
85 158
84 157
83 157
82 157
81 156
80 156
79 156
79 155
78 154
78 153
79 152
79 151
79 150
79 149
80 148
80 147
79 146
79 145
79 144
78 143
78 142
78 141
78 140
78 139
78 138
78 137
78 136
78 135
78 134
77 133
77 132
76 131
76 130
75 129
74 128
74 127
74 126
73 125
73 124
72 123
72 122
72 121
72 120
72 119
71 118
70 117
70 116
70 115
70 114
69 113
69 112
69 111
69 110
69 109
69 108
70 107
70 106
71 105
72 104
72 103
73 102
73 101
73 100
72 99
72 98
72 97
72 96
73 95
73 94
73 93
73 92
74 91
74 90
75 89
75 88
75 87
75 86
75 85
75 84
76 83
76 82
75 81
75 80
76 79
76 78
75 77
75 76
75 75
75 74
75 73
75 72
75 71
75 70
76 69
77 68
78 67
79 66
80 65
80 64
80 63
80 62
81 61
81 60
81 59
81 58
82 57
82 56
83 55
83 54
83 53
83 52
83 51
84 50
85 49
