326
96 55
96 54
97 54
98 54
99 54
100 54
101 55
102 56
102 57
103 58
103 59
103 60
103 61
103 62
103 63
102 64
101 65
102 66
102 67
101 68
100 69
99 70
99 71
99 72
99 73
99 74
99 75
98 76
98 77
98 78
98 79
97 80
97 81
97 82
97 83
97 84
98 85
99 86
100 87
101 88
102 88
103 88
104 88
105 88
106 87
107 86
107 85
107 84
108 83
109 82
109 81
109 80
109 79
110 78
110 77
111 76
112 75
112 74
113 73
113 72
114 71
114 70
115 69
115 68
115 67
115 66
116 65
116 64
116 63
116 62
117 62
118 61
118 60
119 60
120 59
120 58
121 58
122 57
123 56
124 56
125 56
126 56
127 57
128 58
129 59
130 59
130 60
129 61
129 62
129 63
129 64
128 65
127 66
126 67
126 68
125 69
125 70
125 71
125 72
125 73
125 74
124 75
123 76
123 77
122 78
121 79
121 80
120 80
119 81
118 82
118 83
117 84
117 85
116 86
115 87
115 88
114 89
114 90
113 91
112 92
111 93
111 94
111 95
110 96
110 97
109 98
108 99
109 100
109 101
110 102
111 102
112 102
113 102
114 102
115 102
116 103
117 104
118 104
118 105
119 106
119 107
120 108
120 109
121 110
121 111
122 112
123 112
124 113
124 114
125 115
125 116
125 117
125 118
124 119
123 120
123 121
122 122
122 123
122 124
121 125
121 126
121 127
121 128
121 129
121 130
121 131
122 132
122 133
122 134
121 135
121 136
121 137
121 138
121 139
120 140
120 141
120 142
120 143
120 144
119 145
118 146
118 147
118 148
118 149
118 150
118 151
117 152
116 153
116 154
116 155
115 156
115 157
115 158
114 158
113 158
112 158
111 158
110 159
109 159
108 159
107 159
106 159
105 159
104 159
103 159
102 159
101 159
100 160
99 159
98 159
97 159
96 159
95 159
94 159
93 159
92 159
91 159
90 159
89 158
88 158
87 158
86 158
86 157
86 156
86 155
86 154
86 153
86 152
86 151
86 150
86 149
87 148
86 147
87 146
86 145
86 144
86 143
86 142
86 141
85 140
85 139
84 138
83 137
83 136
84 135
84 134
83 133
83 132
83 131
83 130
83 129
83 128
82 127
82 126
82 125
82 124
82 123
82 122
81 121
80 120
80 119
80 118
80 117
80 116
80 115
80 114
81 113
81 112
82 111
82 110
83 109
83 108
84 107
84 106
84 105
85 104
85 103
86 102
87 101
88 100
88 99
88 98
88 97
88 96
88 95
87 94
86 94
86 93
87 92
87 91
88 90
88 89
87 88
87 87
86 86
86 85
86 84
86 83
86 82
87 81
87 80
88 79
88 78
88 77
88 76
89 75
90 74
90 73
91 72
91 71
92 70
92 69
93 68
94 67
94 66
93 65
93 64
93 63
93 62
93 61
93 60
93 59
93 58
93 57
94 56
95 56
