302
94 52
95 51
96 52
97 52
98 53
99 53
99 54
99 55
99 56
98 57
97 58
96 58
95 59
95 60
95 61
94 62
94 63
93 64
93 65
92 66
92 67
91 67
90 68
90 69
89 70
89 71
89 72
88 73
87 74
86 75
86 76
86 77
86 78
86 79
86 80
87 81
87 82
88 83
89 83
90 83
91 83
92 83
93 83
94 82
95 81
96 81
97 80
98 79
99 78
99 77
100 77
101 76
102 76
103 76
104 75
105 74
106 73
106 72
107 71
107 70
108 70
109 69
109 68
110 68
111 67
111 66
112 65
113 65
114 64
115 64
116 64
117 64
118 64
119 64
120 64
121 65
122 66
123 66
123 67
123 68
123 69
123 70
122 71
121 72
120 72
119 73
118 74
118 75
117 76
116 77
116 78
115 78
114 79
113 80
112 80
111 80
110 81
109 82
108 83
107 84
106 84
105 85
104 85
103 86
103 87
102 88
101 88
100 89
99 90
99 91
98 91
97 92
96 93
95 94
94 95
93 96
93 97
92 98
92 99
92 100
93 101
94 102
95 103
96 103
97 104
98 105
99 106
100 107
100 108
100 109
101 110
101 111
101 112
101 113
101 114
100 115
100 116
99 117
98 118
99 119
99 120
98 120
97 121
96 122
96 123
97 124
96 124
95 124
94 124
93 125
92 126
91 127
91 128
92 129
92 130
92 131
91 132
91 133
90 134
89 134
88 134
87 135
86 136
85 137
84 138
83 139
83 140
82 141
81 141
80 142
80 143
79 144
80 145
79 146
79 147
79 148
79 149
79 150
78 151
78 152
77 153
77 154
77 155
76 154
75 154
74 154
73 153
72 153
71 152
70 151
69 151
68 150
67 150
66 149
65 148
64 148
63 147
62 146
61 145
60 144
59 143
58 142
57 141
56 140
55 139
54 138
53 137
52 136
52 135
51 134
52 133
53 132
53 131
54 130
54 129
54 128
54 127
54 126
54 125
54 124
54 123
54 122
55 121
55 120
55 119
55 118
55 117
55 116
56 115
56 114
56 113
55 112
55 111
56 110
56 109
56 108
56 107
55 106
55 105
55 104
56 103
57 102
58 101
58 100
59 100
60 100
61 100
62 99
62 98
63 97
64 96
64 95
64 94
65 94
66 93
66 92
67 91
67 90
67 89
68 88
69 87
69 86
69 85
70 84
70 83
70 82
70 81
71 81
72 80
73 79
74 79
75 78
76 77
76 76
76 75
76 74
76 73
76 72
77 71
78 70
78 69
79 68
80 67
80 66
81 66
82 65
83 65
84 64
85 63
86 62
87 61
87 60
87 59
88 58
88 57
89 56
90 55
90 54
91 53
91 52
92 52
93 52
