249
101 58
101 57
102 57
103 57
104 57
105 57
106 57
106 58
107 59
107 60
107 61
106 62
105 63
105 64
104 65
103 66
103 67
102 68
102 69
102 70
102 71
102 72
102 73
102 74
102 75
102 76
102 77
101 78
101 79
101 80
100 81
100 82
100 83
100 84
101 85
101 86
102 87
103 87
104 87
105 87
106 86
106 85
107 85
108 84
109 84
110 84
111 85
112 86
113 87
114 88
114 89
114 90
115 91
116 92
117 93
117 94
118 95
118 96
119 97
119 98
119 99
119 100
119 101
120 102
120 103
121 104
121 105
121 106
121 107
121 108
122 109
122 110
121 111
122 112
121 113
121 114
121 115
121 116
121 117
121 118
121 119
121 120
120 121
120 122
120 123
119 124
118 125
118 126
118 127
117 128
117 129
117 130
116 131
116 132
115 133
114 134
113 135
113 136
113 137
113 138
113 139
112 140
112 141
112 142
112 143
112 144
112 145
112 146
111 147
110 148
110 149
109 150
109 151
109 152
109 153
109 154
109 155
110 156
110 157
110 158
110 159
109 159
108 159
107 159
106 159
105 159
104 159
103 159
102 159
101 159
100 160
99 159
98 159
97 159
96 159
95 159
94 159
93 159
92 159
91 159
90 159
89 158
88 158
87 158
86 158
85 158
84 157
83 157
82 157
81 156
80 155
80 154
81 153
81 152
81 151
80 150
81 149
81 148
81 147
81 146
81 145
81 144
81 143
81 142
82 141
82 140
82 139
82 138
82 137
81 136
82 135
82 134
83 133
83 132
84 131
84 130
83 129
83 128
83 127
82 126
83 125
82 124
82 123
82 122
83 122
84 121
84 120
84 119
84 118
85 117
85 116
84 115
84 114
85 113
85 112
85 111
85 110
86 109
86 108
87 107
87 106
88 105
89 104
90 104
91 103
91 102
90 101
90 100
90 99
90 98
90 97
90 96
90 95
90 94
90 93
90 92
90 91
90 90
91 89
91 88
91 87
91 86
91 85
91 84
91 83
92 82
92 81
92 80
92 79
92 78
93 77
93 76
93 75
93 74
94 73
95 72
95 71
96 70
97 69
96 68
96 67
97 66
98 65
97 64
98 63
98 62
99 61
100 60
100 59
