254
76 60
77 59
78 59
79 59
80 60
80 61
81 62
81 63
81 64
82 65
82 66
83 67
83 68
83 69
84 70
84 71
85 72
86 73
87 74
87 75
87 76
87 77
88 78
88 79
89 80
89 81
90 82
90 83
91 84
91 85
92 86
92 87
92 88
93 89
94 89
95 89
96 88
97 87
98 86
98 85
98 84
99 83
99 82
100 81
101 81
102 81
103 82
104 83
105 83
106 82
106 83
106 84
107 85
108 85
109 86
110 86
111 86
112 86
113 86
114 86
115 86
116 86
117 87
118 88
119 89
120 89
121 89
122 89
122 90
122 91
123 92
124 92
125 92
126 93
127 94
127 95
128 96
128 97
129 98
129 99
129 100
129 101
130 102
131 102
131 103
131 104
131 105
132 106
133 107
134 108
135 109
135 110
136 111
137 112
138 113
138 114
138 115
139 116
139 117
140 118
140 119
140 120
140 121
141 122
141 123
141 124
141 125
141 126
141 127
141 128
142 129
142 130
142 131
142 132
142 133
142 134
141 135
142 136
141 137
141 138
141 139
141 140
142 141
142 142
141 143
140 144
139 145
138 146
137 147
136 148
135 148
134 149
133 150
132 150
131 151
130 151
129 152
128 153
127 153
126 154
125 154
124 154
123 155
122 155
121 156
120 156
119 156
118 157
117 157
116 157
115 158
114 158
113 158
112 157
112 156
112 155
111 154
111 153
110 152
110 151
109 150
108 150
107 149
107 148
107 147
106 146
105 145
104 145
104 144
104 143
103 142
102 141
102 140
101 139
101 138
101 137
100 136
99 135
99 134
98 133
98 132
97 131
97 130
98 129
98 128
97 127
97 126
97 125
97 124
97 123
96 122
96 121
95 120
95 119
95 118
95 117
95 116
95 115
94 114
93 114
92 114
92 113
92 112
91 111
91 110
91 109
90 108
90 107
90 106
90 105
90 104
89 103
88 102
88 101
87 100
86 99
85 98
85 97
84 96
84 95
83 94
83 93
82 92
82 91
82 90
82 89
82 88
81 87
81 86
80 85
80 84
79 83
79 82
79 81
79 80
79 79
78 78
77 77
77 76
76 75
76 74
76 73
75 72
75 71
75 70
75 69
75 68
75 67
74 66
74 65
74 64
74 63
75 62
75 61
