271
76 46
77 45
78 45
79 45
80 46
81 47
81 48
82 49
82 50
82 51
82 52
82 53
82 54
82 55
82 56
82 57
82 58
82 59
82 60
83 61
84 62
84 63
85 64
85 65
86 66
86 67
87 68
88 69
88 70
88 71
89 72
90 73
91 73
92 73
93 73
94 73
95 72
96 73
97 73
98 73
99 73
100 73
101 73
101 74
102 75
103 75
104 75
105 76
106 76
107 77
108 78
109 79
110 80
110 81
111 82
111 83
112 84
112 85
113 86
114 87
115 87
116 87
117 87
118 88
119 88
120 89
121 89
122 90
122 91
123 92
124 93
125 94
126 94
127 94
127 95
128 96
128 97
128 98
129 99
130 100
130 101
131 102
131 103
131 104
132 105
132 106
132 107
132 108
132 109
132 110
132 111
133 112
133 113
133 114
134 115
134 116
134 117
134 118
134 119
134 120
134 121
134 122
134 123
135 124
135 125
135 126
136 127
136 128
136 129
136 130
136 131
135 132
135 133
135 134
135 135
135 136
136 137
137 137
138 137
139 138
140 139
140 140
141 141
141 142
141 143
140 144
139 145
138 146
137 147
136 148
135 148
134 149
133 150
132 150
131 151
130 151
129 152
128 153
127 153
126 154
125 154
124 154
123 155
122 155
121 156
120 156
119 156
118 157
117 157
116 157
115 158
114 158
113 158
112 158
111 158
110 159
110 158
109 157
109 156
108 155
108 154
107 153
107 152
106 151
105 150
105 149
105 148
105 147
104 146
104 145
103 144
103 143
102 142
102 141
101 140
100 139
100 138
99 137
98 137
98 136
97 135
97 134
96 133
95 132
94 131
94 130
93 129
93 128
92 127
92 126
92 125
91 124
90 123
90 122
89 121
89 120
88 119
88 118
87 117
87 116
87 115
87 114
86 113
86 112
86 111
85 110
84 109
84 108
84 107
85 106
86 105
86 104
87 103
86 102
87 101
88 100
87 99
86 98
85 97
85 96
85 95
84 94
83 93
82 92
82 91
82 90
82 89
82 88
82 87
82 86
83 85
82 84
82 83
81 82
80 81
80 80
79 79
79 78
78 77
78 76
78 75
78 74
77 73
78 72
77 71
77 70
77 69
77 68
77 67
76 66
76 65
76 64
76 63
76 62
75 61
74 60
74 59
73 58
73 57
73 56
72 55
73 54
73 53
73 52
73 51
73 50
73 49
73 48
74 47
74 46
75 46
