244
127 63
128 62
129 62
130 62
131 62
132 63
132 64
132 65
132 66
132 67
131 68
131 69
130 69
129 70
129 71
128 71
127 71
126 71
125 72
124 73
124 74
123 75
122 76
121 76
120 77
119 78
118 79
118 80
117 81
116 82
116 83
115 84
115 85
115 86
115 87
114 88
114 89
115 90
116 91
117 91
117 92
118 93
118 94
118 95
117 96
117 97
116 97
115 98
115 99
114 100
115 101
116 102
116 103
117 104
118 105
118 106
118 107
118 108
117 109
116 110
115 111
115 112
115 113
114 114
115 115
115 116
115 117
115 118
115 119
115 120
115 121
115 122
115 123
115 124
114 125
113 126
113 127
112 127
111 128
110 129
110 130
109 131
109 132
108 133
107 134
106 135
106 136
105 137
105 138
104 139
103 140
102 141
101 142
100 142
99 143
98 144
97 145
96 146
95 146
94 146
93 147
92 147
91 148
90 149
89 149
88 150
87 151
86 152
85 153
84 154
83 155
83 156
82 156
81 156
80 156
79 156
78 155
77 155
76 154
75 154
74 154
73 153
72 153
71 152
70 151
69 151
68 150
67 150
66 149
65 148
64 148
63 147
62 146
61 145
60 144
59 143
58 142
57 141
56 140
55 139
54 138
55 137
55 136
55 135
55 134
55 133
56 133
57 132
58 131
59 130
60 129
60 128
61 127
62 126
62 125
63 124
63 123
63 122
63 121
63 120
64 119
65 119
66 118
66 117
67 116
68 115
68 114
68 113
69 112
69 111
69 110
70 109
70 108
70 107
71 106
71 105
72 104
73 104
74 103
75 103
76 102
77 103
78 103
79 103
80 102
81 101
82 101
83 100
83 99
84 99
85 100
86 99
87 99
88 98
89 98
90 97
91 97
92 96
93 96
94 96
95 95
96 94
95 93
95 92
96 91
96 90
97 90
98 89
99 88
100 88
101 87
101 86
102 85
103 85
104 85
105 84
106 83
106 82
105 81
105 80
106 79
106 78
107 78
108 77
109 77
110 76
111 75
112 74
113 73
114 73
115 72
115 71
116 70
117 69
118 69
119 68
120 67
120 66
121 65
122 64
123 63
124 63
125 63
126 63
