292
88 45
89 44
90 44
91 45
92 45
93 46
94 47
94 48
94 49
94 50
95 51
96 52
96 53
96 54
96 55
95 56
96 57
96 58
96 59
96 60
96 61
95 62
95 63
96 64
95 65
95 66
94 67
94 68
93 69
94 70
94 71
94 72
95 73
96 74
96 75
96 76
97 77
97 78
97 79
97 80
97 81
97 82
97 83
98 84
98 85
99 86
100 87
101 88
102 87
102 86
103 85
103 84
103 83
104 82
105 81
106 81
107 80
108 80
109 80
110 80
111 80
112 80
113 80
114 80
115 80
116 79
117 78
117 79
118 80
119 80
120 80
121 81
122 82
123 83
124 84
125 84
126 85
127 86
128 87
129 88
128 89
128 90
127 91
127 92
127 93
126 94
125 95
126 96
127 97
128 97
129 97
130 98
131 99
131 100
131 101
131 102
131 103
131 104
131 105
131 106
130 107
131 108
130 109
131 110
131 111
130 112
129 113
128 113
127 114
128 115
128 116
129 117
129 118
130 119
130 120
130 121
130 122
131 123
130 124
131 125
130 126
131 127
131 128
130 129
130 130
130 131
130 132
130 133
129 134
129 135
129 136
129 137
128 138
128 139
127 140
127 141
126 142
126 143
126 144
126 145
126 146
125 147
125 148
125 149
126 150
127 151
127 152
127 153
126 154
125 154
124 154
123 155
122 155
121 156
120 156
119 156
118 157
117 157
116 157
115 158
114 158
113 158
112 158
111 158
110 159
109 159
108 159
107 159
106 159
105 159
104 159
103 159
102 159
101 159
100 160
99 159
98 159
97 159
96 159
96 158
96 157
96 156
97 155
97 154
97 153
97 152
96 151
96 150
96 149
96 148
96 147
95 146
94 145
93 144
94 143
94 142
94 141
94 140
94 139
94 138
94 137
94 136
94 135
93 134
93 133
92 132
91 131
91 130
91 129
90 128
90 127
90 126
91 125
91 124
91 123
91 122
90 121
89 120
89 119
88 118
88 117
87 116
87 115
87 114
86 113
85 112
85 111
85 110
85 109
85 108
84 107
84 106
85 105
86 104
86 103
86 102
85 101
86 100
86 99
86 98
86 97
86 96
85 95
85 94
85 93
85 92
85 91
85 90
84 89
84 88
85 87
85 86
85 85
85 84
86 83
86 82
86 81
86 80
85 79
85 78
84 77
84 76
83 75
82 74
83 73
83 72
83 71
84 70
84 69
84 68
85 67
85 66
85 65
85 64
85 63
85 62
85 61
86 60
86 59
86 58
86 57
86 56
86 55
85 54
85 53
85 52
85 51
85 50
85 49
85 48
86 47
87 46
