259
89 55
90 54
91 54
92 54
93 54
93 55
94 56
95 57
95 58
96 59
96 60
97 61
97 62
97 63
96 64
96 65
96 66
96 67
96 68
95 69
95 70
95 71
96 72
97 73
97 74
97 75
97 76
97 77
98 78
97 79
98 80
98 81
98 82
98 83
99 84
99 85
99 86
100 87
101 86
102 86
103 85
104 84
105 84
106 85
107 85
108 85
109 86
110 87
111 88
112 88
113 89
114 89
115 90
116 90
117 90
118 90
118 91
119 92
119 93
119 94
120 95
120 96
121 97
122 98
122 99
122 100
122 101
122 102
122 103
123 104
124 104
125 105
126 105
127 106
128 107
129 108
129 109
130 110
131 111
132 111
133 112
132 113
132 114
133 115
133 116
134 117
135 117
134 117
133 118
133 119
133 120
134 121
134 122
134 123
135 124
135 125
135 126
135 127
135 128
135 129
134 130
134 131
134 132
134 133
134 134
133 135
133 136
133 137
133 138
133 139
132 140
132 141
132 142
132 143
132 144
132 145
132 146
132 147
132 148
132 149
131 150
131 151
130 151
129 152
128 153
127 153
126 154
125 154
124 154
123 155
122 155
121 156
120 156
119 156
118 157
117 157
116 157
115 158
114 158
113 158
112 158
111 158
110 159
109 159
108 159
107 159
106 159
105 159
104 159
103 159
102 159
101 159
100 160
99 159
98 159
98 158
98 157
97 156
98 155
98 154
98 153
98 152
97 151
96 150
96 149
96 148
95 147
95 146
94 145
93 144
93 143
93 142
93 141
93 140
93 139
93 138
93 137
93 136
93 135
92 134
92 133
91 132
91 131
91 130
90 129
90 128
89 127
89 126
89 125
90 124
90 123
90 122
90 121
90 120
89 119
88 118
88 117
87 116
87 115
87 114
87 113
88 112
88 111
89 110
89 109
90 108
90 107
91 106
91 105
92 104
93 104
94 103
94 102
93 101
93 100
93 99
92 98
92 97
92 96
92 95
92 94
92 93
92 92
91 91
91 90
91 89
91 88
91 87
91 86
91 85
90 84
90 83
90 82
90 81
89 80
89 79
88 78
88 77
88 76
88 75
87 74
87 73
88 72
88 71
88 70
88 69
88 68
88 67
88 66
88 65
88 64
88 63
88 62
88 61
88 60
88 59
88 58
87 57
88 56
