263
123 56
124 55
125 55
126 55
127 55
128 55
129 55
129 56
130 57
130 58
131 59
131 60
130 61
129 62
129 63
128 63
127 64
127 65
126 65
125 66
124 66
123 67
122 67
121 67
120 68
120 69
119 70
118 71
117 71
116 71
115 72
115 73
114 74
113 74
112 75
111 76
110 77
109 78
108 79
108 80
107 80
106 81
106 82
105 83
106 84
107 85
108 85
109 86
110 86
111 86
112 86
113 85
113 84
113 85
114 86
115 87
115 88
116 89
117 90
118 91
119 92
119 93
118 94
118 95
118 96
118 97
119 98
118 99
118 100
119 101
120 102
120 103
120 104
119 105
118 106
118 107
118 108
117 109
117 110
117 111
117 112
117 113
117 114
117 115
116 116
116 117
115 118
114 119
113 119
112 120
111 121
110 121
109 121
108 121
107 121
106 121
105 121
104 122
104 123
104 124
104 125
103 126
103 127
102 128
102 129
101 130
100 131
99 132
98 132
97 133
96 133
95 134
94 135
93 136
92 137
91 137
90 137
89 137
88 138
87 139
87 140
86 140
85 141
84 142
83 143
82 143
81 143
80 144
79 145
78 146
77 146
76 147
75 148
74 149
73 150
72 151
71 152
70 151
69 151
68 150
67 150
66 149
65 148
64 148
63 147
62 146
61 145
60 144
59 143
58 142
57 141
56 140
55 139
54 138
53 137
52 136
52 135
51 134
50 133
50 132
49 131
49 130
48 129
48 128
49 128
50 128
51 128
52 127
53 127
54 126
55 125
55 124
55 123
55 122
56 122
57 121
57 120
57 119
57 118
58 118
59 117
60 116
61 116
62 115
62 114
63 114
64 113
64 112
65 111
65 110
66 109
67 109
68 108
69 107
69 106
70 106
71 105
71 104
72 103
72 102
72 101
73 100
73 99
74 98
75 97
76 96
77 95
78 94
78 93
79 92
79 91
79 90
80 89
80 88
81 88
82 87
82 86
83 86
84 85
85 85
86 84
87 84
88 83
89 82
90 82
91 81
92 80
93 80
94 79
94 78
95 77
95 76
96 76
97 75
98 74
99 73
99 72
100 72
101 71
102 70
102 69
103 69
104 68
105 68
106 68
107 67
108 67
109 66
110 65
111 65
112 64
113 64
114 63
115 62
115 61
115 60
116 60
117 59
118 59
119 58
120 58
121 57
122 57
