269
105 48
106 47
107 47
108 47
109 47
110 47
111 48
112 48
113 48
113 49
113 50
114 51
113 52
113 53
113 54
112 55
112 56
112 57
111 58
111 59
110 60
109 60
108 61
108 62
107 63
106 64
106 65
106 66
106 67
106 68
106 69
106 70
106 71
106 72
106 73
105 74
105 75
104 75
103 76
103 77
102 78
101 79
101 80
102 81
103 81
104 81
105 81
106 82
106 83
107 84
107 85
107 86
107 87
107 88
108 89
109 90
110 91
111 92
112 93
113 93
114 93
114 94
114 95
114 96
114 97
114 98
114 99
114 100
114 101
114 102
114 103
115 104
116 104
117 105
118 105
119 106
119 107
120 108
120 109
119 109
118 110
118 111
118 112
118 113
118 114
119 115
118 116
119 117
120 118
120 119
119 120
118 121
118 122
117 123
117 124
116 125
116 126
115 127
115 128
114 129
113 130
113 131
112 132
111 133
110 134
110 135
109 135
108 136
108 137
107 138
107 139
106 140
106 141
106 142
105 143
105 144
104 145
103 146
103 147
103 148
102 149
102 150
102 151
101 152
101 153
102 154
101 155
101 156
101 157
100 158
100 159
99 159
98 159
97 159
96 159
95 159
94 159
93 159
92 159
91 159
90 159
89 158
88 158
87 158
86 158
85 158
84 157
83 157
82 157
81 156
80 156
79 156
78 155
77 155
76 154
75 154
74 154
73 153
72 153
71 152
70 151
70 150
70 149
70 148
70 147
70 146
71 145
71 144
71 143
71 142
72 141
72 140
72 139
73 138
73 137
73 136
74 135
74 134
75 133
75 132
75 131
75 130
75 129
75 128
75 127
75 126
74 125
75 124
75 123
75 122
75 121
74 120
75 119
75 118
75 117
75 116
75 115
75 114
75 113
75 112
76 111
76 110
76 109
76 108
77 107
77 106
78 105
78 104
79 104
80 103
80 102
81 102
82 101
82 100
82 99
83 98
84 97
85 96
86 95
87 94
88 94
89 93
90 92
91 91
91 90
92 90
93 89
93 88
93 87
92 86
91 86
90 85
90 84
90 83
91 83
92 82
92 81
93 80
93 79
93 78
94 77
94 76
94 75
94 74
95 73
95 72
95 71
96 70
97 69
98 68
98 67
98 66
99 65
100 64
100 63
100 62
101 61
101 60
101 59
101 58
101 57
102 56
103 55
104 54
104 53
104 52
104 51
105 50
105 49
