269
116 49
117 48
118 48
119 48
120 49
121 49
122 50
122 51
122 52
122 53
121 54
121 55
121 56
121 57
120 57
119 58
119 59
118 60
118 61
117 61
116 62
115 63
114 64
114 65
113 66
112 67
112 68
111 69
111 70
111 71
110 72
110 73
110 74
110 75
109 75
108 76
108 77
107 78
107 79
107 80
107 81
107 82
108 83
109 83
110 82
111 81
112 81
113 80
114 80
115 80
116 79
117 79
118 79
119 79
119 80
120 81
120 82
120 83
121 84
121 85
122 86
123 87
124 87
125 88
125 89
126 90
126 91
126 92
127 93
126 94
126 95
126 96
127 97
126 98
127 99
126 100
127 101
126 102
126 103
126 104
126 105
126 106
125 107
124 108
123 109
122 109
121 110
121 111
120 111
119 112
118 113
118 114
118 115
118 116
117 117
116 118
115 119
115 120
114 121
114 122
114 123
113 123
112 124
111 125
111 126
110 127
110 128
109 129
109 130
108 130
107 131
107 132
106 133
105 134
105 135
104 135
103 136
102 137
101 138
100 139
99 140
98 141
97 142
96 143
95 144
94 145
94 146
93 147
93 148
93 149
92 150
92 151
91 152
90 153
90 154
89 155
88 156
88 157
88 158
87 158
86 158
85 158
84 157
83 157
82 157
81 156
80 156
79 156
78 155
77 155
76 154
75 154
74 154
73 153
72 153
71 152
70 151
69 151
68 150
67 150
66 149
65 148
64 148
63 147
62 146
61 145
61 144
61 143
61 142
62 141
62 140
63 139
63 138
64 137
64 136
65 135
66 134
67 133
67 132
67 131
68 130
69 129
70 128
70 127
70 126
71 125
71 124
71 123
72 122
72 121
73 120
74 119
75 118
76 117
76 116
76 115
76 114
77 113
77 112
78 111
78 110
79 109
79 108
80 107
80 106
81 105
81 104
81 103
81 102
81 101
81 100
81 99
82 98
82 97
82 96
83 96
84 95
84 94
84 93
84 92
85 92
86 91
86 90
87 89
87 88
87 87
87 86
88 85
88 84
89 83
89 82
90 82
91 81
92 80
93 80
94 79
95 78
96 78
97 77
97 76
98 76
99 75
99 74
99 73
99 72
99 71
99 70
100 69
100 68
101 67
101 66
102 65
103 65
104 64
105 63
106 62
107 61
108 60
109 59
110 58
110 57
111 56
111 55
111 54
112 53
113 52
113 51
114 50
115 49
