284
76 46
77 45
78 45
79 45
79 46
80 47
81 48
82 49
82 50
82 51
82 52
83 53
83 54
82 55
82 56
82 57
82 58
82 59
81 60
81 61
81 62
82 63
83 63
83 64
82 65
82 66
83 67
83 68
83 69
84 70
84 71
85 72
85 73
86 74
87 74
88 75
89 75
90 74
91 74
92 73
93 72
94 72
95 72
96 72
97 72
98 72
99 73
99 74
100 75
101 76
102 76
103 76
104 77
105 78
106 77
106 76
107 76
108 76
109 76
110 77
111 78
111 79
112 80
112 81
112 82
113 83
113 84
113 85
114 86
115 87
116 87
117 88
118 88
119 89
120 90
121 91
121 92
122 93
122 94
122 95
122 96
123 97
124 98
125 98
125 99
125 100
125 101
126 102
126 103
126 104
127 105
127 106
127 107
127 108
128 109
128 110
128 111
129 112
130 113
130 114
131 115
131 116
131 117
131 118
131 119
131 120
131 121
131 122
131 123
130 124
131 125
131 126
131 127
131 128
131 129
132 130
132 131
132 132
132 133
131 134
131 135
131 136
130 137
130 138
130 139
131 140
131 141
131 142
131 143
131 144
132 145
132 146
133 147
133 148
133 149
133 150
132 150
131 151
130 151
129 152
128 153
127 153
126 154
125 154
124 154
123 155
122 155
121 156
120 156
119 156
118 157
117 157
116 157
115 158
114 158
113 158
112 158
111 158
110 159
109 159
108 159
107 159
106 159
105 159
104 159
103 159
102 159
101 159
101 158
100 157
99 156
99 155
99 154
99 153
98 152
98 151
98 150
98 149
98 148
97 147
96 146
95 145
95 144
94 143
93 142
92 141
92 140
91 139
91 138
90 137
89 136
89 135
89 134
88 133
88 132
87 131
86 130
86 129
85 128
85 127
85 126
85 125
85 124
84 123
84 122
84 121
83 120
83 119
83 118
83 117
83 116
83 115
82 114
82 113
82 112
82 111
81 110
81 109
82 108
83 107
82 106
81 105
80 105
80 104
80 103
80 102
80 101
80 100
80 99
80 98
80 97
80 96
79 95
79 94
78 93
78 92
78 91
78 90
78 89
78 88
78 87
78 86
77 85
77 84
77 83
77 82
77 81
77 80
76 79
75 78
75 77
75 76
74 75
74 74
74 73
74 72
74 71
74 70
75 69
75 68
75 67
75 66
75 65
74 64
73 64
73 63
72 62
72 61
71 60
72 59
71 58
72 57
72 56
72 55
72 54
72 53
72 52
73 51
73 50
73 49
73 48
74 47
74 46
75 46
