274
80 51
81 50
82 50
83 50
84 50
85 50
86 51
87 52
87 53
87 54
88 55
88 56
88 57
89 58
89 59
90 60
90 61
90 62
90 63
91 64
91 65
91 66
91 67
91 68
91 69
91 70
92 71
92 72
93 73
93 74
93 75
93 76
93 77
94 78
94 79
94 80
94 81
94 82
94 83
94 84
95 85
96 86
97 87
98 87
99 87
100 87
101 86
102 85
103 84
104 83
105 82
106 82
107 81
108 81
109 81
110 81
111 82
112 82
113 82
114 83
115 83
115 84
116 85
117 86
118 87
119 87
120 87
121 87
122 87
123 87
124 87
125 88
126 89
126 90
126 91
127 92
127 93
127 94
128 95
127 96
127 97
128 98
129 99
130 99
131 99
132 100
133 101
133 102
134 103
135 103
136 104
135 105
135 106
135 107
135 108
135 109
135 110
135 111
135 112
136 113
137 113
138 113
139 112
140 113
140 114
140 115
140 116
141 117
142 118
143 119
144 120
144 121
144 122
144 123
145 124
145 125
145 126
145 127
145 128
145 129
145 130
146 131
146 132
147 133
148 134
148 135
148 136
147 137
146 138
145 139
144 140
143 141
142 142
141 143
140 144
139 145
138 146
137 147
136 148
135 148
134 149
133 150
132 150
131 151
130 151
129 152
128 153
127 153
126 154
125 154
124 154
123 155
122 155
121 156
120 156
119 156
118 157
117 157
116 157
115 158
114 158
113 158
112 158
111 158
110 159
109 159
108 158
108 157
108 156
108 155
107 154
107 153
107 152
107 151
107 150
106 149
105 148
104 147
103 146
102 145
102 144
102 143
101 142
100 141
100 140
100 139
100 138
100 137
100 136
99 135
99 134
98 133
97 132
97 131
97 130
97 129
97 128
96 127
95 126
95 125
94 124
94 123
93 122
93 121
93 120
93 119
93 118
93 117
93 116
93 115
93 114
93 113
93 112
93 111
93 110
93 109
92 108
91 107
91 106
90 105
91 104
90 103
91 102
90 101
90 100
89 99
88 98
87 97
87 96
86 95
86 94
86 93
86 92
86 91
86 90
86 89
86 88
85 87
85 86
85 85
85 84
85 83
84 82
84 81
84 80
83 79
83 78
83 77
82 76
82 75
81 74
81 73
81 72
81 71
80 70
79 69
79 68
79 67
79 66
79 65
80 64
80 63
81 62
80 61
80 60
80 59
81 58
80 57
79 57
78 56
78 55
78 54
78 53
79 52
