216
112 69
113 68
113 69
114 70
115 70
116 71
117 71
116 71
115 72
115 73
115 74
114 75
114 76
114 77
113 78
112 78
111 79
110 79
109 80
108 81
107 81
106 82
106 83
106 84
105 85
104 86
103 87
103 88
103 89
103 90
103 91
104 92
105 93
106 92
107 93
108 93
109 93
110 93
111 94
111 95
111 96
111 97
111 98
111 99
112 100
112 101
112 102
112 103
113 104
113 105
113 106
113 107
113 108
114 109
114 110
113 111
112 112
111 113
111 114
111 115
111 116
111 117
111 118
111 119
110 120
110 121
109 122
108 122
107 123
106 124
105 124
104 124
103 125
102 125
101 126
101 127
100 127
99 128
99 129
98 130
98 131
98 132
97 132
96 133
96 134
95 135
95 136
94 136
93 136
92 136
91 137
90 137
89 138
88 139
87 140
86 141
85 141
84 142
83 142
82 143
81 143
80 144
80 145
79 146
78 147
77 147
76 148
75 149
74 150
73 150
72 151
71 152
70 151
69 151
68 150
67 150
66 149
65 148
64 148
63 147
62 146
61 145
60 144
59 143
58 142
57 141
56 140
55 139
54 138
53 137
52 136
52 135
51 134
52 133
53 133
54 132
55 131
55 130
56 129
56 128
57 127
58 127
59 127
60 126
60 125
61 124
61 123
62 122
63 121
64 120
64 119
64 118
65 118
66 117
67 117
68 117
69 116
70 115
70 114
70 113
71 112
71 111
72 110
73 109
73 108
74 107
74 106
75 106
76 105
77 104
78 104
79 103
79 102
80 101
80 100
81 99
82 98
82 97
83 97
84 96
85 96
86 95
86 94
87 94
88 94
89 93
89 92
90 91
91 91
92 90
93 89
93 88
94 87
94 86
95 85
95 84
96 83
97 83
98 82
98 81
99 80
99 79
100 79
101 79
102 78
103 77
104 76
105 75
105 74
105 73
106 72
107 72
108 71
109 70
110 69
111 69
