255
107 53
108 52
109 52
110 52
111 52
112 53
113 54
114 55
114 56
114 57
113 58
113 59
112 60
112 61
111 62
111 63
110 64
109 65
109 66
108 67
108 68
107 69
107 70
106 71
106 72
106 73
105 74
104 75
103 76
103 77
102 78
101 79
100 80
100 81
100 82
100 83
101 84
102 85
103 85
104 84
105 84
106 84
107 83
108 83
109 83
110 83
111 83
112 84
113 85
114 86
115 87
114 88
114 89
114 90
114 91
115 92
115 93
115 94
116 95
117 95
118 96
119 96
119 97
119 98
120 99
120 100
121 101
122 102
122 103
122 104
123 105
123 106
123 107
123 108
123 109
123 110
123 111
123 112
122 113
122 114
122 115
121 115
120 115
119 116
118 117
117 118
116 119
115 120
115 121
116 122
115 123
115 124
115 125
115 126
115 127
114 128
114 129
114 130
113 131
112 132
112 133
111 134
111 135
111 136
110 137
109 138
108 139
107 140
107 141
106 142
105 142
104 143
104 144
103 145
103 146
102 147
101 148
100 149
99 150
98 151
98 152
98 153
97 154
96 155
95 156
95 157
94 158
93 158
92 159
91 159
90 159
89 158
88 158
87 158
86 158
85 158
84 157
83 157
82 157
81 156
80 156
79 156
78 155
77 155
76 154
75 154
74 154
73 153
72 153
71 152
70 151
69 151
68 150
67 150
66 149
65 148
64 148
63 147
64 146
64 145
64 144
65 143
65 142
65 141
65 140
66 139
66 138
66 137
66 136
67 135
67 134
68 133
68 132
69 131
69 130
69 129
69 128
69 127
70 126
70 125
70 124
71 123
71 122
72 121
72 120
72 119
72 118
73 118
74 117
74 116
74 115
74 114
75 113
76 112
76 111
76 110
77 109
76 108
77 107
78 107
79 106
80 105
81 104
81 103
81 102
82 101
82 100
82 99
82 98
82 97
83 96
83 95
83 94
84 93
85 92
85 91
86 90
87 89
88 88
89 87
89 86
90 85
90 84
91 83
91 82
91 81
91 80
91 79
91 78
91 77
92 76
92 75
93 74
93 73
94 72
94 71
95 70
96 69
97 68
97 67
98 66
98 65
98 64
98 63
98 62
99 61
100 60
100 59
101 58
102 57
103 57
104 56
105 55
105 54
106 53
