247
62 61
63 60
64 61
65 61
66 61
67 61
67 62
68 63
68 64
69 65
69 66
70 67
70 68
71 69
72 70
73 71
74 72
75 73
76 74
76 75
77 76
77 77
78 78
79 78
80 77
81 77
82 77
83 76
84 76
85 76
86 76
87 75
88 76
89 76
90 76
91 76
92 76
93 76
94 76
95 76
96 76
97 76
98 76
99 77
100 78
101 79
102 79
103 79
104 80
105 80
106 80
107 79
107 78
108 78
109 79
110 79
111 80
112 80
113 81
114 82
115 83
116 84
117 85
118 86
119 86
120 87
121 88
121 89
122 90
123 90
123 91
124 92
125 93
126 94
126 95
127 96
128 96
129 97
130 98
131 99
131 100
132 101
132 102
132 103
133 104
133 105
134 106
134 107
135 108
136 109
136 110
136 111
137 112
137 113
138 114
138 115
139 116
139 117
140 118
141 119
142 120
143 121
144 122
144 123
145 124
146 125
147 126
148 127
149 128
150 129
151 130
151 131
150 132
150 133
149 134
148 135
148 136
147 137
146 138
145 139
144 140
143 141
142 142
141 143
140 144
139 145
138 146
137 147
136 148
135 148
134 149
133 150
132 150
131 151
130 151
129 152
128 153
127 153
126 154
125 154
125 153
125 152
124 151
123 151
123 150
122 149
122 148
121 147
120 146
119 146
118 145
117 144
116 143
116 142
115 141
114 140
113 139
112 139
111 138
110 138
109 137
108 137
107 136
106 135
105 134
104 133
103 132
102 132
101 131
100 130
99 129
98 129
98 128
98 127
97 126
97 125
96 124
95 123
94 122
93 122
92 121
91 121
90 120
89 119
89 118
88 117
87 116
86 116
86 115
85 114
84 114
83 113
83 112
83 111
83 110
83 109
83 108
84 107
84 106
84 105
83 104
83 103
83 102
83 101
82 100
82 99
81 98
80 97
80 96
80 95
79 94
79 93
78 92
78 91
77 90
76 90
75 90
75 89
74 88
73 88
73 87
73 86
72 85
71 85
70 84
69 83
69 82
68 81
68 80
67 79
66 78
65 77
64 76
63 75
63 74
63 73
63 72
62 71
61 70
61 69
61 68
61 67
61 66
61 65
61 64
61 63
61 62
