283
94 42
94 41
95 41
96 41
97 41
98 41
99 42
100 43
100 44
100 45
99 46
99 47
99 48
99 49
99 50
99 51
100 52
101 53
101 54
100 55
100 56
100 57
100 58
99 59
98 60
98 61
98 62
99 63
100 64
100 65
101 66
101 67
101 68
101 69
101 70
101 71
101 72
102 73
103 73
104 73
105 73
106 73
107 73
108 73
109 74
109 75
109 76
110 77
111 77
112 78
113 79
113 80
114 81
115 81
116 81
117 82
118 82
118 83
119 84
120 85
120 86
120 87
121 88
121 89
122 90
122 91
122 92
123 93
124 93
125 94
125 95
126 96
127 97
128 97
128 98
129 99
130 99
130 100
130 101
131 102
132 102
133 103
134 104
134 105
134 106
133 107
133 108
132 109
132 110
133 111
133 112
133 113
133 114
133 115
134 116
135 117
135 118
136 119
136 120
135 121
135 122
136 123
135 124
135 125
135 126
135 127
135 128
135 129
135 130
135 131
135 132
136 133
135 134
135 135
134 136
133 136
132 137
132 138
133 139
133 140
134 141
135 142
135 143
135 144
135 145
135 146
134 147
134 148
134 149
133 150
132 150
131 151
130 151
129 152
128 153
127 153
126 154
125 154
124 154
123 155
122 155
121 156
120 156
119 156
118 157
117 157
116 157
115 158
114 158
113 158
112 158
111 158
110 159
109 159
108 159
107 159
106 159
105 159
104 159
103 159
102 159
101 159
100 160
99 159
99 158
99 157
98 156
98 155
97 154
97 153
97 152
96 151
95 150
95 149
95 148
95 147
95 146
94 145
94 144
94 143
93 142
92 141
92 140
92 139
91 138
91 137
90 136
89 135
89 134
89 133
88 132
88 131
88 130
88 129
87 128
86 127
86 126
86 125
85 124
84 123
85 122
85 121
84 120
84 119
84 118
84 117
84 116
83 115
82 114
82 113
82 112
82 111
82 110
83 109
83 108
84 108
85 107
85 106
86 105
86 104
86 103
86 102
86 101
86 100
86 99
86 98
86 97
87 96
87 95
87 94
88 94
89 93
90 92
91 92
92 91
92 90
92 89
93 88
94 87
94 86
93 85
93 84
93 83
93 82
92 81
91 80
91 79
91 78
91 77
91 76
91 75
91 74
90 73
90 72
90 71
90 70
90 69
89 68
89 67
89 66
89 65
89 64
89 63
89 62
89 61
89 60
89 59
89 58
90 57
90 56
91 55
91 54
90 53
90 52
90 51
90 50
90 49
90 48
90 47
91 46
92 45
93 44
93 43
