254
124 59
125 58
126 59
127 59
128 59
128 60
128 61
128 62
127 63
127 64
127 65
126 65
125 66
124 67
123 68
123 69
122 70
122 71
121 72
121 73
120 73
119 73
118 74
118 75
117 76
116 77
115 78
115 79
114 80
114 81
114 82
113 83
112 83
111 84
111 85
110 86
111 87
110 88
111 89
112 89
113 89
114 89
115 89
116 89
117 89
118 89
119 89
120 89
121 89
122 90
123 91
123 92
124 93
124 94
125 95
125 96
125 97
125 98
126 99
126 100
126 101
127 102
127 103
127 104
126 105
127 106
127 107
127 108
127 109
126 109
125 109
124 110
124 111
125 112
125 113
125 114
125 115
124 115
123 116
123 117
122 118
122 119
121 119
120 120
119 121
118 122
117 122
116 122
115 122
114 122
113 122
112 122
111 123
110 124
109 125
108 126
107 127
107 128
106 129
105 130
105 131
104 131
103 132
103 133
102 134
101 135
100 136
100 137
99 137
98 138
97 139
96 140
95 140
94 141
93 142
92 142
91 142
90 142
89 143
88 143
87 144
86 144
85 145
84 146
83 147
83 148
82 149
81 150
80 151
80 152
80 153
79 154
79 155
78 155
77 155
76 154
75 154
74 154
73 153
72 153
71 152
70 151
69 151
68 150
67 150
66 149
65 148
64 148
63 147
62 146
61 145
60 144
59 143
58 142
57 141
56 140
55 139
56 138
57 138
58 137
58 136
59 136
60 135
60 134
61 134
62 133
62 132
63 131
63 130
64 129
65 128
66 128
67 127
67 126
68 125
68 124
69 123
69 122
70 121
71 120
72 119
73 118
74 117
74 116
74 115
75 114
76 113
76 112
76 111
76 110
77 110
78 109
78 108
79 107
79 106
80 105
80 104
81 104
82 103
82 102
83 101
83 100
84 99
85 99
86 98
87 97
87 96
87 95
87 94
88 94
89 93
89 92
90 92
91 91
91 90
92 90
93 89
94 88
95 88
96 87
96 86
97 85
97 84
98 84
99 83
99 82
100 81
101 80
101 79
102 78
103 77
103 76
103 75
104 74
104 73
105 72
106 71
107 71
108 70
109 69
110 68
111 67
112 67
113 66
114 65
115 64
116 64
117 63
118 63
119 62
120 61
121 61
122 60
123 59
