333
114 50
115 49
116 49
117 49
118 50
118 51
119 52
119 53
119 54
118 55
118 56
118 57
118 58
118 59
118 60
118 61
117 62
116 62
115 63
115 64
114 65
115 66
114 67
114 68
113 69
113 70
113 71
113 72
112 73
112 74
112 75
112 76
112 77
111 78
111 79
110 80
110 81
110 82
110 83
109 84
109 85
108 86
108 87
108 88
108 89
109 90
109 91
110 92
110 93
110 94
111 95
112 95
112 96
113 97
114 97
114 98
115 99
116 100
117 100
118 101
118 102
119 103
119 104
119 105
119 106
119 107
119 108
119 109
119 110
120 111
120 112
120 113
121 114
121 115
121 116
120 117
120 118
119 119
119 120
119 121
119 122
119 123
118 124
118 125
118 126
118 127
117 128
117 129
116 129
115 130
114 131
114 132
114 133
114 134
114 135
114 136
114 137
113 138
113 139
112 140
111 141
110 142
110 143
110 144
109 145
109 146
108 147
108 148
107 149
107 150
108 151
108 152
108 153
108 154
108 155
108 156
108 157
108 158
108 159
107 159
106 159
105 159
104 159
103 159
102 159
101 159
100 160
99 159
98 159
97 159
96 159
95 159
94 159
93 159
92 159
91 159
90 159
89 158
88 158
87 158
86 158
85 158
84 157
83 157
82 157
81 156
80 156
79 156
78 155
77 155
77 154
78 153
78 152
79 151
79 150
79 149
79 148
80 147
80 146
81 145
81 144
80 143
80 142
81 141
81 140
81 139
81 138
81 137
82 136
82 135
82 134
82 133
82 132
81 131
81 130
81 129
81 128
80 127
80 126
80 125
80 124
80 123
80 122
80 121
79 120
79 119
79 118
79 117
79 116
79 115
79 114
79 113
79 112
79 111
79 110
80 109
80 108
80 107
80 106
80 105
80 104
80 103
80 102
80 101
80 100
80 99
81 98
81 97
81 96
82 95
82 94
83 93
83 92
83 91
83 90
83 89
83 88
83 87
84 86
84 85
84 84
84 83
84 82
84 81
84 80
83 79
83 78
83 77
83 76
83 75
83 74
83 73
84 72
85 71
85 70
86 69
86 68
86 67
86 66
87 65
87 64
87 63
87 62
87 61
87 60
87 59
87 58
87 57
87 56
88 55
88 54
89 53
90 52
90 51
91 51
92 50
93 50
94 50
95 50
95 51
96 52
97 52
97 53
97 54
97 55
96 56
96 57
95 58
95 59
94 60
94 61
94 62
94 63
94 64
94 65
93 66
94 67
94 68
94 69
94 70
94 71
94 72
94 73
93 74
93 75
92 76
92 77
92 78
92 79
93 80
93 81
93 82
94 83
95 84
96 85
97 85
98 85
99 85
100 84
100 83
101 82
101 81
101 80
101 79
101 78
101 77
102 76
102 75
102 74
102 73
103 72
104 71
105 70
105 69
105 68
105 67
106 66
107 66
108 65
107 64
107 63
107 62
108 61
109 60
109 59
109 58
109 57
110 56
110 55
110 54
111 53
112 52
113 51
