302
85 44
86 43
87 43
88 44
89 45
88 46
89 47
89 48
89 49
89 50
88 51
87 52
87 53
86 54
86 55
85 56
85 57
85 58
84 59
83 60
82 61
82 62
81 63
81 64
81 65
80 66
80 67
81 68
82 69
82 70
82 71
83 72
82 73
83 74
84 75
85 75
86 74
86 73
87 72
88 71
89 70
90 69
91 68
91 67
92 66
92 65
93 64
94 63
95 62
96 61
97 60
98 59
99 59
100 58
101 57
101 56
102 55
103 54
103 53
104 53
105 52
106 51
107 50
108 50
109 50
110 50
111 50
112 51
113 52
113 53
112 54
112 55
112 56
111 57
111 58
111 59
110 60
109 61
109 62
109 63
108 64
107 64
106 64
105 64
104 65
103 65
102 66
101 67
101 68
100 68
99 69
99 70
99 71
99 72
98 73
98 74
97 75
96 76
96 77
96 78
95 79
94 80
94 81
94 82
95 83
96 84
96 85
96 86
96 87
96 88
96 89
96 90
95 91
95 92
95 93
95 94
95 95
95 96
96 97
96 98
97 99
98 100
99 101
99 102
98 103
98 104
98 105
98 106
97 107
97 108
96 109
96 110
96 111
96 112
96 113
96 114
95 115
95 116
94 117
93 118
93 119
93 120
92 121
92 122
91 123
91 124
91 125
90 126
90 127
89 128
88 128
87 129
86 130
86 131
85 132
84 132
83 133
83 134
82 135
82 136
82 137
81 138
80 139
80 140
80 141
79 142
79 143
79 144
78 145
78 146
78 147
77 148
77 149
76 150
76 151
76 152
77 153
77 154
77 155
76 154
75 154
74 154
73 153
72 153
71 152
70 151
69 151
68 150
67 150
66 149
65 148
64 148
63 147
62 146
61 145
60 144
59 143
58 142
57 141
56 140
55 139
54 138
53 137
52 136
52 135
51 134
51 133
51 132
52 132
53 131
53 130
54 129
54 128
55 127
55 126
55 125
55 124
55 123
55 122
55 121
55 120
56 119
56 118
56 117
56 116
56 115
56 114
57 113
57 112
57 111
57 110
57 109
57 108
58 107
58 106
58 105
58 104
58 103
58 102
59 101
59 100
60 99
60 98
61 97
61 96
62 95
62 94
62 93
62 92
62 91
63 90
64 90
65 89
65 88
65 87
65 86
65 85
65 84
65 83
65 82
65 81
65 80
66 80
67 79
67 78
67 77
67 76
68 75
68 74
69 74
70 73
70 72
70 71
70 70
71 69
72 68
73 67
73 66
73 65
73 64
73 63
73 62
73 61
73 60
73 59
74 58
74 57
75 56
76 56
77 55
78 54
78 53
78 52
79 51
79 50
79 49
80 48
80 47
81 46
82 45
83 44
84 44
