361
116 50
117 49
118 49
119 49
120 49
121 50
122 51
123 52
122 53
122 54
122 55
122 56
122 57
121 58
121 59
121 60
121 61
121 62
121 63
121 64
120 65
120 66
120 67
120 68
120 69
120 70
120 71
120 72
120 73
120 74
119 75
119 76
118 77
117 78
117 79
117 80
116 81
116 82
116 83
116 84
116 85
116 86
116 87
116 88
115 89
114 90
113 91
113 92
113 93
114 94
115 93
116 93
117 93
118 93
119 94
120 95
120 96
121 97
122 98
122 99
122 100
123 101
124 101
125 102
126 103
127 103
128 103
129 104
130 105
130 106
131 107
132 108
132 109
132 110
133 111
133 112
132 113
132 114
132 115
132 116
132 117
132 118
132 119
133 120
133 121
133 122
134 123
134 124
134 125
135 126
136 127
136 128
136 129
136 130
136 131
135 132
134 133
134 134
133 135
133 136
132 137
132 138
132 139
132 140
132 141
133 142
132 143
133 144
133 145
133 146
133 147
133 148
133 149
132 150
131 151
130 151
129 152
128 153
127 153
126 154
125 154
124 154
123 155
122 155
121 156
120 156
119 156
118 157
117 157
116 157
115 158
114 158
113 158
112 158
111 158
110 159
109 159
108 159
107 159
106 159
105 159
104 159
103 159
102 159
101 159
100 160
99 159
98 159
97 159
97 158
97 157
96 156
96 155
96 154
96 153
95 152
95 151
95 150
95 149
95 148
94 147
94 146
93 145
92 144
92 143
92 142
92 141
92 140
92 139
92 138
92 137
92 136
91 135
91 134
90 133
90 132
90 131
90 130
90 129
90 128
91 127
91 126
91 125
91 124
90 123
91 122
90 121
90 120
90 119
90 118
89 117
89 116
89 115
90 114
91 113
90 112
89 111
88 111
88 110
88 109
88 108
88 107
88 106
88 105
88 104
88 103
88 102
88 101
87 100
87 99
87 98
86 97
86 96
85 95
85 94
85 93
85 92
84 91
84 90
83 89
83 88
83 87
83 86
82 85
83 84
82 83
82 82
82 81
82 80
82 79
82 78
82 77
82 76
82 75
82 74
81 73
81 72
81 71
82 70
82 69
81 68
82 67
81 66
82 65
81 64
81 63
81 62
82 61
82 60
82 59
82 58
83 57
83 56
84 56
85 56
86 55
87 56
88 56
89 56
89 57
90 58
91 59
91 60
91 61
91 62
91 63
91 64
91 65
90 66
90 67
90 68
90 69
91 70
91 71
91 72
91 73
91 74
91 75
92 76
92 77
93 78
93 79
93 80
93 81
93 82
94 83
95 84
96 85
96 86
97 87
98 88
98 89
98 90
98 91
99 92
99 93
99 94
100 95
100 96
99 97
99 98
100 99
101 99
102 99
103 98
102 97
103 97
104 98
105 97
105 96
106 96
107 95
106 94
105 94
104 93
103 94
104 93
104 92
104 91
104 90
105 90
106 89
106 88
106 87
106 86
106 85
106 84
106 83
105 82
105 81
105 80
105 79
106 79
107 78
107 77
107 76
107 75
107 74
108 73
108 72
108 71
108 70
108 69
109 68
109 67
109 66
109 65
110 64
110 63
110 62
110 61
110 60
111 59
111 58
112 57
112 56
113 55
113 54
114 53
114 52
115 51
