345
91 48
92 47
93 47
94 48
94 49
95 50
95 51
95 52
95 53
95 54
95 55
95 56
95 57
95 58
95 59
94 60
94 61
95 62
95 63
95 64
95 65
95 66
95 67
95 68
96 69
96 70
95 71
95 72
96 73
96 74
96 75
95 76
95 77
95 78
96 79
96 80
96 81
96 82
96 83
97 84
98 84
99 84
100 84
101 84
102 83
102 82
102 81
102 80
102 79
102 78
102 77
102 76
102 75
102 74
102 73
102 72
103 71
103 70
103 69
103 68
103 67
103 66
104 65
104 64
104 63
104 62
104 61
105 60
105 59
105 58
106 57
106 56
107 55
107 54
108 53
108 52
109 52
110 51
110 50
111 49
112 48
113 48
114 48
115 48
116 48
117 49
117 50
118 51
117 52
116 53
116 54
116 55
115 56
115 57
115 58
115 59
115 60
115 61
115 62
116 63
115 63
114 64
114 65
114 66
114 67
114 68
113 69
113 70
113 71
113 72
113 73
113 74
113 75
113 76
113 77
114 78
113 79
113 80
112 81
112 82
112 83
111 84
110 84
109 84
108 85
108 86
108 87
107 88
108 89
108 90
108 91
108 92
108 93
109 94
110 94
111 95
112 96
112 97
113 98
114 99
115 99
116 99
117 99
118 100
119 100
120 101
121 102
122 103
122 104
123 105
124 106
123 107
124 108
123 109
124 110
125 111
125 112
125 113
125 114
125 115
125 116
125 117
125 118
125 119
126 120
125 121
125 122
125 123
125 124
125 125
125 126
124 127
124 128
123 129
123 130
122 130
121 131
121 132
121 133
120 134
121 135
120 136
120 137
120 138
120 139
120 140
119 140
118 141
118 142
118 143
118 144
117 145
117 146
117 147
117 148
117 149
117 150
117 151
117 152
117 153
116 154
116 155
116 156
116 157
115 158
114 158
113 158
112 158
111 158
110 159
109 159
108 159
107 159
106 159
105 159
104 159
103 159
102 159
101 159
100 160
99 159
98 159
97 159
96 159
95 159
94 159
93 159
92 159
91 159
90 159
89 158
88 158
87 158
86 158
85 158
84 157
84 156
84 155
84 154
84 153
85 152
84 151
85 150
85 149
85 148
85 147
85 146
86 145
86 144
86 143
86 142
87 141
87 140
87 139
87 138
86 137
86 136
85 135
85 134
85 133
85 132
84 131
83 130
83 129
82 128
83 127
83 126
82 125
82 124
82 123
82 122
82 121
82 120
82 119
81 118
82 117
81 116
82 115
82 114
81 113
81 112
81 111
81 110
81 109
81 108
82 107
82 106
83 106
84 105
84 104
84 103
84 102
85 101
85 100
86 99
86 98
86 97
86 96
87 95
87 94
86 93
85 92
85 91
85 90
85 89
85 88
85 87
85 86
86 85
86 84
86 83
86 82
86 81
86 80
86 79
86 78
86 77
85 76
85 75
85 74
85 73
85 72
85 71
85 70
85 69
85 68
86 67
86 66
85 65
86 64
86 63
86 62
86 61
86 60
86 59
86 58
87 57
87 56
87 55
87 54
88 53
88 52
89 51
89 50
90 49
