341
105 54
106 53
107 53
108 53
109 53
110 53
111 53
111 54
111 55
112 56
112 57
112 58
111 59
111 60
111 61
111 62
110 63
110 64
109 65
109 66
109 67
109 68
109 69
109 70
109 71
109 72
109 73
109 74
109 75
109 76
109 77
108 78
108 79
108 80
108 81
108 82
109 83
109 84
109 85
108 86
108 87
108 88
109 89
109 90
109 91
110 92
111 92
112 93
113 93
114 93
115 92
116 91
116 90
116 89
116 88
116 87
116 86
116 85
116 84
116 83
116 82
117 81
117 80
118 79
119 78
119 77
119 76
120 75
120 74
121 73
121 72
121 71
121 70
121 69
122 68
122 67
122 66
122 65
122 64
123 63
123 62
123 61
123 60
123 59
124 58
124 57
125 56
126 55
127 54
128 54
129 54
130 54
131 54
132 53
133 54
134 55
135 54
134 55
135 56
136 57
135 58
135 59
134 59
133 60
134 61
133 62
133 63
133 64
132 65
132 66
132 67
132 68
131 69
130 70
130 71
130 72
129 73
130 74
130 75
129 76
129 77
129 78
129 79
129 80
128 81
128 82
127 83
127 84
126 85
126 86
126 87
126 88
125 89
125 90
124 91
123 92
124 93
124 94
125 95
125 96
125 97
124 98
125 99
125 100
126 101
126 102
127 103
127 104
128 105
129 106
130 106
131 107
131 108
132 109
133 110
134 110
135 111
136 112
136 113
136 114
136 115
136 116
135 117
134 118
135 119
136 119
137 120
138 120
138 121
139 122
139 123
139 124
139 125
138 126
138 127
138 128
138 129
138 130
137 131
137 132
137 133
136 134
136 135
136 136
135 137
134 138
134 139
134 140
133 141
134 142
133 143
132 144
132 145
132 146
132 147
132 148
132 149
131 150
130 151
129 152
128 153
127 153
126 154
125 154
124 154
123 155
122 155
121 156
120 156
119 156
118 157
117 157
116 157
115 158
114 158
113 158
112 158
111 158
110 159
109 159
108 159
107 159
106 159
105 159
104 159
103 159
102 159
101 159
100 160
99 159
98 159
97 159
96 159
95 159
94 159
94 158
95 157
95 156
95 155
95 154
94 153
94 152
94 151
94 150
94 149
94 148
94 147
94 146
93 145
93 144
94 143
94 142
94 141
94 140
94 139
94 138
93 137
93 136
93 135
93 134
92 133
92 132
92 131
92 130
92 129
91 128
91 127
91 126
91 125
91 124
92 123
92 122
92 121
92 120
91 119
91 118
91 117
91 116
91 115
92 114
93 113
93 112
94 112
95 111
95 110
96 109
97 108
97 107
97 106
98 105
98 104
99 103
98 102
97 102
97 101
97 100
97 99
97 98
97 97
97 96
97 95
97 94
97 93
97 92
97 91
97 90
97 89
97 88
97 87
97 86
98 85
98 84
99 83
99 82
99 81
99 80
99 79
99 78
99 77
99 76
99 75
99 74
99 73
100 72
100 71
100 70
99 69
99 68
99 67
99 66
99 65
99 64
99 63
100 62
101 61
102 60
102 59
102 58
103 57
104 56
104 55
