357
106 46
107 45
108 45
109 45
110 45
111 45
112 46
113 46
113 47
113 48
113 49
112 50
112 51
112 52
111 53
111 54
111 55
111 56
111 57
111 58
111 59
110 60
110 61
110 62
110 63
109 64
108 65
108 66
107 67
108 68
107 69
107 70
107 71
107 72
107 73
107 74
108 75
108 76
107 77
107 78
107 79
107 80
107 81
107 82
107 83
106 83
105 84
105 85
104 85
103 86
102 86
101 87
100 88
100 89
99 90
100 91
101 91
102 92
103 93
104 93
105 94
106 95
106 96
107 97
108 97
109 98
109 99
110 100
111 100
112 101
113 102
114 103
115 103
116 104
117 105
118 106
118 107
119 108
119 109
119 110
118 111
118 112
119 113
119 114
119 115
118 116
118 117
119 118
120 119
121 119
121 120
121 121
122 122
122 123
122 124
121 125
121 126
121 127
120 128
120 129
119 130
119 131
119 132
118 133
118 134
118 135
118 136
118 137
117 138
117 139
117 140
116 141
116 142
116 143
116 144
116 145
116 146
117 147
117 148
117 149
117 150
116 151
116 152
116 153
116 154
116 155
115 156
115 157
115 158
114 158
113 158
112 158
111 158
110 159
109 159
108 159
107 159
106 159
105 159
104 159
103 159
102 159
101 159
100 160
99 159
98 159
97 159
96 159
95 159
94 159
93 159
92 159
91 159
90 159
89 158
88 158
87 158
86 158
85 158
84 157
83 157
82 157
81 156
82 155
81 154
81 153
82 152
82 151
82 150
82 149
82 148
82 147
82 146
82 145
81 144
81 143
80 142
79 142
79 141
79 140
78 139
78 138
78 137
78 136
78 135
78 134
78 133
77 132
77 131
76 130
75 129
74 128
74 127
74 126
75 125
75 124
75 123
75 122
75 121
74 120
74 119
74 118
74 117
74 116
74 115
74 114
75 113
75 112
75 111
75 110
75 109
75 108
75 107
75 106
76 105
76 104
76 103
76 102
76 101
76 100
76 99
76 98
76 97
76 96
77 95
77 94
77 93
77 92
77 91
77 90
76 89
76 88
76 87
76 86
76 85
76 84
76 83
76 82
76 81
76 80
75 79
75 78
75 77
75 76
75 75
75 74
75 73
75 72
76 71
77 70
77 69
77 68
77 67
77 66
77 65
76 64
76 63
77 62
77 61
77 60
77 59
77 58
77 57
78 56
78 55
78 54
78 53
79 52
80 51
80 50
81 49
82 48
83 47
84 47
85 47
86 47
87 48
87 49
88 50
88 51
89 52
88 53
88 54
87 55
87 56
87 57
87 58
87 59
86 60
86 61
86 62
85 63
85 64
85 65
86 66
85 67
85 68
85 69
86 70
86 71
86 72
86 73
86 74
86 75
87 76
87 77
87 78
87 79
87 80
87 81
88 82
88 83
88 84
89 85
90 86
91 86
92 86
93 85
93 84
93 83
94 82
95 81
95 80
96 79
96 78
96 77
96 76
96 75
96 74
97 73
97 72
97 71
97 70
97 69
97 68
98 67
98 66
97 65
98 64
98 63
99 62
100 61
100 60
100 59
101 58
101 57
102 56
102 55
102 54
103 53
103 52
103 51
103 50
104 49
104 48
104 47
105 47
