334
105 49
106 48
107 48
108 48
109 48
110 49
111 50
111 51
111 52
111 53
111 54
111 55
111 56
111 57
110 58
111 59
111 60
111 61
111 62
111 63
111 64
111 65
110 66
110 67
110 68
110 69
110 70
110 71
110 72
110 73
110 74
110 75
110 76
110 77
110 78
110 79
109 80
109 81
109 82
108 83
107 84
107 85
108 86
109 86
109 87
110 88
111 89
111 90
112 91
113 92
114 92
115 93
116 93
117 94
118 94
119 94
120 94
121 94
122 95
123 96
123 97
123 98
123 99
124 100
124 101
124 102
124 103
124 104
125 105
126 105
127 106
128 106
128 107
128 108
128 109
129 110
129 111
129 112
129 113
129 114
130 115
130 116
130 117
131 118
131 119
131 120
131 121
131 122
131 123
131 124
131 125
131 126
130 127
130 128
130 129
130 130
130 131
131 132
131 133
131 134
131 135
131 136
131 137
130 138
130 139
130 140
130 141
130 142
130 143
130 144
130 145
130 146
130 147
131 148
131 149
131 150
131 151
130 151
129 152
128 153
127 153
126 154
125 154
124 154
123 155
122 155
121 156
120 156
119 156
118 157
117 157
116 157
115 158
114 158
113 158
112 158
111 158
110 159
109 159
108 159
107 159
106 159
105 159
104 159
103 159
102 159
101 159
101 158
101 157
101 156
100 155
100 154
100 153
100 152
100 151
100 150
100 149
100 148
100 147
99 146
98 145
97 144
97 143
97 142
96 141
95 140
95 139
95 138
94 137
94 136
94 135
94 134
93 133
93 132
92 131
92 130
92 129
91 128
91 127
91 126
90 125
89 124
89 123
88 122
88 121
87 120
87 119
87 118
87 117
87 116
87 115
87 114
87 113
87 112
86 111
86 110
87 109
87 108
87 107
87 106
88 105
88 104
87 103
87 102
86 101
86 100
85 99
84 99
84 98
84 97
84 96
83 95
83 94
83 93
83 92
83 91
83 90
83 89
82 88
82 87
82 86
82 85
81 84
80 83
80 82
80 81
79 80
79 79
79 78
78 77
78 76
78 75
78 74
78 73
78 72
78 71
79 70
79 69
78 68
78 67
79 66
78 65
78 64
77 63
76 62
76 61
76 60
77 59
76 58
77 57
77 56
78 56
79 55
80 55
81 54
82 55
83 56
83 57
84 58
84 59
84 60
84 61
85 62
85 63
85 64
85 65
86 66
86 67
87 68
87 69
87 70
87 71
87 72
87 73
87 74
88 75
88 76
89 77
89 78
89 79
89 80
90 81
90 82
90 83
91 84
92 85
92 86
93 87
94 87
94 88
95 89
96 89
97 89
98 89
99 88
99 87
99 86
100 85
100 84
100 83
100 82
100 81
101 80
101 79
101 78
101 77
100 76
100 75
100 74
100 73
100 72
100 71
100 70
100 69
99 68
100 67
100 66
100 65
101 64
102 63
102 62
102 61
103 60
103 59
103 58
103 57
104 56
104 55
104 54
104 53
104 52
104 51
104 50
104 49
