348
108 45
109 44
110 45
111 45
112 46
113 46
113 47
113 48
114 49
113 50
114 51
114 52
114 53
113 54
113 55
113 56
113 57
113 58
112 59
112 60
112 61
111 62
111 63
110 64
110 65
109 65
108 66
107 67
107 68
107 69
106 70
107 71
106 72
106 73
106 74
105 75
105 76
105 77
104 78
104 79
103 80
102 81
101 82
102 83
103 83
104 84
105 85
106 86
106 87
107 88
107 89
107 90
107 91
108 92
108 93
109 94
109 95
110 96
111 96
111 97
112 98
113 99
114 99
115 100
116 101
116 102
117 103
117 104
117 105
117 106
117 107
117 108
117 109
117 110
117 111
116 112
117 113
118 114
118 115
119 116
119 117
119 118
119 119
119 120
119 121
118 122
118 123
118 124
118 125
118 126
118 127
118 128
118 129
117 130
117 131
117 132
117 133
116 134
115 135
115 136
115 137
115 138
114 139
113 140
113 141
113 142
112 143
112 144
111 145
110 146
110 147
111 148
111 149
110 150
110 151
110 152
110 153
110 154
110 155
109 156
109 157
109 158
109 159
108 159
107 159
106 159
105 159
104 159
103 159
102 159
101 159
100 160
99 159
98 159
97 159
96 159
95 159
94 159
93 159
92 159
91 159
90 159
89 158
88 158
87 158
86 158
85 158
84 157
83 157
82 157
81 156
80 156
80 155
79 154
79 153
79 152
80 151
80 150
79 149
79 148
80 147
80 146
80 145
80 144
79 143
79 142
80 141
80 140
80 139
79 138
79 137
79 136
79 135
79 134
79 133
78 132
78 131
78 130
78 129
77 128
77 127
77 126
76 125
76 124
76 123
76 122
76 121
75 120
76 119
77 118
77 117
77 116
77 115
77 114
78 113
78 112
78 111
78 110
77 109
77 108
77 107
77 106
78 106
79 105
79 104
80 104
81 103
81 102
82 101
81 100
80 100
79 100
78 100
78 99
77 98
77 97
77 96
77 95
77 94
76 93
76 92
76 91
76 90
77 89
77 88
76 87
76 86
77 85
77 84
77 83
77 82
77 81
77 80
77 79
76 78
76 77
76 76
76 75
75 74
76 73
76 72
75 71
76 70
76 69
76 68
76 67
76 66
76 65
76 64
77 63
76 62
76 61
76 60
76 59
77 58
77 57
78 56
78 55
78 54
78 53
78 52
78 51
78 50
78 49
78 48
79 48
80 47
81 47
82 47
83 47
84 48
85 49
86 50
86 51
86 52
85 53
85 54
85 55
85 56
85 57
85 58
85 59
85 60
85 61
85 62
85 63
85 64
85 65
85 66
85 67
85 68
86 69
86 70
86 71
86 72
86 73
87 74
87 75
87 76
87 77
87 78
87 79
87 80
87 81
88 82
89 83
90 84
91 84
92 84
93 83
94 82
94 81
94 80
95 79
95 78
95 77
95 76
96 75
95 74
96 73
97 72
97 71
98 70
98 69
98 68
98 67
99 66
100 65
100 64
100 63
101 62
102 61
102 60
102 59
102 58
103 57
103 56
104 55
104 54
104 53
104 52
105 51
105 50
105 49
106 48
106 47
106 46
107 45
