325
89 46
90 45
91 46
91 47
92 48
93 49
93 50
93 51
93 52
92 53
92 54
91 55
91 56
91 57
91 58
91 59
90 60
90 61
90 62
89 63
88 64
87 64
86 65
86 66
86 67
86 68
87 69
86 70
86 71
87 72
87 73
87 74
87 75
86 76
86 77
85 78
86 79
86 80
86 81
87 82
88 83
89 82
90 82
91 81
92 80
92 79
92 78
93 78
94 77
94 76
94 75
94 74
95 73
96 73
97 72
98 71
99 70
99 69
99 68
99 67
100 66
101 66
102 65
103 64
104 63
105 62
105 61
105 60
106 59
107 59
108 58
109 57
110 56
110 55
110 54
111 53
111 52
112 51
113 50
114 49
115 49
116 50
117 51
118 52
118 53
117 54
117 55
118 56
118 57
117 57
116 58
116 59
115 60
115 61
115 62
114 63
113 64
113 65
112 66
112 67
111 68
111 69
110 70
110 71
110 72
109 72
108 72
107 73
107 74
106 75
105 76
104 77
103 78
102 79
101 80
101 81
101 82
101 83
100 83
99 84
99 85
99 86
100 87
100 88
101 89
102 89
102 90
102 91
102 92
102 93
102 94
103 95
103 96
103 97
104 98
104 99
105 100
106 100
106 101
107 102
107 103
108 104
109 105
109 106
109 107
109 108
108 109
107 110
107 111
106 112
105 113
105 114
104 115
104 116
103 117
103 118
103 119
103 120
103 121
102 122
102 123
102 124
102 125
102 126
101 127
100 128
100 129
99 130
99 131
98 132
97 133
97 134
97 135
96 136
96 137
95 138
94 139
93 140
92 141
92 142
92 143
92 144
91 144
90 145
90 146
90 147
90 148
90 149
90 150
89 151
90 152
89 153
89 154
89 155
88 156
89 157
88 158
87 158
86 158
85 158
84 157
83 157
82 157
81 156
80 156
79 156
78 155
77 155
76 154
75 154
74 154
73 153
72 153
71 152
70 151
69 151
68 150
67 150
66 149
65 148
64 148
63 147
62 146
61 145
60 144
60 143
60 142
61 141
61 140
61 139
61 138
61 137
62 136
62 135
63 134
63 133
63 132
63 131
63 130
63 129
64 128
63 127
63 126
63 125
63 124
63 123
63 122
64 121
64 120
65 120
66 119
66 118
66 117
66 116
67 115
67 114
66 113
66 112
66 111
65 110
65 109
65 108
65 107
65 106
66 105
66 104
66 103
67 102
67 101
68 100
68 99
68 98
68 97
68 96
69 95
69 94
70 94
71 93
71 92
72 91
72 90
72 89
72 88
72 87
72 86
72 85
72 84
73 83
73 82
73 81
73 80
74 79
74 78
75 77
75 76
75 75
75 74
76 73
76 72
76 71
77 70
77 69
77 68
77 67
77 66
77 65
77 64
78 63
78 62
79 61
80 60
80 59
81 58
81 57
82 56
82 55
82 54
82 53
83 52
84 51
85 50
86 49
86 48
87 47
88 47
