357
84 55
85 54
86 54
87 54
88 55
89 56
90 57
91 58
92 59
93 59
93 60
93 61
93 62
92 61
91 62
90 63
90 64
91 65
90 66
90 67
89 68
88 69
88 70
88 71
87 72
88 73
88 74
88 75
87 76
88 77
88 78
88 79
88 80
87 81
87 82
87 83
87 84
87 85
87 86
88 87
88 88
87 89
88 90
87 91
87 92
86 93
85 94
85 95
85 96
85 97
85 98
85 99
84 100
83 101
84 102
83 103
84 104
85 104
86 104
87 104
88 104
89 105
90 105
90 106
90 107
90 108
90 109
90 110
90 111
91 112
91 113
92 114
93 115
94 115
95 116
96 117
97 118
98 117
99 117
100 117
101 117
102 118
103 118
104 119
105 120
105 121
105 122
104 123
103 124
104 125
103 126
104 127
105 127
106 127
107 127
108 127
108 128
109 129
110 130
110 131
110 132
110 133
110 134
110 135
110 136
110 137
111 138
111 139
111 140
111 141
111 142
111 143
111 144
110 145
110 146
110 147
110 148
110 149
110 150
110 151
110 152
110 153
110 154
110 155
109 156
108 157
108 158
108 159
107 159
106 159
105 159
104 159
103 159
102 159
101 159
100 160
99 159
98 159
97 159
96 159
95 159
94 159
93 159
92 159
91 159
90 159
89 158
88 158
87 158
86 158
85 158
84 157
83 157
82 157
81 156
80 156
79 156
78 155
77 155
76 154
75 154
74 154
73 153
72 153
71 152
70 151
69 151
68 150
67 150
66 149
65 148
64 148
63 147
62 146
61 145
60 144
60 143
59 142
58 141
57 141
57 140
56 139
56 138
57 137
57 136
57 135
57 134
58 133
58 132
59 132
60 131
60 130
60 129
59 128
60 127
59 126
58 125
58 124
59 123
59 122
59 121
59 120
59 119
59 118
58 117
58 116
58 115
59 114
59 113
59 112
59 111
59 110
59 109
59 108
59 107
58 106
58 105
58 104
58 103
58 102
57 101
57 100
56 99
55 98
54 97
54 96
54 95
53 94
53 93
53 92
54 91
54 90
53 89
53 88
52 87
52 86
52 85
52 84
51 83
51 82
51 81
51 80
51 79
52 78
51 77
51 76
51 75
51 74
50 73
50 72
50 71
50 70
50 69
50 68
50 67
51 66
52 65
52 64
53 63
54 62
55 61
56 60
57 60
58 60
59 61
60 62
61 62
61 63
61 64
61 65
61 66
60 67
60 68
60 69
60 70
60 71
60 72
61 73
61 74
62 75
62 76
62 77
62 78
62 79
62 80
62 81
62 82
62 83
63 84
63 85
63 86
63 87
63 88
64 89
64 90
65 91
65 92
66 93
66 94
67 95
67 96
68 97
68 98
68 99
69 100
70 100
71 101
72 101
73 101
74 101
75 100
76 99
76 98
76 97
76 96
76 95
76 94
76 93
75 92
74 91
74 90
75 89
75 88
75 87
75 86
76 85
76 84
76 83
76 82
76 81
76 80
76 79
76 78
76 77
77 76
77 75
77 74
77 73
77 72
78 71
78 70
78 69
78 68
78 67
78 66
79 65
79 64
79 63
79 62
80 61
80 60
81 59
81 58
81 57
82 56
82 55
83 55
