310
113 54
114 53
115 53
116 53
117 53
118 54
118 55
119 56
119 57
119 58
118 59
118 60
118 61
117 62
116 62
115 63
114 64
114 65
113 66
112 67
111 68
110 69
109 69
108 70
108 71
107 72
106 73
106 74
106 75
105 75
104 76
104 77
103 78
103 79
102 80
101 81
101 82
101 83
101 84
101 85
102 86
102 87
103 88
104 88
105 87
106 87
107 86
108 85
109 84
110 83
111 82
112 81
113 80
114 79
115 78
116 78
117 77
118 76
119 76
120 75
121 74
122 73
123 72
124 72
125 71
126 70
127 70
128 69
129 68
130 68
131 67
132 67
133 66
132 65
133 66
134 66
135 66
136 65
137 65
138 65
139 66
140 66
140 67
140 68
140 69
140 70
139 71
139 72
138 73
137 74
137 75
136 76
135 76
134 77
133 77
132 78
131 78
130 79
129 79
128 80
127 81
127 82
127 83
127 84
126 85
125 85
124 86
123 86
122 86
121 87
120 87
119 88
118 88
117 89
116 89
115 90
114 90
113 91
113 92
112 92
111 93
111 94
111 95
111 96
111 97
112 98
111 98
110 99
111 100
111 101
111 102
111 103
110 104
110 105
110 106
110 107
111 108
111 109
111 110
112 111
112 112
112 113
112 114
112 115
112 116
112 117
112 118
111 118
110 119
110 120
109 121
109 122
108 123
107 124
106 125
106 126
106 127
105 128
105 129
104 130
103 131
103 132
102 133
101 134
100 135
99 136
98 137
97 138
96 139
95 139
94 140
93 141
92 142
91 143
90 144
89 145
88 145
87 146
86 146
85 147
85 148
84 149
83 150
82 151
82 152
81 153
81 154
80 155
80 156
79 156
78 155
77 155
76 154
75 154
74 154
73 153
72 153
71 152
70 151
69 151
68 150
67 150
66 149
65 148
64 148
63 147
62 146
61 145
60 144
59 143
58 142
57 141
56 140
55 139
55 138
56 137
56 136
56 135
57 134
58 133
59 133
60 132
60 131
60 130
61 130
62 129
62 128
63 127
63 126
64 125
64 124
65 123
65 122
66 121
66 120
67 119
67 118
67 117
67 116
68 115
68 114
68 113
68 112
68 111
69 110
70 109
70 108
71 108
72 107
72 106
73 105
73 104
73 103
74 102
74 101
74 100
75 99
76 98
77 98
78 97
79 97
80 96
79 95
80 94
81 93
81 92
82 91
82 90
83 90
84 89
84 88
84 87
84 86
85 86
86 85
86 84
87 84
88 83
89 82
90 81
90 80
90 79
90 78
91 78
92 77
92 76
93 75
93 74
94 73
95 72
96 72
97 71
98 70
98 69
98 68
98 67
99 66
100 65
101 65
102 64
103 63
104 62
105 61
106 60
107 59
108 58
109 57
110 56
111 55
112 54
