348
92 49
93 48
94 48
95 48
96 48
97 48
97 49
98 50
98 51
99 52
98 53
98 54
98 55
98 56
98 57
98 58
98 59
98 60
98 61
97 62
97 63
96 64
95 65
94 66
94 67
93 68
93 69
92 70
91 71
91 72
91 73
91 74
91 75
91 76
91 77
91 78
91 79
90 80
90 81
90 82
90 83
89 84
88 85
88 86
87 87
86 88
86 89
85 90
85 91
86 92
87 92
88 93
89 93
90 94
90 95
90 96
90 97
90 98
90 99
90 100
90 101
91 102
91 103
92 104
93 104
94 105
94 106
95 107
96 107
97 108
98 109
99 110
99 111
99 112
99 113
100 114
100 115
100 116
101 117
102 118
101 119
102 120
102 121
102 122
103 123
103 124
103 125
103 126
103 127
103 128
103 129
103 130
102 131
102 132
102 133
102 134
102 135
102 136
101 137
101 138
100 139
100 140
99 141
99 142
99 143
99 144
99 145
99 146
98 147
98 148
98 149
97 150
97 151
96 152
96 153
95 154
95 155
96 156
96 157
96 158
96 159
95 159
94 159
93 159
92 159
91 159
90 159
89 158
88 158
87 158
86 158
85 158
84 157
83 157
82 157
81 156
80 156
79 156
78 155
77 155
76 154
75 154
74 154
73 153
72 153
71 152
70 151
69 151
68 150
67 150
66 149
65 148
64 148
63 147
62 146
61 145
61 144
60 143
60 142
60 141
60 140
59 139
59 138
59 137
59 136
58 135
58 134
58 133
58 132
58 131
58 130
57 129
57 128
57 127
57 126
57 125
57 124
57 123
57 122
56 121
56 120
56 119
57 118
57 117
57 116
57 115
57 114
58 113
59 112
59 111
60 110
61 110
62 110
63 109
63 108
64 107
64 106
63 105
62 105
61 106
60 107
60 106
60 105
60 104
61 103
61 102
61 101
61 100
61 99
60 98
60 97
59 96
59 95
59 94
58 93
58 92
57 91
57 90
58 89
58 88
58 87
57 86
57 85
57 84
57 83
57 82
57 81
57 80
58 79
58 78
58 77
58 76
58 75
58 74
58 73
58 72
58 71
58 70
59 69
59 68
59 67
59 66
59 65
59 64
59 63
60 62
59 61
60 60
60 59
60 58
60 57
60 56
61 55
62 54
63 53
64 52
65 52
66 51
67 50
67 51
68 52
68 53
69 54
69 55
69 56
68 57
68 58
68 59
68 60
69 61
68 62
68 63
67 64
67 65
68 66
67 67
68 68
68 69
68 70
69 71
69 72
70 73
70 74
69 75
70 76
70 77
70 78
70 79
70 80
69 81
69 82
69 83
69 84
69 85
70 86
70 87
70 88
71 89
72 90
73 90
74 91
75 90
76 91
77 90
77 89
78 89
79 88
78 87
78 86
78 85
78 84
78 83
79 82
78 81
79 80
79 79
79 78
79 77
79 76
80 76
81 75
81 74
81 73
81 72
81 71
82 70
82 69
82 68
83 67
83 66
83 65
83 64
84 63
84 62
84 61
85 60
85 59
86 58
86 57
87 56
87 55
88 54
88 53
88 52
89 52
90 51
90 50
91 50
