331
90 48
91 47
92 47
93 47
94 48
95 49
95 50
95 51
94 52
94 53
94 54
94 55
93 56
93 57
92 58
93 59
93 60
92 61
93 62
93 63
93 64
93 65
93 66
94 67
94 68
94 69
94 70
93 71
94 72
94 73
94 74
93 75
93 76
93 77
93 78
94 79
95 80
96 81
97 80
98 80
99 81
100 81
101 80
102 79
102 78
103 77
103 76
104 75
104 74
105 73
105 72
106 71
106 70
106 69
107 68
108 67
109 66
110 65
111 64
111 63
111 62
112 61
113 60
113 59
114 58
114 57
114 56
115 56
116 55
116 54
117 54
118 53
119 52
120 51
119 50
120 50
121 49
121 48
122 49
123 49
124 49
125 50
126 51
126 52
126 53
126 54
126 55
125 56
125 57
124 58
123 59
123 60
122 61
122 62
121 63
120 64
120 65
120 66
119 67
118 68
118 69
117 70
117 71
116 71
115 72
115 73
114 74
113 75
113 76
112 77
112 78
111 79
111 80
111 81
110 82
110 83
110 84
109 85
108 85
107 86
108 87
108 88
109 89
109 90
109 91
109 92
109 93
110 94
111 94
112 95
113 96
114 97
115 98
116 98
116 99
116 100
117 101
117 102
117 103
116 103
115 104
114 105
113 106
113 107
113 108
114 109
115 109
116 110
116 111
116 112
116 113
116 114
116 115
116 116
116 117
115 118
115 119
115 120
114 121
114 122
113 123
113 124
112 125
112 126
112 127
111 128
110 129
110 130
109 131
109 132
109 133
109 134
108 135
108 136
107 137
107 138
107 139
107 140
107 141
106 142
105 143
105 144
104 145
104 146
104 147
104 148
104 149
104 150
104 151
103 152
103 153
103 154
103 155
103 156
103 157
103 158
103 159
102 159
101 159
100 160
99 159
98 159
97 159
96 159
95 159
94 159
93 159
92 159
91 159
90 159
89 158
88 158
87 158
86 158
85 158
84 157
83 157
82 157
81 156
80 156
79 156
78 155
77 155
76 154
75 154
74 154
73 153
73 152
73 151
74 150
74 149
74 148
74 147
74 146
74 145
74 144
74 143
75 142
75 141
75 140
75 139
75 138
75 137
75 136
76 135
76 134
76 133
76 132
76 131
76 130
76 129
76 128
76 127
76 126
76 125
76 124
76 123
76 122
76 121
76 120
77 119
77 118
77 117
77 116
77 115
77 114
77 113
77 112
77 111
77 110
76 109
76 108
77 107
77 106
78 105
78 104
79 103
79 102
80 101
80 100
80 99
81 98
82 97
81 96
81 95
81 94
81 93
82 92
82 91
82 90
82 89
82 88
82 87
83 86
83 85
83 84
83 83
83 82
83 81
83 80
83 79
83 78
83 77
83 76
83 75
83 74
83 73
83 72
83 71
84 70
84 69
84 68
84 67
85 66
86 65
85 64
86 63
85 62
84 61
85 60
85 59
85 58
85 57
86 56
86 55
86 54
86 53
87 52
88 51
89 50
89 49
