363
98 45
99 44
100 44
101 44
102 45
103 45
103 46
103 47
103 48
104 49
104 50
103 51
103 52
102 53
102 54
102 55
101 56
101 57
100 58
100 59
99 60
98 61
98 62
98 63
98 64
97 65
97 66
97 67
97 68
97 69
97 70
97 71
97 72
97 73
98 74
97 74
96 75
95 76
94 77
94 78
94 79
93 80
92 81
91 82
91 83
90 84
91 85
90 86
90 87
90 88
90 89
91 90
92 90
93 90
94 90
94 91
94 92
93 92
92 92
91 93
91 94
91 95
91 96
91 97
90 98
91 99
92 99
93 100
94 101
95 102
96 103
97 104
98 104
99 105
100 106
101 106
102 107
103 107
104 107
105 107
106 107
107 107
107 108
107 109
107 110
107 111
107 112
107 113
107 114
107 115
107 116
107 117
107 118
107 119
107 120
107 121
107 122
107 123
107 124
108 125
109 126
109 127
109 128
109 129
108 130
107 130
106 131
107 132
106 133
106 134
105 135
104 136
104 137
104 138
104 139
103 140
103 141
102 142
101 143
101 144
101 145
100 146
100 147
99 148
98 149
99 150
99 151
98 152
98 153
98 154
99 155
99 156
99 157
99 158
99 159
100 160
99 159
98 159
97 159
96 159
95 159
94 159
93 159
92 159
91 159
90 159
89 158
88 158
87 158
86 158
85 158
84 157
83 157
82 157
81 156
80 156
79 156
78 155
77 155
76 154
75 154
74 154
73 153
72 153
71 152
70 151
69 151
68 150
67 150
66 149
65 148
64 148
63 147
63 146
63 145
63 144
63 143
63 142
62 141
62 140
62 139
62 138
61 137
60 136
59 135
58 134
58 133
58 132
57 131
58 130
58 129
58 128
58 127
58 126
58 125
58 124
58 123
58 122
57 121
57 120
57 119
57 118
57 117
57 116
57 115
57 114
58 113
58 112
58 111
59 110
60 109
61 108
62 107
63 106
63 105
63 104
62 103
63 102
62 101
62 100
62 99
62 98
62 97
62 96
62 95
63 94
63 93
64 93
65 92
65 91
65 90
65 89
65 88
65 87
65 86
64 85
64 84
63 83
63 82
63 81
63 80
62 79
62 78
62 77
62 76
62 75
62 74
62 73
62 72
62 71
61 70
61 69
62 68
62 67
62 66
63 66
64 65
64 64
64 63
64 62
65 61
65 60
66 59
66 58
66 57
66 56
66 55
67 54
68 53
69 52
69 51
69 50
70 49
71 48
72 47
73 47
74 46
75 47
76 48
76 49
76 50
76 51
76 52
76 53
76 54
76 55
75 56
75 57
75 58
75 59
75 60
76 61
76 62
75 63
76 64
76 65
76 66
76 67
75 68
75 69
76 70
76 71
76 72
76 73
76 74
76 75
76 76
76 77
75 78
75 79
75 80
75 81
75 82
75 83
76 84
76 85
77 86
78 87
79 86
80 87
81 87
82 86
82 85
82 84
83 83
83 82
83 81
83 80
83 79
83 78
84 77
84 76
84 75
84 74
84 73
85 72
86 71
86 70
85 69
85 68
86 67
86 66
86 65
87 64
87 63
88 62
89 61
89 60
89 59
89 58
90 57
90 56
90 55
90 54
91 53
91 52
92 51
93 50
94 49
95 48
96 47
97 46
97 45
