314
86 52
87 51
88 51
89 52
90 52
91 53
91 54
91 55
91 56
91 57
91 58
91 59
91 60
91 61
90 62
90 63
89 64
88 65
87 66
87 67
87 68
87 69
87 70
88 71
88 72
88 73
87 74
87 75
87 76
86 77
86 78
86 79
85 80
86 81
85 82
85 83
85 84
86 85
87 85
88 85
89 85
90 85
91 84
92 83
93 82
94 81
94 80
94 79
94 78
95 77
95 76
96 76
97 75
97 74
97 73
98 72
98 71
99 70
99 69
99 68
99 67
99 66
99 65
100 64
100 63
101 62
101 61
102 60
103 59
103 58
104 57
104 56
105 56
106 55
107 55
108 54
109 53
110 52
111 52
112 52
113 52
114 53
115 53
115 54
116 55
116 56
116 57
116 58
115 59
114 60
114 61
113 62
112 62
111 63
111 64
110 65
109 66
109 67
109 68
108 69
108 70
108 71
107 72
107 73
106 74
105 75
104 76
103 77
103 78
102 79
101 80
100 81
100 82
100 83
100 84
100 85
100 86
100 87
100 88
101 89
102 90
102 91
102 92
103 93
103 94
104 95
104 96
104 97
104 98
105 99
106 100
107 101
108 102
109 103
109 104
110 105
110 106
110 107
110 108
110 109
110 110
109 111
109 112
109 113
109 114
108 115
109 116
109 117
109 118
110 119
109 120
110 121
110 122
110 123
110 124
109 125
109 126
108 127
108 128
107 129
107 130
106 131
105 132
104 133
104 134
103 135
102 136
102 137
101 138
101 139
100 140
100 141
99 142
99 143
99 144
98 145
98 146
97 147
97 148
96 149
96 150
96 151
95 152
95 153
95 154
95 155
95 156
94 157
94 158
93 159
92 159
91 159
90 159
89 158
88 158
87 158
86 158
85 158
84 157
83 157
82 157
81 156
80 156
79 156
78 155
77 155
76 154
75 154
74 154
73 153
72 153
71 152
70 151
69 151
68 150
67 150
66 149
66 148
66 147
66 146
67 145
67 144
67 143
67 142
67 141
67 140
68 139
68 138
68 137
68 136
69 135
69 134
69 133
69 132
69 131
69 130
70 129
70 128
69 127
69 126
69 125
69 124
68 123
68 122
68 121
68 120
68 119
68 118
68 117
68 116
68 115
68 114
67 113
67 112
68 111
68 110
69 109
69 108
69 107
70 106
70 105
71 104
71 103
71 102
72 101
73 100
73 99
74 98
75 97
75 96
74 95
74 94
74 93
74 92
75 91
75 90
74 89
74 88
73 87
73 86
74 85
74 84
74 83
74 82
75 81
75 80
75 79
76 78
76 77
76 76
76 75
76 74
77 73
77 72
78 71
78 70
78 69
79 68
79 67
79 66
79 65
80 64
80 63
80 62
81 61
81 60
81 59
81 58
82 57
82 56
83 55
84 54
84 53
85 52
