314
104 58
104 57
105 57
106 57
107 57
108 57
109 58
110 58
111 59
112 59
112 60
112 61
111 62
110 63
109 64
109 65
108 66
107 67
106 68
105 69
104 70
104 71
103 72
103 73
103 74
102 75
101 76
100 77
100 78
99 79
99 80
98 81
98 82
98 83
99 84
99 85
99 86
99 87
98 88
98 89
98 90
98 91
98 92
98 93
97 94
97 95
98 96
99 96
100 97
101 96
101 95
102 94
103 93
103 92
104 92
105 91
106 90
107 90
108 89
109 88
110 88
111 87
111 86
112 85
113 84
113 83
114 82
115 81
116 80
117 79
118 79
119 78
120 78
121 78
122 77
123 76
124 75
125 75
126 74
126 73
126 72
127 71
128 70
129 69
130 68
131 68
132 68
133 68
134 68
135 68
136 68
136 69
137 70
138 70
138 71
138 72
138 73
137 74
137 75
137 76
136 77
135 78
135 79
134 79
133 80
133 81
132 82
131 83
130 84
130 85
129 85
128 86
127 87
126 87
125 87
124 88
123 89
123 90
122 91
121 91
120 92
119 93
118 94
117 95
116 96
115 96
114 97
113 98
112 99
111 100
110 101
109 102
108 103
107 104
107 105
107 106
107 107
107 108
107 109
107 110
107 111
106 112
106 113
106 114
106 115
106 116
105 117
105 118
106 119
107 120
107 121
107 122
107 123
108 124
109 125
109 126
109 127
109 128
110 129
110 130
109 131
109 132
108 133
108 134
108 135
108 136
107 137
107 138
106 138
105 139
104 140
104 141
103 142
103 143
102 144
102 145
102 146
101 147
100 148
100 149
99 150
99 151
98 152
98 153
98 154
97 155
96 156
96 157
95 158
94 158
93 159
92 159
91 159
90 159
89 158
88 158
87 158
86 158
85 158
84 157
83 157
82 157
81 156
80 156
79 156
78 155
77 155
76 154
75 154
74 154
73 153
72 153
71 152
70 151
69 151
68 150
67 150
66 149
65 148
64 148
63 147
62 146
61 145
60 144
59 143
58 142
58 141
58 140
59 139
59 138
60 137
60 136
61 135
61 134
61 133
61 132
62 131
62 130
62 129
62 128
62 127
62 126
63 125
63 124
64 123
64 122
65 121
65 120
66 119
66 118
67 117
67 116
68 115
68 114
68 113
68 112
68 111
69 110
70 109
71 108
72 108
73 107
72 106
73 105
74 104
74 103
75 102
76 101
76 100
77 99
78 98
79 97
79 96
80 95
80 94
81 93
81 92
82 92
83 91
83 90
83 89
83 88
84 88
85 87
85 86
86 85
86 84
86 83
86 82
87 81
88 80
88 79
88 78
89 77
89 76
90 75
90 74
91 73
92 72
93 71
94 70
94 69
95 68
95 67
96 67
97 66
98 65
99 64
99 63
99 62
100 61
101 60
102 59
103 59
