303
89 42
90 41
91 41
92 41
92 42
92 43
91 44
91 45
91 46
91 47
91 48
91 49
90 49
89 50
89 51
88 52
87 53
86 54
85 55
84 56
83 57
83 58
83 59
82 60
81 61
81 62
80 63
79 64
79 65
79 66
78 67
77 68
76 69
75 70
75 71
75 72
75 73
75 74
75 75
76 76
76 77
77 78
78 79
79 79
80 79
81 78
82 78
83 78
84 77
84 76
85 75
85 74
86 74
87 73
88 72
89 71
89 70
90 69
90 68
91 68
92 67
93 67
94 66
95 65
95 64
96 63
97 63
98 62
99 61
100 60
101 60
102 59
103 58
104 57
105 56
106 55
107 56
108 55
109 55
110 55
111 54
112 54
113 54
114 55
115 55
116 55
117 56
117 57
117 58
118 59
118 60
118 61
117 61
116 62
115 62
114 63
113 64
112 64
111 64
110 65
109 66
108 67
108 68
107 68
106 69
105 70
104 71
103 72
102 73
101 73
100 74
99 75
99 76
98 77
97 77
96 78
95 78
94 79
93 80
92 81
91 82
91 83
90 84
90 85
89 85
88 86
88 87
88 88
88 89
88 90
88 91
88 92
87 93
86 94
87 95
88 96
88 97
88 98
88 99
88 100
89 101
89 102
89 103
90 104
90 105
91 106
91 107
91 108
91 109
90 110
89 111
89 112
89 113
89 114
88 115
87 116
86 116
85 117
85 118
84 119
84 120
84 121
84 122
83 122
82 123
82 124
81 125
81 126
80 127
79 128
79 129
78 130
77 131
76 132
75 133
75 134
74 135
73 136
72 137
72 138
71 138
70 139
69 140
68 140
67 141
66 142
65 143
64 144
63 145
62 146
61 145
60 144
59 143
58 142
57 141
56 140
55 139
54 138
53 137
52 136
52 135
51 134
50 133
50 132
49 131
49 130
48 129
47 128
47 127
46 126
46 125
46 124
45 123
45 122
44 121
44 120
44 119
43 118
43 117
43 116
42 115
42 114
42 113
42 112
42 111
43 110
43 109
43 108
43 107
44 106
44 105
45 104
45 103
45 102
46 101
46 100
47 99
47 98
48 97
49 96
50 95
51 94
52 93
52 92
53 91
53 90
53 89
53 88
54 88
55 87
55 86
56 85
56 84
57 84
58 83
58 82
59 81
59 80
59 79
59 78
60 77
60 76
61 75
61 74
61 73
62 73
63 72
63 71
64 70
64 69
64 68
65 67
65 66
65 65
66 64
67 63
67 62
68 61
68 60
69 59
70 58
71 57
71 56
72 55
73 54
74 53
75 52
76 51
77 50
78 49
78 48
79 47
80 46
80 45
80 44
81 44
82 43
83 43
84 43
85 42
86 42
87 42
88 42
