348
106 50
107 49
108 50
109 50
110 50
111 51
112 52
113 52
113 53
114 54
115 55
114 55
113 56
114 57
114 58
113 58
112 59
111 60
111 61
111 62
110 63
110 64
109 65
109 66
108 67
108 68
108 69
107 70
107 71
108 72
108 73
107 74
107 75
107 76
107 77
107 78
107 79
107 80
106 81
106 82
106 83
105 84
104 85
104 86
104 87
103 87
102 87
101 87
100 88
101 89
102 90
103 91
103 92
103 93
104 94
103 95
103 96
103 97
103 98
103 99
104 100
105 100
106 101
107 102
108 102
109 103
110 103
111 103
112 103
113 104
114 104
115 104
115 105
116 106
116 107
116 108
116 109
117 110
116 111
115 112
115 113
116 114
117 114
117 115
117 116
117 117
117 118
118 119
118 120
119 121
119 122
119 123
119 124
119 125
119 126
118 127
118 128
118 129
118 130
118 131
117 132
117 133
117 134
117 135
116 136
116 137
116 138
115 139
114 140
113 141
113 142
113 143
112 144
112 145
112 146
112 147
111 148
111 149
111 150
111 151
111 152
111 153
111 154
112 155
111 156
111 157
112 158
111 158
110 159
109 159
108 159
107 159
106 159
105 159
104 159
103 159
102 159
101 159
100 160
99 159
98 159
97 159
96 159
95 159
94 159
93 159
92 159
91 159
90 159
89 158
88 158
87 158
86 158
85 158
84 157
83 157
82 157
81 156
80 156
80 155
79 154
79 153
79 152
80 151
80 150
80 149
80 148
80 147
81 146
81 145
81 144
80 143
80 142
80 141
80 140
80 139
79 138
78 137
78 136
78 135
78 134
77 133
77 132
77 131
77 130
76 129
76 128
75 127
75 126
75 125
75 124
75 123
75 122
75 121
75 120
75 119
75 118
75 117
75 116
74 115
74 114
74 113
74 112
74 111
74 110
74 109
75 108
76 107
77 106
78 105
79 104
80 103
81 102
82 101
82 100
81 99
80 98
79 98
79 97
80 96
80 95
81 94
81 93
81 92
81 91
81 90
80 89
80 88
80 87
80 86
79 85
78 84
78 83
79 82
79 81
79 80
79 79
79 78
79 77
79 76
79 75
79 74
79 73
79 72
79 71
79 70
79 69
79 68
79 67
79 66
79 65
79 64
79 63
79 62
80 61
81 60
81 59
81 58
82 57
82 56
83 55
84 54
85 54
86 53
87 54
88 54
89 55
89 56
90 57
90 58
89 59
89 60
88 61
88 62
88 63
88 64
88 65
88 66
87 67
87 68
88 69
87 70
88 71
87 72
87 73
87 74
88 75
88 76
88 77
88 78
88 79
88 80
88 81
88 82
88 83
88 84
88 85
88 86
89 87
88 88
88 89
88 90
89 91
90 91
91 90
91 89
92 89
93 89
94 89
95 89
96 88
97 87
97 86
97 85
97 84
97 83
97 82
98 81
98 80
99 79
99 78
99 77
99 76
98 75
98 74
98 73
98 72
98 71
98 70
99 69
99 68
100 67
101 66
101 65
101 64
102 63
102 62
102 61
102 60
102 59
103 58
103 57
103 56
104 55
104 54
104 53
104 52
105 51
