350
92 44
93 43
94 43
95 43
96 44
96 45
97 46
97 47
97 48
98 49
99 50
100 50
100 51
100 52
100 53
101 54
101 55
101 56
100 57
99 56
98 57
98 58
99 59
98 60
97 61
97 62
97 63
97 64
98 65
98 66
98 67
98 68
99 69
99 70
100 71
100 72
100 73
99 74
99 75
99 76
99 77
99 78
99 79
99 80
98 81
98 82
98 83
97 84
97 85
96 86
97 87
98 88
99 88
100 89
101 89
101 90
102 91
103 91
104 92
104 93
105 94
106 94
107 94
108 95
109 95
110 95
111 96
112 96
113 96
114 96
115 96
116 96
117 97
118 98
118 99
119 100
120 101
121 102
121 103
122 104
123 105
123 106
124 107
124 108
124 109
125 110
125 111
125 112
125 113
125 114
126 115
126 116
127 117
127 118
127 119
127 120
127 121
127 122
127 123
127 124
127 125
127 126
127 127
127 128
127 129
127 130
127 131
126 132
126 133
126 134
126 135
126 136
126 137
127 138
127 139
127 140
127 141
127 142
127 143
127 144
127 145
127 146
126 147
127 148
127 149
128 150
128 151
128 152
128 153
127 153
126 154
125 154
124 154
123 155
122 155
121 156
120 156
119 156
118 157
117 157
116 157
115 158
114 158
113 158
112 158
111 158
110 159
109 159
108 159
107 159
106 159
105 159
104 159
103 159
102 159
101 159
100 160
99 159
98 159
98 158
98 157
98 156
97 155
97 154
96 153
96 152
96 151
95 150
95 149
95 148
95 147
95 146
95 145
95 144
94 143
94 142
94 141
93 140
92 139
92 138
92 137
91 136
90 135
89 134
88 133
88 132
88 131
87 130
86 129
85 128
85 127
84 126
83 125
83 124
82 123
82 122
81 121
80 121
80 120
79 119
79 118
79 117
78 116
78 115
77 114
77 113
78 112
79 111
79 110
80 109
80 108
80 107
81 106
81 105
81 104
81 103
81 102
80 101
80 100
79 99
78 98
78 97
78 96
78 95
77 94
77 93
77 92
76 91
76 90
75 89
75 88
75 87
74 86
74 85
74 84
73 83
72 82
71 81
70 80
69 79
69 78
69 77
69 76
70 75
69 74
69 73
69 72
69 71
69 70
69 69
68 68
68 67
68 66
68 65
68 64
67 63
68 62
67 61
66 60
67 60
68 59
67 58
66 58
67 58
68 57
68 56
68 55
68 54
69 53
70 52
71 51
72 52
73 53
73 54
74 55
73 56
73 57
73 58
74 59
74 60
75 61
75 62
74 63
75 64
75 65
74 66
75 67
76 68
77 69
77 70
78 71
79 72
79 73
80 74
80 75
80 76
81 77
81 78
82 79
83 80
84 81
84 82
85 83
86 84
87 85
88 85
89 86
90 86
91 85
91 84
91 83
91 82
91 81
91 80
91 79
90 78
89 77
89 76
89 75
89 74
89 73
88 72
88 71
88 70
89 69
89 68
89 67
89 66
88 65
88 64
89 63
89 62
89 61
89 60
89 59
89 58
89 57
89 56
89 55
89 54
90 53
91 52
91 51
90 50
90 49
90 48
90 47
90 46
90 45
91 44
