352
84 50
85 49
86 50
87 51
88 52
88 53
88 54
89 55
89 56
89 57
89 58
89 59
89 60
89 61
89 62
89 63
89 64
89 65
88 66
88 67
88 68
88 69
88 70
88 71
87 72
88 73
87 74
87 75
87 76
87 77
88 78
88 79
88 80
88 81
88 82
88 83
88 84
88 85
88 86
89 87
89 88
90 89
91 90
92 91
93 91
94 91
95 91
96 91
97 90
97 89
97 88
98 87
98 86
99 85
99 84
99 83
98 82
99 81
99 80
99 79
99 78
100 77
100 76
101 75
101 74
102 74
103 73
104 72
104 71
104 70
105 69
105 68
105 67
106 66
106 65
106 64
106 63
107 62
107 61
108 60
108 59
109 58
110 57
111 56
111 55
112 54
113 53
113 52
114 51
115 51
116 50
117 50
118 50
119 51
120 52
121 53
121 54
121 55
122 56
121 57
120 58
120 59
119 60
119 61
119 62
118 63
118 64
118 65
118 66
118 67
118 68
117 68
116 68
115 69
114 69
113 70
114 71
114 72
113 73
113 74
113 75
112 76
112 77
111 78
111 79
110 80
110 81
109 82
109 83
109 84
108 85
108 86
108 87
107 88
106 89
106 90
106 91
105 92
104 92
103 93
103 94
102 95
103 96
104 97
105 97
106 98
107 98
107 99
108 100
108 101
109 102
110 102
111 102
112 103
112 104
113 105
113 106
113 107
113 108
114 109
114 110
115 111
116 111
117 112
118 112
119 112
120 113
120 114
120 115
121 116
120 117
120 118
120 119
119 120
119 121
119 122
119 123
119 124
120 125
120 126
120 127
119 128
119 129
120 130
120 131
119 132
119 133
118 134
118 135
118 136
118 137
119 138
118 139
118 140
118 141
118 142
118 143
117 144
117 145
117 146
116 147
116 148
116 149
115 150
115 151
114 152
114 153
113 154
112 155
112 156
111 157
111 158
110 159
109 159
108 159
107 159
106 159
105 159
104 159
103 159
102 159
101 159
100 160
99 159
98 159
97 159
96 159
95 159
94 159
93 159
92 159
91 159
90 159
89 158
88 158
87 158
86 158
85 158
84 157
83 157
82 157
81 156
80 156
79 156
78 155
77 155
77 154
77 153
77 152
76 151
76 150
76 149
76 148
76 147
76 146
75 145
75 144
75 143
74 142
74 141
74 140
73 139
73 138
73 137
73 136
73 135
73 134
73 133
73 132
73 131
74 130
74 129
75 128
75 127
75 126
74 125
75 124
75 123
75 122
75 121
75 120
74 119
74 118
74 117
74 116
75 115
75 114
76 113
77 112
76 111
75 111
75 110
75 109
75 108
75 107
76 106
76 105
76 104
76 103
77 102
77 101
77 100
78 99
78 98
78 97
78 96
78 95
78 94
78 93
78 92
77 91
77 90
76 89
76 88
76 87
76 86
76 85
76 84
77 83
77 82
77 81
77 80
77 79
77 78
77 77
77 76
77 75
77 74
77 73
77 72
78 71
78 70
78 69
79 68
79 67
80 66
80 65
80 64
80 63
80 62
80 61
80 60
80 59
80 58
80 57
80 56
81 55
80 54
80 53
81 52
82 51
83 51
