20086 21827
-56.4301 -7564.16
-23.169 129.39
-128.707 -708.44
22.2712 -47.5286
0.402559 -63.1108
7.43057 -80.7091
30.0545 -12.8643
-3.28592 -31.8007
26.6037 6.72376
-34.9326 -41.899
35.4157 -1.65566
0.917867 -14.498
-13.0023 -19.124
0.0177882 -24.0541
-18.6686 -19.1149
-16.1581 -1.09734
-49.1919 8.25694
-9.88189 17.5915
-8.23921 12.4015
-19.0786 -3.53992
-6.8599 -1.46637
-7.90853 -9.27866
-5.16762 -1.09866
-0.143646 2.92779
1.12132 -7.94975
-11.1451 -0.809151
-0.632947 -2.88799
3.97063 -5.88445
-2.61616 -3.48622
-0.128136 1.74486
8.71627 -3.36158
-10.2805 0.0920922
4.48733 -3.4618
1.36453 -0.363141
5.51703 7.42203
-2.52398 4.80594
4.4713 -2.33426
-6.012 -4.20384
-4.588 0.901862
0.469751 0.161667
-0.0435682 2.00973
6.7163 5.81375
2.16942 -0.920968
4.13858 1.83264
10.4785 -7.09992
10.169 4.66633
1.77155 0.327611
2.82755 -7.55606
5.33479 -0.344762
-7 2
4.5662 -3.26289
-6.82809 2.11216
-8.30551 5.15472
-8.75861 2.00325
-2.2212 0.602486
-6.68793 -7.88475
4.8215 2.69445
2.25052 -10.7579
-3.69098 -1.28256
-3.89316 29.7381
-2.54986 -4.90741
-3.25152 3.78002
0.493942 0.969322
-3.78037 8.15257
-1.1749 2.88749
-3.2974 3.75224
0.286708 2.73183
-1.85752 3.80605
2.06974 2.12676
-5.10793 -6.41862
0.571528 4.94578
-0.875017 1.00373
2.32882 -0.896373
-3.61531 -1.3845
1.70711 -3.12132
7.30873 -1.79613
4.8205 0.336166
-1.90561 -5.0994
2.79282 1.01698
1.16698 -3.64146
-0.431819 -3.19751
3.17761 0.476613
-0.0179943 17.9259
-3.38924 -1.42906
-0.819584 4.9981
2.22632 4.24199
5.32281 -1.89068
4.78619 -1.36558
-0.364435 -1.6049
-6.95594 -0.60756
3.21905 6.49902
-9.33338 1.41115
-0.00638377 5.00503
-1.32414 -0.997285
-0.480503 1.37449
-2.84593 0.503225
-4.47149 -0.0999006
4.79768 2.79201
5.29607 -5.04281
0 -5
3.44974 0.391676
1.25059 -5.62258
-7.45947 3.59864
-4.96847 6.78042
-0.771598 0.826687
1.84594 -4.04883
-1.49831 1.38282
-3.71397 -1.69332
4.67054 -5.52952
-0.157452 0.245502
0.0157724 3.21852
10.6607 -1.24367
6.90153 8.46877
-0.924954 -3.7665
-3.5171 0.574658
-5.90748 -0.399493
-1.64407 8.27596
-0.549478 1.60594
-0.212806 -16.0399
3.06909 1.78736
-1.49731 -5.16535
-3.4304 1.67657
2.95813 -0.279315
6.93094 -0.162048
-3.12132 1.94975
-5.26979 -9.40512
0.884559 -2.00666
-4.79214 -3.40826
-3.18965 2.55909
-2.29643 2.62708
4.0392 3.75151
5.09437 2.50838
3.28989 -1.24531
7.25751 -2.64883
-0.387074 -4.59
2.47954 -9.21188
1.26609 -3.07571
1.73584 4.88445
-2.29733 8.02482
-2.16256 7.2963
-5.89238 2.73596
2.3505 -27.441
2.99284 5.1249
-2.7571 4.18132
-1.99801 2.01021
1.20594 -5.37019
-5.11084 -3.1915
0.00989571 -1.75805
5.91148 4.01066
1 2.22045e-15
7.47942 1.30748
4.52115 0.478962
3.86141 -3.10358
10.2101 -6.09418
2.59463 -5.72412
-4.26989 -4.67773
-2.75246 -4.66268
1.44081 6.29565
-7.96635 -0.235193
-0.705819 4.69244
-4.26157 -0.0165091
-9.39489 8.93942
0.75937 -6.15796
3.19181 -4.19572
7.45324 7.30095
3.68695 -6.6519
1.75546 -3.40745
-5.16415 -5.49554
-3.55945 2.89807
-3.81503 -7.12051
-11.1566 -2.29139
8.88297 5.33758
-7.76187 -4.26623
-4.70607 -3.91236
0.292893 1.12132
6.69676 -10.7254
-5.15586 -6.31013
4.38672 29.0874
5.9335 0.883678
-4.86571 11.5055
14.8765 -13.0566
-1.77642 -14.9145
-12.8676 -0.035869
-0.375783 11.0954
38.4298 38.1873
26.52 24.5816
50.9791 9.02301
42.8572 -16.6201
50.4028 -11.8324
-0.60648 -20.5717
5.98187 -19.1203
40.1432 -35.4264
-47.97 9.5569
55.6478 -51.3909
-34.8372 1.45535
12.2493 -61.1711
-71.6096 12.1466
60.6321 -252.655
765.157 -2168.56
