18403 21969
1293.84 -7083.43
150.235 -14.6693
32.5698 -436.822
-123.97 -83.9352
33.0161 -242.826
56.028 10.3944
29.4429 -72.1039
42.6359 -22.9786
5.30482 -6.79846
-2.33177 -82.1662
6.63315 -3.7776
-17.3646 -4.0205
-12.6009 48.4196
-29.1651 -11.2784
-32.769 11.4096
7.07716 14.7708
-9.26088 -3.93115
-13.9694 -9.21568
13.0151 -24.9956
-4.77247 5.39732
-9.36706 -3.31643
-12.2031 5.15101
-12.1474 -8.44967
6.13846 0.416696
3.46447 7.53553
0.471195 0.731776
-2.44131 -1.43232
0.065962 -10.084
2.78803 11.0073
0.124277 -7.45181
2.36103 3.53615
2.4391 1.6638
-4.3581 1.86747
3.78786 11.2351
7.68676 -5.89634
2.98215 3.49013
7.52321 -6.46146
-0.15579 6.8314
-0.868487 -4.92143
-5.03025 0.0824745
2.62308 5.29211
0.793358 5.53231
-0.016367 1.93854
4.7756 2.33333
-0.218162 -0.449568
-5.59204 0.275009
3.14604 6.70507
4.31731 -3.30349
-5.04598 -1.20306
-16 38
0.389397 -5.24708
-2.42117 9.67949
0.0305443 -3.45347
-4.15885 -5.02467
2.01015 6.74291
-8.27826 -2.93898
-4.35664 1.30493
1.95152 -5.09095
0.868733 1.39503
0.0742027 -2.71769
3.07559 2.98091
-7.62756 -0.538924
-1.62081 1.07793
1.77891 -0.715561
2.16464 4.16385
-1.35884 5.76148
3.88148 -6.84377
-5.90592 3.41274
1.18615 2.24096
3.20196 0.09113
-1.1746 -2.15879
-0.865422 2.33973
2.58645 4.27046
-2.76804 -2.99092
2.29289 -0.707107
0.96432 1.27389
-0.786226 1.48079
0.73275 -2.99181
-4.36814 -5.50463
-4.33302 -3.3867
-1.40767 -0.386919
-2.68383 -3.32135
1.21808 0.747754
-3.555 9.25833
-3.68547 -7.9702
3.83725 3.03893
0.327865 -0.0881599
1.21377 1.20377
4.27698 -5.56109
-1.0502 1.20877
2.25282 1.7483
5.70757 5.05424
-4.67182 0.967603
0.539218 2.63611
-2.99182 1.2027
2.72405 -1.67154
-0.579821 3.97775
0.84213 1.01591
4.93951 -11.6754
7 -1
6.49458 -10.8043
-2.40971 -3.37826
-3.23858 15.3914
-4.71338 1.55602
3.0728 -3.95819
-2.41636 -5.26335
3.26289 11.3489
0.625271 0.163661
5.7616 -1.81676
-5.79985 -0.736818
2.70683 7.16133
-3.32755 8.20651
-3.49112 -8.81723
-0.204088 -0.0373797
-3.85206 1.79949
-0.173061 -1.16513
3.93987 -4.23118
-2.36767 4.92992
-3.94177 -0.553952
-2.43091 2.76867
-1.08775 1.96193
-0.741041 -0.681233
-0.0194385 1.37337
-1.158 -3.75157
10.5355 0.464466
1.84585 -0.126428
6.9409 4.62736
3.3688 5.11801
-3.13034 0.873784
6.7873 0.69913
-2.70754 -5.04343
-1.78446 5.67046
0.502481 3.3457
-1.24995 -3.79333
-2.88535 -1.63084
4.19971 6.81525
-3.19991 -0.359118
-7.18591 -2.67472
1.07322 -0.460828
-0.546339 4.33573
1.35497 -3.29913
-0.936825 -6.23368
-5.50722 1.49659
-2.74646 4.82547
1.72601 -2.3897
3.82894 0.174117
-5.8135 9.9399
9.20012 19.3584
1.90734 3.56155
-6 10
-3.43006 7.80906
8.04804 -25.8401
3.16271 -3.7935
-7.16218 0.647088
0.157923 6.10762
7.601 -3.38108
4.53324 -0.146414
-1.62499 6.50729
2.28539 -1.79443
-6.20582 1.53556
-1.68442 0.178828
0.931878 -2.39962
-1.63001 11.1204
3.56041 2.46775
-5.50587 -0.285117
2.07564 -8.30336
-1.72571 -5.62261
9.64926 5.46411
11.6766 0.680706
-12.4053 12.2583
1.3663 -9.27915
-4.52682 -3.96974
6.47112 -5.10597
-2.14384 -3.54771
3.70711 0.707107
5.00971 -7.44677
-1.97541 2.16525
0.727561 -13.0446
4.16971 16.6424
13.2446 -6.01536
11.4158 14.7169
-4.24556 1.63087
-3.97776 -19.0524
27.9084 -12.7999
-4.57005 -44.2855
-16.0385 23.0675
32.2824 -38.0074
-0.33353 15.8091
29.3783 21.9371
-6.52639 38.0975
15.4534 20.7869
83.4225 -69.6852
21.6448 67.5947
40.9584 -133.776
-53.3566 130.265
-64.2898 -142.664
-54.475 -307.911
298.822 -61.1783
414.042 -2161.01
