19638 22074
-1880.66 -7406.89
205.543 292.452
-365.872 -515.378
-97.987 -126.007
53.6525 -169.545
43.685 -134.915
53.8231 -33.6223
-72.8506 -15.6886
-46.7071 -38.6254
-27.1956 -22.1099
14.2732 25.7397
-2.95826 -8.64008
-2.91126 10.7057
-19.0299 1.18283
0.0875436 -3.54879
23.3661 -15.6036
-14.0223 -21.2162
4.25724 8.37367
-4.40061 -1.85466
-7.42612 -25.389
-5.88345 -16.9395
15.7504 -3.42635
13.8554 -6.36804
-7.77499 -15.1564
-6 -12.4853
-21.928 14.0949
-4.05869 1.71512
-1.68129 4.22501
-9.781 13.9387
3.5 1.1877
2.19334 3.62337
6.98604 -8.56136
0.0428025 -1.3645
-7.00815 -0.492474
-3.75469 -1.97465
-3.49448 -9.70069
3.68228 1.41842
-9.86355 2.9186
8.55687 2.70827
9.27105 0.885768
2.56089 -3.95662
-3.48208 -2.16093
1.57048 -2.49455
-2.51244 -3.25447
-13.1004 -4.65716
-3.62707 -3.73318
2.96509 9.90332
0.0803771 -3.46085
4.15153 -0.775646
-2 0
-4.35912 -1.83806
5.15668 -4.43483
2.09343 1.31424
1.10674 2.14213
2.41621 1.909
2.5629 -0.099583
-2.59964 -8.79578
2.64421 0.531393
0.753436 6.05168
-6.1637 0.366333
7.22525 -0.382977
1.11868 0.0339805
5.71961 -8.01709
-1.54722 -6.4497
3.52115 30.1157
-6.42514 -2.0261
4.10963 3.83844
-2.60709 3.94407
-9.12362 5.48822
3.5 2.8123
-3.33137 -1.26783
1.35381 -2.16363
2.12025 13.7239
-5.42641 -6.75002
-5.07107 0.585786
6.19273 2.74141
3.02816 2.01078
-3.79755 2.62138
-2.54263 -2.77416
-3.05664 1.5819
-0.521295 2.14336
2.638 -2.72063
-2.44002 -2.69146
-2.68417 6.44511
5.98969 -0.222645
0.0174452 -4.95211
-1.39709 1.71669
-1.19026 7.30884
-2.95591 2.02641
6.4874 -2.36223
3.95466 -1.38328
1.13831 2.629
1.31078 2.09907
-0.196963 11.1956
-1.96856 3.99664
4.5122 6.25992
-1.29639 -3.1964
4.22574 -1.09351
-0.483035 4.48517
0 0
2.66392 -5.88512
-0.914356 -1.51302
-0.990456 0.135553
-6.81484 0.700169
1.74597 -2.90482
-2.90971 0.320905
1.39769 0.673544
3.2982 4.18119
5.2863 3.93694
3.5 5.44095
0.0646096 3.37816
-1.04826 3.27429
-2.6746 -2.04457
4.13081 11.1912
7.37501 0.86509
-0.614977 -1.50991
-0.0532532 8.23567
7.56814 8.80999
-2.0511 -4.90126
-3.50567 -0.491728
4.63717 15.9
-2.88221 0.124648
1.86127 1.08756
5.22574 2.30333
-6 4.48528
-3.8296 0.210657
4.56539 6.36496
-4.8106 2.54123
-3.66592 -17.6299
-1.12324 -0.347238
-4.61741 -7.92779
2.8729 -2.00651
7.50703 3.11932
-0.974175 3.41097
-3.99966 2.40912
2.58925 -0.416931
-5.6581 -26.5119
7.18527 -1.30543
-1.73734 -4.11237
-9.69041 -3.33189
-7.91179 -5.02637
6.66052 -2.86481
-3.64754 1.59921
-1.19876 -0.659557
2.24292 9.55284
-3.72118 -6.74755
1.09625 -4.5108
0.0813069 5.49519
-3.82729 4.92884
-4 2
4.76804 7.50506
1.82993 -1.19596
4.91561 -13.5179
-0.370964 4.13294
-4.56803 9.96549
6.37056 -3.43322
4.60125 -1.32925
3.11822 -8.84423
2.20713 -8.94979
4.29125 -10.9759
-9.31187 5.51275
-10.7111 5.37335
-4.51648 6.62154
1.88561 10.996
-3.72201 9.83548
6.4874 2.1792
-0.593705 4.59002
9.94104 -3.30631
-1.58651 -8.19516
-6.16855 -15.1806
-4.02027 -7.59567
-13.1268 9.8654
0.483127 2.66432
-15.4422 -1.82756
9.07107 3.41421
19.8085 2.69266
14.6996 -5.87222
14.7461 -4.95985
-22.3053 11.222
-1.71978 -6.64541
3.94196 -8.5574
-1.12542 -23.6403
9.39826 -4.51781
-5.05224 -7.72588
-28.3299 -64.1744
-29.3656 -18.5321
-0.665333 -16.0062
-9.64104 15.3646
18.4975 -16.7045
3.5 -1.44095
-24.7052 3.66855
34.2577 -82.2887
81.4651 42.5808
28.8602 -24.8067
-9.58782 62.3781
-119.914 -49.2039
-173.766 -78.331
213.288 -333.989
-268.398 -1900.42
