18619 21856
2523.09 -6680.08
-90.0771 105.562
99.7299 -412.786
-196.194 -121.147
76.1842 -197.438
31.9743 1.281
35.7131 -42.9203
25.1856 6.84538
-28.4767 10.0521
-11.7903 -20.7102
-17.1987 17.509
5.33332 9.69334
-21.2842 20.8408
18.0482 -7.69803
-6.8781 -0.919772
13.2221 -5.27419
-20.6155 -10.427
-30.8184 -10.528
-0.68823 -13.9558
-14.1669 -7.3665
-2.88474 8.96178
-20.5561 4.6644
-0.395062 -1.23886
-6.33438 5.19685
-1.41421 -1.58579
1.82225 4.8199
-3.65946 -1.75457
-0.745935 -2.77485
-2.70276 -4.50186
1.34129 11.0533
-2.27183 0.506676
3.77551 -2.79698
0.489226 1.1488
1.59446 -2.88409
-4.02955 7.1499
3.97295 -14.5069
5.02637 0.914731
-3.99704 33.6081
12.2805 3.47177
0.763356 -1.31668
6.31684 3.92763
-4.41991 2.6358
4.29908 6.29632
4.03951 6.10429
-4.27431 1.42463
7.30462 0.156696
-2.45223 1.34343
-3.25152 3.19436
3.8087 -5.41531
-3 4
-0.06356 -2.11681
1.34443 1.0933
-2.61009 9.46468
-2.63327 -2.80342
1.44987 5.16683
-4.50484 -1.08767
-3.42927 -0.416795
-0.495691 3.61404
1.65384 -3.1146
-2.72712 1.5315
0.158001 -5.54438
2.42376 0.943606
-1.41448 2.01882
-2.42856 1.84261
-1.13919 -0.198358
0.423287 4.44217
-1.09435 -7.02857
2.95014 -1.98939
-1.37776 2.51481
1.51281 -0.636892
1.63512 1.97837
0.197834 -1.91488
-4.98938 6.50814
-8.15524 4.33375
5.41421 -12.0711
-1.82017 4.39871
7.82006 -0.736043
-5.43245 -0.571888
-2.03734 5.95468
-3.85317 -4.61215
-0.801981 -2.80431
2.36362 -1.29478
-2.33344 -1.01407
-5.05207 2.65004
-2.06118 4.19707
2.73985 -0.88981
1.00707 1.89686
-0.382037 8.83864
1.15881 3.30891
2.7001 -19.7062
-3.04974 4.32589
-3.17026 -5.80078
-2.07106 0.392018
2.00351 0.901526
-2.76997 4.60379
0.0522056 -0.628763
4.86069 -2.37421
2.4535 -3.13805
2.386 5.11098
-1 0
-0.505809 -4.40293
-1.54973 -0.463106
2.78051 -6.17973
-1.04482 -0.406405
0.851056 1.48757
-0.842749 -2.17434
-1.97057 8.40259
-9.8405 -3.6745
-1.09644 0.0697962
4.59159 -0.652752
6.85666 1.61434
1.7173 3.3571
2.62829 4.90368
4.22113 0.550206
3.74218 0.173781
-3.3053 -0.303966
-1.11776 9.1295
-1.52665 2.65538
-1.03791 -2.49304
1.85317 -3.71409
1.92621 -3.02719
1.162 3.93031
3.03671 4.13565
-0.216468 -2.36155
1.41421 -4.41421
-3.98888 1.62893
-8.24017 19.5438
1.402 3.55042
-2.77343 6.98479
4.20853 -1.22421
-2.32477 -0.357973
4.26097 -0.191751
1.16696 -0.31145
0.599071 2.18194
8.29008 -1.52852
-5.57254 5.19107
3.80264 0.891413
-7.20116 2.10103
2.04581 3.81551
-4.80075 2.08653
5.86162 -2.41492
3.63416 -6.85639
-0.745368 -0.474666
2.84398 2.72283
5.78007 -3.09737
5.75694 8.59037
-1.86343 1.89911
5.83177 6.37265
-2.54802 -9.34337
1 -4
2.39442 1.43723
-2.98723 -2.82964
-2.83354 -3.10959
1.76282 -2.35358
-2.26856 -2.97274
-3.50737 -4.66088
6.34172 6.16848
-9.96805 -2.62599
2.76272 12.2054
-2.76336 8.64292
2.79907 7.5757
-3.48133 3.72547
-2.11541 -0.912379
7.02578 -24.1438
-8.58525 -6.30008
2.18485 -8.30504
-2.79051 -2.31047
2.583 -3.28138
-5.84534 -1.64576
-2.11836 -12.3594
-2.76929 -7.16343
-4.35422 -0.017865
0.245103 0.502416
-7.8472 -5.44565
2.58579 2.07107
-8.14351 -12.3682
9.98244 3.42804
-10.8381 3.56473
-6.2686 8.41737
-2.30521 8.74846
5.04908 -0.604022
8.91882 16.359
15.6987 3.93102
44.5497 37.1725
23.2446 5.92443
20.7112 41.6978
9.59578 -8.20799
-0.986648 -8.54608
8.67754 3.18732
-8.44569 -15.7637
12.5199 26.739
49.1202 -27.3237
8.65692 107.125
-0.94153 -92.1943
-35.536 38.3267
-5.56628 -120.193
58.0929 -230.842
402.668 56.2788
1030.39 -1818.52
