19754 21279
1545.33 -7622.18
-26.0054 193.15
37.2945 -581.336
-224.371 -93.0416
51.0102 -239.177
62.4686 -89.7289
60.6192 -83.7531
49.0164 -25.8523
-25.3647 32.5943
-28.0631 -22.7402
-53.6566 16.6692
-0.120192 15.2884
4.41915 36.7699
51.5403 -7.77411
27.8446 11.4056
-2.89068 -2.51018
-11.4697 -24.9243
-36.7429 -27.4771
-14.0458 -25.2162
-14.4078 -0.482146
4.04026 -1.97243
-14.8391 18.975
-20.0428 1.06449
-9.86626 -2.47916
-3.82843 -10.2426
-6.45133 -9.55112
-9.79425 17.4374
0.062708 5.94305
3.48877 13.1119
0.00897073 0.553678
-1.62138 1.21769
-2.59172 -4.12384
0.17264 4.05331
1.73639 2.68278
2.06634 0.33997
-2.79668 1.92291
-3.49251 2.26795
-3.64969 9.18505
-6.12133 1.01722
-0.896802 3.14204
5.86024 -3.44674
4.57142 5.82579
1.38435 -2.03731
-2.2805 -6.29656
-1.51684 0.368556
1.36173 4.04639
1.24253 1.64319
8.42998 -6.51757
5.08795 4.97715
2 -5
-1.34512 9.13762
2.32094 4.56766
-2.70104 -9.9213
4.36581 3.32083
-2.69785 -3.76519
-1.15083 -1.86831
0.584015 -1.09141
-2.46485 -3.20183
-0.942986 1.26828
-3.53317 -0.89169
2.85148 -0.242916
4.00041 -5.72895
-1.07404 5.27105
2.88852 3.58113
5.53931 -24.0574
6.06318 4.11772
-8.16415 27.8229
-0.538934 -0.647396
-5.65153 22.1026
3.19266 -3.69958
-2.24474 1.27551
1.20903 -0.148474
-2.55372 9.50114
-4.02612 5.43676
-4.65685 -2.24264
4.75358 -1.94328
2.62378 -0.00559252
4.12232 -1.26237
2.60258 -1.92014
1.76007 3.8968
2.81319 4.67323
-1.43852 4.64579
-1.9665 -1.2655
-1.81974 4.45372
-1.82155 1.72396
1.31206 -0.252913
-1.99376 4.61249
0.395357 -5.36488
1.24424 4.7067
2.26472 0.705728
1.03546 -2.77682
-5.04416 2.49341
-0.365977 4.18938
-0.493627 2.963
-3.62312 -0.417946
-2.71264 -2.51598
0.633888 -1.41713
5.18701 3.05744
-1.9608 -3.26641
-6 3
1.70349 1.49331
5.76545 2.28344
0.180736 0.0254398
-1.96939 4.12097
3.20662 -0.150516
4.8728 -0.575413
2.80993 0.979858
-2.17635 -2.89526
3.25429 1.71759
3.71508 -6.24138
-0.977261 -2.45587
1.4008 6.47084
-1.462 0.431419
0.548788 3.67979
-4.90764 3.46594
-4.19616 -3.28064
-2.17866 0.505583
-5.7213 -2.70959
0.355705 1.47598
-0.14204 2.72123
4.85329 5.50862
-0.0222359 6.60975
-0.63453 4.07738
2.85847 2.2564
1.82843 -1.75736
-3.76881 0.124269
-0.551173 2.34846
-3.5116 2.42267
3.92775 -7.8399
-1.74363 1.56211
-1.27826 12.4553
-6.61279 0.891622
-0.00660171 -8.4329
1.9095 -5.95273
9.24593 -29.323
-1.40035 -5.91936
0.475204 -4.37593
0.640722 3.0857
1.07908 -12.3779
-0.904519 1.56545
0.977314 2.2814
-2.63203 4.70428
-5.01653 -5.60766
-4.20119 3.72062
-2.22781 7.62818
1.17604 -2.07982
-1.10574 6.64364
1.20137 -9.35579
5.6472 -4.85445
-6 3
-2.03654 0.296633
-2.84124 1.93983
4.2053 2.0994
5.67735 -7.92302
4.19471 2.88736
-0.231843 9.95644
-0.824635 2.98469
-0.217741 -3.9677
0.470134 -4.54783
0.278768 1.23993
-0.676679 -5.93449
0.624666 -0.761963
-0.724206 -1.97088
-2.00107 8.44509
2.57086 2.77632
-1.79646 -5.81057
-2.46058 -9.7022
1.2571 -7.17118
2.15137 7.45534
0.542001 5.47233
-4.56807 12.6816
0.92491 -0.10548
-4.22962 -5.67228
7.47785 -0.828794
6.65685 6.24264
7.11814 -7.87867
-6.047 3.26744
-2.89088 2.32104
1.9785 23.919
-10.1545 16.8084
-1.20892 0.380077
4.61195 8.31321
36.7049 -0.918985
40.6437 21.0195
35.2392 2.88842
20.5699 21.8
-28.2984 -51.5958
-14.6731 -68.6473
-6.24598 -31.1301
24.0833 -3.61272
32.3484 56.427
40.7769 14.0744
-10.5872 94.9819
-21.626 -109.842
-44.123 -48.5928
-85.2594 -165.005
88.7219 -168.617
334.183 105.101
802.52 -1959.02
