19887 22395
-269.732 -7484.76
70.7764 143.429
-156.296 -518.857
-139.891 -165.108
21.6659 -174.331
58.1765 -68.6519
76.3279 -7.47315
-2.18194 -38.8006
-41.183 -3.68812
-17.6121 -28.3333
-28.1294 20.0663
6.49006 -6.88057
-7.95143 -7.3171
16.3993 17.0248
-7.1865 -2.05411
-8.76904 -13.7442
29.2025 -14.325
-22.8707 -2.9839
-3.42113 -13.9968
-12.8977 -19.6452
-25.5878 -12.8404
-4.68285 -3.77942
-8.98393 2.17286
-5.4173 -0.798898
-3.17157 -3.55271e-15
6.10315 10.9168
-0.585697 0.568727
-3.13389 3.28859
-1.28873 3.12568
0.133446 -0.650434
-4.84013 4.22401
1.06373 0.389049
2.79643 0.215029
7.28759 -2.89671
-3.28653 3.45973
-3.78415 -7.61142
-5.74699 -7.55807
-4.62669 -0.932068
-5.14649 2.74119
-3.64146 -2.79563
-4.70582 -6.33418
0.0554183 1.98745
0.311903 -0.747645
-0.982961 3.93876
2.46416 -5.74449
2.94571 -3.93317
-6.45891 -4.46447
-7.65239 -2.82252
-4.82836 0.841809
11 -3
3.80021 -7.45732
1.01689 -7.87113
1.90814 27.9771
-7.76031 -2.93089
7.24701 9.02963
-1.6699 -0.453032
2.8334 2.27582
-2.13111 4.49488
-1.5858 2.16053
0.691339 -1.48594
-0.294475 4.33404
-0.647155 0.8225
-2.54368 0.953254
1.4683 -7.6091
3.2904 -3.09712
-2.78209 -8.18503
-0.595908 -3.13142
2.13054 1.17513
1.30093 3.25133
2.48459 1.59471
-0.819692 1.04789
-2.10685 -2.94646
3.04613 2.39457
-4.0384 2.62008
0 -2.82843
1.39487 -1.98182
4.02892 1.40455
-4.42534 0.541075
-0.758536 3.87533
4.69244 -2.54743
7.82652 2.96054
2.93042 6.18207
-3.26558 1.93196
0.349848 2.33863
-1.99696 -3.75962
-5.0647 4.162
1.79832 2.51857
2.38128 8.01667
3.51634 9.88932
-2.95022 -1.08314
0.625664 -1.11289
-6.62246 2.33755
0.102378 3.26567
1.90477 1.2402
-0.000554099 0.454282
2.20229 1.77463
-1.11104 13.3853
-1.10621 -1.59918
5.15337 5.99278
3 7
2.96347 0.800737
-1.6779 13.8775
-3.33686 8.06075
4.24039 3.37891
6.46995 -14.899
5.98825 2.74705
0.186191 -0.910393
-3.34727 -4.2899
-4.48725 2.71655
2.0931 3.97736
-3.3473 -3.50512
7.79321 0.241146
0.31271 -8.13321
-1.75835 3.71328
-0.284487 3.59586
-0.0750938 0.662388
-0.545494 -2.60034
-1.17132 1.30255
2.07064 2.7256
0.161667 4.7835
-0.700432 -2.18308
-3.86407 3.08858
3.87921 6.23021
4.20926 7.01858
-8.82843 1.9984e-15
2.813 -1.01488
-9.14105 -2.20946
-0.421292 -2.83859
-0.726194 -2.09117
-3.57405 -2.07134
2.27419 -0.341225
-2.05447 -0.754209
-2.18556 -0.241277
-0.686889 6.07998
2.86897 6.4575
2.00442 0.113972
4.90632 -3.20403
2.18569 -2.29514
-3.05945 2.66654
2.87097 -2.27799
-7.61441 -6.52463
2.20007 -5.25595
1.97174 4.33364
0.795449 4.529
7.76064 -2.75988
-2.15032 2.26669
-2.65749 7.82363
5.00135 -0.835437
-1.5641 -28.857
7 1
-14.6147 -8.07255
-13.3942 -5.24499
-0.170178 -2.59771
6.87462 -2.1588
12.4036 -1.2625
-6.65705 -8.7342
1.8391 7.37873
0.633657 -8.39221
-1.90712 1.62431
1.78736 0.559565
2.76047 -1.8338
-5.97182 1.07908
-1.14089 0.140148
-7.04114 0.335329
3.76637 -1.87544
7.00952 5.38899
-1.51096 8.18558
-9.24449 -0.814952
-6.73104 -0.478644
3.13635 -0.512253
-2.29399 8.79683
-6.35202 -2.41825
-6.01907 11.9948
0.549792 -10.1109
8.88178e-16 2.82843
-9.7922 4.95704
9.58707 0.659058
-3.09422 6.5106
-0.457848 3.72654
-3.66463 11.4091
17.9686 -13.9821
8.58734 -4.49925
16.6139 -15.4418
17.2983 -18.6072
-11.4205 -23.5333
47.9279 -39.4783
2.50992 2.59512
7.21569 6.87128
-28.1384 -44.762
-1.71113 -20.9216
-0.479475 0.760796
-18.5977 -48.7198
127.849 38.0841
-15.3622 -44.4387
8.23849 70.3196
-137.867 -41.4812
-123.437 -152.644
294.523 -325.939
-170.145 -1808.2
