18858 20857
1120.23 -8154.18
89.2036 188.378
36.4178 -714.205
60.9482 -54.282
56.3297 -32.4099
19.5341 -25.1571
41.5096 -5.75579
-32.6062 -39.7992
-14.7116 34.5857
-8.60079 -23.5696
-31.5005 16.475
-11.082 1.49581
-9.79454 -23.1854
-8.00879 -34.4364
-1.35076 -25.6716
-2.15894 -23.7682
2.60281 -49.5421
-4.25521 1.58135
-31.8293 -4.11091
-6.02395 3.26919
2.22259 19.4232
-7.83743 -5.55593
9.91946 -0.263665
-6.07078 -0.0926756
-0.414214 -5.41421
1.8738 -7.55067
-1.86192 3.62642
3.66205 3.42985
-7.24205 5.96485
6.31445 8.90287
3.21256 0.427416
-0.742406 -0.912153
-7.77778 -2.2685
-2.0493 -8.37929
-3.06333 9.54198
-7.15368 -0.361271
2.92049 6.82426
-6.69242 -1.24881
-0.658029 7.68945
1.8363 3.49318
-2.30957 -5.37838
7.05122 3.75127
-3.46235 0.28732
3.20598 -6.40484
-0.753749 15.611
-3.4733 0.997646
-1.04105 2.4066
0.885827 -10.399
-6.36734 -2.10499
-4 3
3.12407 -1.65725
2.65496 0.650065
4.62271 0.0604436
2.16766 -4.2181
-1.47712 -3.5384
2.4242 2.20115
-1.17698 -12.7808
1.22463 -6.07402
-3.69362 3.75012
2.90337 -5.32417
3.02134 10.9997
-0.0596237 0.223989
-1.334 -2.84671
0.360516 -0.270318
2.39422 -6.31592
-0.688109 -1.33713
-2.47496 2.40371
0.252402 -4.94812
-3.21834 -5.95028
1.26914 -0.542187
-3.40231 -2.97639
-4.4888 -4.39129
-1.83195 1.27483
1.02049 4.80965
-3 -1.77636e-15
-5.44206 -4.4062
3.27239 -10.3082
0.565777 -2.94515
-3.37001 35.0882
0.573881 -1.90742
0.195753 5.71823
-2.41224 4.50017
-7.65725 6.63996
-4.58583 4.37042
-5.3125 -3.42558
2.30431 -3.92681
1.24755 -7.15732
-1.65085 -2.22807
6.15823 9.25589
-3.34348 2.33349
-0.395087 4.79774
-1.16483 6.44897
4.63466 2.56869
-0.51452 5.6214
-2.90114 1.19393
-1.50049 0.895274
5.08998 0.987693
3.95732 2.88638
1.19705 -11.6141
0 3
2.63253 1.73893
3.60837 5.10785
2.21047 -1.00306
0.620074 6.54501
-5.85667 -1.77833
0.442467 0.45571
-4.85813 3.48888
0.769796 0.43955
-0.611735 8.2184
0.366701 1.8246
4.2747 3.10807
2.027 5.18832
4.60121 -3.3865
8.18667 5.44447
-2.97727 -1.64271
-0.479873 -4.77526
0.326357 -7.89348
0.608027 -1.41573
7.20378 0.279078
6.28022 4.52546
4.83495 1.64376
4.02637 2.29759
2.57086 -24.4484
-3.73411 3.39742
2.41421 -2.58579
2.47447 -7.3542
0.347947 2.13461
-2.50981 2.95794
3.13971 5.09475
7.22539 -1.69181
-0.423282 -1.2156
3.63209 0.193339
1.877 2.10599
-1.21705 1.34488
4.33563 9.48051
1.06293 1.81345
3.1406 -1.44406
-1.94292 -1.82136
-0.0890317 -9.5641
-1.5214 2.17828
-0.441933 2.2415
-4.81247 1.55249
-1.70627 10.2452
-1.78638 -2.48848
3.22496 -1.24241
7.71772 4.50488
7.07717 1.28715
9.67957 -6.31989
6.86664 -2.18674
-2 -7
-4.86127 0.31546
1.57836 8.05401
4.51194 0.452901
-6.09687 -4.48188
-0.210989 4.652
-0.0890908 2.16418
5.58677 -17.7525
2.50321 -10.3632
0.622561 1.37002
-1.69041 -3.11121
4.45644 -4.89734
3.48428 5.84734
6.07592 -1.97484
8.45104 -3.08189
2.92891 5.48796
7.00745 2.36264
-2.1427 -9.8068
1.26976 -6.12907
10.821 -10.2781
-1.28112 -15.0721
-8.04726 -4.98528
-4.10235 -7.49985
6.20128 -0.568606
-5.72522 -2.9797
-3 -1.33227e-15
-15.9932 -5.44323
1.99491 7.45194
-2.24684 5.90748
-9.35026 -16.4217
9.64198 -13.1233
-32.6585 -8.76843
11.0396 -16.7449
22.8628 18.2034
14.2225 -0.850962
35.0451 -37.9268
1.78085 3.86221
21.2333 -38.2777
13.6163 -32.988
22.8975 -48.419
34.0497 -38.1853
29.8057 -21.8365
5.05681 -40.8825
49.7527 41.6135
74.7221 -69.5822
-16.355 -24.0157
100.961 -87.5222
-190.473 23.0729
71.5278 -315.865
553.245 -2363.9
