20574 21874
71.071 -7436.39
72.9016 90.3384
-203.586 -505.455
-230.68 -79.3255
-50.9818 -237.707
31.0186 -71.7324
50.6617 -96.5913
11.701 -24.2125
-12.5789 40.9851
-15.1423 -58.0927
-31.5926 0.782596
7.27103 -23.5339
-12.9488 28.8158
-1.58814 9.54663
-4.48752 28.1945
-8.04003 31.9263
8.94028 -7.47901
-5.14972 -11.24
4.34203 -12.2215
-11.6112 15.2817
-5.48952 0.387381
-17.8779 13.9953
-9.33276 12.2023
-11.6141 -2.57429
-8.41421 -12.6569
0.375327 7.45448
-14.7811 12.5811
12.0601 -0.800561
-13.5075 3.17013
4.70614 -7.65302
-2.27568 -1.37129
-6.76094 -4.32638
11.3493 -9.24042
-8.36257 1.24442
0.696102 2.86583
3.04844 -1.55949
3.52887 -0.401477
1.32733 1.39529
-6.45906 1.29291
4.41695 -3.21972
-0.657946 7.9223
5.15886 2.21163
-3.49048 -5.36387
5.37826 6.12204
0.412133 2.46673
-7.5445 0.361743
-6.00433 -0.0145906
-0.0103235 1.27356
2.12528 -1.23098
4 -10
4.16029 0.0898651
-7.3838 -6.47105
-9.47688 -0.654977
-5.56441 -1.87199
3.68826 -7.14124
-7.77268 5.64049
-2.57954 26.618
-5.03851 -5.36254
2.45208 12.9633
0.335209 -2.14089
-4.7033 7.87011
-2.65229 6.19202
-7.00111 4.36158
3.21129 1.40822
6.07941 2.5087
-1.22216 -2.25201
-1.82635 2.18713
2.34589 4.95778
3.08705 -3.92281
-2.79631 -2.67322
2.44007 -0.782576
-4.2797 -6.23562
0.613954 -1.91313
-2.38394 4.12187
-5 2.75736
-1.62641 -0.756758
0.671932 -2.16771
1.64599 -3.93223
3.31376 -5.61844
-1.20254 -0.17026
-1.75061 8.25612
-1.35013 1.18682
2.33987 1.41527
-0.388479 3.24752
0.330512 -0.149925
2.38037 3.97376
2.63028 -1.88539
-2.23746 -2.43119
3.65628 10.8127
-1.65603 2.11394
-1.30998 3.91563
1.71919 5.54793
1.40333 2.90176
-3.09593 0.249066
-2.64538 2.82058
-1.44899 4.57309
2.61485 -6.33278
-2.36282 1.54957
3.48711 -2.85875
4 0
0.981959 1.68338
-5.07184 -1.01922
-2.9773 -1.91832
0.964704 -2.99526
-6.62712 2.95159
1.32929 4.37125
-0.988941 2.29126
2.13305 1.77379
-6.14277 -1.0441
-1.65115 2.4386
-0.497888 5.15249
-1.85586 5.58214
1.54102 -18.077
0.0742961 2.2118
-2.25215 -4.81706
-1.08798 0.62955
-0.225348 -2.10662
0.735094 -1.82517
-2.45548 0.302267
-1.65156 -0.447774
-0.711288 -4.44348
1.71567 1.39525
-3.77344 -1.90268
1.90337 -2.59799
-5.58579 -1.34315
-1.33862 -3.79227
-1.91462 -2.35124
-3.87563 3.29276
0.00320983 0.877857
1.49505 -4.30637
5.26402 3.82425
3.05183 -4.68886
-4.02189 0.518768
-5.34905 5.94904
0.515706 2.81249
3.61436 -1.96731
-4.08241 -10.2422
1.56173 -3.43247
0.295762 -2.03435
3.51889 6.81465
1.44531 0.294556
-0.56058 2.17166
-1.37084 16.8986
-0.565312 -11.0932
7.89185 -27.5152
4.5319 -1.56239
-8.37727 -6.8636
3.85765 -1.62897
5.46799 -4.41784
10 -8.88178e-16
3.40139 -9.37667
-0.247387 -6.77324
-8.8045 0.91074
-11.6816 -3.34812
-0.23819 -0.718487
-2.92028 -5.54841
1.58887 8.54346
-2.33511 3.20091
2.72834 -1.1249
-0.562847 4.83776
-6.21287 -4.33582
-4.07529 -7.30284
6.31757 -2.79884
4.66596 -1.84593
2.54069 -3.11993
-2.5517 0.0441739
7.24967 5.52656
-9.43861 -2.40116
-0.982851 12.0206
6.30333 -4.71491
-0.672199 -5.0095
18.4711 0.127505
-7.21774 0.807616
-12.8914 -2.72777
-5 11.2426
-19.4618 2.053
11.535 -4.17538
7.54034 -2.26174
18.004 17.2041
8.75706 5.04457
10.2826 12.9405
11.0099 15.2342
18.1573 -18.4443
34.2028 -25.3399
4.35434 -35.4354
16.2098 3.75533
-19.3584 -23.6114
-0.370087 -3.93113
-9.20291 -16.2267
14.7413 2.88763
29.852 -0.680645
-1.08527 -40.3996
45.3702 143.458
-39.772 -83.0787
-15.2768 51.9834
-126.449 -114.718
-25.9808 -224.993
320.304 -95.4128
192.948 -2134.71
