22898 22370
-188.574 -7464.19
-281.134 310.175
-231.257 -564.597
-151.061 -252.512
12.4828 -91.5252
121.778 -107.84
-1.16834 2.88292
-12.6448 -34.6669
-52.6408 -56.9764
10.9759 -28.72
3.02001 8.75148
-36.3411 16.8889
-2.05499 22.9201
-5.05999 -22.3022
22.5288 -8.99834
19.4767 -13.3443
-9.37023 -18.6804
-20.3938 3.56524
-5.53037 -14.4763
-13.557 -8.70905
-19.6671 -6.49724
-6.53604 -5.53521
-7.1028 -1.16486
10.2359 -5.36456
-0.292893 -1.53553
-0.531574 -4.56639
-1.65601 4.18471
-0.730323 -7.20155
7.07791 -0.666519
3.39384 -7.88171
2.13308 1.99444
3.81197 0.675336
-3.19143 -6.34
-12.3543 0.0642159
-1.876 6.45471
-4.0236 1.32878
-3.63909 6.40978
-5.6357 4.78604
2.00127 -1.96204
4.71206 2.73185
2.8605 3.17757
-2.67354 2.48899
-1.6844 10.7218
6.25277 -5.82573
2.66359 -10.7272
-1.30766 3.133
-1.57225 32.4778
-2.83434 -0.0873336
3.87166 12.174
1 -1
2.5822 -0.96414
-3.3609 0.321409
4.73623 0.774111
-2.03286 -1.13991
0.747211 1.69623
-2.27087 -0.342897
2.42485 -1.76673
6.74727 3.35684
3.54903 -3.19427
4.2447 0.159638
2.62014 1.36987
-2.90558 -0.98496
3.117 -2.73007
1.20095 0.3934
3.71704 0.237242
0.444788 -2.26066
-3.0567 1.41484
5.16204 0.662292
4.08782 4.48712
-2.48401 1.97188
-4.51881 5.05013
-1.20213 3.32977
0.612315 -4.34112
-0.54288 2.39842
-1.46447 7.53553
-1.22609 -1.77905
-0.851592 -3.80832
-0.44868 -1.30533
-2.02008 -5.55548
-2.7509 7.01333
2.80362 3.15006
0.974101 -1.24812
-0.695569 -0.541519
1.2522 5.2839
-1.67059 -2.17846
0.32108 2.41416
-7.32658 -3.83073
1.35102 1.57617
-4.96953 1.76503
-0.885768 4.68552
2.50568 6.93513
-3.20739 -1.90498
2.34144 -16.2384
-5.63853 3.81604
6.07581 -10.5547
-2.29575 -3.00934
3.61104 -0.240948
-0.634091 0.900737
-2.4059 3.30755
2 0
0.330147 0.343614
4.89629 -0.604435
-1.34494 2.68128
3.2521 0.761708
1.55747 0.0908117
0.416693 -3.70448
-6.47678 0.216195
0.147392 7.92325
1.16971 14.0329
1.2898 1.55327
-2.4978 -3.83631
1.13441 2.74319
0.445806 1.35874
-4.44238 -1.80945
-0.245248 -2.62253
-3.73751 -4.33517
2.6191 -2.29663
-1.50056 4.87877
1.96134 -3.32818
-1.57533 -3.39529
1.40365 -3.67175
1.70344 2.75395
-3.17464 2.98361
0.820937 2.54221
-1.70711 5.53553
0.84903 0.546774
-3.25318 8.86809
1.138 -0.0560573
0.528702 0.590604
-1.5819 1.01114
5.6751 -0.342805
1.35824 -2.53045
1.42215 0.550416
-2.30047 -1.23385
0.648157 7.99898
-0.486462 -1.00625
-0.823165 -6.32562
0.140104 1.38376
-2.60384 10.7309
8.49795 5.69446
2.24325 12.8143
6.17275 1.11631
0.281878 0.791844
-0.621777 2.39384
3.76825 3.32876
-0.0746852 2.25457
-1.69908 3.07426
2.06812 -2.80331
-0.384329 2.70172
7 3
-5.4366 0.83
-3.11614 2.64326
-3.80399 1.25609
-3.75068 -2.33099
-0.296205 -27.2842
1.04698 4.93427
-2.30735 -8.32671
-5.5707 -4.74856
-1.92361 4.39179
6.61418 -1.34989
2.61697 11.2056
0.78207 -0.604935
-4.2776 -1.02687
1.2841 2.97222
-0.304249 -9.99556
-9.06129 -0.266907
-5.30964 9.95486
5.04396 1.86843
-1.36623 1.01977
0.491728 4.02331
4.59719 -13.5383
3.85991 -2.47295
3.489 1.62609
-6.92436 -6.3314
-8.53553 0.464466
5.4399 -14.8191
4.01353 3.66542
-3.21666 9.20369
-15.2625 15.5301
-16.1857 7.85494
19.9471 -12.1124
4.34972 -11.86
18.3636 11.5609
23.43 10.9687
9.78566 -33.2304
7.86297 -15.9875
-0.494226 -61.266
4.92947 -21.6283
-16.664 0.48778
10.8004 -18.6434
-42.5198 5.886
19.9574 -79.6571
82.6231 -5.00194
50.6772 -11.0334
32.4175 -14.6902
-234.494 -44.8637
20.4083 -150.403
-103.445 -461.538
266.482 -1632.87
