20731 20988
-2348.1 -7681.75
27.7139 297.987
-432.27 -582.712
-192.092 -48.941
-14.8414 -195.279
23.0532 -73.8945
54.746 -31.7897
8.85771 13.5382
-29.072 34.0379
-28.3023 -92.3887
7.04024 -27.7715
30.5894 -9.67095
20.8525 10.6264
19.9345 -22.9269
-18.3618 -9.51418
-9.68196 -30.4169
-0.340451 -33.7549
-19.0074 -5.57389
3.96845 -23.4893
-12.9572 9.24846
-21.6058 5.0801
-18.784 4.70474
-17.38 11.0439
-13.8906 11.3695
-10.2426 5
-1.25969 -1.98405
-18.0416 6.4489
-3.33369 5.05105
3.9381 1.76396
-3.31628 0.669129
-6.26378 -6.26006
8.06589 2.3369
-4.88781 -3.43512
-1.17049 -8.3079
-5.82853 -0.388353
-9.80354 -5.69716
-4.90421 0.531602
-2.69898 5.94406
9.10796 4.12704
-0.792672 -2.36951
7.8981 -5.08133
-9.44268 2.09051
-1.43397 1.43793
-2.64346 3.19636
-0.155099 -1.65733
-2.89689 5.48152
1.89152 -2.3891
-0.203682 6.3045
3.00604 1.06801
-1 -10
-0.889803 0.934968
1.05017 -4.43302
5.69484 -5.655
-2.55399 -4.3137
1.79571 16.9928
-2.76499 -2.51865
1.85327 1.61295
-2.88058 -5.63079
-0.144705 -8.65844
-2.90054 2.58653
-0.826152 -4.22031
3.93847 2.40841
-8.6447 -2.41475
-1.11808 -2.56401
7.8731 -5.46804
1.91576 -5.2256
-0.227574 -2.00614
-3.47242 -8.2902
-9.14612 -1.3442
-1.17714 -0.849469
4.70002 -1.2604
-5.39742 -12.2071
1.73858 5.56029
5.53925 30.5581
-3.31371 2.75736
6.80975 6.3343
5.92111 4.6894
3.25238 5.12731
-0.75099 -2.77547
-1.09731 0.142972
0.0322432 1.50303
-0.553752 1.36953
10.2052 -1.95931
1.17351 3.48262
-1.48029 2.50483
-0.917259 -1.24835
-0.537883 1.48245
8.34384 0.648091
-1.63879 5.17331
-4.0239 -9.56874
2.28878 2.48787
-3.71118 -0.0968869
-2.32717 -9.6547
-0.97583 -3.77556
-0.992841 1.39886
6.3675 0.96189
-4.16447 1.13953
-1.49789 1.82994
4.07789 0.995813
5 -2
5.69864 1.67325
-4.81683 -3.92326
-0.984922 4.76822
-0.103379 1.76847
6.75855 0.804026
-0.955919 3.97428
2.90448 0.614445
-0.0899828 -2.91569
2.22013 10.5792
1.74358 -2.89816
1.18241 2.49001
6.13551 -1.87055
-1.12946 3.36189
-5.13285 2.72154
-0.880033 -4.74674
1.8641 -0.750885
8.54318 3.34958
-3.91539 4.30874
-1.74202 0.260741
-1.37483 3.9472
2.09768 5.075
1.90431 -2.76775
4.55937 -1.23591
-4.47607 2.49727
-1.75736 5
5.55 11.1545
3.17073 0.973496
-3.81564 -26.1034
-0.568687 15.7165
1.79423 -17.8584
-0.0257233 -1.96249
-3.35946 -4.96822
1.23792 -2.01511
-3.03259 9.2257
4.70973 1.34433
-2.0793 0.307362
-5.03952 -1.24904
1.67213 1.69299
4.73796 0.442423
-6.04373 2.0315
-0.357999 2.92037
-0.984379 7.9016
-0.392018 -1.29339
-3.62684 -3.1603
-6.81774 4.57812
1.86738 0.657792
0.662777 -12.9483
3.99033 -10.5154
-6.89673 -2.31772
-3 8
2.32981 -3.48299
-3.65397 -6.67799
-10.4058 -0.205259
-2.45904 1.37021
-0.473022 2.95738
6.41994 -1.71699
-1.34187 -3.46795
-4.12627 7.15927
4.35995 -1.0884
7.26481 -4.72066
2.60186 -17.8082
3.69253 -6.08751
-5.15145 10.8876
-4.77727 -0.273969
-8.23028 0.185278
0.0246262 9.31393
5.41567 0.750606
1.42647 -4.23947
-8.26103 1.888
-18.468 9.81578
3.30006 2.35837
-8.8773 -5.24991
-10.0879 10.2496
-7.90715 19.4179
19.3137 11.2426
-3.65473 -3.95876
-6.47105 -18.2315
-4.23993 2.34377
7.92696 5.7309
21.9014 -6.8665
38.1264 -3.75583
1.05514 -11.6995
1.39988 -4.0437
28.1917 -13.9771
-31.1068 -45.6679
25.2439 -39.6136
21.0098 -12.9918
3.73894 -22.2796
-8.08394 7.92509
-44.2502 25.0785
13.5908 -47.8255
22.602 -114.541
95.6912 6.49872
-70.949 23.5949
24.0308 27.9559
-98.9994 -99.7617
-111.497 -168.079
146.801 -375.366
-549.696 -2077.88
