18090 20916
1231.32 -7730.98
12.7953 92.0051
-44.544 -560.072
-166.418 -114.871
-17.5661 -281.353
10.595 -47.9698
68.47 -91.2603
42.7648 -41.9786
-33.0458 -0.878974
-44.2146 -60.4832
-12.6122 -8.12407
12.2483 -32.3477
10.2401 51.22
-7.00241 13.5535
-12.9724 23.6424
5.65953 12.709
-17.8556 -7.05026
0.32011 -6.01667
13.8082 -18.081
-23.0498 -3.02781
-1.53469 -30.3453
-8.81382 0.00335186
-11.6233 -10.8397
12.3826 -9.88176
-3.58579 10.0711
6.2958 7.45535
2.38783 5.03344
-9.15523 -3.82881
-1.60558 -1.11733
3.7936 -5.32398
-4.99651 9.90917
-6.18812 -2.48216
5.28941 3.82956
-2.87956 6.50261
8.66183 -7.31456
0.798284 2.85945
-0.375987 -5.43602
-2.20037 3.85244
-0.124009 3.44742
-5.82141 5.9798
0.461792 5.38911
2.52927 2.78292
-4.48305 -1.11233
-10.2495 3.27688
-9.65864 3.89862
-9.60623 2.14606
2.08107 7.2786
-8.49412 -0.915158
8.84158 2.69583
2 4
-6.97947 -5.53368
5.166 -3.5354
2.25212 -6.16583
0.938041 -0.878766
-3.11166 -2.24979
-2.43618 1.66173
-1.08914 2.49946
4.98289 -3.14638
2.43291 5.95904
-1.01177 -1.2295
0.571317 -1.72011
0.0240285 -2.92487
-4.57443 -1.64539
1.98522 -2.54556
0.525884 13.6856
3.00516 3.31661
4.54662 -3.26202
2.35631 -1.53678
-4.38544 32.8886
1.44246 -1.73175
-4.5372 9.63762
4.09264 2.22941
5.95992 -1.26287
6.73219 4.39871
-1.34315 -3
-2.13859 2.2645
1.32045 4.90971
1.83854 -3.18445
1.91912 1.2224
-1.95855 1.44903
9.70009 -2.08767
-1.57247 1.46989
2.53194 5.29842
6.2025 0.388206
-3.492 0.245991
-2.39346 -2.22008
-2.84215 -0.640069
-2.40323 1.36218
0.704119 -0.487534
0.326055 -4.52991
0.153241 0.638208
0.514219 5.50172
1.12665 1.50655
-0.487263 -1.04779
0.0626438 2.95614
-0.525426 -2.76934
-5.12064 -1.22513
0.62171 1.58672
4.09641 8.63826
0 -2
1.41762 -4.69867
0.856997 -7.9656
-6.3489 5.18204
-0.701795 -4.07705
4.70468 1.73436
-1.74838 0.895591
1.7347 2.25755
-1.85283 -0.451355
-6.55199 -0.626798
-1.52015 7.44705
-0.544984 -0.282489
-1.68724 -0.355135
4.00221 5.20722
-0.381827 4.70487
-3.52955 6.14771
7.28279 0.39396
-6.70991 -4.78006
-0.757535 -2.60029
4.94156 2.89706
-2.51358 0.550972
2.29973 7.35749
-0.834882 4.10823
-1.80878 0.207949
-2.53121 -5.5284
-6.41421 -4.07107
6.14576 -1.03703
3.09948 -2.41274
-3.3579 8.60548
-3.23823 12.3577
-6.06384 7.02518
1.22412 11.8684
-0.177281 0.495817
6.80474 -25.4126
-1.75147 -5.74634
-0.966355 -3.41979
-2.52889 -2.39915
0.450874 -24.3042
0.44989 -2.31851
7.36429 -5.76534
-2.80789 -4.4787
0.94609 6.05167
1.81524 -5.24404
-5.09356 0.682912
-2.04322 -7.18043
-4.3128 -6.44441
-0.161282 -0.713706
3.59313 -0.55319
3.42696 4.195
-3.82031 8.50408
4 2
8.74948 2.93579
-4.13988 5.19832
2.19538 -8.47224
-2.22269 -2.66045
-5.38941 -3.55652
-3.68777 2.28526
-6.35623 7.33222
8.57004 4.09325
-2.79054 -2.06239
10.2935 -3.9798
5.65891 1.83784
12.67 4.20238
-1.6895 10.9315
0.216826 8.38995
-3.22444 1.92882
-4.3886 1.47847
-0.00651502 -3.27661
-7.21173 10.242
-4.05854 2.43954
-2.04761 3.98798
3.22467 4.84802
-4.55512 -0.342554
4.49818 -2.1851
10.2456 -2.82744
-12.6569 -3
5.74579 2.95208
-4.00495 8.50772
1.57913 -9.50151
21.1766 26.8772
-3.13058 10.736
13.0525 -2.99877
16.7594 -3.74622
-3.07008 -38.3314
33.1919 -23.4695
33.0234 -29.6963
-9.89596 6.08409
14.0326 -35.5642
-10.4384 -3.7072
-10.6347 -12.5404
2.28408 -32.3913
9.17298 23.7899
70.8953 -16.9064
25.602 107.061
-32.2845 -90.1559
-98.7551 39.7944
-22.0078 -113.902
-74.3287 -256.824
319.613 -82.7344
417.928 -2260.72
