20127 21333
-366.153 -7832.28
-12.5697 288.738
-257.266 -612.956
-151.252 -118.683
-69.4585 -219.532
-5.52337 -114.623
71.6423 -52.7118
28.0282 -79.0327
-8.54643 22.7385
-36.6316 -64.4922
-16.9518 -11.3889
-13.3649 -7.76557
-27.4177 20.4196
-5.17833 15.2672
-11.1105 5.43944
-31.1856 13.6795
6.96126 -15.4171
-5.90442 -15.0479
0.566758 -31.1402
11.1469 -5.66109
4.92345 4.73281
-22.5027 -6.01547
-27.0046 4.22791
-1.88831 -3.55833
-17.1924 1.12132
-15.1368 7.54383
5.43968 -0.198441
-13.906 -1.87036
-7.25484 3.50633
-2.79676 3.01629
-2.31644 5.32465
-6.80293 5.51327
-8.65092 3.68861
-4.83138 7.0863
0.212878 4.58961
6.78183 -4.14251
-0.116827 -0.469175
10.4805 2.03141
-2.1063 -4.94917
-5.80188 -5.69993
3.60132 1.73857
-3.64009 1.94766
5.50967 2.87038
-2.28636 -2.51052
-4.52014 -12.5466
3.0838 -7.74446
-1.69106 -1.2823
2.47786 -6.19955
-3.89458 -8.15338
2 4
11.2682 9.31164
-2.76026 7.68457
7.33404 6.32606
2.22028 0.195659
5.01457 9.1667
-1.54136 5.02358
-0.745736 2.34973
1.30985 -1.73655
1.00518 -2.78847
-1.61859 -3.90446
2.12884 8.91029
1.59176 8.2964
-0.00764489 -5.2374
2.96162 3.52936
-0.784513 1.94439
1.74684 -4.47879
5.63383 -2.80479
-0.611216 -2.57771
-1.56231 -2.73175
-1.23768 -2.69005
-4.09961 -2.47667
2.35324 -3.84183
0.791183 3.82381
0.173317 -4.38408
-0.221825 -1.12132
-9.47825 25.8994
-0.409164 -4.77738
-2.94371 11.355
-3.55881 4.92397
-1.86562 9.09397
0.316193 -0.0928877
-1.2953 -1.80441
-2.16488 -4.16228
-1.45046 2.14461
-2.65115 6.41037
-0.823043 -1.52619
2.5021 4.06334
-2.72858 -1.89086
0.852017 0.7504
-0.874973 2.04131
-0.455877 3.15226
-4.20848 0.794058
-5.74099 0.712818
1.10744 4.8263
1.40366 1.40762
0.978709 1.33359
-1.96015 4.79716
-0.698715 5.52241
-1.12919 -1.47882
-5 -1
15.4197 0.820903
1.91209 -2.14551
-0.819407 2.6814
-3.27597 3.6064
-0.356799 0.986581
2.23667 -1.53985
-4.77163 0.972608
0.0108316 2.27049
-2.57368 -0.876533
-1.10784 -5.89976
0.2495 -3.28006
-1.43179 -1.7976
1.82897 -2.38813
-0.0733697 3.05433
-6.19695 1.18695
-3.50011 -0.770788
-1.49846 8.37274
0.695526 3.6316
6.45097 -0.712941
6.19186 -2.76773
0.841227 -3.736
0.768375 1.44097
-0.986297 3.37104
0.93638 11.6373
1.19239 -3.12132
-15.0272 -29.6764
0.988534 -1.20218
-4.54461 -6.00184
-4.47437 -0.0667656
-3.15491 -10.3155
4.43704 -4.69749
2.29974 -2.18473
2.1845 1.9187
-5.09843 1.00006
-9.78083 -6.81275
-1.6605 -9.37094
0.940603 0.487657
4.96245 -3.61102
1.3361 -7.28055
0.112011 7.2307
-1.04228 3.40604
1.42475 0.484886
-1.45807 -0.398439
-3.61575 -1.69861
-1.73341 -3.0029
0.39835 3.10077
-0.168351 4.65874
-3.07018 -5.60783
-1.087 9.00755
4 4.44089e-16
13.5915 -9.74907
2.69442 10.465
-3.59963 -7.035
-4.09975 5.67588
-6.79598 1.96574
-5.38307 0.698713
7.04952 -8.80782
-1.77396 -1.39587
1.6652 -2.31534
-5.52436 -3.62631
-0.732645 4.35698
7.19675 -9.84033
-3.81253 1.4275
0.313306 0.555351
-4.31131 -3.74067
-0.819697 -7.8157
2.64235 5.84418
-0.378049 7.95291
7.89668 -0.739555
3.66149 3.76634
2.34334 -11.7556
1.42544 0.828288
14.4297 5.46661
-3.83503 -0.461153
-15.7782 3.12132
-12.9171 -11.1167
-9.00592 -2.92455
5.32168 -2.9033
28.221 6.18446
25.3597 -6.66515
5.96287 7.61967
-0.841271 -12.9279
5.33879 -37.361
-11.1181 -28.6163
-10.1841 -28.5189
11.3064 -1.71246
-20.7931 -19.736
5.98838 7.14202
6.49383 -7.30813
26.1423 -9.42647
41.9422 -26.9167
73.5947 -52.9783
82.9196 57.9061
-52.1711 -87.051
-66.7469 41.0567
-86.4842 -128.541
-56.4085 -126.053
216.851 -322.757
98.7871 -2360.03
