19127 21759
387.413 -7577.13
-107.437 269.575
-194.518 -596.197
-142.904 -127.624
-11.328 -228.136
8.13721 -138.633
39.3858 -63.4865
17.9174 -71.5537
-25.3412 47.69
-43.7544 -64.418
-15.0409 -20.3792
18.818 -15.7873
5.74875 -2.20535
36.2439 26.9588
11.0294 -9.47177
-10.5077 -7.36334
0.446818 3.06218
-9.66123 -7.43652
-4.91084 -16.9266
-12.1989 3.67499
-6.76601 -9.03209
-12.1411 -1.78706
-22.2526 6.11831
2.63704 -3.86792
-6.94975 8.77817
-12.1459 -3.50584
-2.20903 0.744445
-11.2714 3.38352
-4.92607 6.56793
11.0108 0.774588
-1.94267 -3.38365
-1.54191 -2.62078
-6.8801 1.33631
3.78007 -0.206573
-0.242354 -9.26666
-7.4321 0.000829365
1.81097 4.47255
-6.2314 5.75294
-5.85816 -2.46652
3.06674 -1.35317
-1.64041 -0.702727
-9.79402 1.16829
1.43765 2.82386
-0.165964 4.87488
-0.299531 12.152
-2.19262 4.67373
-5.96512 -7.29763
1.0526 6.391
-0.515751 2.83179
2 -4
5.85531 0.429552
-2.16338 -5.03216
5.28874 1.14372
-3.37698 -1.67373
4.06349 -6.74926
-4.274 -1.95024
0.616548 3.95037
-4.46545 7.09798
-4.18092 1.14245
-0.615848 1.01921
-1.00656 -7.31548
1.42355 -7.52719
4.3223 -2.11174
5.71252 -8.48205
3.74614 1.08156
-7.33258 28.2406
0.164383 -7.09957
2.92529 4.40038
3.03577 -1.70713
-3.41405 4.02379
-0.781797 15.6871
-2.67889 0.962053
-1.71461 0.841083
7.60786 1.56461
-2.12132 4.53553
1.77376 -2.00594
-7.57881 0.518846
-1.71406 2.81985
-4.7925 -2.00076
-2.01577 -0.263356
4.17378 2.37701
-0.710526 3.72501
3.83726 1.20756
-0.512154 0.613998
5.91328 -2.40254
0.931406 -6.02098
1.83288 1.40831
3.38678 -1.16244
-0.880118 -3.80789
-1.84237 1.49497
2.13748 3.53878
0.116972 -1.88164
7.78525 -3.38109
-0.637668 3.23765
-1.48361 2.59368
-1.72387 -4.12326
-1.0733 3.68502
0.71678 1.83226
-0.500086 5.28223
-1 1
2.15689 3.65489
1.28538 -1.95648
2.30029 2.09887
3.3968 4.34637
0.868796 1.27735
-4.31819 -1.79321
4.74145 0.583661
-0.178404 -1.12876
-4.39916 -6.26785
-0.568917 -3.01728
-4.60523 2.34389
1.19603 -1.52138
-4.55234 -4.36164
1.70419 -0.660432
1.67778 -1.80801
-5.00778 1.91801
-2.90895 -1.25231
-5.43293 0.164971
-3.93799 3.54223
-6.54654 3.26336
2.68676 -1.99681
-1.98067 -0.287747
5.19961 -3.21587
3.85902 2.63044
2.94975 -6.77817
-0.119445 9.55995
-2.4032 -1.15781
-2.27921 -0.0883463
2.02841 8.21671
-2.33637 2.92912
7.74293 -9.91225
-2.35947 2.8254
-0.235551 -3.81807
-2.51092 3.45507
2.90899 -5.05031
4.15486 -28.7054
-6.87863 6.38069
-3.7004 -4.80239
-6.87711 -2.08987
4.46995 -8.49135
6.53355 8.40486
0.799698 -4.02104
-1.65284 -4.49482
-0.0437861 3.17478
-1.31014 2.02777
0.552616 -8.71018
3.65773 3.09274
1.03258 1.82042
3.18681 0.2002
4 1.33227e-15
5.30244 -2.25383
4.70523 -5.87052
-6.40622 7.02569
2.3536 0.357854
-1.07459 -9.42903
0.00918158 -1.5958
5.30566 2.93812
-7.25566 4.28489
2.11928 1.74313
8.49557 4.35317
4.34937 3.30715
0.179727 -2.31917
5.32559 -3.88264
-1.85737 0.489268
3.62237 6.16967
3.56584 0.409775
-2.99465 -2.85114
-5.37535 6.33671
-4.4425 2.056
5.93312 -1.00613
6.51817 -6.34666
-10.4452 -1.3431
11.5744 8.40757
-10.2129 4.83643
2.12132 -2.53553
5.93319 -1.44622
-9.6098 -0.336108
7.8614 -3.20866
10.3616 23.7477
9.34484 -2.20286
20.0645 11.6182
7.94961 2.48746
25.9817 -45.6496
18.5346 -3.49253
32.7871 -34.1699
47.8129 -14.3528
-5.97785 -6.55063
-7.0323 -6.1829
-15.9241 10.6207
-41.0278 -16.7811
45.2535 -42.7026
29.7977 6.03724
18.8877 88.368
-46.0227 -26.2784
-106.879 37.1814
-37.2054 -155.375
-109.414 -126.362
196.489 -317.022
297.925 -2173.08
