19697 21411
128.778 -7795.22
-39.0617 220.086
-321.439 -604.784
-184.836 -131.952
-115.613 -249.501
6.52109 -135.506
87.3004 -71.2136
23.5786 -28.009
16.8397 15.7152
-32.6844 -62.2798
-19.7397 13.9548
3.487 -28.4983
-17.8322 21.7533
9.56423 47.2722
15.5807 19.3219
-19.689 -1.56575
-19.3696 -2.31195
1.83589 -10.803
3.72509 -31.0293
9.27729 0.11626
-6.5844 4.62685
-8.89918 3.21763
-13.4374 -0.0796868
-24.285 -8.77636
-12.364 -0.778175
-14.2424 3.02242
-6.82843 12.3379
-3.61038 -4.96954
-8.06977 0.725855
-7.68643 0.173741
-4.81098 -22.8078
-2.95587 4.04044
3.76401 9.70203
-11.398 -1.28773
-7.16807 -2.16177
0.0166653 -1.5695
3.23335 -7.16979
3.0879 -0.323849
2.05473 -7.41145
-6.344 4.56337
9.90553 -5.05923
-0.761565 3.38383
0.155326 6.33237
-3.23581 -5.60091
-2.09752 5.56635
6.84344 3.64047
-6.95522 -9.47771
-1.53328 -8.81361
-5.83854 -5.28421
6.66134e-16 -6
4.13569 -5.92625
1.72457 1.56123
9.59854 20.1208
-3.5485 -6.52391
2.90452 3.4065
4.67933 4.95067
-2.12352 -5.84669
4.14209 6.7329
8.93739 -1.22364
-7.91402 -4.57585
5.11773 5.54815
-2.75337 -5.91628
-2.28173 6.86433
-7.40078 0.70324
2.00265 -3.21604
13.2564 -0.682502
-0.265475 9.29457
-2.58919 3.5994
-0.456172 -5.70641
-4.67425 -5.08357
0.260464 -2.0355
0.241217 -6.58903
1.34123 -6.20458
2.68649 -2.66021
-2.80761 22.1924
-3.81902 -3.19703
6.33708 10.5355
-1.74255 1.90514
-4.27325 9.2405
2.62959 7.24737
3.55178 1.64265
-2.83724 1.97224
-0.802736 -4.86792
1.02314 3.55316
0.225333 1.96074
-0.939497 -0.95909
-3.00613 -0.144852
-2.79523 -4.56877
0.214714 0.91468
-0.732001 -0.171075
5.22336 -3.02843
4.86017 -8.79826
0.399815 5.06648
-5.84062 1.71563
-1.68188 4.40283
-1.51717 3.93203
4.99591 -5.84971
3.83146 -0.892673
-1.63428 -0.975742
3 -1
-0.171031 -4.17046
5.78253 3.51347
1.00593 -2.54156
-4.67698 -4.03903
0.479304 7.05604
-4.18598 -6.48476
-0.368065 2.34537
6.97061 7.22658
4.99555 8.99481
-0.522406 -3.79183
-5.0687 5.67389
0.382899 2.27561
-1.87816 8.20417
0.75322 1.20817
1.70415 1.35244
4.68083 -3.56848
2.42204 2.53361
1.22646 2.50147
0.475428 0.907328
3.07862 -2.1572
-0.4368 -4.87058
-0.80697 1.13793
4.07528 0.999941
-0.908143 4.07764
0.363961 14.7782
7.04385 1.60084
-1.5199 -31.5024
0.586089 3.57573
-3.2845 -8.49149
-7.87557 -2.48252
-1.72824 4.59711
-4.61345 -9.79937
-0.933607 -0.504299
11.7298 -1.06286
-5.50686 -0.332254
-7.11867 0.4069
-0.804456 -5.69537
-2.66654 8.09862
-4.14878 1.61342
-6.73845 4.48568
2.01076 -1.00487
9.04445 -4.89118
-11.5747 8.98625
10.3353 -0.0543124
-2.79485 4.78308
-0.37483 10.7713
6.58709 2.00215
-0.575324 -5.35882
6.07042 -13.3508
-4.44089e-15 -4
-6.32229 -6.69383
-3.8447 8.68893
-3.27753 4.20586
-5.29026 -3.94714
-6.6356 -11.4805
-5.94107 -2.74368
3.5083 -3.09448
5.43447 -8.78086
6.21737 3.74499
-1.3642 -10.6535
-6.06774 -1.95357
6.87686 -1.97634
-6.47833 -0.0653365
1.12713 2.72249
-7.12474 4.66491
-1.3736 5.4611
-0.0126507 -12.3171
6.93898 4.69421
3.00301 -1.60827
1.29197 -4.06663
8.3684 -2.21468
9.7366 6.62174
-4.25601 3.83949
-19.8937 -1.19595
-21.1924 3.80761
-11.2123 -11.2246
13.7656 10.6263
28.7183 3.78508
12.7818 -3.89723
7.37518 10.9739
5.3585 15.0242
2.47165 -15.1408
-8.47672 -28.5699
8.8033 12.2984
36.9231 -25.3144
4.22873 -9.51038
-14.0057 -20.9748
3.77348 -0.510762
12.1456 -27.2302
32.8831 -12.2983
74.7197 14.4396
61.4833 -56.9258
59.4522 87.8997
-19.7039 -71.954
-115.197 -0.509144
-57.272 -157.796
-25.425 -187.052
231.241 -240.527
159.155 -2269.55
