20776 20924
-537.682 -7897.92
19.361 226.419
-246.819 -673.397
-130.979 -133.159
-40.237 -204.8
-16.5812 -83.3832
72.0777 -61.1671
7.44754 -25.8895
-17.2472 28.9651
8.62386 -82.4423
-26.151 -20.9294
17.821 -18.2267
-17.4149 -8.36144
-16.2308 13.7043
-3.05897 8.34094
-0.9844 -4.62214
39.6716 -10.3767
9.7287 -5.68495
10.7569 5.65869
9.5279 -5.77735
4.51065 -26.5723
-9.14829 -16.4505
-4.77306 -7.33457
5.42214 -4.72857
-7.41421 -2.82843
-13.7366 -0.632528
-4.04234 -7.38245
-6.72268 4.71203
-4.89066 7.00555
0.417526 10.9914
-4.5232 -3.41864
-3.60532 3.23649
-4.5021 -2.25393
-1.29859 -2.90906
-0.141898 2.41331
-3.35028 -1.79085
1.36023 1.85539
-3.867 2.02143
-5.10514 2.82945
-1.34937 7.01005
-8.16777 -4.46503
-0.265122 3.32505
-5.85773 -5.75059
-6.8687 -4.30806
-2.14331 1.37383
-6.14003 1.555
-7.32711 -0.72141
-1.65628 2.91137
-8.99542 -8.93827
-6 -4
17.9091 15.2722
0.155363 -1.33845
10.0776 10.9082
1.35586 -2.08952
0.518745 -1.29301
-5.70377 4.08763
-0.48129 4.05263
4.49738 3.87
-3.14037 -0.886908
1.09019 0.671391
5.87936 -3.55661
-1.8323 0.388556
4.93398 2.05864
-4.31287 2.14401
0.156567 -0.300006
-2.93605 3.28804
0.100514 0.124315
2.94784 2.5269
-2.43944 -0.70281
-1.03556 1.48079
6.25361 -2.2349
6.02528 0.279571
5.75178 0.258669
8.72691 -8.05326
-3.07107 -0.828427
-13.3004 23.3658
-0.324617 -0.738625
-1.53913 4.93865
3.60431 1.00602
-1.79949 1.78205
-6.20244 0.195785
0.881633 -2.39107
-4.76774 1.4333
-2.57605 -2.33766
-0.0303901 6.87141
0.116362 5.21825
-1.89894 -2.53435
-3.19114 0.569444
0.140189 2.62539
-4.2419 -3.04303
4.80849 -0.332809
-3.44409 -1.44941
1.37272 -5.332
-4.97504 1.89822
3.06838 4.14577
1.92503 -1.39977
0.0779417 1.98917
-0.974532 1.64208
-0.33453 5.11546
0 0
13.1678 -1.07097
-1.90032 -1.61731
0.555561 0.0839262
5.61363 4.20906
-1.11041 0.146997
1.24775 2.02289
-5.16084 9.72985
4.09566 2.28784
1.99186 2.63296
3.8867 4.70286
-1.09833 -1.09639
2.62263 1.86081
-3.07681 3.20668
5.38034 -5.38432
3.36616 -3.07746
0.959166 1.8436
2.57211 5.58256
1.03205 1.99528
2.60991 4.48916
-0.346406 -1.01812
10.5394 2.43033
2.0861 1.6736
1.14646 4.42996
-1.59333 9.97985
-4.58579 2.82843
-11.8898 -30.2258
2.57875 -0.252656
-1.96872 -6.23349
0.570775 0.266702
-3.29538 -0.69387
-8.07015 -1.77165
3.19003 -0.878503
-3.65963 -2.64027
-3.04603 -0.854163
-2.45709 -3.09319
-3.23294 2.52072
1.51914 -4.18892
1.59326 4.72607
3.23239 4.28802
6.3475 2.74502
-1.74653 4.19358
8.72895 -0.186113
1.21776 -1.30551
-2.9905 -1.32839
-1.1618 2.78116
5.74054 3.27528
3.04096 -2.63325
2.33786 2.50433
-2.83432 7.16751
-6 4
5.05685 -2.72538
2.48441 0.455504
-3.02978 -0.774967
-2.05684 3.29564
-2.21748 -4.82009
-4.3027 2.60421
0.00958452 0.262457
0.0963806 -2.51885
-0.536744 2.02658
-7.50473 -1.77398
-0.701914 -8.73623
-3.36972 0.164931
9.90831 -3.99424
4.86039 6.8533
4.92538 3.01609
1.92404 5.20083
-1.61829 -1.64523
5.12644 -2.90755
1.24266 -0.940439
9.91341 0.179162
-9.38586 -5.30088
-5.76032 0.260915
-1.51471 3.80348
1.75345 3.59091
11.0711 4.82843
-16.5887 1.54592
1.4656 1.82804
-21.9075 -0.310128
6.90018 2.90089
18.0344 -17.6391
6.18773 -18.3801
7.68905 -6.50633
11.5222 -13.4337
-3.41816 -15.7973
-18.3991 -49.089
7.83934 -19.6809
-30.9978 -3.33966
18.8139 2.13391
-42.5528 8.85984
-2.26867 -1.17499
27.0494 -37.0592
-4.01432 -65.9138
115.615 69.398
-75.538 -43.6564
-17.0779 33.3837
-111.284 -100.584
-86.2596 -171.54
159.454 -391.68
-213.655 -2590.8
