16573 20854
668.126 -8129.43
-28.6875 228.271
-172.057 -641.573
-103.981 -202.845
111.742 -203.065
72.9307 -38.5017
57.9431 -0.609195
-28.1199 -54.9356
-20.3602 -33.9486
-1.4925 -68.6929
17.2341 11.8297
-9.97836 -10.5671
-32.3646 7.65927
2.30054 21.4461
-20.871 2.2677
4.93536 -10.5803
15.3634 -20.4764
-9.83061 1.69233
-19.4404 -12.2077
0.530661 -15.9193
4.96863 -23.1822
-16.0373 -4.73365
-14.5122 2.63988
-18.411 -13.2789
-7.24264 0.242641
2.3516 -2.43877
0.453139 6.99145
-0.14155 -3.99294
-9.21647 -6.61298
4.37413 5.36504
-8.90494 -9.97558
6.51342 -1.40159
-2.02946 -3.08392
-2.19705 6.69856
2.35095 9.32155
-3.57985 -3.54683
7.07358 1.34478
-4.57582 0.421502
3.90639 5.7607
1.75679 -2.60262
-6.72558 11.7418
1.00367 -0.341639
2.36178 -1.5405
4.74549 -3.79913
-9.33164 13.3808
-6.59094 4.57783
-1.79177 6.9302
-3.28426 3.04828
3.22584 -0.0672911
-5 8
3.04635 2.15413
0.386316 2.31796
-4.4567 -1.98753
-5.70118 -4.03261
-2.57912 -0.611551
3.79123 0.782002
5.28627 3.32715
1.00599 -2.35571
-1.87045 -2.1005
3.1999 1.69279
-3.80168 2.55333
4.06307 2.04599
-6.28339 3.40459
6.38594 -0.959096
-1.34491 -1.18599
-4.7349 -2.05366
-2.28797 0.0609145
-5.92765 3.42208
1.01096 -9.36088
2.98655 -6.21915
-0.0489994 -5.19299
6.07849 -1.49842
-3.04825 1.21119
-2.17325 -0.483221
-1.58579 -3.75736
5.60361 5.06464
-1.06788 -5.42324
-4.96914 -12.8069
-6.10503 23.8712
3.41071 3.82916
1.68511 7.28593
5.83508 5.8731
-7.48351 1.54609
1.90606 0.39335
-1.92147 4.87096
-2.19666 0.370887
4.07125 -0.448042
-3.12647 2.2531
3.96263 7.09376
0.964639 0.297744
2.47386 6.10906
3.15845 1.40977
-1.0373 7.75641
-0.273738 -1.59441
-1.04529 3.69712
-1.18608 5.27642
6.39665 -0.269161
-1.97718 7.1904
-1.16154 -2.28765
1 2
4.63103 -7.28152
2.93488 2.32733
0.652268 4.58108
-0.423498 -4.03668
-3.35176 -2.93108
5.2439 -1.23562
-4.37442 2.98296
3.63117 -0.650494
2.18336 8.981
1.46336 -0.0648758
2.27243 6.91951
1.97009 0.237736
5.71672 -4.0201
-3.21832 4.86407
-6.96782 -4.19217
-3.55975 1.8123
1.05057 -1.46523
2.23516 4.15011
3.05583 0.210904
-4.64677 0.024938
-0.725332 7.42551
-6.54258 9.35883
2.25955 -32.4194
-2.92413 -7.39215
1.24264 -8.24264
-6.05803 -5.60028
1.119 -3.6415
7.63105 1.55017
3.94539 4.82739
3.9092 4.30191
2.20023 -0.002502
-3.25981 -1.87439
2.89385 5.26909
-3.82793 7.61797
-0.735017 6.53404
4.8925 2.20628
5.24414 -4.0371
1.35753 -2.45274
5.56728 0.646018
-7.38024 -0.65835
3.52485 0.754385
-2.17685 0.465454
5.55633 -3.76779
3.4955 3.76705
-7.39327 2.29721
-5.66843 0.792526
-4.45072 8.15999
6.78135 4.21129
0.980044 3.2959
-5 8.88178e-16
-3.66884 -0.0965985
3.92663 3.51977
4.03908 8.20059
-4.02798 3.9279
-5.467 12.7511
6.41314 4.58522
12.0673 -14.678
3.3419 -2.92453
-5.17922 -9.45085
1.47928 -0.25148
3.10826 0.469087
-5.60506 -3.61405
1.7415 0.612152
2.60545 3.03525
-3.09222 4.4163
-4.25245 -9.49242
-11.1345 -13.8184
-3.87721 -1.18641
-4.82204 1.50432
-13.3813 1.09321
-3.05257 -3.19786
-4.33349 12.2584
9.47575 -9.94355
0.513732 -3.99609
-4.41421 -12.2426
-5.16759 -13.4139
6.00079 8.50237
-10.5512 -4.00645
0.183595 20.1099
17.6497 -12.1151
7.58092 -17.9112
32.2249 -5.32189
24.4078 7.17304
1.68764 -1.22182
-9.30703 -59.7832
15.3437 -45.6587
5.26868 -36.4442
-15.5951 22.3509
15.3913 -8.33892
-38.824 5.91898
3.53633 16.9824
12.2882 -50.128
76.1923 34.0493
68.0726 -49.028
-88.6857 56.2323
-21.9504 -126.193
-261.469 -231.735
421.115 -359.419
-45.5034 -2080.9
