20421 21386
-527.54 -8196.07
-207.048 257.593
-194.244 -644.482
-101.718 -187.402
58.0915 -153.04
83.8659 -44.6987
-13.389 17.4255
-34.4191 -56.2131
-26.713 -12.0956
55.0591 -78.5205
-8.98683 8.79248
-36.5224 20.0227
-12.5415 -16.2257
-6.05024 13.7874
20.6604 -16.9843
2.07045 -18.664
-2.03577 4.82216
-24.3985 -15.5893
-6.88241 -0.23396
-9.00145 -1.32292
-14.3213 -24.0507
-3.34744 5.78893
-14.8575 -5.10931
-6.15187 -1.99204
2.12132 -6.56497
-4.47277 -6.68462
0.595019 3.93453
-5.05431 2.62796
0.559532 7.59981
5.27776 -9.21813
-9.71013 17.323
-1.6964 1.23108
4.26573 5.88725
-4.0419 -0.61664
5.58862 -3.64482
-2.59722 2.85157
1.30563 1.43556
-7.43746 -0.0978454
-3.63111 -6.20282
-4.94095 1.30573
-0.598331 6.63196
-0.226978 0.104747
3.21064 -1.69182
0.583459 3.09231
-5.54531 2.6481
1.52208 -1.64687
5.28636 1.36415
5.38371 3.29801
7.61061 13.8025
4 -1
-1.74316 6.8865
-0.943838 2.81851
2.69032 3.42223
-0.0929922 0.503644
1.49184 -1.60578
4.54826 6.03535
-4.47823 -10.8861
3.07666 -5.47174
7.96654 -0.55114
0.45048 0.694265
-1.06129 -0.226484
8.1922 -0.633382
-1.23669 -2.05503
7.38879 -2.84818
-4.24981 -3.50815
2.21622 -1.14107
-2.77819 -1.4134
2.1118 6.51846
-0.487506 -2.54071
-0.110576 -2.85076
3.95314 0.838777
-3.75167 -2.84469
-1.70428 4.2428
0.13652 -0.74654
2.36396 -9.19239
-3.10546 -1.4624
-3.61693 27.5014
-5.09918 -2.76153
0.52292 8.15391
-2.3123 3.32292
1.98032 3.59467
-3.02262 0.659366
5.30053 2.767
6.58894 -5.40946
-3.53525 0.0498163
-0.10512 6.81844
-2.09335 2.57622
1.24758 1.31297
3.9839 5.17197
-4.69844 3.50737
10.7224 2.11642
-2.27401 1.03787
-1.97388 11.5433
1.11111 -3.40205
0.0931937 -10.2524
1.08597 7.73378
-2.71968 8.57671
-4.81582 1.41177
0.689291 3.25453
3 6
-0.496438 0.0201936
-1.44529 7.16467
-2.03018 2.90653
4.31573 -4.82536
4.00795 3.98245
3.23957 3.08914
0.0426314 -8.21618
0.593641 3.75299
2.91867 1.54491
-0.462372 2.66623
-1.88367 0.463992
7.40544 4.04688
-0.0954209 0.283231
-1.08518 -4.76954
-1.63415 3.36707
4.69639 5.31932
0.397678 -3.68893
-5.39119 2.38665
-8.08939 2.12904
-0.687701 -3.55899
0.640131 2.67625
-0.262084 4.02996
-4.29343 11.9659
-0.823017 -2.34763
-2.12132 -33.435
2.12557 -3.84852
-7.30074 -13.8859
-6.9129 0.0444024
2.83838 -4.31144
0.125492 2.19669
0.192599 1.58284
0.14791 -5.30015
-5.27429 10.5229
-4.23429 0.415582
0.440854 4.90142
-4.72998 6.97404
6.21232 2.00803
-1.63749 2.54728
4.80829 -2.16783
-4.97834 -0.930333
4.79101 2.68334
-3.07425 0.340065
-4.98168 -0.408827
2.69932 -5.40665
0.278714 0.382779
-2.98667 0.201065
-1.33351 -10.6012
-0.740067 -5.23947
-6.91011 -1.40321
-4 1
0.842044 3.94972
1.18027 -6.81246
8.48344 -18.1924
-0.0382646 4.25937
-7.54734 0.0465592
-2.16256 -4.09783
3.55168 -0.42522
7.55024 6.96894
-3.79235 -1.14468
1.94095 2.93033
-3.00974 0.417562
3.54361 -3.28629
10.0101 3.03424
-0.227903 3.69726
0.788092 -1.68266
2.7826 4.76221
0.125747 -3.43935
13.2608 -0.531727
-8.61894 2.26701
5.51383 -1.18353
8.66653 15.5797
-6.9955 -9.79269
1.93048 -11.4616
-2.38362 14.0059
-10.364 9.19239
-1.10605 2.02078
-3.63042 4.47587
6.80754 -3.56403
13.8544 10.7871
-4.47068 5.55899
3.14433 -23.6972
-2.55494 -5.39679
6.60573 -27.2639
25.7811 3.78379
10.1642 11.1673
9.34294 -34.7748
-9.37633 -11.3081
20.2999 -27.733
-0.857767 10.6989
59.2952 43.4027
4.65021 -0.0319649
-57.5995 -51.3429
98.7079 -20.8854
15.6733 -22.251
48.9066 44.1723
-131.858 -37.954
-137.327 -115.673
24.0663 -485.457
-395.412 -2007.62
