21749 21524
1009.34 -7946.46
-89.3793 232.683
-169.258 -638.45
-164.144 -207.851
41.407 -189.821
69.9577 -77.636
23.1914 -12.1026
-12.8591 -17.6721
-78.1368 -37.5798
22.2099 -22.3469
-21.0607 50.4993
7.068 -2.88569
-13.0419 14.1161
-18.6291 21.6593
2.06859 3.0175
-11.7666 -19.899
12.4477 -5.7866
-27.564 -12.6532
-20.7813 -12.2431
-13.0667 -2.14828
-5.78692 -0.9857
-9.26986 7.11972
-7.87761 6.37979
-7.39109 11
4.12132 -7.77817
2.53246 2.94351
-9.75817 3.35027
-4.96271 4.37817
-13.0072 -1.42546
-3.88966 -3.37866
-1.8649 -0.475705
0.587826 1.8929
-3.85831 -1.25094
-1.32432 -6.55754
0.845327 2.10657
16.3124 1.67825
4.75174 -0.839373
1.62432 -6.43463
-4.37809 -10.352
-3.04363 -1.74576
7.85035 0.675281
-1.26072 8.05865
0.0479215 2.39002
-0.632724 -2.25465
5.31328 -1.99849
1.31197 2.42937
2.78541 1.52315
6.57258 -5.61124
-0.385821 -2.85046
1.77636e-15 5
-4.49345 1.45128
-0.424181 0.351159
-1.13858 2.4474
-2.72526 -3.34046
3.25224 3.49944
2.0266 -8.91174
-0.113982 2.61758
-3.71452 -4.85341
-5.22058 0.639903
7.28917 2.68712
1.98587 -7.94241
1.34202 -2.02041
-9.11726 12.0278
-3.35802 3.86824
1.28988 0.18361
-2.29194 -2.67246
-5.08822 0.710123
-0.295368 -4.98785
0.324284 3.21822
-2.43658 33.4475
-0.401826 2.41828
-4.70645 7.18579
-0.0589821 3.84318
-3.73529 7.45941
-0.363961 2.94975
3.10055 -0.0480619
-0.352 -9.60003
4.95456 -1.83995
-4.13212 5.0957
-1.47657 -6.75268
2.32956 4.93228
-0.0374598 -3.39695
-0.638105 -2.11149
0.33089 6.30646
4.68305 2.54371
2.54028 5.00926
6.38453 1.38914
1.88342 2.53734
-0.241647 0.396175
-2.41155 -8.30557
-0.428219 0.408847
1.51962 -5.25942
-2.24049 0.342136
-0.3448 -2.64507
-7.22109 -0.59915
-2.48299 -3.16639
0.133434 -1.08356
1.71188 1.86662
2.86795 0.214456
1 2
1.83603 -1.2849
-1.92771 -0.0283751
2.6263 -0.143801
-6.08251 -3.91133
-1.49363 -0.41412
-5.10105 -0.784494
-1.96249 3.72581
-1.16242 -0.33381
-0.950394 -1.27965
1.58544 0.872192
3.00215 7.17094
5.07898 -1.7022
5.82782 2.4233
1.93897 -6.40757
2.12352 -2.49369
0.325892 -2.2888
-0.876768 8.43442
-4.70684 1.20343
2.63827 -0.222961
-6.9054 5.28054
-0.670867 -1.9983
4.63203 -0.275445
1.4756 5.70797
0.251526 -4.71981
-0.12132 7.77817
-5.75953 -7.75101
1.61032 1.29796
-4.55111 3.77065
-3.26642 1.47407
0.506983 5.97958
3.3915 -3.29412
8.22152 -30.56
3.0885 -0.427954
0.100724 -0.590411
5.1429 0.425354
-2.22486 -5.74104
-0.277254 2.32878
2.42381 4.38392
11.0125 -10.257
-0.490796 0.785011
0.725472 -5.1697
-8.7502 -1.48474
3.88154 -1.90926
-0.0549986 -2.48655
2.37014 2.79133
-5.96632 9.49958
-1.57889 1.2055
-2.60047 1.02756
-5.5502 0.952212
2 -7
1.78617 4.671
8.91744 3.60122
2.67487 -8.03799
-7.82319 -2.5636
0.61718 -4.16247
-4.46129 -2.54272
-1.24151 -2.46967
-0.13248 -4.28612
1.59438 4.92349
-7.5744 9.21789
-3.24759 1.20103
1.79168 5.34281
9.04562 -4.23243
9.62735 -2.1172
-1.53323 -6.89031
-10.7857 -2.55938
2.73455 -5.14999
-8.80954 -3.14303
4.9682 2.84521
-5.30536 -5.3271
-0.171836 -1.45956
9.31515 -6.05487
-0.84476 1.45241
2.98115 6.04749
12.364 -6.94975
2.5675 -10.2663
14.1937 -7.49477
3.58513 14.1886
-5.32102 7.90085
-4.73169 -3.32385
-4.69019 -2.16473
7.22646 12.1285
25.872 24.3609
9.4965 21.8748
-6.03645 -6.39429
32.5604 -39.9451
27.2956 2.3108
46.4768 28.4889
11.4248 -28.2128
7.7408 -28.9411
9.96646 14.8778
22.1564 -53.22
103.246 61.0741
-17.9782 -6.31613
-8.82867 22.2064
-188.866 -70.3266
-47.1723 -190.429
215.992 -264.98
470.323 -1934.25
