18332 20942
1209.71 -8247.17
94.4636 204.331
-183.208 -656.978
-70.9459 -231.908
111.988 -202.522
72.0191 7.84129
63.5085 23.5737
-48.0295 -31.7
-29.1005 -57.8284
41.4533 -104.568
4.89987 -18.0965
-21.2938 3.89062
-32.6432 42.1327
-8.52571 22.5404
-32.4939 5.49713
12.1404 -23.248
26.4081 -20.9186
-13.3453 -6.93697
-3.80087 -31.6343
-13.0205 -8.72226
9.91497 -19.2512
8.09217 -13.795
-17.668 -4.51602
-7.28361 -10.2425
-5 16.3137
7.75627 -6.47797
-1.7201 -3.39127
-7.60508 4.82403
-0.50259 13.1656
3.29576 -3.97063
2.46409 -2.676
2.91027 -3.63931
0.88783 4.29825
-0.204724 4.42247
0.976494 -13.2725
-7.7678 0.383636
13.0469 3.12464
-0.618326 0.629692
-1.97376 2.54416
7.73456 -5.11653
-10.2694 13.5532
4.13611 5.22191
-4.96491 7.23394
-1.01148 -2.77315
-5.5718 -3.84822
-0.312432 -5.13902
-2.6326 1.36094
2.06688 4.68279
-3.32946 1.16347
4 2
2.9546 2.20294
-8.73153 -1.88626
4.69762 10.0026
2.89531 -6.46854
-3.64282 0.906342
-0.998523 3.02494
-0.958528 -5.44052
-4.44123 7.58902
5.02082 4.71674
-2.23275 1.49013
-5.4162 -0.00139028
2.45812 -3.12144
-5.48514 1.1182
0.437786 0.0547613
-5.35474 9.766
2.33788 2.84572
6.75107 5.45426
-2.1389 -6.76638
-5.1701 5.12878
-2.4761 5.26242
-2.45088 -5.72719
7.25483 -0.76339
-4.03272 3.07485
4.8135 -0.276736
-4.41421 3.24264
-5.24156 -0.154963
2.66073 -3.81648
-6.86364 -1.06011
2.14934 2.9251
-0.207848 0.589814
-2.21709 -7.11166
-1.15667 2.77644
6.46388 2.7046
-0.560317 -8.17569
-3.41932 -0.636716
3.84619 -2.11857
6.05986 -2.06254
-4.03403 3.22302
-2.17531 31.947
-0.564728 -0.0979523
-3.88229 13.6384
0.623261 12.0279
-1.33975 5.05608
-0.490976 7.57706
6.39931 -4.06828
0.296735 7.84974
-0.0407757 8.20851
1.16674 4.51318
-0.247193 7.69573
2 4
1.85172 -14.3329
3.76411 2.60982
1.61372 -3.39845
2.12426 -0.520091
4.0886 -2.59378
2.89071 -0.472161
3.0108 -2.70277
1.598 2.7417
-3.4294 0.243968
-3.71249 8.44392
-0.675249 8.71417
-3.5671 -0.12144
4.63823 -30.1657
1.77739 -1.39233
-10.9479 -2.35059
-0.204541 2.09337
-1.52844 -4.71792
1.28177 -5.77673
-1.814 1.27215
1.97178 -1.58981
0.711649 3.83322
-2.22233 -7.67764
0.475462 0.522774
3.99767 -1.1646
-5 -6.31371
-1.41035 5.67786
2.16008 -1.01681
-1.45238 1.40855
7.81705 2.23965
-3.85691 -4.49977
-0.62676 -2.65699
-0.715436 8.80301
8.27562 -4.57985
-0.102746 -6.16414
0.465347 3.76531
-2.11762 -1.53618
-4.5209 -3.52741
-3.52424 2.68772
-5.72133 1.3241
4.64916 1.10662
8.4362 -0.701152
0.357542 2.16129
-1.6595 0.409567
-0.400513 -3.12878
-0.00610018 7.40984
2.91113 2.94618
1.39253 1.58135
-6.29031 1.50583
-2.80487 3.32529
6 4
1.41425 3.91469
2.70739 -1.27229
6.57692 -8.53394
-3.43077 0.18456
-2.31179 3.78364
-1.18611 -3.19046
3.09667 -2.11631
-6.75793 -1.90747
-1.26292 -1.20642
-1.49849 4.11653
6.95111 -0.59488
-4.69614 3.61924
6.66941 1.1893
-5.3667 -3.96133
-2.28595 17.61
8.15229 -0.601314
-13.1663 -0.703477
5.13252 4.84691
-1.68078 -1.39073
8.96837 7.1654
8.90708 -12.0841
-11.5255 -4.33493
-4.31789 12.1944
5.04387 -11.1694
-1.58579 -5.24264
4.91208 -2.54036
2.64657 -10.2364
-6.56088 8.4913
14.2567 -1.27678
-11.3959 -37.8745
24.0777 -1.67425
20.2735 4.31766
6.32021 6.99653
7.06939 11.9176
-39.4384 -85.1851
36.9698 -42.2414
25.7349 -51.8339
-16.8386 9.98974
31.2612 28.1687
26.8928 6.26429
34.2871 31.716
30.8308 -73.296
74.0806 23.3761
30.3592 -59.1533
-42.4447 37.739
-118.795 -66.9439
-182.274 -170.132
416.898 -341.033
136.446 -2110.85
