18810 21451
289.012 -8058.26
123.256 184.736
-230.624 -600.308
-123.594 -175.78
85.6952 -216.618
55.9398 -89.726
40.3197 -21.6084
-16.1771 -60.9232
-18.9251 -1.43806
-39.9417 -75.8801
-8.34184 -6.06763
-8.76454 13.9885
9.38749 7.72119
21.4409 39.014
-17.8925 6.47601
-1.44302 -25.9736
11.6028 -16.2999
-4.22514 -18.41
-28.0173 -20.061
-16.1251 7.20196
-11.7344 -0.188494
-11.2401 2.61055
-1.4767 -1.65842
1.90639 2.32725
0.707107 12.9497
-9.39261 -4.60672
5.15901 -5.32129
0.549927 5.08934
-6.79243 -4.7937
-3.73404 -1.71409
1.87175 -1.51207
-0.328866 -6.48951
-5.1797 1.06103
0.993298 -0.156932
-10.8502 -3.59851
-7.76505 6.45499
-5.79329 2.03287
3.09003 2.3645
3.17691 4.20997
-3.47126 14.0637
-4.51301 3.06559
2.2321 12.4215
-2.95419 -6.55371
-3.85214 -5.62383
-1.62864 0.521474
0.625478 -7.29891
5.42808 10.8897
7.09353 -1.68934
7.34831 -2.18321
-7 -4
4.71142 1.65691
-4.6181 0.591039
-6.9319 2.10549
1.75148 1.20851
-3.75932 -4.95472
8.59284 -4.81672
5.42038 -8.28731
-2.40852 -7.06585
0.280878 17.29
-3.27954 -1.79985
7.18922 6.16838
5.91819 -2.31528
6.63427 -1.20137
3.51101 -4.53811
7.06101 2.93204
0.677375 1.85955
-5.91695 -8.13738
0.525343 -3.80634
-0.0447749 3.28587
-4.7381 -2.61215
0.354381 2.21501
-5.11253 31.8912
-6.96867 -1.25311
5.40991 9.12802
-1.53553 2.12132
-6.24465 9.22022
-5.49029 2.1689
-1.84958 -2.26862
2.54649 -3.48589
-7.63876 2.04067
-0.0532034 1.85307
-2.27532 -2.53734
-4.72852 6.74785
-0.166164 -0.651977
5.70253 -9.81423
-0.168478 -3.00264
-6.43885 -1.33664
-5.86118 7.6912
2.51972 -1.20181
2.52531 -2.57074
6.16021 2.68923
-2.49888 5.50033
8.06407 -1.9382
-0.952152 -2.89033
0.383337 4.97034
-3.4549 -4.70232
2.00298 0.943187
-2.12337 7.15052
1.16437 -2.32337
0 3
0.256655 0.511877
0.360051 -0.267269
-1.38315 1.16334
0.116874 -3.01417
-5.59476 -5.83211
3.51943 -0.523104
1.80369 3.45549
1.4801 -4.10735
0.423212 2.63522
5.80365 0.683322
2.8148 -6.45932
0.73188 -6.3463
-2.21303 -4.73779
2.17683 4.34719
4.87528 -3.55305
0.701926 -7.71672
-2.80192 0.915166
3.23239 3.18401
0.0089717 6.65364
-7.36124 1.86916
1.2594 3.55993
2.41013 -1.35159
2.28051 1.2651
-3.02981 4.37645
-0.707107 3.05025
-1.07327 7.78562
-6.37434 0.405052
-2.5559 10.6792
7.75006 5.80768
-1.36906 -28.0506
0.00616876 -1.62644
-0.017487 -6.27189
-4.76313 0.703544
2.30938 -5.04632
6.33951 0.0230795
-1.69067 2.24797
0.699083 2.43373
2.3561 -0.959671
5.32234 -0.316287
-1.72046 -2.52639
-2.38398 5.49446
-3.18436 -1.60569
0.537106 -10.8371
5.15082 0.34869
-6.11113 -2.75031
-0.287789 -3.9648
-3.0231 -8.07565
-3.61636 -5.59145
7.56296 0.86774
-7 -2
5.94335 -1.75673
11.2465 -8.82856
3.39945 -9.65537
3.70558 -2.71357
-6.8481 6.51714
-4.38842 11.5939
0.0416102 5.10632
2.4884 -5.11243
2.24204 -1.40848
-11.5287 1.02645
7.20093 -3.64305
-0.107357 2.54521
3.92478 -5.13238
-3.26824 7.96988
-7.24219 2.40093
2.2977 6.81121
-2.49118 -4.2498
2.48921 3.7189
8.41481 -0.937114
-9.21453 5.50142
-2.29386 8.73222
-3.52834 -11.1699
17.7546 1.00318
-0.605468 -4.3223
5.53553 -2.12132
8.03532 -0.447461
-13.0037 0.524634
0.156014 1.90592
-9.88344 -3.3027
11.1251 4.12428
-3.80486 28.5933
13.1211 33.348
39.645 4.10788
-1.17551 7.83894
22.118 -36.84
27.3471 -41.5027
38.9896 -0.433033
-16.9788 -21.9681
-11.8001 -2.31343
-5.33151 10.6429
21.8438 -36.4635
83.9254 -33.9741
30.5005 21.7821
51.5804 -85.3015
-16.2481 24.1197
-75.9265 -157.097
-114.613 -193.211
371.498 -277.471
450.777 -1991.84
