136 89
137 88
138 89
140 89
141 90
142 90
143 91
144 91
145 93
146 94
147 95
148 95
149 95
151 95
152 95
153 96
153 97
153 98
154 100
153 101
153 102
152 102
151 103
149 102
148 103
147 103
146 103
145 103
143 104
142 104
141 105
140 105
139 105
137 107
136 108
135 108
134 109
133 110
131 111
130 112
129 113
128 113
127 114
125 115
124 115
123 115
122 115
121 115
119 117
118 117
117 117
116 117
115 118
113 119
112 120
112 121
113 122
114 123
114 125
115 126
115 127
114 128
113 129
112 131
112 132
112 133
112 134
112 135
111 137
111 138
111 139
110 139
109 140
107 142
106 143
105 143
104 143
103 143
101 145
100 146
99 147
98 147
97 148
95 149
94 149
93 150
92 151
91 151
89 151
88 152
87 153
86 154
85 154
83 154
82 155
81 155
80 156
79 156
77 155
76 154
75 154
74 154
73 153
71 152
70 151
69 151
68 150
67 150
65 148
64 148
63 147
62 146
61 145
59 143
58 142
57 141
56 140
55 139
56 137
57 136
57 135
57 134
57 133
59 132
60 131
60 130
60 129
61 128
63 126
64 125
64 124
64 123
65 122
66 120
67 120
68 119
68 118
69 118
70 116
71 116
72 115
72 114
73 113
75 112
75 111
76 110
76 109
77 109
78 107
79 107
80 106
81 106
82 105
84 103
84 102
85 102
86 102
87 101
89 100
90 101
91 101
92 102
93 102
95 103
96 104
97 104
98 104
99 104
101 103
102 102
103 102
104 101
105 101
107 100
108 100
109 100
110 101
111 100
113 100
114 100
115 99
115 98
115 97
117 96
118 95
119 94
119 93
120 93
122 93
123 92
124 92
125 93
126 93
128 93
129 92
130 91
131 90
132 90
134 89
135 89
