105 87
106 86
108 86
109 86
110 86
111 86
113 87
114 87
115 86
116 87
118 88
119 88
120 87
121 87
123 86
124 86
125 86
126 86
128 86
129 87
130 87
131 88
133 88
134 88
135 88
136 87
136 88
137 89
138 90
139 91
141 93
142 94
143 94
144 94
145 96
145 97
145 98
144 98
142 100
141 100
140 101
139 101
137 102
136 102
135 102
134 102
132 102
131 103
131 104
130 104
128 104
127 104
126 104
124 104
123 104
122 104
121 104
119 105
118 105
117 105
116 106
114 106
113 106
112 107
111 107
109 108
108 108
107 109
106 109
104 109
103 109
102 108
101 108
99 109
99 110
99 111
99 112
99 114
99 115
99 116
98 117
97 119
97 120
97 121
97 122
97 124
97 125
98 126
98 127
96 128
95 129
94 129
93 130
92 132
91 133
90 133
89 133
87 133
86 133
85 133
83 133
82 134
82 135
81 135
79 136
79 137
79 138
78 139
77 140
76 139
75 139
74 140
72 141
71 141
70 141
69 141
68 143
68 144
69 145
68 146
67 148
67 149
66 149
65 148
63 147
62 146
61 145
60 144
58 142
57 141
56 140
55 139
53 137
52 136
52 135
51 134
50 132
49 131
49 130
48 129
47 127
46 126
46 125
46 124
45 122
45 121
46 120
47 119
47 117
48 116
48 115
49 113
50 112
51 111
51 110
53 108
54 107
54 106
55 105
56 104
57 103
57 102
58 102
59 100
60 99
61 99
62 98
64 96
65 95
66 94
67 93
69 91
70 91
71 90
72 90
74 90
75 90
76 91
77 91
79 90
80 91
81 91
82 90
84 90
85 90
86 91
87 92
89 92
90 91
91 90
92 90
94 88
95 88
96 88
97 88
99 88
100 88
101 88
102 88
104 87
