88 85
89 84
90 84
92 85
93 86
94 86
95 87
97 88
98 88
99 88
100 87
101 86
103 86
104 85
105 85
106 85
108 85
109 85
110 85
111 85
112 85
114 86
115 86
116 85
117 86
119 85
120 85
121 85
122 85
123 86
125 86
126 87
127 86
128 87
128 88
128 90
129 91
130 91
131 91
133 91
134 91
135 91
136 91
137 90
137 88
138 88
138 89
139 90
140 92
140 93
141 94
141 95
140 96
138 98
138 99
137 100
137 99
135 98
134 99
133 99
132 99
131 100
129 99
128 100
127 100
126 100
124 100
123 100
122 100
121 100
120 100
118 100
117 101
116 101
115 102
113 104
112 104
111 104
110 104
109 103
107 104
107 105
107 106
106 107
105 108
103 109
102 110
102 111
102 112
102 114
102 115
102 116
102 117
101 117
99 119
99 120
99 121
98 122
97 124
96 124
95 125
94 126
93 126
91 126
90 126
89 126
88 127
86 128
85 128
84 128
83 129
82 130
80 130
79 130
78 130
77 130
75 131
74 131
73 131
72 132
71 132
69 134
69 135
68 136
67 137
66 139
65 140
65 141
64 142
63 143
62 145
62 146
61 145
60 144
59 143
57 141
56 140
55 139
54 138
52 136
52 135
51 134
50 133
50 132
49 130
48 129
47 128
47 127
46 125
46 124
45 123
45 122
44 121
45 119
45 118
46 117
46 116
47 114
47 113
46 112
47 112
48 111
49 110
50 109
51 108
51 107
53 105
54 105
55 104
55 103
55 102
56 100
57 100
58 99
58 98
59 96
60 96
61 96
62 95
63 94
65 93
66 93
67 92
68 91
69 91
71 89
72 88
72 87
73 87
75 86
76 86
77 86
78 86
79 86
81 85
82 85
83 85
84 85
86 85
87 85
