119 72
120 71
122 71
123 72
124 72
126 72
127 72
128 72
129 72
131 73
132 72
133 73
135 73
136 74
137 75
139 75
140 75
141 75
140 76
142 78
142 79
142 80
143 82
142 83
141 83
139 84
138 85
137 85
136 85
134 86
133 86
132 87
130 87
129 88
128 88
126 89
125 89
124 89
123 89
121 90
120 91
119 91
117 92
116 92
115 92
113 93
112 92
111 92
110 92
108 92
107 92
106 92
104 92
103 92
102 92
102 94
102 95
102 96
103 97
103 99
104 100
103 101
102 102
101 103
101 104
100 106
100 107
99 108
99 109
100 111
99 112
99 113
97 114
97 115
96 116
94 117
94 118
93 118
92 119
90 120
89 121
88 122
86 123
85 124
84 124
82 125
81 126
80 126
79 126
77 126
76 127
75 128
73 130
72 131
72 132
71 134
70 135
69 136
69 137
68 139
67 140
67 141
66 143
65 144
64 145
64 147
64 148
63 147
62 146
60 144
59 143
58 142
56 140
55 139
54 138
52 136
52 135
51 134
50 133
49 131
49 130
48 129
47 127
46 126
46 125
45 123
45 122
44 121
44 120
43 118
43 117
44 116
45 114
45 113
46 113
47 111
48 110
48 109
49 108
50 106
50 105
51 104
51 102
51 101
51 100
53 98
53 97
53 96
54 95
55 93
56 92
56 91
57 90
58 89
59 88
61 87
62 86
63 85
64 84
66 82
67 81
68 80
70 78
71 77
72 77
74 76
75 75
76 75
77 76
79 75
80 75
81 75
83 75
84 74
85 74
87 76
88 76
89 75
90 75
92 76
93 75
94 75
96 75
97 75
98 75
100 75
101 75
102 75
103 75
105 75
106 75
107 75
109 74
110 73
111 73
113 73
114 73
115 72
116 72
118 72
