75 72
76 71
78 72
79 72
81 72
82 73
83 73
85 74
86 74
88 74
89 74
91 75
92 75
93 75
95 76
96 76
97 78
98 78
99 79
101 77
101 76
103 76
104 75
106 73
107 73
108 73
110 72
111 72
113 73
114 72
115 72
117 72
118 72
120 72
121 72
123 73
124 73
125 73
127 74
128 74
130 74
131 74
132 74
134 74
135 74
137 75
138 75
140 76
141 76
142 77
143 78
144 79
146 81
147 81
148 82
150 82
151 83
151 85
151 86
151 87
150 89
149 90
147 90
146 90
144 90
143 91
142 91
140 91
139 91
137 91
136 91
135 91
133 91
132 92
130 93
129 93
127 93
126 93
125 93
123 93
122 93
120 94
119 94
118 94
116 94
115 94
113 94
112 94
110 94
109 94
108 94
106 94
105 94
103 95
104 96
103 97
105 99
105 100
105 102
104 103
102 104
101 104
100 105
99 107
98 108
98 110
99 111
98 112
97 114
96 114
95 116
94 116
93 116
91 116
90 117
90 119
89 120
87 120
86 121
86 122
84 121
83 121
81 122
80 122
79 122
77 123
76 123
74 124
73 124
71 124
70 125
69 126
69 128
68 128
66 130
65 131
64 132
63 134
63 135
62 136
61 137
60 139
60 140
60 141
59 143
58 142
56 140
55 139
54 138
52 136
52 135
50 133
50 132
49 131
48 129
47 128
46 126
46 125
45 123
45 122
44 121
44 119
43 118
43 116
42 115
42 114
42 112
42 111
41 109
41 108
41 106
41 105
41 104
43 102
43 101
45 99
46 98
47 97
49 95
49 94
51 93
52 92
53 90
54 89
55 88
56 86
57 86
59 85
60 84
61 84
63 82
64 82
65 80
66 79
68 78
69 77
70 76
72 74
72 73
74 72
