130 74
131 73
133 74
134 74
135 75
136 75
138 77
139 77
140 77
142 78
143 78
143 79
143 80
144 82
144 83
144 84
143 86
142 86
141 87
139 88
138 88
137 88
136 88
134 89
133 90
132 91
130 91
129 92
128 92
127 93
125 94
124 95
123 96
121 97
120 97
119 97
118 97
116 97
115 97
114 98
112 97
111 98
110 98
109 99
107 100
106 100
105 100
104 102
104 103
105 104
105 106
105 107
106 108
105 109
104 110
103 111
103 112
102 114
101 114
100 115
100 116
100 118
100 119
99 120
97 121
96 121
95 122
95 123
95 125
95 126
94 127
92 127
91 127
90 128
90 129
88 130
87 130
86 131
85 133
84 133
83 134
82 134
80 135
79 136
78 136
76 137
75 137
74 137
73 139
72 140
72 141
72 142
71 144
71 145
71 146
70 148
70 149
70 150
69 151
67 150
66 149
65 148
63 147
62 146
61 145
60 144
58 142
57 141
56 140
54 138
53 137
52 136
52 135
50 133
50 132
49 131
48 129
47 128
47 127
46 125
46 124
46 123
46 122
47 120
48 120
49 119
49 117
49 116
50 115
50 114
51 112
52 111
52 110
53 108
54 107
54 106
55 105
56 103
56 102
57 101
58 99
58 98
59 97
59 96
61 95
62 94
63 93
65 91
66 90
66 89
67 87
68 86
69 85
70 85
72 85
73 84
73 83
75 82
76 82
77 82
78 81
80 81
81 81
82 81
84 82
85 82
86 82
87 82
89 81
90 82
91 82
93 81
94 81
95 82
96 82
98 81
99 81
100 81
102 81
103 80
104 79
105 78
107 78
108 78
109 78
111 78
112 77
113 77
115 77
116 77
117 77
118 77
120 76
121 76
122 75
124 75
125 75
126 74
127 74
129 74
