117 59
118 58
120 58
121 58
123 58
124 58
125 58
127 58
128 59
130 59
131 60
132 61
134 61
135 61
137 61
138 61
139 62
139 64
140 65
140 67
140 68
139 68
137 70
136 70
135 70
133 71
132 72
130 74
129 74
128 75
126 76
125 76
123 77
122 78
121 78
119 79
118 80
117 82
116 83
115 84
113 86
112 86
110 86
109 86
108 87
106 87
105 87
103 87
102 87
101 87
99 88
99 89
98 91
98 92
99 93
101 94
100 95
101 97
102 98
102 99
100 101
100 102
100 103
99 105
99 106
99 108
99 109
99 110
98 112
97 113
97 115
96 115
95 115
93 115
92 116
90 117
90 118
90 119
89 121
88 121
86 122
85 123
84 123
82 125
81 126
80 127
79 127
78 128
76 128
75 129
73 129
72 130
72 131
71 133
70 134
69 136
69 137
69 138
68 140
68 141
67 143
66 144
65 144
64 146
64 147
64 148
62 146
61 145
59 143
58 142
57 141
55 139
54 138
52 136
52 135
51 134
50 132
49 131
48 129
47 128
47 127
46 125
46 124
45 122
44 121
44 120
43 118
43 117
43 115
43 114
44 113
45 112
46 111
47 110
48 109
48 108
49 106
49 105
49 103
50 102
50 101
51 99
51 98
52 97
53 95
54 95
56 94
57 93
57 92
59 91
59 90
60 88
61 87
61 86
62 84
63 83
64 81
65 80
66 80
67 78
68 78
70 77
71 77
72 77
74 76
75 76
77 76
78 76
79 76
81 75
82 74
82 73
83 72
83 71
85 69
86 69
88 68
89 68
90 69
92 69
93 69
94 68
96 67
96 66
98 65
99 64
100 64
102 64
103 63
104 62
105 62
106 62
108 61
107 60
109 60
110 60
111 60
113 59
114 59
116 59
