117 69
118 68
120 68
121 68
122 68
124 68
125 68
126 68
128 68
129 68
130 68
132 68
133 68
134 68
136 69
137 69
137 71
136 72
137 73
139 75
140 76
141 77
143 78
143 79
143 80
143 82
142 83
141 82
139 83
138 84
137 84
135 85
134 85
133 85
131 85
130 85
129 85
127 85
126 85
125 86
123 87
122 87
121 87
119 87
118 87
116 89
116 90
115 90
113 91
112 91
111 91
109 91
108 91
107 91
105 91
104 91
103 92
101 92
100 92
99 93
98 95
97 95
96 96
97 98
98 98
98 99
100 101
100 102
100 103
98 103
97 104
97 105
95 106
95 107
94 109
94 110
93 111
92 113
91 114
90 115
88 116
87 116
86 117
84 118
83 118
82 119
80 120
79 120
78 121
76 121
75 121
74 121
72 121
71 122
70 122
68 123
68 124
67 125
66 126
65 127
64 129
63 130
62 131
61 133
61 134
60 135
60 137
60 138
59 139
59 141
59 142
58 142
56 140
55 139
54 138
52 136
52 135
51 134
50 132
49 131
49 130
47 128
47 127
46 126
46 124
45 123
45 122
44 120
44 119
43 117
43 116
42 115
42 113
42 112
42 111
41 109
41 108
41 107
42 105
42 104
42 103
43 101
44 100
45 99
46 98
47 97
47 96
49 95
50 94
50 93
51 91
52 90
53 89
55 88
56 87
56 86
58 85
59 84
61 82
62 82
63 81
65 80
66 79
67 78
69 77
70 76
71 75
73 74
74 73
75 73
77 74
78 74
79 74
81 74
82 74
83 74
85 74
86 74
87 74
89 73
90 73
91 72
93 72
94 72
95 71
97 71
98 71
100 71
101 70
102 70
104 70
105 69
106 69
108 69
109 69
110 69
112 69
113 69
114 69
116 69
