116 80
117 79
119 80
120 80
121 81
123 81
124 81
125 81
127 81
128 81
129 81
131 81
132 81
133 81
135 81
136 81
137 81
139 80
140 81
141 81
142 83
143 84
142 85
144 87
145 87
146 88
148 88
149 89
149 90
149 92
150 93
150 94
148 96
147 97
146 98
144 98
143 98
142 98
140 98
139 98
138 98
136 98
135 98
134 98
132 98
131 98
130 98
128 100
127 100
126 101
124 102
123 103
122 103
121 103
119 103
118 103
117 104
115 105
114 105
113 105
111 105
110 104
109 104
107 103
106 104
105 105
103 105
102 105
101 106
100 108
101 109
101 110
102 112
102 113
102 114
100 115
99 116
98 117
97 119
96 120
95 121
95 123
94 124
93 125
91 126
90 127
89 127
87 126
86 126
85 127
85 129
85 130
84 130
82 131
81 131
80 132
78 133
77 134
76 134
74 134
73 134
72 134
70 136
69 137
68 138
67 139
66 139
65 140
64 142
63 143
62 144
62 146
61 145
60 144
58 142
57 141
56 140
54 138
53 137
52 136
51 134
50 133
50 132
49 130
48 129
47 128
46 126
46 125
46 124
45 122
44 121
44 120
43 118
43 117
43 116
42 114
42 113
42 112
42 110
43 110
44 109
45 107
46 106
47 106
48 104
49 103
50 102
51 101
52 100
53 100
55 98
56 98
57 97
57 96
59 95
59 94
60 94
61 92
62 92
63 91
64 90
65 90
66 89
68 89
69 89
70 88
72 87
72 86
73 85
75 85
76 84
77 84
79 84
80 84
81 84
83 85
84 85
85 85
87 85
88 85
89 84
91 85
92 85
93 85
95 84
96 85
97 84
99 83
100 83
101 83
103 82
104 82
105 81
107 81
108 81
109 81
111 81
112 81
113 81
115 80
