108 55
109 54
111 54
112 55
114 55
115 55
116 55
118 55
119 55
121 55
122 55
123 55
125 55
126 55
128 55
129 55
130 56
132 57
133 57
135 58
134 59
135 60
137 62
138 63
140 64
140 65
141 66
141 68
140 68
138 69
137 70
136 71
134 71
133 72
131 73
130 72
129 72
127 72
126 72
124 73
123 73
122 73
120 74
119 74
117 75
116 75
115 75
113 75
112 76
110 76
109 76
108 77
106 77
106 76
104 74
103 74
102 75
100 77
99 78
97 79
96 79
95 80
94 82
93 83
94 85
94 86
94 87
93 89
93 90
92 92
91 93
91 94
91 96
90 97
90 99
89 100
88 101
86 102
85 102
83 103
82 104
81 105
79 106
78 107
76 107
75 108
74 108
72 108
71 108
69 108
68 109
67 110
65 111
64 112
63 114
63 115
62 116
62 118
61 119
59 121
59 122
58 123
57 125
57 126
56 128
56 129
55 130
54 132
54 133
53 135
52 136
52 135
50 133
50 132
49 130
48 129
47 128
46 126
46 125
45 123
45 122
44 121
44 119
43 118
43 116
42 115
42 114
42 112
42 111
41 109
41 108
41 107
41 105
41 104
41 102
41 101
40 100
41 98
41 97
41 95
41 94
41 93
41 91
41 90
42 88
42 87
42 86
43 84
43 83
45 82
46 81
46 80
48 79
48 78
50 77
50 76
51 76
52 74
53 74
55 72
55 71
56 71
58 69
58 68
60 67
61 66
61 65
63 64
64 64
66 63
66 62
67 62
69 61
70 61
72 61
73 61
74 61
76 61
77 61
79 61
80 61
81 61
83 59
84 59
86 58
87 59
88 58
90 59
91 59
93 58
94 58
95 59
97 58
98 58
100 58
101 58
102 57
104 56
105 56
107 55
