119 74
120 73
121 73
123 73
124 73
125 73
126 73
128 74
129 74
130 74
131 75
133 76
134 76
135 77
136 78
138 78
139 79
140 79
140 80
140 81
141 83
140 84
139 85
139 86
138 88
137 89
136 90
135 90
133 91
132 90
131 91
130 91
128 91
127 92
126 92
125 93
124 93
122 95
121 95
120 96
119 96
117 97
116 98
115 99
114 100
112 101
111 101
110 101
109 102
107 103
106 103
105 104
104 104
103 104
101 106
102 107
102 108
102 109
103 111
104 112
104 113
104 114
103 116
103 117
103 118
102 118
100 120
100 121
101 122
102 123
101 124
100 126
100 127
99 127
98 127
96 128
95 128
94 129
94 130
93 132
93 133
92 133
91 133
89 135
88 135
87 135
86 136
85 136
83 137
83 138
82 139
83 140
81 140
80 140
79 141
78 141
76 142
75 142
74 143
73 143
71 144
70 145
69 146
69 147
68 148
67 150
66 149
65 148
64 148
62 146
61 145
60 144
59 143
57 141
56 140
55 139
54 138
53 137
52 135
51 134
50 133
50 132
49 130
48 129
47 128
47 127
46 125
46 124
46 123
47 122
49 121
50 120
50 119
50 118
50 117
51 115
51 114
52 113
52 112
53 110
54 110
55 109
55 108
56 106
57 105
57 104
58 103
59 102
60 101
60 100
61 100
62 99
63 97
63 96
64 95
65 94
66 92
67 91
68 90
69 90
71 89
72 89
73 89
74 89
76 88
77 88
78 88
79 88
80 88
82 88
83 88
84 88
85 88
87 87
88 87
89 87
90 87
92 87
93 86
94 85
95 85
97 84
98 84
99 84
100 83
101 82
103 80
104 79
104 78
105 78
107 78
108 78
109 78
110 78
112 77
113 77
114 77
115 77
117 75
118 75
