77 55
78 54
80 54
81 54
82 55
83 54
85 55
86 55
87 55
89 57
90 58
91 59
92 61
93 62
93 63
93 64
94 66
94 67
93 67
91 68
90 68
89 68
88 67
86 66
85 65
84 66
82 65
81 66
80 67
80 69
79 70
79 71
79 72
79 74
78 75
79 76
80 78
81 78
82 78
84 77
85 77
86 77
87 77
89 77
90 77
91 77
93 77
94 77
95 77
96 78
98 78
99 79
100 80
101 82
101 83
101 84
101 86
101 87
101 88
101 89
101 91
101 92
101 93
101 95
100 96
100 97
99 98
97 100
96 100
95 100
93 100
92 101
91 101
89 103
88 104
88 105
88 106
87 108
86 109
85 110
85 112
84 113
83 114
83 115
82 117
81 118
81 119
81 121
80 122
79 122
77 123
76 123
75 124
74 125
72 125
71 126
70 127
70 129
70 130
71 131
72 133
73 133
72 133
71 134
71 136
71 137
70 138
70 140
69 141
69 142
69 143
70 145
70 146
70 147
70 149
70 150
71 151
70 151
69 151
68 150
67 150
65 148
64 148
63 147
61 145
60 144
59 143
58 142
56 140
55 139
54 138
52 136
52 135
51 134
50 132
49 131
49 130
48 129
50 128
50 127
50 126
50 124
51 123
51 122
51 121
50 119
51 118
51 117
50 115
50 114
51 113
53 111
53 110
53 109
53 108
55 106
55 105
55 104
56 102
56 101
56 100
57 99
56 97
56 96
56 95
57 93
57 92
58 91
59 89
60 89
61 88
61 87
62 85
62 84
61 83
61 81
61 80
62 79
62 77
62 76
63 76
64 75
64 73
64 72
64 71
65 69
65 68
66 67
66 66
67 64
67 63
67 62
69 60
69 59
69 58
71 56
72 55
73 55
74 55
76 55
