96 57
98 57
99 57
101 57
102 58
104 59
105 59
107 59
108 60
110 61
111 62
113 64
113 65
113 67
112 68
110 68
109 69
107 69
106 69
104 68
103 68
101 68
100 67
98 68
97 68
95 70
93 71
92 72
92 74
92 75
92 77
91 78
90 80
90 81
91 83
91 84
93 85
94 85
96 86
97 86
99 86
100 86
102 86
103 85
105 84
106 84
108 84
109 84
111 83
112 83
114 83
116 82
117 82
119 84
120 85
121 87
121 88
122 90
122 91
122 93
122 94
123 96
124 97
124 99
124 100
125 102
125 103
125 105
125 106
124 108
123 109
121 111
121 112
119 112
118 111
116 113
115 115
114 116
112 118
111 118
109 118
108 119
107 121
107 122
107 124
108 125
107 127
107 128
106 130
106 131
106 133
105 134
106 136
105 137
104 139
103 140
102 142
101 143
100 145
99 145
97 147
97 149
96 149
94 149
93 150
91 152
91 153
89 154
88 155
89 157
90 157
92 158
93 159
91 159
90 159
88 158
87 158
85 158
84 157
82 157
81 156
79 156
78 155
76 154
75 154
73 153
71 152
70 151
68 150
67 150
66 148
66 147
65 145
64 145
64 143
64 142
65 140
66 139
66 137
67 136
68 134
67 133
68 131
68 130
67 128
67 127
68 125
68 124
68 122
69 121
69 119
69 117
68 116
67 114
68 113
67 111
68 111
69 109
70 108
70 106
71 105
71 103
71 102
71 100
72 99
72 97
71 96
71 94
72 93
72 91
72 90
73 88
73 87
73 85
73 84
74 82
74 80
74 79
76 77
76 76
76 74
77 73
76 71
76 70
76 68
77 67
77 65
77 64
78 62
79 62
81 61
82 60
84 60
85 60
87 60
88 60
90 59
91 59
93 58
94 57
