116 57
117 56
119 56
120 56
122 57
123 58
125 59
126 60
128 62
129 62
131 64
132 65
133 66
133 67
132 68
131 68
129 69
128 68
126 68
125 68
123 67
122 67
120 67
119 67
117 66
116 66
114 67
113 67
111 69
110 70
110 72
109 73
110 75
110 76
110 77
112 79
113 80
115 82
116 82
118 81
119 81
121 80
122 80
124 81
125 81
127 81
128 81
130 81
131 81
133 82
134 82
136 84
136 85
137 87
137 88
137 90
137 91
137 93
137 94
138 96
138 97
138 99
138 100
137 102
136 103
135 105
134 106
133 107
131 108
130 108
128 109
127 109
125 110
124 111
123 113
122 114
121 116
121 117
120 119
120 120
120 122
120 123
119 125
118 126
117 128
116 129
114 130
113 130
111 131
110 132
108 133
107 134
105 136
104 137
103 138
102 139
101 141
100 141
100 143
100 144
101 146
101 147
101 148
100 150
99 151
99 153
100 154
100 156
101 157
101 159
100 160
98 159
97 159
95 159
94 159
92 159
91 159
89 158
88 158
86 158
85 158
83 157
82 157
80 156
79 156
77 155
76 154
75 153
75 152
75 150
76 149
76 147
76 146
77 144
78 143
78 142
79 140
79 139
80 137
80 136
80 134
80 133
80 131
80 130
81 128
81 127
80 125
81 124
82 122
82 121
83 119
83 118
84 116
85 115
85 113
85 112
85 110
85 109
86 107
86 106
88 104
88 103
89 101
90 100
91 98
91 97
91 95
91 94
91 93
92 91
92 90
94 89
94 88
94 86
95 85
96 83
96 82
97 80
97 79
97 77
97 76
98 74
99 73
98 71
99 70
99 68
99 67
100 65
100 64
100 62
101 61
103 59
104 59
106 58
107 58
109 58
110 58
112 57
113 57
115 57
