101 47
103 46
104 46
106 47
107 47
109 47
110 47
112 48
114 47
115 47
117 48
118 49
120 51
121 52
122 54
123 56
123 57
124 59
125 60
125 62
124 63
123 64
121 65
120 65
118 65
117 64
115 62
115 61
113 59
111 58
110 58
108 57
107 58
105 59
104 60
102 62
101 64
100 65
99 67
99 68
99 70
100 71
101 72
103 73
104 73
106 73
107 73
109 73
110 73
112 73
114 74
115 74
117 74
118 74
119 76
120 76
121 78
122 79
124 80
125 82
125 83
125 85
125 86
124 88
123 89
123 91
122 93
122 94
122 96
122 97
121 99
121 100
119 101
117 102
116 102
114 103
114 104
112 105
111 104
109 105
107 106
107 105
105 104
104 103
102 104
101 105
101 107
102 109
101 110
99 111
99 112
98 114
97 115
96 117
94 118
93 119
91 120
90 121
88 121
87 121
85 123
84 125
83 126
81 127
80 128
78 128
77 128
75 128
73 129
73 130
72 132
72 133
71 135
71 136
70 138
69 140
69 141
69 143
68 144
69 146
70 147
71 149
70 151
69 151
67 150
66 149
64 148
63 147
61 145
59 143
58 142
56 140
55 139
53 137
52 136
51 134
50 132
49 131
48 129
47 128
46 126
47 125
49 123
51 121
51 120
53 119
54 118
55 116
55 115
56 113
57 111
57 110
57 108
58 107
59 105
59 104
60 103
61 103
62 101
63 99
63 98
64 96
65 96
66 94
67 94
68 92
69 91
70 90
70 88
71 87
71 85
71 84
71 82
73 82
74 81
76 80
77 79
77 77
78 76
79 74
80 72
80 71
82 69
82 68
84 67
85 66
86 64
86 62
87 61
87 59
88 58
89 56
90 55
92 54
93 52
93 51
95 49
96 48
98 47
99 47
