107 54
108 53
110 53
111 53
113 53
114 53
116 53
117 54
119 55
120 56
122 58
123 59
124 60
125 62
126 63
126 65
125 66
123 67
122 66
120 65
119 65
117 64
116 64
115 64
113 63
112 63
110 64
109 65
108 67
108 68
108 70
107 71
107 73
107 74
107 75
108 77
109 78
111 78
112 79
114 78
115 78
117 77
118 77
120 77
121 77
122 77
124 77
125 77
127 77
128 78
130 79
131 79
133 81
132 82
132 84
132 85
132 86
132 88
132 89
134 90
134 91
133 93
133 94
133 96
133 97
132 99
131 100
130 101
128 103
127 103
125 105
124 105
122 106
121 107
120 109
119 110
118 111
117 111
116 112
115 114
114 115
114 117
113 118
113 120
112 121
111 123
110 124
108 126
108 127
107 127
105 129
105 130
103 132
102 133
100 135
99 136
99 138
98 139
99 141
98 142
98 144
98 145
97 146
97 148
97 149
97 151
97 152
96 154
96 155
95 157
96 158
94 159
93 159
92 159
90 159
89 158
87 158
86 158
84 157
83 157
81 156
80 156
78 155
77 155
76 154
74 154
73 153
72 152
72 151
72 149
72 148
72 146
73 145
73 143
73 142
74 141
74 139
74 138
74 136
75 135
75 133
76 132
77 130
77 129
77 127
77 126
78 125
78 123
78 122
79 120
80 119
80 117
80 116
81 114
81 113
81 111
81 110
81 109
81 107
82 106
82 104
83 103
83 101
83 100
85 99
85 98
85 96
86 95
86 94
86 92
87 92
88 90
89 89
89 87
90 86
91 84
91 83
91 81
92 80
92 79
93 77
93 76
94 74
94 73
94 71
94 70
94 68
94 67
94 65
95 64
96 63
96 61
97 60
98 58
99 57
100 56
101 55
103 54
104 54
106 54
