84 54
85 53
87 53
88 53
90 53
91 53
93 53
94 54
96 54
97 54
98 56
99 57
99 58
100 60
100 61
101 63
101 64
99 66
98 66
96 65
95 65
93 65
92 64
91 64
89 65
88 65
87 67
86 68
86 70
86 71
86 73
87 74
87 76
88 77
89 77
91 78
92 78
94 77
95 77
97 77
98 76
100 76
101 76
103 76
104 76
105 76
107 76
108 76
110 78
111 79
112 80
113 81
113 83
113 84
112 86
112 87
112 88
112 90
112 91
112 93
112 94
112 96
112 97
111 99
110 99
108 101
107 101
106 102
104 103
103 104
101 104
101 103
99 102
98 103
97 105
96 106
95 108
96 109
96 110
96 112
97 113
97 115
96 116
95 118
95 119
93 120
93 121
91 122
92 123
91 124
91 125
90 125
88 126
87 126
86 128
86 129
87 131
87 132
86 134
86 135
85 137
84 138
84 139
83 141
84 142
85 144
85 145
85 147
85 148
85 150
85 151
86 153
85 154
86 155
88 157
87 158
85 158
84 157
82 157
81 156
79 156
78 155
76 154
75 154
74 154
72 153
71 152
69 151
68 150
66 149
65 148
63 147
62 146
60 144
60 143
60 142
60 140
60 139
61 137
61 136
62 134
61 133
62 131
62 130
61 128
60 127
60 126
60 124
61 123
61 121
62 120
61 118
61 117
62 115
62 114
63 112
64 112
65 111
65 109
64 108
65 106
64 105
65 103
65 102
65 100
66 99
66 97
67 96
67 95
68 93
68 92
68 90
68 89
67 87
68 86
68 84
68 83
69 82
70 81
70 80
70 78
71 77
72 75
72 74
72 72
73 71
73 69
73 68
74 66
75 65
75 64
76 62
77 61
77 59
77 58
78 57
79 56
80 54
81 54
83 54
