98 49
100 48
101 48
103 48
104 48
106 49
108 50
109 50
109 52
110 53
112 55
112 56
113 58
113 60
113 61
111 61
110 61
108 60
106 60
105 60
103 59
102 58
100 59
100 60
98 62
97 64
97 65
97 67
96 68
96 70
96 72
97 73
99 75
100 76
102 77
103 76
105 75
107 73
108 72
109 71
110 70
112 71
114 70
115 70
117 70
118 69
120 70
121 69
123 70
125 72
126 73
128 75
128 76
129 78
130 80
130 81
131 83
131 84
131 86
132 88
132 89
131 91
132 92
131 94
130 95
128 96
126 97
125 97
123 98
122 98
120 99
118 101
118 102
118 104
118 105
117 107
117 108
118 110
119 112
118 113
118 115
117 115
116 117
117 119
116 120
116 122
115 123
116 125
116 126
115 128
114 130
113 131
112 133
111 134
110 136
111 138
111 139
111 141
112 142
112 144
112 146
113 147
114 149
114 150
116 152
116 153
115 155
115 157
115 158
113 158
112 158
110 159
108 159
107 159
105 159
104 159
102 159
101 159
99 159
97 159
96 159
94 159
93 159
91 159
89 158
88 158
87 157
86 156
87 154
87 153
87 151
87 149
87 148
86 146
86 145
86 143
87 141
87 140
87 138
86 137
86 135
86 134
85 132
84 130
84 129
83 127
83 126
83 124
84 122
83 121
83 119
83 118
83 116
82 114
82 113
83 111
83 110
83 108
83 107
83 105
82 103
82 102
81 100
82 99
82 97
83 95
83 94
83 92
83 91
83 89
83 88
83 86
84 84
83 83
83 81
83 80
83 78
83 76
83 75
83 73
83 72
82 70
82 69
83 67
83 65
83 64
82 62
82 61
82 59
83 57
83 56
84 54
85 54
87 53
88 52
90 51
92 50
93 50
95 49
96 49
