84 54
85 53
87 53
88 53
89 53
91 54
92 54
93 55
94 56
95 57
96 58
97 60
97 61
98 62
98 64
97 65
96 65
94 64
93 63
92 63
90 62
89 62
88 62
86 62
85 63
84 64
84 66
84 67
83 68
82 70
82 71
82 72
83 74
84 75
85 75
87 76
88 76
89 77
91 77
92 77
93 78
95 77
96 77
97 76
99 76
100 76
101 76
103 77
104 78
104 79
105 81
105 82
105 83
105 84
104 86
104 87
105 88
105 90
105 91
105 92
104 94
103 95
103 96
101 98
100 99
100 100
99 102
98 102
97 103
95 102
94 103
93 104
93 106
92 107
91 108
89 110
88 111
87 112
87 114
86 115
85 116
83 118
82 119
81 120
79 122
80 123
81 123
81 125
81 126
80 127
79 129
78 130
78 131
77 133
76 134
77 135
76 137
75 138
76 139
77 141
78 141
79 141
77 142
77 143
77 144
78 146
78 147
78 148
78 150
78 151
79 152
79 154
79 155
80 156
78 155
77 155
76 154
74 154
73 153
72 153
70 151
69 151
68 150
66 149
65 148
64 148
62 146
61 145
60 144
58 142
57 141
56 140
55 138
55 137
55 136
55 134
56 133
56 132
57 130
57 129
57 128
58 126
58 125
58 124
57 122
58 121
59 120
59 118
59 117
59 116
59 114
59 113
59 112
60 111
61 109
61 108
61 107
62 105
62 104
62 103
63 101
63 100
64 100
65 98
64 97
64 96
65 94
65 93
65 92
65 90
66 89
67 88
68 86
68 85
69 84
69 82
69 81
69 80
70 78
70 77
71 76
71 74
72 73
72 72
73 70
73 69
73 68
73 66
73 65
74 64
74 62
74 61
75 60
76 58
76 57
77 57
79 55
80 55
81 55
83 54
