75 52
76 51
78 51
79 51
80 51
82 52
83 52
84 52
86 51
87 52
88 52
89 53
89 54
90 55
90 56
92 58
92 59
93 60
94 62
93 63
93 64
91 65
90 65
89 65
87 64
86 63
85 63
83 62
82 62
81 62
79 63
78 64
78 65
77 67
76 68
76 69
76 71
76 72
76 73
77 74
78 76
79 76
80 76
82 76
83 75
84 75
86 75
87 75
88 75
90 76
91 76
92 75
94 75
95 74
96 74
98 75
98 76
99 77
101 79
101 80
101 81
101 83
101 84
101 85
101 86
101 88
101 89
101 90
101 92
101 93
100 94
100 96
100 97
100 98
98 100
98 101
97 102
95 102
94 102
93 102
91 102
90 102
89 102
87 103
86 104
85 105
85 107
84 108
85 109
84 110
84 112
84 113
84 114
83 116
82 117
81 118
81 120
80 121
79 122
78 124
77 125
76 126
74 128
73 128
72 129
70 130
70 131
71 132
71 134
71 135
71 136
70 138
70 139
69 140
69 141
69 143
68 144
68 145
68 147
68 148
67 149
65 148
64 148
63 147
61 145
60 144
59 143
57 141
56 140
55 139
53 137
52 136
52 135
50 133
50 132
49 131
48 129
47 128
47 127
47 126
47 124
47 123
47 122
47 120
47 119
47 118
48 116
48 115
48 114
48 112
49 111
50 110
50 108
51 107
51 106
51 104
52 103
52 102
53 100
53 99
53 98
53 96
54 95
54 94
55 93
55 91
55 90
56 89
57 88
58 87
58 86
57 84
58 83
58 82
58 80
59 79
59 78
59 76
59 75
59 74
60 72
60 71
60 70
62 69
62 68
63 67
64 65
64 64
64 63
65 63
66 61
66 60
66 59
66 57
67 56
68 55
70 53
71 53
72 53
74 52
