95 52
96 51
98 51
99 51
101 51
102 51
104 52
105 52
107 53
108 53
109 55
110 56
111 58
111 59
109 61
108 61
106 61
105 61
103 61
102 61
100 62
99 62
97 64
97 65
97 67
96 67
95 69
95 70
96 72
96 73
98 75
99 75
101 75
102 75
103 75
105 74
106 73
108 73
109 72
111 72
112 72
114 71
115 70
117 69
118 69
118 71
118 72
118 74
119 75
121 77
122 78
122 80
122 81
122 83
123 84
123 86
124 87
123 89
123 90
122 92
122 93
121 95
120 96
119 98
118 99
116 100
115 100
114 99
112 100
112 101
111 103
111 104
111 106
110 107
108 108
108 109
108 111
108 112
106 114
106 115
105 117
104 118
104 120
104 121
102 122
102 123
100 125
99 126
98 128
98 129
96 131
96 132
96 134
96 135
95 137
95 138
95 140
94 141
94 143
94 144
94 146
94 147
94 148
94 150
94 151
94 153
94 154
95 156
96 157
97 159
98 159
96 159
95 159
93 159
92 159
90 159
89 158
87 158
86 158
84 157
83 157
81 156
80 156
78 155
77 155
75 154
74 154
72 153
71 152
70 150
71 149
71 147
72 146
72 144
72 143
73 142
72 140
72 139
73 137
73 136
73 134
73 133
72 131
72 130
73 128
73 127
73 125
73 124
73 122
73 121
73 119
73 118
73 116
74 115
74 113
74 112
74 110
74 109
75 107
76 106
76 104
76 103
76 101
76 100
76 98
77 97
77 95
77 94
78 93
78 91
78 90
78 88
78 87
79 85
79 84
79 82
79 81
80 79
80 78
81 76
82 75
82 73
82 72
82 70
83 69
84 67
84 66
84 64
84 63
85 61
85 60
85 58
85 57
86 55
86 54
88 53
89 53
91 53
92 52
94 52
