94 67
95 66
97 67
98 68
99 69
101 70
102 71
102 72
104 74
104 75
103 76
101 77
100 77
99 77
97 75
96 74
95 74
93 74
92 74
91 75
89 76
88 77
88 78
86 79
85 79
84 80
84 82
84 83
83 84
84 86
84 87
85 88
86 90
87 91
88 91
90 90
91 90
92 91
94 90
95 90
96 90
98 90
99 90
100 90
102 90
103 90
104 90
106 89
107 89
108 89
109 91
110 91
111 92
111 93
112 95
112 96
112 97
112 99
113 100
112 101
112 103
113 104
113 105
113 107
113 108
113 109
112 111
111 112
111 113
110 115
110 116
109 117
108 119
107 120
107 121
105 122
104 122
103 121
101 120
100 120
99 121
99 123
98 124
98 125
100 127
101 127
100 128
99 130
98 131
98 132
97 134
96 135
95 136
94 138
94 139
93 139
92 141
91 142
91 143
89 144
88 145
88 146
87 148
88 149
88 150
89 152
88 152
87 153
86 155
85 156
84 157
84 157
83 157
82 157
80 156
79 156
78 155
76 154
75 154
74 154
72 153
71 152
70 151
68 150
67 150
66 149
64 148
63 147
62 146
60 144
60 143
60 142
60 140
60 139
60 138
60 136
60 135
61 134
62 132
62 131
62 130
63 128
63 127
64 126
64 124
64 123
64 122
66 121
66 120
65 119
65 117
66 116
66 115
66 114
67 112
67 111
67 110
67 108
66 107
65 106
66 104
67 103
67 102
67 100
68 99
69 98
69 96
69 95
70 94
71 92
72 91
72 90
72 88
71 87
71 86
71 84
72 83
72 82
72 80
73 79
73 78
74 76
74 75
75 74
75 72
75 71
76 70
77 68
78 68
79 68
81 68
82 68
83 68
85 68
86 68
87 68
89 68
90 67
91 67
93 67
