83 64
84 63
86 63
87 63
88 63
90 63
90 64
91 65
92 66
94 67
95 68
96 68
97 70
97 71
98 72
97 74
96 75
95 74
93 74
92 74
91 74
89 73
88 72
87 73
86 72
84 74
83 74
82 75
82 77
81 77
80 78
80 80
80 81
79 82
79 84
80 85
80 86
80 87
81 89
82 90
83 90
85 90
86 90
87 90
89 89
90 89
91 89
93 89
94 89
95 89
97 89
98 89
99 88
100 88
102 88
103 87
104 86
106 88
107 89
107 90
108 92
108 93
107 94
107 96
107 97
107 98
108 99
109 101
110 102
111 103
111 105
111 106
111 107
110 109
110 110
109 111
108 113
107 114
107 115
106 116
105 118
104 119
103 120
102 121
101 121
100 120
98 120
97 121
97 122
97 124
97 125
97 126
97 128
96 129
96 130
96 131
95 133
95 134
94 135
94 137
93 138
92 139
91 141
91 142
90 142
89 144
88 145
87 146
86 147
85 149
85 150
85 151
84 153
84 154
84 155
83 157
82 157
81 156
79 156
78 155
77 155
75 154
74 154
73 153
72 153
70 151
69 151
68 150
66 149
65 148
64 148
62 146
61 145
60 144
60 142
60 141
60 140
60 139
60 137
61 136
61 135
62 133
62 132
63 131
62 129
62 128
62 127
61 125
61 124
62 123
62 121
62 120
62 119
62 118
63 116
63 115
63 114
63 112
63 111
64 110
64 108
65 107
65 106
65 104
65 103
65 102
65 101
65 99
65 98
65 97
65 95
65 94
65 93
66 91
66 90
67 89
68 87
68 86
68 85
67 84
67 82
67 81
67 80
67 78
67 77
68 76
68 74
68 73
69 72
70 70
70 69
71 68
73 67
74 66
75 66
76 66
78 66
79 65
80 65
82 64
