103 53
104 52
106 52
107 53
109 54
110 55
112 56
113 56
115 56
116 56
118 57
119 57
120 57
122 58
123 59
125 60
126 61
127 63
127 64
129 65
130 65
129 67
130 68
131 69
131 71
131 72
131 74
130 74
128 75
127 74
125 73
124 72
122 71
121 71
120 70
119 68
118 67
116 65
115 65
113 66
112 66
110 66
109 66
107 68
106 69
105 70
103 72
102 73
101 75
101 76
103 78
104 78
106 78
107 79
109 79
110 79
111 79
113 79
114 80
116 79
117 79
118 81
119 82
121 83
122 83
123 85
123 86
123 87
122 89
122 90
121 92
121 93
120 95
119 96
118 98
119 99
119 101
118 102
118 103
116 105
115 106
114 107
113 108
111 109
110 109
108 109
107 109
105 109
104 108
103 108
101 110
101 111
99 113
98 114
97 116
97 117
95 119
94 120
92 122
91 122
89 123
88 123
87 124
85 125
84 125
82 126
81 126
79 126
78 126
76 128
75 128
73 129
72 130
71 130
69 130
68 130
66 130
65 130
63 130
62 130
60 131
59 132
57 133
56 133
55 134
53 136
53 137
52 135
51 134
50 132
49 131
48 129
47 128
46 126
46 125
46 124
45 122
44 121
44 119
43 118
43 116
42 115
42 113
42 112
41 110
42 109
43 109
45 109
46 108
48 107
49 106
51 104
51 103
52 101
52 100
53 98
54 98
55 98
56 96
57 96
58 94
59 93
60 92
61 92
63 91
64 90
66 89
66 88
67 87
69 86
69 85
71 83
71 82
73 80
74 80
76 79
77 78
79 77
80 76
80 75
82 75
83 74
85 72
86 71
88 70
89 70
91 68
92 67
92 65
93 64
93 63
93 61
94 60
94 58
95 58
97 57
98 57
99 55
100 55
102 53
