19779 22983
-1719.91 -7377.92
-131.373 104.294
93.4631 -373.096
244.571 76.3999
102.199 -4.79363
75.0835 -116.985
63.7223 -68.7553
-68.1077 -55.3523
26.3612 20.7414
-13.4131 11.1462
-19.5001 -6.30495
-23.8172 2.57841
-48.2211 34.1459
-22.0446 12.633
-30.3845 -16.1556
-17.5489 -12.3288
-25.5784 7.52118
1.35017 4.97795
14.2663 -26.8477
-2.81761 -14.6948
-7.83672 -5.52997
-3.67123 10.6835
-2.10604 -4.11452
-13.5885 -2.12415
-6.12132 7.36396
3.99795 9.45305
7.67482 10.5066
-0.551838 -6.50043
5.25166 0.946898
6.10364 9.8159
7.1088 1.02238
3.6165 2.6817
-6.49086 -6.85736
-2.11399 6.99778
-5.12694 -2.44266
-1.89299 -0.700607
-2.40916 -0.727054
3.91285 0.0523442
-0.63796 -12.3294
2.12334 0.396802
1.5593 -4.20537
-1.35852 0.146287
0.952363 -1.51104
-2.22519 -5.66422
2.66518 -1.92188
2.87492 -0.270836
2.58734 -0.147707
5.13426 0.967268
-8.50764 -1.60004
2 -8
-0.821562 0.387351
-4.04406 4.75667
-1.34066 -4.46595
-7.80248 0.161465
7.90201 30.1916
-6.05655 0.254508
1.56089 1.32396
-1.61779 -2.21592
4.14926 2.93964
-3.12334 5.18269
-3.89928 7.19441
-1.31242 5.57453
-1.7757 1.9883
2.98505 -0.783907
3.34508 -1.89918
-0.980774 0.839808
3.38091 -0.0949962
2.12499 0.303825
2.87894 -6.43811
-1.46432 0.239825
2.58985 10.0083
2.55091 2.64317
-5.26653 6.61428
2.07405 -2.875
-3.05025 -1.12132
2.35466 2.14886
-0.412538 2.56365
-0.797546 4.01856
-1.83543 1.26338
1.81761 -2.26007
4.07221 -3.40943
1.59934 -0.898444
4.97095 2.58622
2.92733 -2.45418
3.8535 1.20489
-0.300125 2.8021
0.0554893 1.44588
-2.2784 -2.49616
3.06129 4.40139
-6.53118 -0.437994
-1.73879 4.46826
-2.9394 -1.668
-3.28135 19.5162
-3.8827 6.90255
-1.13449 3.899
-1.48463 -5.30493
-0.671311 -5.05481
-1.08921 1.91827
-1.06833 2.25978
5 3
0.939094 -9.62423
1.23792 2.66115
3.36726 3.64368
0.595368 6.91377
1.10514 4.46488
-1.31918 -4.52755
-1.24147 6.52
2.53154 1.69202
-0.593827 -12.8927
-0.581914 -0.154955
0.106749 -1.89802
3.33827 0.276599
-3.90227 8.50782
4.84071 -3.83116
-3.81388 -6.06679
2.32108 -0.410428
-0.499156 0.714223
1.51161 4.68683
3.01287 1.7112
-2.43564 -0.35796
-1.27277 2.656
-4.49465 1.58487
2.71082 1.05557
-1.28444 -6.7343
-1.87868 -5.36396
-4.44324 6.15134
-5.99866 -3.01883
0.396248 -2.51967
8.51001 -1.11601
-0.215565 1.63782
0.10152 -4.49376
-0.69488 -2.27115
-1.08984 -1.67355
1.30087 4.15617
-3.07789 3.94369
1.07314 -1.19531
-5.60881 5.17122
-1.53131 2.13107
-2.35813 2.17771
-0.494689 -2.14825
5.15348 -11.2485
2.32427 9.13151
-6.55835 4.09907
4.73566 4.73751
1.04343 2.83422
2.00103 -3.48597
-12.204 -27.0646
1.03602 -4.73584
5.68478 -2.49762
6 2
-0.368919 -1.29279
0.493693 -1.82848
8.43622 -1.92247
-1.23984 0.278144
1.3549 2.09546
-0.853718 7.783
-0.274599 -5.66208
-3.60134 -9.46917
-4.69153 -1.29053
-0.505311 -0.778768
3.21061 -1.431
0.216142 -2.60666
1.91307 9.48478
2.70447 9.09665
7.65807 -2.40968
-0.29605 -7.31527
-5.49111 -7.6577
3.92487 4.78232
8.31595 0.821168
-1.84016 -4.34603
-7.0194 0.690602
-5.35871 18.1495
-0.0517457 2.42773
-0.530742 0.412248
-12.9497 3.12132
-3.3618 2.51728
10.9533 3.39362
4.58561 -21.5204
-0.947391 -12.9375
1.43564 -11.3396
5.88509 -1.46375
-10.1893 6.32911
-26.035 -4.59287
17.6511 25.8551
16.1302 30.5204
-0.833315 1.09047
3.48108 1.21603
14.0084 23.318
69.4187 28.3859
49.9426 28.0992
88.018 -3.58382
35.9313 2.30455
19.4635 14.8066
72.2866 -16.7511
-99.7192 32.5353
69.0833 -245.088
-73.5935 13.8905
-564.374 42.6842
-555.235 -1208.44
