18113 23075
812.391 -6848.55
-344.822 110.308
252.607 -238.765
163.18 152.959
73.5439 -57.5235
88.0103 -52.3292
-5.81375 7.86466
-0.0560852 -42.676
23.8792 23.914
-40.5774 -35.8092
-5.04115 3.77682
-19.392 -3.5874
-2.0677 -14.8085
7.58283 -26.686
-30.2837 -42.5889
7.09187 -0.988649
-14.1448 -5.17076
3.72853 -15.4517
14.5977 -5.25055
-3.48417 6.7028
5.09738 -15.0521
-20.2477 -3.11651
-2.54554 7.46654
-1.0568 -0.0154078
-6.12132 -0.292893
-17.4824 29.5498
-4.64747 3.10239
-1.82724 4.41488
-2.58468 -4.21591
-2.61385 2.78034
-5.09953 4.48563
-1.61755 -1.97258
-2.29012 4.26203
-10.5087 4.64848
-4.34708 3.37012
-9.74692 6.70789
8.16415 2.40134
-4.1288 0.684217
-0.959103 0.0603137
-0.277836 9.67754
-7.81436 4.65596
-3.22685 -6.50978
0.996174 1.40087
-7.00811 2.47828
0.990164 4.09679
-3.43282 -0.0834153
1.67996 0.384436
7.76163 9.7058
-1.41525 8.61287
2 2
12.0521 -13.219
4.54841 -4.90935
4.73539 -2.90628
1.77707 0.946929
1.97402 5.84643
-5.95461 1.58349
1.43436 -3.18168
2.28697 3.93269
-4.40518 -1.58464
2.17589 2.24872
-2.63168 1.8206
3.0236 -9.40522
1.20439 -3.20478
3.75157 -2.32683
0.922389 -1.7738
0.848967 6.06126
1.67988 -0.007714
5.17131 1.60112
4.34961 -1.41432
-7.03862 -5.34265
1.44244 -1.33267
5.18237 -0.347323
-4.49354 -1.15294
-2.19498 -3.03467
1.29289 4.05025
-15.0651 2.20628
1.32573 3.53237
-0.643012 0.974438
-4.406 -0.984308
-5.47542 4.17203
-6.2119 3.77866
6.18086 -0.614921
-4.19282 -0.585483
2.8741 -3.30624
0.413286 5.05813
-2.60966 -3.49168
1.3805 7.06109
-4.38426 -4.44387
-0.0296539 2.72397
-5.54726 3.30263
-0.427694 -2.5246
-1.16691 -2.9501
-5.88303 3.00632
0.429427 -1.86978
3.88529 -0.114702
-0.618501 2.69501
1.06836 -0.175491
1.06559 8.91847
0.304138 -0.266756
3 3
13.5592 5.77488
-0.734939 -4.87841
1.34268 1.37637
-2.56368 -0.697032
3.47555 -1.88752
0.54837 4.51901
-6.68193 -4.65149
3.00427 3.91647
-2.67449 3.58182
2.99327 -8.42362
-0.735425 2.59357
4.39965 -4.26876
4.53155 2.0878
-0.471818 -1.6815
4.98991 4.29067
-2.49562 3.81818
0.545485 7.15307
1.42384 2.09177
0.904595 0.264175
-3.85082 -6.4081
2.79527 3.28147
4.32906 -5.00807
2.40314 -2.29317
-0.680875 1.49658
-1.87868 -1.70711
-14.9697 -1.18068
-4.22387 5.21492
7.77702 0.499239
3.43359 4.21194
-7.88473 3.01056
0.405134 1.59667
-1.97388 -2.89889
-5.18766 -0.89318
-1.71925 -4.38745
0.00155381 -0.376872
7.12811 2.00473
5.07082 -1.60555
0.600162 5.44595
0.63245 -6.73248
-6.50213 -4.01265
-0.094742 0.449331
0.00400147 -1.25982
6.55704 5.34282
-0.786498 0.628641
0.711771 -3.40718
3.20927 -1.3368
-3.57316 2.35106
0.229294 5.01227
-3.67258 -0.814716
-2 8.88178e-16
16.1976 7.35953
4.3001 -7.06358
2.90469 7.50924
-6.0169 2.31207
-0.940584 2.93225
-2.47918 -1.7777
4.02727 -1.1214
7.28412 6.32964
-6.81298 -9.39333
6.60407 -7.44147
-7.9276 0.853537
-1.05362 4.30832
3.22657 6.91838
-1.99784 -1.30283
-0.642242 6.79137
1.77411 3.05194
0.901027 2.05519
8.11024 12.253
-7.44149 -1.90987
2.00935 2.49602
-2.31342 5.0022
-0.963295 -0.830578
2.57038 3.12781
-6.60428 10.1277
2.70711 13.9497
-8.25523 -22.8375
1.88408 -2.22099
0.394521 0.572477
1.06548 1.96743
14.8104 -12.9389
5.30221 -9.42886
1.7124 20.0998
-13.7115 -3.19105
-2.72811 6.13393
-11.4148 20.6457
8.46952 6.50248
29.9523 -13.5446
2.47642 -23.5881
47.4456 3.62698
18.6592 25.9859
99.9857 7.1195
87.5188 2.13372
18.711 -13.6081
129.115 -53.4418
-79.2794 18.641
98.3134 -209.46
-108.661 -92.1331
-442.931 24.3818
74.0721 -1237.23
