16698 21920
-431.818 -6617.1
96.11 369.877
-164.544 -325.823
153.486 -307.666
-66.1409 13.242
-80.6086 18.2033
-6.89785 21.675
44.1217 25.7486
21.1703 41.4619
3.61746 -31.4192
-4.60197 4.71131
-0.134035 19.6641
-3.72794 -18.1175
-17.6941 -10.0137
14.9762 -4.45835
-11.2505 -6.193
-15.1423 -6.24876
-0.753145 7.09574
-6.44688 -4.61052
0.24617 -5.22977
-2.1408 -6.16444
-14.0202 24.4246
-5.4734 1.85507
8.02996 -2.73953
1.82843 8.65685
6.15399 -2.42201
-1.51583 -0.0599401
-4.34132 -2.79796
-4.4191 -11.6962
6.01812 -16.4838
6.36468 -3.61322
0.75585 6.57963
-0.935674 3.46898
4.7533 0.698234
7.44758 -0.918767
0.588461 7.13464
-5.32008 -3.65806
-3.13254 6.08246
6.67272 2.22285
-2.68712 1.47953
3.68319 3.26396
6.75869 7.72783
1.8723 4.2897
-2.51922 -1.89729
-2.77687 -4.35861
6.86242 1.54847
-3.42226 -0.974892
-3.75409 -1.47845
-1.36342 0.969877
-4 1.33227e-15
-2.13337 7.132
2.61133 3.22985
1.9932 -0.608104
-4.27269 -1.31863
-0.631011 -0.795805
-3.30431 -1.9198
1.30001 -2.17074
0.779613 4.91376
-5.78586 2.85561
-1.51155 5.57034
-1.22257 1.08036
-0.413406 -0.726048
-6.27776 -3.0158
-3.39855 3.2826
0.241403 0.973213
-1.84275 1.86024
1.83466 4.10448
4.51992 1.58645
1.0595 -2.48906
3.21795 0.741186
0.692739 2.76575
-0.858839 2.88863
2.33834 -1.20046
-0.586573 -0.679773
-3.48528 4.65685
-3.68922 -2.78237
1.47178 -2.89116
-3.89573 -6.05998
3.48878 1.26317
2.14828 7.02453
-1.98932 -0.489877
-3.0658 -4.95761
-5.11721 -0.0344971
5.1541 2.49243
-3.04171 -5.94531
2.43166 1.76857
-3.77382 0.215264
6.01892 0.52749
-5.33262 -1.09605
0.0907462 -0.0873567
2.87467 1.60439
-0.712575 0.858494
-4.23695 3.81977
1.78729 5.70065
2.78372 0.513546
-2.17288 -5.10935
0.498933 3.53516
2.67724 2.34394
0.977165 -4.63998
-2 0
-0.0883739 1.42724
-1.27117 -3.0904
-0.437849 1.20623
-1.62676 4.23701
0.924558 3.88326
-0.175624 -0.807705
-0.879314 -0.162507
-1.10825 2.98142
6.81477 2.53235
-2.01005 -2.46612
1.64904 3.36857
-2.11259 3.94643
5.97638 -8.27615
-7.43295 -2.60355
6.2111 1.68786
-6.4004 0.873089
-2.36176 -2.92744
-3.6562 4.68345
4.21158 1.37067
3.32385 -5.1147
6.4118 -0.399216
7.21386 2.20573
0.948084 3.58002
0.956277 -6.92867
-3.82843 -2.65685
-3.30941 0.604217
-1.13544 2.36969
-5.80774 -4.18562
1.34706 -1.88517
-2.00093 7.67806
-1.95736 8.77524
2.3338 -2.10376
4.80417 -2.24609
-0.690217 4.48554
2.67007 1.39747
-2.20504 1.25733
0.290134 1.87638
1.51428 -1.8338
5.59203 1.68225
-1.96058 3.04769
0.455299 -5.58549
1.1148 0.34725
8.72307 1.25087
1.16996 4.54768
-1.78386 8.8301
1.33056 -0.578695
-1.53603 -0.0387035
3.64335 -3.3731
3.80239 0.8272
-4 4
0.550023 3.49355
1.6613 -9.12174
7.83112 0.395433
1.04324 4.04065
1.54252 -0.176388
-11.185 -2.72746
-0.401337 -0.254933
4.02417 -0.471215
-5.99286 7.84125
-0.785011 11.6106
2.63727 3.36899
-8.64319 1.8078
-3.99131 6.54072
6.48625 8.06051
-1.63849 -0.281225
1.39294 -7.17919
3.9546 -15.6538
-6.64909 -8.32129
2.65955 1.17269
-7.70727 -1.17148
-10.9319 7.16981
-10.3718 -3.82164
-0.843906 14.0162
5.55966 -2.27445
13.4853 -6.65685
4.22622 -0.936621
5.77182 -9.09309
-10.7882 -9.67154
2.36998 8.58261
5.22597 11.6117
4.46994 5.64468
18.8201 4.82019
12.0653 -5.28282
4.63024 -4.06565
6.21588 -22.3434
-18.366 -19.3145
-30.4948 25.7627
6.19896 -0.0435495
-14.4647 20.5013
6.77398 29.2088
73.3807 -0.99213
72.5263 -68.9443
0.107357 0.403978
-116.681 -159.701
-35.0002 -15.2496
-95.5169 297.261
128.915 -5.16411
-19.0288 -331.535
975.125 -552.787
