19640 23041
-1362.39 -7010.47
-272.296 398.912
-296.302 -386.969
175.908 -246.004
-3.07132 -74.1622
-150.137 -39.6586
-27.4313 3.92506
36.9146 58.5929
-56.1616 -20.8427
22.1152 35.0939
32.1343 -10.9057
16.7107 -41.0282
6.15378 -36.4884
6.64247 8.8139
-19.5414 -49.4089
-31.5776 -11.2357
3.90245 3.81266
8.5198 -13.6452
-2.14203 -5.66607
-8.90055 17.1194
-3.4584 11.9376
-12.0757 1.31297
3.12992 -0.998194
11.2958 -12.3272
-5.36396 -2.77817
-15.3922 -7.48868
-1.46804 -10.9182
-0.682723 2.14088
-10.6214 -0.0592823
3.85645 3.09884
1.43967 -5.55952
-3.03891 5.57266
5.19708 1.96968
1.7409 3.86508
-0.991351 4.9096
11.0814 -6.65037
-0.0143481 -1.09558
6.15151 4.8921
1.43854 27.227
-1.60886 -6.63667
11.8355 13.1344
-3.94132 4.95836
-16.1639 2.40288
2.21416 1.73119
4.91598 -6.38663
-5.99394 5.78562
0.799249 5.74508
0.218219 -6.57671
-6.04881 4.6884
-7 -2
4.1428 4.02955
-0.451095 -0.927162
-2.49257 0.190434
1.52726 -1.2269
-0.912979 -0.672388
-0.636686 -1.7446
-8.8953 -0.278873
2.71673 -3.22832
-2.51691 -8.29926
6.21036 -5.31115
2.22758 3.01255
-3.67268 -1.25228
-3.43653 -1.85055
6.76 -0.172861
3.02213 2.1419
-4.29445 3.29848
-3.24271 0.282264
1.95485 -3.64684
-1.27795 6.34438
-3.47449 -2.64799
-3.64524 -1.05674
0.190696 -1.01155
-0.270204 1.19717
3.35913 2.26435
0.87868 2.53553
1.81046 2.9529
-1.58612 -16.0755
-3.09403 4.48235
-1.11589 -1.06817
8.51098 2.03228
0.0965075 2.04517
-8.07717 -2.97706
-4.87819 5.44018
6.58195 5.13819
-1.39945 -6.00346
3.42291 -2.25932
-1.59489 -5.03551
1.73704 -2.04305
4.61219 -4.70793
-0.261113 -4.29549
-3.50604 1.51298
-2.56529 3.41293
0.202203 -0.963669
1.62616 4.35653
-1.87186 -1.71507
4.0026 4.29823
4.25962 9.09053
-4.82544 -4.6455
-0.480433 -7.44487
2 1
-3.41104 0.15282
-3.58915 3.68381
1.81973 1.87162
7.38273 -0.954666
2.32759 -5.2582
-6.27778 0.545243
2.28997 -5.65186
0.356667 6.21153
-6.81743 0.679173
-0.368582 1.65133
2.90852 7.00343
-3.48041 -6.94984
3.23941 -3.42295
-1.66533 -1.81257
-5.29178 12.1949
-0.829329 -3.3698
-0.626409 0.816598
-4.92584 1.98929
0.507241 -2.49916
5.43329 2.20379
2.36518 -4.74341
-4.83798 3.02778
3.66159 4.76015
6.84593 3.4837
7.36396 12.7782
-1.52163 4.03069
1.78516 3.64235
-3.89331 2.88154
0.399999 2.68342
-1.97037 -1.1852
4.87847 2.33941
-5.13512 -2.50495
-1.18361 3.73927
-0.845005 -11.5452
0.991679 -10.2367
9.95392 4.66908
-1.47338 4.65806
0.0386154 -7.62172
2.42528 -4.31851
2.78964 3.36687
4.45506 3.54631
-6.26676 1.8606
-1.20262 6.70241
-1.92711 -0.0428339
4.29989 -0.622493
-0.848911 1.18694
-0.135108 -1.50142
1.09827 0.484493
1.27863 0.704468
-3 3.55271e-15
-3.70384 6.13844
-2.09153 0.123262
6.34336 -9.26113
-3.86736 -6.93092
-2.8592 0.46065
3.41436 -0.438514
-11.3964 -6.11295
2.78476 -8.48709
7.17246 0.772316
-2.33541 6.4006
2.9035 -0.255011
-0.884545 -13.8103
-1.75129 -27.8246
2.38841 5.00081
-2.80917 -5.72331
-1.60729 -0.158387
6.88942 -0.740201
-9.61211 -2.41599
-1.06185 4.55774
17.1163 7.38682
1.92708 -4.57604
-1.28469 4.75018
14.6705 12.1665
7.05786 -4.53153
5.12132 -4.53553
22.9259 9.29053
1.64569 0.995639
-13.9452 -6.80612
0.0226551 4.5551
17.9005 -1.17516
6.85522 -16.3747
0.777651 19.9087
-7.24836 -12.9762
-35.0893 12.0397
0.714357 26.0144
20.9601 -13.9951
24.5609 -29.617
-11.6985 -2.71255
10.1322 -54.3015
2.98662 -57.1022
-63.1476 -23.8835
-35.0345 -21.9928
27.3898 -8.46299
-101.181 104.903
34.4769 26.4678
247.281 181.975
49.0172 -38.2085
-261.262 -511.997
931.18 -1008.99
