18797 23223
-1833.9 -6727.17
-264.245 -123.92
-211.061 -348.839
272.194 50.8487
9.07127 -83.2725
13.9391 -92.999
58.2044 -81.904
-48.4025 -47.6188
53.2872 -74.925
9.71712 -8.15115
-0.852995 -11.6529
-13.9182 2.18084
-5.90102 5.04631
-8.64428 1.91165
-4.04402 13.6617
-4.82004 -15.9202
6.3601 -14.538
-20.2629 -1.54095
-2.09442 3.25982
-1.98281 15.9999
0.653514 5.22958
-1.33579 -22.5247
-2.29192 -10.2188
-1.0571 -14.2395
-9.24264 5.24264
-7.15335 7.24127
0.865641 -0.526261
-3.71 2.33679
0.113638 2.00692
-4.31325 -0.349134
-7.00296 5.42877
-3.1284 -6.33368
2.25681 9.29949
-2.83946 35.4357
-6.38471 4.9907
-2.35265 5.76726
-4.9661 3.58939
-3.77166 3.02011
-7.61575 2.93693
5.74559 2.34458
3.86234 3.75657
-3.77941 3.25797
3.70646 -2.46084
1.76619 1.4608
1.41032 -1.4022
-5.06009 5.62742
0.502336 -2.77267
2.42163 -2.90797
4.86251 -4.62737
-1 1
7.27579 -7.1541
-4.54578 -3.05177
-1.41048 -2.62473
-1.289 4.2972
5.7313 5.5184
7.17739 3.29414
-0.956095 1.98372
-0.051527 -0.886452
1.90309 -0.139181
0.864724 -5.48526
4.44396 -3.7907
-2.83406 -1.35503
-3.93685 -6.99247
2.89454 -3.81055
-1.25938 2.53482
0.665346 -6.24221
-4.38179 -17.518
3.52995 -5.08916
-4.57571 2.91335
6.8624 -1.90822
5.02708 1.68646
-0.957987 9.17057
2.3481 5.0139
-0.667251 4.72838
-2.41421 5.24264
-3.55909 -3.24514
-0.456033 1.07318
-0.0284407 -2.91757
1.81574 3.08301
-5.54982 2.45965
-0.686946 1.67894
-2.45177 0.365289
5.76522 0.536025
-3.09563 3.20217
-0.364514 -0.892657
-0.45226 2.21999
0.835633 4.97289
1.00007 -4.74421
-0.593502 0.711115
-0.863016 8.24132
3.73685 -1.43486
-4.71242 0.465269
4.47131 3.2957
-5.4454 0.322875
-1.09464 -1.2606
-0.224813 6.70389
1.56788 3.27521
5.86237 1.07925
0.819104 4.64367
1 15
-1.36349 -0.146636
1.09905 -2.02327
1.88216 2.16635
-1.18309 -0.457593
-1.70764 3.72116
-2.18478 2.48376
1.69125 -4.36496
-0.631837 1.71593
-3.40468 4.24841
2.11406 -8.74626
-1.93968 2.6927
3.3866 4.56508
0.18782 -3.97354
-2.3073 -1.61488
-0.289316 -1.01825
-0.781902 3.2371
4.02728 -1.07327
3.22788 1.96461
-2.52493 -2.32695
0.605548 -3.69572
0.250509 2.6737
1.32238 -1.426
4.08038 2.54482
-4.6911 -0.920611
-0.757359 -3.24264
-7.49742 -4.79302
1.06651 -1.63306
0.144027 -4.58967
5.84575 5.5638
9.63246 -1.79386
-4.26966 -2.18565
0.0943986 -2.4158
-5.16418 -7.8363
-7.94933 5.80802
4.45256 12.143
2.32463 3.76967
1.22809 9.05967
-6.58246 -3.03312
-0.491166 -0.646014
-4.39259 1.01313
-5.39834 2.21019
-9.45726 0.349951
-6.61301 0.348243
1.06683 1.04714
7.4064 -0.823543
-0.961198 4.23684
4.12905 -2.12028
2.91348 2.43499
9.14635 -2.2524
-1 -3
-0.687053 -1.67775
3.49142 3.42785
0.852339 2.63741
-2.60527 -2.60037
-0.337622 -1.50796
5.06205 -1.68639
2.35183 4.2572
-2.2289 0.911091
0.275113 0.650503
7.19868 0.891491
-6.64863 5.83757
-1.68323 10.3251
-2.36836 5.42941
7.34033 7.55961
1.24689 -2.15194
3.79339 14.2739
-0.701664 -7.56814
-5.16763 -29.4259
-4.40335 1.20001
-7.48656 -9.29631
2.82301 2.83495
-6.92014 -7.2937
8.80615 3.69075
1.03175 -2.74293
0.414214 -3.24264
11.0973 -0.450166
6.76171 0.913359
-5.8333 7.96768
-5.01963 1.55072
-10.4893 -11.5278
15.1995 9.93558
3.38497 9.30953
20.3363 14.1515
12.4457 -3.3057
-5.80334 -9.71314
11.8743 -8.63997
9.74845 23.4253
21.6545 -23.4719
39.2302 -19.1603
56.3368 -35.9964
33.6314 -5.26445
-12.5086 -23.1744
-37.7229 -45.4168
43.884 -42.217
-176.034 -44.5269
124.364 -199.035
-210.56 -53.5707
-430.482 204.339
-76.2679 -1502.94
