15754 21118
-342.074 -6527.38
30.7555 -110.78
-118.371 82.7462
-249.527 -67.5787
11.1014 66.5546
50.6899 -21.897
55.9728 -83.0325
16.313 -17.3239
-30.7087 -16.7904
-16.76 -22.1888
24.9676 0.260759
-12.4374 21.6254
12.3149 3.31366
-29.1939 3.72786
-24.1567 10.0807
6.55028 7.99827
29.809 13.0376
12.29 -16.4246
-3.52143 -2.3962
-5.49614 8.8579
-2.6459 -18.7261
5.28625 -0.884823
-1.88372 -15.9116
0.0458446 -3.96459
-6.70711 6.53553
-2.87241 -1.41642
-1.89091 8.8654
6.66187 3.544
1.05988 -8.14994
4.57237 -5.7933
1.70578 -4.68009
-2.30031 11.0823
0.330536 -1.99366
-5.62279 17.6967
3.75698 -0.463896
-2.73643 -3.75193
-3.68222 2.00063
1.3161 6.68489
-6.07595 5.15409
-6.45428 0.937153
-0.14248 -6.03758
-3.4397 1.50599
3.04289 -1.62354
6.2591 2.57925
-0.517282 -11.6464
-1.31005 -3.64396
-10.8427 2.99679
-4.08247 0.885844
2.83895 -6.27951
-1 -1
1.9851 -1.76381
0.71419 -1.11487
5.87434 2.5797
4.47212 6.4814
0.686772 3.50911
-3.83116 7.99866
1.90582 4.5677
0.367552 -5.09405
2.83645 -6.51949
1.63287 -1.46386
-5.24031 -1.35183
-6.19086 -0.244994
-2.12586 -1.19961
-0.0808932 6.94868
-1.56417 -3.86252
-0.0593323 3.93049
-0.977114 -0.75775
1.13524 -8.42329
2.93368 5.07911
1.04566 -0.339447
-0.79295 4.99363
-0.489977 -1.80138
6.7102 -1.87733
0.648854 -1.89891
0.464466 1.46447
-0.146236 2.54057
3.39875 1.64587
0.720164 3.59012
-4.29804 2.79058
4.53759 -0.151565
2.24127 -1.71667
-2.27549 -2.89464
-0.299232 -0.285662
4.11594 0.868327
-8.1117 1.49142
0.150476 1.86291
2.48718 -0.951984
1.98912 -2.86822
-0.370244 0.181856
-1.09408 4.33474
-1.0184 6.10959
0.943981 1.22837
3.46646 3.97706
-1.24776 6.22663
4.91832 -0.364083
-3.2879 2.85541
2.44011 0.418895
0.119217 -1.85256
-0.897683 4.86174
2 0
-1.21053 -3.16242
-2.94949 -5.93364
-0.115614 -1.77162
-1.37645 1.62198
-0.849341 2.58512
2.25024 1.85982
-1.38526 -0.215701
1.05775 2.1479
-1.18557 4.36236
-1.16219 2.51117
0.559203 0.201352
-1.15339 5.21276
4.59487 3.96186
-7.29318 -3.25165
0.396655 3.7267
-0.408085 0.465312
5.7296 1.77957
-4.1721 0.413306
0.634727 -3.40074
2.08045 0.297463
-1.40143 0.977519
-3.03627 8.27587
7.30251 5.17231
-4.49538 -8.00934
-5.29289 -0.535534
0.46205 -0.976268
-2.13884 1.32761
-0.756597 -1.6815
-5.88176 -0.116158
-3.36057 -7.89133
3.09129 2.54172
-1.62824 0.0731781
1.83371 -5.65892
-1.51277 -1.18659
2.83585 11.6271
3.15798 4.99482
7.09317 1.23853
1.26032 5.3519
-0.770237 -6.53867
0.4573 0.609762
0.354825 2.83242
-3.04985 -0.050304
1.67073 -3.10901
-2.89605 -0.694927
-4.79055 5.81164
1.12935 -3.21332
-2.51882 3.03362
-2.22626 1.65828
0.389586 -7.45587
1 -5
4.07461 -0.199992
1.39873 -0.870667
-0.83183 -5.18589
0.482736 5.05533
9.71905 -1.57497
-5.69716 -1.71656
-3.21029 3.99928
-5.90547 -4.83692
-2.50141 -1.18039
10.8362 5.91695
7.37137 2.47276
6.0091 7.66783
8.36415 3.58417
-6.66701 2.39937
3.42703 -3.18641
4.31198 8.14328
-8.84589 8.58187
4.60316 -3.21747
-1.51655 -8.37461
-7.78533 -3.25456
2.76824 -11.6913
-8.31474 -4.5585
0.0500758 0.116543
-1.15833 1.26168
7.53553 8.53553
2.62141 -5.9486
15.9466 -1.70154
2.22035 0.981698
0.600034 7.90006
-3.59403 -3.0038
-23.2044 -7.4762
-10.662 23.196
11.0443 16.6437
-13.9932 -21.8097
-6.69543 6.25255
14.4275 -1.06065
2.28075 9.93979
42.5283 14.164
-18.477 -11.7121
4.54415 -91.3784
-4.32865 -32.9635
-17.4311 10.5821
38.1526 17.1948
7.63856 25.561
-86.157 -146.541
-14.1326 -188.141
54.9428 145.409
464.944 -21.9336
570.212 562.488
