18498 23507
-512.304 -6796.26
-220.575 103.997
61.0088 -309.097
205.146 63.9555
64.8378 -52.8099
80.1116 -106.886
44.0362 -17.1934
-17.5034 -23.2224
67.846 -2.57326
-23.0195 -4.44424
-17.6129 -19.9713
-7.18916 8.06283
-15.721 -0.00961394
13.8314 -23.431
3.8333 -9.34203
-4.47555 -18.8669
-4.61489 6.71014
-12.802 -23.679
-23.0336 -20.6331
-20.9726 -5.52343
-14.5171 -25.6171
2.38797 -1.84829
-7.28833 -3.26886
4.26832 -16.1652
-9.24264 -0.828427
-18.0066 25.7215
-1.36319 4.23715
-12.5937 14.1499
-8.70802 2.04753
-6.61165 13.4164
-7.14589 9.40127
2.29428 4.12194
-1.85641 14.0662
-2.43704 -0.857445
-3.69128 3.81424
-0.897703 -1.15534
-3.19868 -1.89451
-2.68312 3.76581
-1.55786 0.52643
0.609441 -0.229825
-1.94004 5.5928
-3.8494 5.62801
2.4759 -2.34515
3.91011 2.63574
11.8238 3.96067
0.646294 2.81269
4.04428 2.67745
2.98933 0.228182
-1.07805 -2.04723
2 3
13.4009 -12.7478
-3.65333 -4.90344
3.14659 -4.8316
-7.59055 3.54676
3.99077 -4.66343
1.08105 -2.74313
3.73256 -1.57518
1.47087 0.0449822
-1.24584 -0.0206152
6.0745 -3.95637
-1.37934 3.18513
4.74853 -5.94922
-1.78686 1.37713
1.66023 3.61533
-2.01635 6.27815
3.90624 -2.09615
2.41937 -3.92595
3.18437 -3.4884
0.487535 -3.35887
-0.693305 4.90986
2.21663 1.07076
-2.06599 -4.36126
-2.03054 -2.4663
1.41261 2.78011
-0.757359 -4
-11.8341 4.53076
-2.03825 3.8096
-1.87522 0.699775
-0.93031 -0.713775
-0.42174 0.554254
-2.61233 0.195259
0.610137 4.52372
-2.37567 5.85502
-3.38978 2.05797
-3.90016 3.93853
-1.00185 0.845834
3.40235 2.21042
-3.39752 0.892503
1.44633 -6.78353
-1.92476 4.06227
3.1025 2.20318
-0.94086 0.988254
1.85976 4.98179
1.22152 -0.430848
3.21359 3.28305
-2.91529 1.93907
0.502368 1.52272
-3.51039 4.57326
-1.59962 1.62764
-2 -1
10.4266 -1.8893
0.731704 -2.92886
-0.946846 3.3944
3.24197 0.751024
-0.852312 1.76255
4.77506 3.30289
1.47674 0.0979151
5.64522 2.80184
6.2196 -0.378509
4.79436 -1.29177
-1.39976 7.02203
0.877932 1.78122
-3.30855 -2.31418
1.35944 0.235849
-8.21487 -1.81108
-2.22179 1.57677
1.60439 -0.47394
0.902865 -1.66548
3.40299 1.69621
-3.0504 -0.172288
2.99255 0.624332
0.975358 0.710703
1.12088 -4.99272
3.57749 3.55251
-0.757359 4.82843
-14.9772 -3.66315
-1.16705 1.5283
-7.70887 4.69124
1.62641 -4.8141
-3.58086 -3.93767
-0.188147 3.97759
3.81633 2.16871
-3.188 5.39612
-1.95037 -1.36623
-8.51075 0.935613
-1.49036 -4.04095
6.55512 2.05113
2.17017 -0.732309
5.89456 -7.80441
-6.13023 0.574401
0.0182268 -1.63702
-6.56045 -1.3907
0.530155 -2.16414
-1.23659 0.806979
-3.44866 6.54565
-0.563847 -0.00448747
-2.62598 4.32359
2.02443 3.65362
-8.90405 -3.85298
2 -1
13.0932 18.0293
10.5519 0.197751
5.61099 -5.09669
0.0186151 -3.06583
-2.25308 -1.76267
3.26221 8.81199
-2.96078 5.83898
4.74283 0.320088
0.751008 -10.7901
4.86269 2.84786
4.49678 -0.319066
-1.81291 -2.49045
4.41453 3.89265
-4.12249 -5.69645
1.28013 -0.273068
-3.96202 -3.95788
3.90165 -5.18409
3.51382 1.20068
-3.69187 4.5616
-3.47486 1.31964
-0.806783 10.2288
0.459081 -4.01018
12.1181 -5.14151
1.99928 -4.10175
-9.24264 -4
-23.9527 -25.2321
-15.2996 10.6438
-1.56264 9.05495
3.41961 17.4311
3.02833 -0.0946047
-0.226379 -18.3566
-2.13541 9.21922
8.94384 -20.3445
1.45821 11.8458
32.2757 16.5974
16.065 -0.708505
15.4023 18.4959
12.7228 -6.8902
41.8175 49.9407
50.5106 3.96554
92.9015 -16.4858
32.8092 -22.4397
-24.9206 -15.1193
112.356 -1.93912
-48.3677 -52.4537
123.095 -257.802
-128.009 -154.356
-468.588 -58.5912
-148.285 -1243.62
