17967 23525
-865.739 -6337.84
-331.98 -121.922
-257.228 -433.782
238.186 23.7675
18.1146 -49.0479
17.811 -53.6605
52.5491 -73.8282
-46.7224 -17.5527
20.2826 -51.216
-6.41164 4.52015
-12.9744 -13.2633
2.35871 -6.57407
7.04319 21.069
-19.6804 10.2015
5.74364 21.8938
-23.4677 11.8948
-0.558333 6.55415
-3.20911 6.33719
-7.66915 12.6175
1.71972 11.8751
5.00856 -6.28251
-8.30734 -10.0612
2.04852 -3.98891
-6.31071 0.617595
-11.5355 3.70711
2.10183 4.82753
-1.81687 10.9484
10.7151 -8.37223
9.5342 -8.97241
3.54099 -1.36542
-6.74221 10.6995
7.80627 2.54219
-3.96647 1.29269
3.62963 -1.89891
-11.8116 -3.65192
1.04097 -3.06221
2.71061 -1.55499
-0.0222409 4.36647
-4.47382 7.10926
-3.49469 -0.288294
2.61871 -9.56117
1.58283 -1.18791
5.25159 -10.6818
-5.04957 -0.284483
2.65925 5.90185
3.77756 -4.44766
1.90909 0.932238
-0.506042 -0.989641
1.10466 -1.16121
2 4
-2.88784 1.75632
-3.10485 -2.47171
-1.83541 5.68584
-5.94092 1.98436
2.90242 6.73228
-3.58194 8.74535
-1.87566 0.728461
-1.20872 -2.5975
0.139686 5.60378
-1.05223 4.40086
6.56151 -0.239245
5.45778 -0.67237
0.615585 -3.34628
-0.0578823 -0.0676233
-1.94327 4.34455
0.593772 1.33177
-1.16082 -3.90674
1.20397 0.876547
3.32079 -0.671524
-2.9574 2.78183
-8.45346 5.6033
-0.193286 -2.12226
-3.46638 2.9082
-0.695684 -0.32919
-2.12132 0.87868
-6.56285 2.91148
3.74059 -5.01606
1.64886 3.62907
-2.32812 -4.66951
-1.56436 6.95579
2.83851 2.57921
-0.457635 -4.92272
-4.57078 -5.90235
5.82977 1.36578
0.89491 6.33356
1.60247 1.9335
-0.838784 1.53803
-2.152 -3.0739
0.277586 -5.02543
-4.0605 0.715921
-2.78577 5.32982
0.953486 -3.53202
0.327539 1.29311
3.79498 -2.9264
3.42255 -1.73626
-2.38295 -0.233162
-0.710809 1.35257
-1.60924 3.19235
-7.66898 5.16468
-3 1
0.785977 -1.83037
0.340441 -1.70579
4.1857 -2.71029
0.270877 -0.804211
1.79038 -1.13879
3.82496 1.28486
-3.5423 3.02504
1.43231 4.89079
4.81709 3.2006
-0.0556153 -0.846498
-1.45054 5.08358
-0.0497172 -0.816051
-3.17924 -2.20639
0.480736 -4.63684
1.33961 -2.16651
4.25596 -3.02189
2.48532 6.2632
-4.82609 4.60387
4.47047 -11.8428
-5.81761 -1.10169
5.08806 -2.49528
4.16278 4.32391
1.63624 0.895648
-0.856908 0.232882
-4.46447 2.29289
2.79167 0.665109
0.73349 3.50437
1.28135 2.59441
2.29019 -0.471004
-2.66605 -0.793604
-1.11835 -1.00383
3.19283 2.64979
-0.525753 5.97169
3.89384 -0.682369
-0.550328 -4.2294
-1.11296 -0.7311
-1.72804 3.21587
2.41113 4.42698
-0.188247 -0.870295
-1.32974 1.21717
5.31796 1.97491
-1.20204 8.45128
-3.09063 6.39008
-0.494101 -0.286845
4.38001 2.21594
2.96498 2.19553
1.73237 -0.749046
2.64982 -0.729762
0.548332 5.34368
2 -6
-8.84074 -2.66194
0.248998 1.26377
-2.77325 -2.16321
4.59559 3.11209
-2.19574 -7.17928
-5.66697 -1.05997
2.12095 8.4568
0.532865 -0.414923
-4.41694 -1.08834
-6.12334 -0.565808
0.135365 2.48398
-0.49281 -3.50055
9.84249 8.12254
2.32252 -0.710922
-0.133265 3.30637
-1.48824 -3.8864
4.60752 -5.20311
1.13904 -2.08148
1.51574 -5.64162
1.13818 1.55754
-0.174348 -5.82858
4.86173 7.38604
-4.77389 -4.53838
-2.22567 1.37614
2.12132 5.12132
-1.45486 2.56014
15.3365 -4.79531
-8.53532 4.94815
-5.23522 -12.7598
-6.33776 -8.49312
-6.65151 27.3263
-3.15269 7.8496
6.69176 23.3092
-11.4078 3.75594
10.2373 2.0844
6.74389 2.30186
12.117 5.00717
40.6711 2.50781
-0.344243 45.6448
27.472 -24.5699
5.17332 -39.0668
-10.8522 -10.2152
-6.29541 -44.7637
50.0966 -7.28701
-98.8506 -115.663
211.567 -101.769
-221.387 -36.8977
-399.806 113.397
435.953 -1385.49
