17130 22049
2305.63 -6514.11
56.4734 -108.16
-287.497 -174.793
324.369 -231.86
2.59829 -60.0054
-81.9246 -67.1269
-54.9903 39.5602
7.29357 -59.7987
-41.5679 49.5777
-42.2947 -17.5557
14.4642 1.7959
15.7292 0.893649
-0.771175 -18.5924
-0.00955741 -5.66834
2.14217 -25.8104
-1.10466 -2.59872
-22.1619 -13.5098
-1.22086 22.3345
-17.7377 7.08437
-13.9754 1.67615
-8.12213 0.0698287
-2.05312 1.97032
1.24054 9.50262
-3.87737 -1.23815
11.9497 7.94975
-3.92553 -7.12807
1.45192 -6.58205
5.28733 -10.1987
-1.73657 14.8063
5.40008 -1.75944
-9.55093 -11.1436
10.1599 2.27287
-1.1335 -6.00119
1.25885 -4.10129
-19.0162 27.3444
1.99152 8.1626
-5.20074 5.6144
-3.83188 3.81756
-2.23404 14.1227
4.24701 9.66692
-4.13386 0.712613
3.18831 2.83048
-0.496279 1.45784
11.7618 -3.31391
-0.396888 -6.41387
1.47793 4.39981
-5.501 -1.03603
5.62995 -2.62361
-2.49842 7.56045
9 6
-12.7861 -4.02237
12.373 2.58446
1.32899 0.00455773
1.26989 -2.16557
3.00607 -2.74056
-3.09045 -0.703778
-0.181155 0.926033
2.91448 -1.43321
2.45589 1.41235
1.9648 5.78501
-0.94517 -3.57785
-3.84162 6.47694
-1.83074 1.11062
-7.55357 1.60332
1.33337 9.61847
-1.86247 7.74236
-4.81823 8.39975
-1.25176 4.26181
3.87736 -12.7728
2.59992 -3.0815
-6.63406 -10.2377
-1.56272 -4.49583
4.46773 -1.33413
-3.44175 4.55221
-5.12132 5.46447
3.15315 -3.77463
3.10084 -0.861601
-1.27713 -2.69178
-2.79571 -0.804899
1.05316 0.300745
-0.0818135 -0.394642
-3.274 1.34172
-0.496038 -2.95189
-1.38873 2.12144
2.84342 -3.40643
2.54511 -7.31718
-6.87088 3.33413
2.22496 0.240376
-3.36374 0.283019
-6.53809 1.46548
0.560563 -4.82258
-0.971552 0.691585
-2.77569 0.133389
0.173875 -6.00558
2.07342 5.14424
5.18934 -0.126839
0.00809046 6.84542
0.239191 -0.108751
1.71266 -7.20617
0 -3
1.70231 2.85807
1.08619 -6.02244
-5.62083 16.9236
4.01947 0.462906
-4.33867 0.275488
-2.2839 1.75472
-3.23266 4.67404
3.61805 -3.53587
5.17967 3.2145
-0.392011 0.13019
3.7717 -2.74319
-2.03623 4.05694
1.2299 -3.57057
-1.78886 -1.38996
3.43459 5.61382
1.06751 -4.54552
-0.375141 5.69234
-2.4639 -2.88639
-4.00361 3.87709
7.03701 -1.77288
-1.5093 5.30398
3.36839 5.73733
-0.995705 1.07129
6.73743 -4.5781
2.05025 -1.94975
6.0315 -3.5852
-5.34934 -0.592932
-3.39079 5.14582
-2.89834 2.86899
-0.991791 3.42294
7.25264 -5.50568
6.13696 -1.79566
0.483175 17.8998
-1.80541 7.13363
3.30168 1.52088
-0.958 4.34009
-0.403552 -1.3736
4.71436 4.33938
-10.0119 -3.40274
5.59751 7.68712
3.29819 -8.13846
-3.55598 1.21942
-1.16645 -0.386395
-3.47319 -3.56848
2.24873 7.89458
3.18827 -1.03748
-7.42985 -6.0192
9.31697 5.5426
6.90677 -11.7754
-11 4
5.41812 -2.51481
-12.0444 -5.71215
-2.90482 -8.9188
-3.1362 6.98696
-1.18823 -3.27232
-4.22703 14.5169
4.78343 -10.2698
-8.23074 8.0403
11.4193 -3.02276
-7.33718 -2.19479
5.09491 8.33795
-3.28366 -4.86847
2.88626 -1.75736
-1.36215 10.5857
-3.30828 7.27799
-4.21971 2.72322
21.4896 -28.158
1.5962 8.98921
-2.48643 -4.32214
5.82461 -8.33277
-3.49615 1.33923
3.08027 0.155423
-1.61421 -2.71322
12.8541 -3.05161
-0.87868 12.5355
-3.74601 -6.33488
-2.29196 -13.6006
-2.21787 4.8969
-6.60992 -2.1749
1.41306 2.85172
18.6088 -2.61627
-4.63679 32.587
-1.07503 -6.16981
2.68461 26.7055
35.02 8.75919
-10.3629 8.85852
30.0392 -24.6691
31.788 -46.2386
4.15796 -6.02502
8.39201 -74.2892
-23.0379 -10.2386
-30.9607 3.38407
-71.6931 16.9802
-28.5472 -78.1478
102.247 224.2
-22.2091 120.325
10.9887 -225.216
412.412 -536.847
1242.11 5.29035
