19212 22485
-4594.55 -5900.88
-139.295 -125.005
-427.059 -206.481
397.099 -87.7861
22.9785 -91.3113
-5.13204 -33.7071
-30.9882 -88.7631
-11.3622 6.60708
-4.35312 -47.3075
33.9192 -8.61595
-0.913646 -18.1563
26.155 4.76846
-11.6971 -15.8902
-4.39107 7.1874
-23.9397 -11.7083
-10.5807 15.7238
-5.95836 -23.5508
-21.5436 17.7764
-7.80938 -10.3706
3.28652 7.63043
1.3379 -0.197282
-11.0723 5.44595
9.449 -2.9411
-8.33304 2.0135
1.58579 -12.2426
-9.34567 1.7117
-4.3312 -8.26735
-6.5527 -5.35857
-3.51977 -4.50107
-13.9941 -5.90154
-2.52953 -0.742523
-0.785683 1.93472
5.55965 0.447943
-2.35698 1.97398
1.4256 -5.12091
-3.98278 -3.23749
1.93754 -0.238007
-8.74281 -2.60356
7.65232 -4.58219
-4.58628 9.95672
0.517137 -0.547058
-16.1358 -11.1943
-0.50973 -1.52825
2.93638 0.0562254
8.89576 -3.9584
-1.78108 -3.10292
5.08185 4.84134
-5.62746 11.5407
2.59948 -0.819074
-1.33227e-15 5
-3.61485 2.65593
-10.0226 -17.4069
4.84248 3.13938
16.1164 23.1129
7.14634 3.9024
7.8167 4.12714
-7.76238 1.32692
1.69835 5.2206
-1.33368 2.19283
1.64387 3.20457
-3.88168 -4.80378
-3.70898 1.30071
0.877875 0.915556
0.967817 1.87095
-2.00664 -0.129296
8.74335 1.66746
-5.21667 1.03773
6.24781 2.09401
0.750424 -1.78065
0.667819 1.4294
2.41684 -0.754613
3.10892 1.26643
-0.294006 -7.63943
-4.79454 -7.33255
0.171573 2.82843
-5.94685 2.19029
1.45643 -0.445164
6.15 7.70669
-2.64514 -3.46803
0.422836 -3.18327
2.22316 -2.94876
-0.395938 -3.57055
9.451 3.93492
-1.61978 4.26629
3.61274 0.432318
0.18525 1.63676
0.926329 -1.52913
1.47267 2.47571
-2.70242 2.00174
2.58736 4.14381
1.74354 1.08392
0.902384 3.45535
7.22016 -2.21364
0.587649 2.3787
6.33203 11.4778
4.49695 3.25355
3.27384 6.1259
-2.53511 -1.72816
-1.41698 2.68263
-2 -5
-0.0296388 2.02072
-7.73806 -0.269742
2.38648 -3.00737
1.60155 -2.06436
4.94443 6.36146
-2.74856 1.07786
-7.17111 -15.3727
-5.12403 -0.00929531
-1.15908 1.89851
4.51832 3.91367
-0.0606869 3.28138
-3.77178 -3.09984
3.60113 -3.03914
3.80037 5.40462
2.51916 -0.730764
2.40689 3.7872
4.32552 5.72146
6.86047 0.535912
2.37579 -1.67261
-3.6589 0.62096
-5.73995 4.46809
0.47877 1.07168
3.62376 1.79501
-0.96172 -1.07319
4.41421 -3.75736
5.73855 4.0636
2.31295 1.66485
2.4114 -11.8277
-1.2294 4.30303
-5.17806 -1.70692
2.82127 -0.622324
4.25089 -2.51217
-3.57815 -6.72363
4.11075 5.10696
-1.9788 0.976369
-5.25143 -8.66574
6.60181 -4.61978
-0.769387 3.83534
4.7856 2.52168
2.64793 2.64954
-3.87789 -7.70238
4.79081 -4.8668
-3.4427 -4.00708
7.94583 6.70761
2.01414 -7.81311
1.39521 5.64467
4.7919 -6.84449
-19.5082 -16.5717
-4.52719 1.84163
-14 -5
2.7274 -2.43381
-2.43159 -4.76618
8.49957 -3.24325
-0.146168 6.51617
-0.718931 -1.88719
3.97473 1.67843
-6.92145 2.30736
-12.2524 1.67286
-1.70475 -0.674446
5.82234 7.60558
4.66096 -0.040119
-1.76953 2.05293
-8.47069 -9.02979
4.35795 -1.61539
-0.152459 13.846
-3.69024 -8.5534
-1.82808 -5.6041
-4.96064 -2.22412
3.82194 2.42931
3.67148 6.17905
4.79674 -6.02843
8.06046 -4.17097
-0.703977 -6.81341
-1.95705 -11.0001
5.82843 -2.82843
-1.69217 -3.80563
13.3439 0.0115862
2.28316 -5.09012
-1.27232 -6.98196
14.4217 -8.48453
7.94385 21.1416
5.35412 -11.641
28.8742 6.85311
16.1186 -19.1608
-16.2865 -21.4277
32.0498 -7.16226
-0.216818 -13.584
57.7136 -47.2062
6.54513 3.63082
-2.19208 0.558469
8.76038 -5.34883
23.8562 -1.90677
-14.3991 -56.7897
41.3869 -47.8705
-186.786 -56.9094
144.614 -135.348
-244.181 109.916
-439.428 470.596
-503.32 -1796.66
