16725 21706
-1073.78 -7481.28
-65.1097 322.854
81.266 -174.355
324.5 139.497
-5.49583 -114.131
34.7897 -59.6595
-27.8009 -27.1101
-88.6803 32.8125
-12.8347 -20.0899
-108.928 12.168
-34.4747 -41.4378
-35.3138 -15.5346
-21.435 -51.0299
-45.7299 -43.9627
-18.765 18.0961
-27.5862 -40.6571
-24.7174 -22.3882
-4.33637 -10.2934
1.48319 -10.1573
-8.39497 -16.2885
-7.79228 -14.7323
-1.41479 13.1279
-9.21181 6.14292
-5.32652 -22.6014
9.65685 9.24264
0.45289 8.9679
0.69228 6.17942
-1.98017 10.7188
2.01287 4.54094
3.97612 -3.19224
-3.58134 -3.56808
4.68501 -0.251733
1.50746 3.65619
-6.48335 -3.7949
-3.32838 1.08784
-3.78102 -1.074
2.02684 -14.2092
5.48653 7.18488
2.25932 -5.59957
7.7168 2.24045
6.79241 -11.1657
-1.80778 2.52122
-0.146379 -4.57301
3.84351 -7.12737
6.61235 2.11542
0.563093 7.35478
1.84041 6.77391
3.58272 2.15601
1.97114 5.04932
-1 4
-4.31049 1.06915
-3.38379 2.92274
0.581632 -2.74832
-1.23509 -1.0769
6.05968 -4.80531
-3.47564 -3.23896
-2.44305 4.50382
-2.23149 -1.56637
-5.06707 -0.580453
5.55841 30.2909
-0.391728 -1.9438
-4.56456 2.15043
-6.96084 0.757959
-5.77577 2.31542
-8.78878 4.50378
-0.738193 -0.285317
-3.31065 2.25778
-3.81615 1.18921
-4.14799 5.11536
3.46158 -2.5717
1.31064 3.37337
0.232893 4.05127
3.73101 -1.51112
-1.27302 -0.549054
4.82843 1.24264
3.98036 7.84764
-4.11424 -1.87023
-1.3081 -5.39346
1.57038 0.614529
-6.9045 5.31703
3.86796 -5.10034
1.89939 -2.80203
6.0646 13.0363
2.83743 -7.16827
0.490567 -1.19257
-0.31673 2.7748
-5.57722 -0.71786
-5.15876 1.30987
2.74501 3.25102
-5.356 -6.40409
-3.69643 0.240651
4.43017 3.26233
2.57795 6.61084
2.80415 -2.86545
-2.41266 1.53356
2.79876 6.6614
-3.624 -1.5615
3.78975 0.304731
-4.88379 4.53251
-3 2
3.5559 5.74029
4.57641 -2.65189
4.54132 -0.97097
-6.75234 -2.85255
-2.15543 -2.29552
-4.26581 2.38037
2.91355 -0.654772
2.50233 -1.41971
-3.24448 -1.90528
-5.77476 3.8905
7.33397 -1.03165
-6.54624 -1.1402
-2.62494 3.4271
-5.75946 -2.13951
0.670328 2.06326
1.67277 3.73503
4.92 4.07924
1.62055 4.31935
-0.969234 -9.8226
-4.27584 -2.46293
4.97177 -0.591936
7.26442 6.38209
-0.889893 0.622739
3.01269 -7.21004
-1.65685 0.757359
-4.8738 3.06432
-0.503636 0.710189
-0.9016 -7.08395
-5.00065 2.42717
-3.21096 -3.24972
-10.3088 1.56157
-8.13474 3.73953
-2.402 0.902628
-1.67627 -0.00994389
-3.09161 -5.76193
-2.68623 0.194018
4.09556 -2.92886
-4.21321 3.11897
3.94422 -1.8215
-4.85021 6.396
-2.63773 4.19589
-5.94206 -27.3571
7.0649 2.46928
-1.2866 -2.06175
9.80284 -3.17413
0.949582 -6.28566
2.5349 -3.43964
1.27829 -6.22736
-6.20563 -1.44998
-5 -4
-4.70514 -2.07091
0.466944 -4.81275
2.38223 0.65133
0.512187 -7.95968
3.93503 -11.7488
-1.24015 5.42225
-3.20676 -6.37805
-3.25762 -7.57897
5.26725 -8.6459
3.46354 -6.09455
-2.97478 -8.29016
9.21217 0.135383
9.22002 -1.44883
13.9435 0.565478
4.44316 -3.51109
1.9759 1.42777
3.35605 5.50948
7.30059 18.5471
1.33557 15.942
-1.50538 13.4858
-0.619578 -2.72936
-12.652 1.58911
-2.14114 0.380417
-6.96473 -1.94072
-0.828427 -7.24264
-22.4025 3.68836
-18.1587 -3.98465
-3.18038 -6.03926
6.91664 12.2058
-4.31323 -7.39845
-0.417229 -18.9645
-12.7126 -25.5516
-24.4486 3.64971
2.77168 10.0116
17.0911 -32.3148
6.88376 2.53718
19.7003 33.0633
33.7417 -20.24
41.1396 33.9086
33.3371 -14.1266
91.7638 0.754554
104.74 -27.0471
27.5304 -26.862
163.435 -2.48625
-117.067 -54.4648
164.559 -154.487
-143.453 -263.391
-416.82 181.644
-279.577 -1544.79
