18521 22730
-2213.73 -6857.84
-289.272 115.627
-236.257 -273.28
337.332 -78.6723
27.2755 -80.4402
-25.2646 -103.684
-32.8481 -93.6796
-19.5932 31.6834
-6.44948 -54.1615
8.09159 15.4917
-22.9691 -35.0707
-14.9027 -20.9553
6.3131 -3.73503
-6.91604 -2.1361
0.869949 -5.4824
-16.6667 12.2214
-14.6631 -8.0267
-1.06317 9.99954
-5.32754 4.89671
3.63345 -2.96017
-2.07997 14.108
8.68141 13.1403
16.6821 -7.08229
7.41643 16.4177
-9.41421 -1.82843
-1.76493 -13.4054
-2.33564 -5.29132
-2.24771 -6.74817
7.13716 -7.78391
5.06082 -11.569
-2.68037 -16.2569
-4.33375 -1.48959
-12.0933 5.14057
2.05044 -3.85878
4.37472 2.80811
5.81968 26.2339
2.83672 -2.37075
4.30953 8.01555
-7.31985 -8.37504
-0.417526 -3.48839
5.098 8.44254
3.35468 8.96846
-2.06974 -2.54751
0.0403293 3.43834
-3.52497 2.014
1.97334 10.0304
3.30441 2.46355
-7.28108 -2.75614
-0.551498 1.10692
-3 -6
7.39222 0.299991
3.33429 -2.68534
3.65795 3.72998
2.22868 2.43746
-0.106457 1.60242
6.79251 0.332383
-1.32439 -0.534814
-5.30288 -0.518913
3.21982 -2.25163
1.78887 4.51516
-0.227458 6.226
3.16546 3.65215
0.948769 3.85758
-8.3549 1.06772
3.51031 5.98266
-6.06729 3.37234
3.3146 1.91934
2.78911 -5.37435
0.665429 -0.15977
1.08508 4.0969
-0.388156 -13.7173
-5.71716 0.6415
-1.20594 1.77999
4.03154 5.32116
-2.58579 -0.514719
-6.25859 -2.09833
1.85192 1.37325
0.612548 1.56264
-0.0365166 -1.67827
-3.8867 2.24727
1.73763 -4.04843
0.973622 3.241
2.57164 -1.29643
4.51402 4.34399
-2.93313 1.09665
-6.96159 -2.67812
0.514764 -2.37488
-2.59873 3.05223
1.0564 -2.47911
-4.94569 8.16077
6.34153 -3.96902
-1.34983 -0.367892
4.28043 -0.201877
-1.55641 3.17699
-5.42691 -0.725195
-7.85399 -5.7943
-4.23594 -4.18255
-0.867031 -1.94125
6.76585 1.28715
-7 -2
5.07736 -7.46118
-0.863948 1.61357
-4.19373 7.60797
1.82394 -3.81923
2.49782 -1.66094
0.0349402 8.16997
5.45796 -8.9174
-0.631105 6.92365
-0.561812 -1.33061
1.08398 -1.47632
1.91514 5.78177
5.20384 -1.28553
2.68554 5.47521
-0.243095 0.576646
-0.867687 -0.628399
2.94824 3.95752
2.31449 1.5841
4.87576 4.62433
0.588031 1.12741
2.26867 0.516666
2.81398 4.02861
2.40552 -0.978752
-2.03783 -0.349266
-3.66093 4.70254
-6.58579 3.82843
1.01903 0.322078
-2.14233 0.523864
-5.20726 5.05044
2.38388 -1.90934
4.84129 -2.14864
4.98996 14.6393
2.10594 4.38329
-5.94485 4.15138
-5.23698 1.84697
-0.780233 7.80113
-7.34688 2.45716
3.51698 4.72988
4.97457 -3.71824
-2.70296 4.08544
5.5931 -2.98729
6.26228 -8.12153
0.48136 -3.67327
-4.45769 -5.07758
6.06711 -3.95179
-6.54011 -0.634195
-5.49568 -0.748747
0.446968 0.0176149
4.93771 7.04072
1.29082 4.13903
1 6
-1.35497 -0.382538
-6.62819 -0.0172404
2.49081 1.82566
-1.13855 -6.79662
-2.77273 1.72721
-9.74369 -4.45576
-1.88948 3.76583
-1.10884 -3.06761
1.70834 -6.36925
1.03556 10.7245
-1.76722 6.17295
5.35706 -5.61108
-0.00868518 -3.93701
-6.34796 5.08704
-2.16052 3.14582
-11.8622 -26.9141
1.08212 1.33185
2.44895 -8.97382
8.11278 -1.34789
5.01281 -5.50384
5.89642 -6.15793
-3.29736 -0.245405
2.60507 -0.380654
6.63448 -3.75413
-5.41421 -17.4853
-3.66469 -19.344
4.05206 -6.4689
-0.175761 -3.43664
-11.3591 -13.904
5.98459 13.4323
1.62972 -0.852407
-1.47116 2.83064
-6.81716 6.7094
-6.30304 12.3228
7.87514 -1.50376
15.3555 26.3776
9.61437 -4.84311
4.0237 25.8403
-12.6691 22.9875
11.7701 2.94845
39.8527 27.0843
26.7967 -2.81504
13.4841 -42.1727
37.8521 24.3606
-37.2907 -159.103
195.595 -55.3485
-123.961 -115.2
-567.74 17.6542
374.698 -1296.82
