15726 20202
2204.19 -5816.38
-213.646 -67.8669
-386.428 -63.2045
84.8298 -253.788
-31.8742 -19.0871
-32.4287 42.5076
-17.5758 142.911
23.4402 -26.4796
56.298 -10.6669
25.3635 18.2562
7.83125 -25.3607
-26.41 0.689562
-31.0074 20.0047
-7.43669 16.9973
-4.02716 2.31204
8.70028 -4.16985
24.1512 8.74007
-3.39756 -39.375
-19.3291 -12.5273
-8.37701 -7.05368
5.75897 -3.44343
-17.4024 3.78082
-6.82282 -1.68542
-1.31276 -1.04169
13.4853 -24.3137
-7.9051 11.4667
-0.124525 -1.83366
6.40605 -5.06172
-7.34878 7.04799
-6.81305 6.6289
-6.68373 3.99059
-6.29973 -2.4537
5.62901 3.56196
5.40653 8.32619
0.878969 3.16888
-0.0222789 7.23851
-6.82271 8.69581
2.93171 3.15371
4.86494 8.13219
1.80844 7.35941
3.9202 -5.60715
-2.68117 -0.690477
6.77594 -2.41536
-7.09998 -2.88863
-1.28869 3.68352
-4.98443 -2.65773
-3.99375 -4.22463
0.631232 4.43336
8.80514 -1.892
2 -6.66134e-16
-3.77048 2.10318
1.59545 -0.893396
-7.38454 -3.52267
-1.90293 -2.90598
-0.581507 3.59643
-3.75814 0.0992783
-0.809333 8.77154
-2.18174 -0.470569
7.08571 5.8409
-7.462 -2.88728
-2.24231 6.01102
0.324397 0.842089
2.09442 3.64828
-3.41872 -1.20858
1.33244 1.72914
0.268773 0.740029
3.03764 -1.9063
-3.27583 -1.27609
-2.27884 -2.42759
0.452373 -3.46172
-0.229894 0.0575585
2.82893 0.0890347
1.08924 -3.42001
4.27795 -5.23908
-0.656854 -0.171573
-0.0338188 -2.07213
-0.208204 2.29637
3.93551 -1.18068
1.42802 3.507
-8.39825 2.58154
-1.3749 -2.15001
6.34993 -1.31454
-0.123186 -1.23741
1.39 1.4758
-5.06303 4.41547
-0.114347 -4.53575
-3.05047 -1.76622
-5.27156 4.56207
0.380063 6.35786
-0.711039 0.688113
0.373916 0.954153
5.4681 -0.87493
-7.14703 -5.46952
1.45268 1.11334
0.988885 0.0953156
3.37863 5.28097
3.62716 0.694718
2.87273 -0.683758
-0.752629 1.09374
-2 -2
0.830156 -0.714508
1.56663 3.13449
-1.80593 6.26813
-5.29972 4.3007
-2.67952 4.15314
-8.01098 5.76197
0.981269 3.39703
-1.30286 2.09245
0.706888 5.50503
3.79192 -5.2666
4.88013 -2.67301
-0.00951337 -0.391475
3.18466 3.82984
3.23041 3.24164
8.83857 -1.84959
2.76997 4.08817
-2.66669 -4.77051
0.787891 -5.72178
0.616815 -4.12966
-2.69192 -1.67171
2.69685 0.860217
-4.29057 2.69152
-4.44964 -1.96656
-2.25664 -5.309
-3.48528 -1.68629
0.629072 -2.14347
3.59495 -1.44789
-2.34574 -6.04766
-0.399873 11.1405
-3.49775 -2.2723
-0.466638 -0.241679
-0.189746 6.08312
-2.40332 7.40053
1.9338 -0.45512
-0.719795 -4.42157
4.6163 3.32062
0.305022 4.27181
0.86156 -6.68111
-5.53394 5.10855
6.02431 -0.258621
2.58781 -1.96654
5.43018 1.75404
1.8113 2.73103
5.98795 -4.11639
2.42605 0.958665
0.558574 -2.03468
2.60851 -4.90057
-2.41968 -2.65469
1.63415 3.88827
-2 -5.32907e-15
-3.22948 -0.0937862
-0.613854 2.4449
-2.30213 8.13334
-0.510525 -2.67721
3.65081 4.61231
6.54096 -0.274487
-17.2898 0.333147
3.40882 1.04306
4.2542 -3.49467
-1.71827 4.73076
-0.58659 8.42307
-2.68294 5.30914
-3.27108 -1.09327
4.04483 14.8084
9.03358 0.352093
-2.41821 2.70017
-4.28081 1.21963
5.95241 1.17842
10.6167 -5.88032
-3.15472 3.32803
-1.19169 8.59096
7.77524 -3.53099
-6.96773 -10.5992
4.02365 -1.73494
10.6569 -5.82843
4.16696 -2.27862
-4.74294 8.82447
19.3531 4.36034
-1.52381 -3.25322
-13.1853 -2.80042
-10.015 6.17803
8.28837 -12.3151
2.02158 15.4322
5.75887 -22.8258
-11.8866 -30.2049
-14.741 -17.6955
-1.26269 6.66408
-4.10569 29.3121
16.7744 -31.1721
34.5688 62.0994
48.9428 10.6674
22.868 -44.696
-14.0163 -11.3957
-3.13187 -17.1687
-169.029 138.486
-173.704 -97.1643
254.83 -59.4924
351.975 -303.376
1072.7 767.138
