17915 22857
-2141.06 -7110.42
138.881 299.663
228.453 -348.34
340.6 -77.5002
29.1545 -69.349
7.48049 -54.2203
49.3015 -5.19161
5.23756 24.7767
50.4803 -54.5104
2.62042 -2.11179
-54.4291 -59.4769
-50.891 -8.54764
-20.2919 -7.34998
-50.0392 -25.6667
13.9963 -15.58
9.3078 -2.31052
23.7146 -18.9289
-26.2068 -27.5289
-32.8062 -8.29111
4.29412 2.63345
15.1264 12.8753
-12.2072 -18.6523
-6.69679 3.67392
-6.40862 13.2274
-5.41421 -2.82843
-0.0179713 -5.27474
-8.89346 -1.98291
2.62421 -2.11991
-2.20803 4.638
-12.78 -5.36169
-10.1491 7.16091
1.80594 3.0234
-0.925173 7.06122
-0.816184 9.48827
-6.29477 8.15814
10.2341 -9.36394
-0.783097 1.61814
-2.40657 3.30746
-0.108246 1.30961
-0.410706 4.3867
-4.22015 -5.46069
-4.53949 -9.49043
2.41511 -8.64335
2.29767 -4.47325
6.25864 2.08503
3.87985 1.01933
8.94028 -0.50063
2.10409 -4.71494
-1.20321 -0.165075
-1 -1
-5.45536 1.36322
-4.06709 -7.91209
0.482792 -7.17065
8.571 21.8769
2.99985 3.02363
-2.75244 -0.39571
-0.039919 -1.01568
0.385703 2.7514
-1.55863 4.20847
-4.57565 0.78887
1.95385 -3.05219
-2.78783 3.50615
2.35621 -2.74244
2.3983 2.40333
3.8994 2.33959
-0.32884 4.41655
4.08478 0.856661
1.44463 4.70444
4.6426 3.73795
-6.64961 3.10433
11.7087 7.50847
-2.45461 -8.11973
0.3072 3.71258
0.318467 0.947685
-0.828427 4.58579
-0.146223 1.85499
0.193594 6.78364
0.893749 7.33676
1.20358 1.89541
1.52072 -0.53556
2.70955 -6.04851
4.14997 1.12756
8.0083 3.78448
1.66496 -4.41243
1.67458 1.34472
-2.11196 0.440562
-0.392825 -2.54622
1.3738 4.17041
-3.18178 -1.41759
3.79599 0.965893
0.192823 -3.07543
-3.65512 1.93591
-2.97296 -1.45209
-2.13001 2.50019
4.68236 13.882
-5.50637 1.05762
1.44252 2.4172
-11.1428 5.57003
-3.27848 2.15464
-7 7
-2.79569 -3.78189
4.15342 2.38698
5.1241 -2.50938
5.82292 -0.408834
0.367439 6.6605
1.27884 -0.83979
-1.91594 -9.0939
-3.75957 4.18283
0.0897287 0.0872641
-2.23809 7.87073
-6.97878 4.37172
-0.173978 2.30429
2.18366 6.61913
0.782703 3.38909
2.72216 -7.30507
2.75644 3.58749
4.48718 3.53759
4.33044 -1.94544
1.62554 -4.0577
1.24321 0.917526
-5.1325 1.49982
-0.683291 -1.51655
1.31622 -3.33215
1.27627 -1.24307
-2.58579 2.82843
6.85938 2.88284
2.3114 -2.89315
1.40258 4.55241
1.93319 -2.10991
-11.1593 -4.29032
-5.67119 2.52305
1.98319 -1.14078
4.18605 2.90283
-3.37217 -2.8245
-4.93841 -3.38454
-1.89621 -11.307
-0.621503 4.55998
-7.55209 -2.39179
-8.49842 0.213014
0.575655 4.5931
-5.70946 3.14501
4.44956 -3.81286
-5.72102 -1.81509
3.88625 1.58722
3.34407 -4.11791
-0.410006 1.74808
-1.59056 6.39405
-13.2406 -30.1858
-0.532932 1.87807
1 -3
6.782 -5.41171
3.92461 -6.83493
2.79397 -3.35304
-4.95228 -0.482891
2.69621 0.914937
0.821517 -0.602565
4.45674 2.414
-4.64759 1.62901
-4.70888 -1.09414
7.64677 -1.76867
-0.120557 -4.41914
-0.473462 -1.8041
2.67726 -4.31672
4.94927 -1.37756
-5.35976 7.73546
-10.3192 5.69795
13.9073 2.70081
7.58839 1.62751
0.636921 -2.76273
-9.25715 -3.56378
4.24637 -3.16554
-8.76957 3.53838
-2.87916 10.1941
1.69846 14.7527
4.82843 7.41421
-1.69753 -11.4451
7.28075 -4.86676
-4.7282 0.423018
-10.9774 -5.31057
-8.29412 4.98459
1.44833 30.6465
14.4197 3.25945
23.634 -23.9579
2.12454 -26.6789
-1.33883 13.3016
-13.1514 37.7316
-1.0073 24.4071
43.8224 -0.463446
32.371 48.2732
85.6677 -52.6134
76.4247 -14.754
73.913 -21.5146
19.181 -89.3165
94.2065 -7.92728
-89.8637 -71.7091
160.054 -65.4613
-17.4247 -141.002
-481.714 36.5258
-413.876 -1042.02
