19570 22688
-3106.9 -6655.5
-183.337 -12.6955
-211.547 -344.972
382.234 -35.7526
17.1288 -87.18
-4.41044 -76.4691
-2.40576 -110.334
-11.0407 -2.34291
58.982 -83.9716
19.2508 2.34844
-5.17669 -50.8829
1.19402 -16.5061
-28.9685 -0.471111
-15.5459 -9.47788
18.9735 -17.6378
-22.265 7.69603
-12.6741 0.363959
-6.3959 19.371
2.49664 -16.0237
0.843124 -10.284
8.10936 7.46462
-15.9048 -7.15992
-12.7368 2.54316
-5.68179 11.4823
-2.41421 -9.82843
-22.5461 -9.14013
-6.27995 -2.22931
-9.09478 -6.67134
-7.73695 5.18806
-4.94853 2.69673
4.16728 2.51764
-0.359188 4.55426
10.6321 -4.34189
-3.80544 7.32487
-5.98456 4.01938
5.84203 -3.09847
-6.37597 -1.0718
2.9052 2.45624
20.1997 1.85888
6.51864 2.18323
0.874117 -1.09649
4.0622 -1.58882
2.76079 2.69146
-1.83759 -5.38178
-3.32523 -12.8123
10.6556 -1.958
-0.411034 -1.60714
4.42085 -2.67926
1.55586 0.285343
-2 -2
0.733569 -11.1534
7.39394 -2.67772
-1.56854 17.5572
4.5014 -3.46693
-2.46615 2.59314
-3.77398 -0.863039
-0.516324 3.22489
-1.32004 3.00171
-4.60606 -0.313249
4.25476 1.30017
-7.47582 6.04795
-4.42515 1.36456
2.22498 1.53096
-2.18455 7.14506
3.74247 1.99314
0.163397 -0.119543
2.35527 -1.81743
3.55785 1.42009
-1.61801 7.39297
0.969814 0.754124
-2.20734 4.22999
-1.81306 4.98275
5.07885 7.80133
5.3048 2.67828
3.82843 4.41421
5.07664 -4.94663
-8.02156 7.25335
-4.61658 2.35412
-1.11414 2.96031
0.0857567 3.51905
5.55662 -3.19495
0.787653 5.11318
2.90591 4.53326
9.53774 -0.57035
-3.85474 -4.32792
1.1104 -0.435798
1.16205 -1.92119
-4.34375 4.23514
5.66632 4.29405
4.31146 2.79746
-0.876783 1.31372
0.477498 -1.67122
-6.98678 -1.86293
-10.5991 -3.49827
-2.42226 -4.81718
-1.15599 0.795165
6.53877 16.2703
-3.61747 4.65793
1.40112 -1.862
-4 6
0.703627 3.74962
5.57871 2.83338
-4.49864 0.266916
2.56445 1.40021
-3.58625 -9.6668
-1.75766 4.80842
0.869354 -2.08942
2.40041 -4.08869
-4.7886 -5.66155
-1.36876 1.97576
1.60767 2.60515
-0.113145 0.200087
8.82974 -5.9651
1.63422 2.45482
-4.78717 4.51819
4.2272 4.46434
1.78567 -5.17087
0.44068 3.51698
0.200197 7.38667
-0.0857567 6.42522
-0.824168 -0.00624518
2.61323 3.1117
-3.03228 -2.46385
6.4198 -2.06811
0.414214 -4.17157
-5.82303 -0.532052
-0.171308 0.852743
-7.66896 0.590226
6.56378 -3.89026
1.04531 3.43715
0.903616 -2.38553
-2.12343 -1.79717
-0.322657 -2.46982
-5.74873 0.358078
-0.939358 -0.761994
-9.37928 -2.38757
2.9257 3.54151
-5.36105 5.52864
-5.18327 6.18778
4.98131 -4.30017
-3.28038 -1.9038
-3.90344 -1.0942
1.28071 4.86002
-6.06793 1.19933
9.60234 -2.0066
6.62732 0.534577
-2.4101 10.2513
1.18425 1.13537
-13.1987 -32.6488
-4 4
-5.72008 -10.5801
4.36865 -1.54072
3.22189 -5.28586
4.49086 2.41858
0.0747662 2.87956
-5.12023 6.27264
13.512 2.52475
8.9285 -3.21203
-3.57762 -10.0548
-6.51864 -10.1275
8.00898 -5.12504
-5.13415 1.23461
-3.10078 7.59007
6.91634 5.65824
1.95929 -2.47021
-5.29024 -10.4099
2.40857 -10.4886
-6.42056 -6.52608
-6.04197 -5.21268
2.39239 8.41695
-11.051 9.85102
4.03549 3.72828
3.7151 2.43568
-9.79231 -6.08582
-1.82843 1.58579
-7.78221 -12.5388
-16.5478 -3.10973
-4.55165 6.53604
4.20614 -5.32941
3.92081 7.28402
2.16086 35.3267
6.67762 6.49771
5.63981 11.6156
9.54592 2.25166
40.3333 0.470628
33.2214 11.2818
-11.5384 11.1063
42.6466 2.75153
37.3171 5.81421
44.3475 -54.4266
71.8006 -31.6284
-0.849814 -7.65384
-42.8255 -34.1609
53.9215 -21.5122
-144.449 -126.793
175.032 -190.2
-175.07 55.58
-539.738 249.419
8.32128 -1548.62
