17954 23454
-969.434 -6706.42
-311.421 -130.654
-99.7623 -368.978
198.004 57.4035
6.91053 -102.362
36.3162 -97.4598
51.7483 -60.8668
-34.0597 -24.7667
60.5767 -44.4543
-21.1218 2.42502
13.7874 17.9243
-15.2657 -15.9605
-4.5289 -0.0582563
3.94474 -26.3386
-11.8473 -0.175517
17.8679 -20.1209
-6.09788 0.108087
-30.2594 -8.98133
-17.2543 -9.21363
2.87811 0.594028
-11.505 23.7368
6.09605 2.73162
-17.761 0.57993
-7.90026 -3.95068
-2.82843 3.41421
1.554 5.38783
-4.43914 -1.3626
3.52207 -0.436954
0.761566 -2.15055
-1.14645 4.35575
-0.304999 -9.32188
0.972906 -1.66567
-4.2668 6.33786
-8.22801 1.60307
-1.35702 4.64575
-8.11776 2.0262
-1.65773 10.1047
5.68055 1.04087
6.85347 3.5521
3.83927 4.47449
6.5598 -8.08024
-2.63481 3.46291
-0.402124 2.4355
-1.31713 5.75217
1.35565 -1.39153
-1.54065 -1.93399
0.241936 -1.6197
0.385027 -4.06723
6.14283 -8.85612
-4 4.44089e-16
-4.92434 -2.33622
-1.59336 1.48114
3.8697 -4.80357
-2.34982 -4.0163
-3.24338 2.08004
5.89475 5.87752
2.51303 1.84487
-5.31668 -7.13415
-2.74437 -1.73428
-2.01484 -3.4573
-8.30123 11.3196
-0.508901 4.63854
-2.05494 2.76643
-4.37918 -5.1149
-3.47387 2.99207
6.2473 0.795669
2.69774 -3.10702
4.78165 6.3539
-2.2012 0.937571
0.584147 -4.08524
-0.318716 2.72721
5.32753 3.08817
-5.4919 -4.00957
-2.03755 6.17006
2.58579 4
0.819455 -1.52806
2.15166 1.268
1.89588 5.5
-4.44731 6.80195
2.02401 -1.98662
12.0306 -4.63276
-3.65331 -1.52464
3.3785 -2.1326
-3.00331 3.20997
5.07657 -1.73816
0.00996465 1.69433
1.58071 1.23242
1.32637 0.491358
4.07757 1.96665
4.50375 3.42908
-3.43896 4.42401
0.691884 -2.491
7.91395 -0.387412
2.88495 4.00242
0.729903 -1.07846
-1.59634 -1.60319
3.04328 0.490887
-1.54094 -0.548288
1.82254 1.13681
4 0
-12.6501 0.969916
-3.89797 1.88297
-1.33369 0.819127
-0.171449 0.615327
-2.32332 -0.995049
1.41322 -6.39922
0.119896 3.15329
-3.78042 4.96173
-7.87038 1.97297
2.67473 -2.19789
3.17116 -2.12035
-0.859782 0.130145
-2.02563 -2.48117
0.568786 4.93419
-0.046221 1.97544
1.6014 0.249628
-6.64978 -1.15222
-2.68065 -1.40534
-7.77959 1.34952
0.121893 1.36858
6.24839 1.80508
-2.3114 -2.38036
4.23239 3.41573
-6.42287 8.65638
2.82843 0.585786
-3.63334 1.87831
-0.343219 6.89749
7.147 -0.817479
4.05162 -1.57077
-4.52957 5.14053
-0.775826 1.88378
-2.95074 -2.87099
5.45945 3.41637
2.63105 1.79511
-1.55595 -3.61286
-3.61117 7.93272
-0.603274 2.90642
3.03142 -5.00422
1.86705 1.65347
-0.839266 -4.63287
-16.5219 -5.67435
-7.36112 -0.949559
0.935497 -2.03486
4.39648 -6.59218
-1.47072 -0.916776
-1.37584 8.09785
6.36105 3.05736
4.90449 0.701547
-0.529551 -4.39553
6 -2
8.07462 1.47437
6.31944 3.19898
-3.65824 -0.807905
-0.169365 3.95321
-3.5554 1.65579
1.0956 -3.81581
-1.32946 -3.74006
2.81974 -1.78618
-0.810019 -6.10837
5.01484 -2.85645
16.1327 16.5559
0.388167 3.87964
-4.08937 2.7044
-5.14035 5.19015
5.04203 5.40871
2.51198 -1.90676
1.99854 -4.53646
0.667087 -3.14291
-3.20043 7.36162
-9.85239 -5.99463
-2.44347 -3.34258
-2.25827 1.87909
-4.36932 -1.20577
0.921854 4.30151
5.41421 4
-3.66507 11.5437
-1.96869 2.80589
3.20094 -8.19764
9.56703 1.6849
0.975994 2.49614
-9.76525 -27.9027
-10.7501 12.0332
15.2049 -13.126
27.4348 -6.22672
-11.1169 -4.99699
-7.28534 -2.40134
10.2274 20.2768
-0.0271765 -0.355623
53.8063 -11.8741
16.8876 -31.0726
55.6621 11.6017
13.5036 -34.8094
-17.3256 -13.0638
94.8294 -45.0593
-107.125 -53.4902
179.456 -240.407
-143.387 -138.193
-407.99 104.298
-154.104 -1371.61
