17762 22058
-299.144 -7345.79
-176.805 102.094
103.535 -331.607
390.226 47.5029
15.8859 -157.633
53.1196 -76.3944
29.8263 -41.5948
-33.0072 -14.9071
40.517 -33.9463
-47.8166 7.84989
12.7875 -18.1891
-10.6574 -13.7747
-6.74592 -15.9607
-14.6122 -34.7175
-13.8994 -16.4262
-5.36533 -25.9075
-16.4333 -19.9914
-4.74433 -9.33247
8.51553 10.6245
-14.2245 6.02099
5.517 -5.68132
-0.908054 -15.1267
-16.0358 0.840573
-3.29576 8.16204
-2.82843 10.2426
0.393783 -2.28922
-4.67705 7.57536
-10.787 0.268709
3.02813 3.82165
-3.87445 5.56726
-6.19443 5.32008
5.55072 7.60736
-7.22107 7.53666
10.0366 2.34801
3.90648 4.39713
-2.95418 4.0113
3.59386 -3.2284
-7.09663 4.45066
10.0659 -0.401099
1.31912 -5.10314
4.30403 7.87137
-2.98493 -4.37834
-0.76088 -9.35057
2.90033 -3.33202
0.0972415 -4.57511
-5.24911 -0.0185263
-0.342025 -2.96706
-6.24744 8.17787
1.16352 29.9548
4 4
-9.72258 9.94024
-8.35168 5.02906
2.84843 3.51752
-0.729705 -3.46542
-0.0403097 3.39445
0.0777842 2.27646
1.2553 -9.65933
-1.02403 4.16966
-1.58595 0.453907
0.892046 5.25496
-1.58448 4.71113
-3.52609 2.24886
0.529111 -0.266334
-0.917915 3.43623
-1.78817 -9.1883
-7.18911 -1.04192
-3.03057 1.26035
2.14313 8.69381
-2.63686 2.66904
3.84001 0.758977
-0.927828 0.248246
-1.80828 0.421589
-2.22962 -3.43603
0.498906 4.53553
3.89949 0.828427
-0.639707 -0.184118
-0.314872 -3.42432
0.615149 -0.89904
0.260279 5.49538
2.46647 -0.266638
2.72415 -1.13547
0.333177 2.67322
4.58935 1.40079
2.6344 -0.123346
-0.213054 -6.76071
0.988243 -2.55041
1.05989 -0.997804
0.141659 -4.94714
2.57434 -3.67807
2.60186 3.76815
8.50783 -1.4012
-5.46597 2.3174
0.540312 -1.80296
-0.94605 -4.42091
-0.163069 3.54508
4.86567 5.18954
-5.9688 -20.2316
3.17703 0.136675
2.00873 -2.03291
0 -4
-0.104291 -6.00664
-5.87486 -0.0850617
-2.93083 -0.233833
1.56375 -1.17022
4.84901 9.98139
0.55993 4.07317
-7.47609 -0.124937
-5.3978 2.74211
-2.11638 2.66855
1.6187 2.08003
-0.571885 1.14444
-0.993955 2.19542
-0.556246 8.64113
1.03472 -2.08262
-3.13299 3.09751
0.0433046 -1.94151
-2.36392 -4.91095
-4.93447 -0.206189
-3.72655 1.18133
2.9155 4.88467
3.26765 1.97517
2.49497 -1.76229
3.66916 2.90764
-2.13524 -3.37943
2.82843 1.75736
2.48661 -0.315495
-1.32321 -0.580808
-2.42508 2.11525
-0.57282 1.99392
-3.65601 -0.513328
-3.97959 1.84228
2.02699 -1.3825
1.71627 1.51016
1.37603 10.5643
4.49971 0.528291
5.40247 1.48118
-0.752131 3.04386
-1.4053 2.16395
-5.24578 -4.86184
0.614532 2.07128
0.350512 2.48096
1.46711 3.63104
4.77586 5.60282
5.91513 5.33485
-0.179625 14.2691
-0.654731 11.6243
4.10776 4.17933
-11.7616 -0.607261
-5.30503 3.63027
6 -2
4.11601 9.67181
-0.492187 -1.19495
1.67744 -38.2735
2.12606 6.32944
-1.53385 -8.91844
10.2522 3.33165
-7.3817 3.1675
0.572538 5.25742
2.26738 3.10077
6.29892 7.48511
12.3282 2.87812
5.62881 -4.26539
3.22409 2.21598
6.54766 -8.7708
0.543671 -16.7837
2.96945 -12.168
-14.4089 -4.54248
-1.31883 -4.90648
-4.1292 3.91727
9.87079 9.89529
18.9436 -2.49883
1.85843 1.18071
-4.86899 -17.9457
-5.34513 -0.956309
-15.8995 -4.82843
-9.78977 0.101019
-9.8086 2.61158
-8.10466 14.4031
14.644 13.683
-22.282 -14.3472
6.02292 -8.6118
1.07784 -1.22406
-13.3263 -1.57115
-2.72654 -7.72324
-9.19492 -11.3099
-9.54832 -1.48014
5.73285 31.5919
34.0729 5.25401
45.2545 30.3737
27.4157 -11.4063
61.9976 15.7176
69.8711 -25.7422
-5.27513 -68.8093
121.177 -27.9183
-127.637 -55.6178
240.445 -116.836
-63.1703 -196.449
-450.45 56.3958
141.103 -1592.78
