19481 23364
-2650.58 -6583.15
-120.869 -7.06441
-25.6002 -283.314
317.234 6.58232
27.0078 -121.446
14.4154 -106.768
64.0068 -87.3908
2.1044 -10.6614
92.8506 -56.9209
21.2897 6.03498
-3.28857 -26.934
-17.8454 5.29141
4.85437 -2.7092
-8.39435 -27.5796
2.26774 6.56752
-13.8637 -18.3997
13.5425 3.48138
1.83349 -5.9288
-8.82499 -21.659
9.15453 -13.9976
-2.627 -6.41493
-3.48852 -13.5329
-1.13591 9.99378
-2.312 -5.65171
-6.82843 -7.24264
-2.93162 -11.2791
-13.8311 -8.99353
-0.682282 -1.58136
-0.122046 4.6577
-2.33561 -3.80177
10.5983 -2.85208
-1.5383 -3.49322
1.76628 -10.0471
5.09035 -8.2309
3.27959 -4.09531
5.42139 32.386
-1.42776 -3.58249
4.38792 6.00574
0.607554 0.812216
-11.1127 -6.18233
-2.1055 5.02707
-4.07724 2.3214
1.58975 -3.64059
-5.87077 1.48806
-1.79902 -5.07897
-3.79283 0.191032
3.77444 8.86835
-5.18733 0.292375
-5.36457 6.53598
-9 -8
6.99535 1.52821
-3.15161 -1.28353
-0.313952 -5.49097
-1.24952 2.91769
-8.84526 3.87521
-4.37019 2.61763
2.13907 6.309
-1.64731 -0.191269
-4.57913 3.35377
-0.0954807 2.58335
5.61496 8.15369
0.778497 1.53526
-0.895173 4.29806
-2.55638 -1.45982
-3.51914 -2.45285
-4.20277 -0.320636
3.79486 1.96293
-4.33745 -3.71225
7.25534 0.12377
2.30116 3.48868
-8.40558 -14.1674
0.87274 -2.62782
0.643842 3.19283
0.653997 6.85741
3.41421 -2.17157
-1.94716 2.94679
-1.53275 1.10198
-3.41795 2.09378
-3.5762 1.80874
0.547114 -1.01188
0.571714 4.49352
1.88319 3.23158
2.69404 2.09975
-1.28989 2.5778
0.0538274 0.394781
-4.99013 1.03186
3.5312 3.65866
3.34056 6.43575
0.331075 2.83694
3.27262 1.05519
1.05087 -0.599035
0.275614 3.00781
6.67261 -5.24274
2.32901 1.13561
-4.24829 -0.211537
-4.42258 -8.40177
-3.9542 -0.205814
2.88593 6.46833
3.85618 2.58586
-5 -2
5.31729 -1.42196
0.273824 -3.15412
2.88484 4.39142
5.90355 2.05295
3.13685 -5.93812
3.74834 10.7371
5.30674 0.336857
0.79308 0.836908
-0.564028 -2.8891
1.25543 -1.05246
0.845109 -4.5667
-2.08709 -0.605299
0.699982 -0.468769
1.05933 4.58836
-1.29138 1.24302
-1.40238 1.29618
-3.55341 1.59765
-1.90885 -0.522323
-1.98548 1.3103
-0.456944 4.86598
5.17404 5.02064
-4.34729 -0.905
-0.84983 -3.16557
-2.21212 -2.05584
-1.17157 1.24264
-5.41071 -1.94158
-2.10314 -3.3721
-0.404599 6.5368
-9.10137 -2.91775
1.90858 -2.2696
10.2139 19.1019
-4.33945 5.9926
3.63502 5.35468
1.50254 1.0831
-4.0493 5.88151
-5.14221 -1.43174
-4.71623 0.803134
0.140685 -1.57755
1.33805 5.56383
2.53317 -4.02104
-2.49624 -9.0344
-0.749628 -1.25628
3.97853 -1.81597
0.0962308 1.18654
-2.63741 -0.438753
0.949147 -2.11389
1.86575 4.56589
4.84953 2.42072
-0.258692 2.1665
1 6
-7.75945 -1.22603
2.61835 -3.62816
5.73133 1.31212
2.02967 1.61342
1.14117 9.73191
-7.59974 -2.32882
0.086415 7.32665
5.75912 3.70701
-6.04671 -1.13652
0.0224969 3.32823
1.09307 1.41535
3.02881 -3.56503
3.44978 7.96598
4.17919 6.54048
12.1222 -4.61007
-0.0617118 -30.7906
-3.203 -5.47052
-2.06069 -5.97248
-2.35659 -1.03034
2.52912 -1.82057
5.414 0.864339
7.30931 -7.49319
2.32603 4.67672
4.70993 -8.44317
0.585786 -7.82843
-6.70899 4.60759
0.657832 -12.5977
3.63593 8.3911
11.7959 2.74272
13.4078 -7.56471
6.54067 11.193
-5.30224 -6.62547
19.4551 -10.4229
1.01561 9.15057
3.63493 -14.4302
6.96773 3.01952
6.35232 2.28098
-2.65846 -43.3069
17.1707 -8.68366
27.779 -59.6345
74.9152 -33.418
14.7026 -35.547
-31.2791 -37.9553
59.1687 -26.0516
-162.254 -52.9923
143.275 -234.605
-92.3209 -26.0165
-500.39 110.913
-388.23 -1385.95
