21791 19841
3512.53 -5156.95
-2504.42 297.689
-15.5064 -426.967
312.357 -1054.3
101.983 -63.6663
-165.556 -79.1185
-78.896 -131.739
34.3814 -24.6088
-35.2836 -2.33006
-58.6682 -66.7706
-7.05905 -103.105
-13.3565 45.3801
-44.1044 -37.4008
-52.6035 -57.2324
-5.3888 -2.53143
-28.6123 31.1434
-28.1131 -9.51442
-0.837384 11.3107
-1.39642 -8.17527
1.23851 7.07289
-33.6706 -23.9765
26.7149 0.894089
12.3573 14.4226
-7.0822 12.2109
2.29289 10.1213
-9.76287 -4.94839
-10.2874 7.52965
-12.5121 -6.88312
8.42085 12.1768
-21.311 -5.22351
-9.06464 3.31473
-13.8387 5.81089
-1.44687 -6.17484
1.21478 2.79867
5.78648 -4.18929
-4.00284 3.95494
2.81803 -2.73522
9.88364 3.81963
4.08655 9.07154
3.46058 -4.27819
6.11922 -3.58702
0.274677 -9.52231
1.74242 1.44501
-1.25258 11.8855
1.73868 3.32566
-3.62697 0.843284
-5.35534 2.09386
-0.498339 -1.84065
0.676445 0.599632
-2 2.72005e-15
5.00871 2.06465
-0.943495 10.8384
-2.1198 2.82823
9.89881 9.68451
9.35257 -2.99597
7.68752 -23.6278
-18.889 -1.11989
3.06202 -2.54988
4.28287 -13.4919
-4.03466 -0.315581
3.05885 1.3796
-7.37897 -2.19771
-0.478532 1.19949
-3.59958 -0.255278
1.06289 -3.51203
-14.596 0.0731263
-4.39375 2.80598
-3.3445 -4.35406
1.98623 -5.35912
-1.28578 -0.561713
0.0913416 -2.62441
-4.57074 6.56621
2.5298 0.491724
-1.21808 -3.50238
0.87868 0.606602
0.3811 -8.18938
-4.00351 3.63837
-0.321562 -2.66268
-1.69463 -0.321139
-3.72597 5.23128
-0.201885 0.677574
-1.5609 -4.53793
1.45011 -6.91094
0.67175 -2.62774
1.30123 -6.64718
0.999929 4.78137
-1.07613 11.434
-0.889129 6.78281
3.93075 -1.87331
-0.984272 -5.38845
13.0487 -4.2337
-10.3387 0.306913
0.856815 3.64102
7.0116 -9.10213
-2.69503 1.29032
-3.74445 -7.3748
-1.45334 1.27294
5.63994 -7.00804
-4.89264 -3.16685
-3 -3
-2.82712 1.77934
5.41092 3.89953
0.0457059 -5.55719
2.09842 3.3454
2.02987 -1.84403
-2.11789 3.56229
3.59672 -5.00006
-0.320055 -2.13479
-1.7138 0.693917
1.85294 2.81023
-0.190635 5.8934
10.2383 -2.17238
1.09169 1.10728
-0.396419 3.5196
-0.0625173 6.838
0.214162 -4.33064
-2.21797 5.03744
-1.21265 3.80106
3.2959 2.33591
1.25383 -2.37718
1.88547 -3.6133
-3.71624 -2.53815
4.67615 -2.51001
3.84475 2.30992
3.70711 5.87868
-0.230097 1.87566
1.29587 -3.34994
-1.3118 2.89027
-2.27779 -0.0698267
-5.54874 -2.16726
9.93396 10.2904
1.82407 -1.41147
-7.8663 2.32679
-7.24934 -1.56668
4.92722 -0.615729
-3.18194 -2.41896
-0.448484 -1.63081
-1.75828 -3.4849
1.62102 -3.09637
-5.38175 2.93362
11.0279 -5.25467
5.06568 -9.19945
9.48539 3.79686
-6.02515 -4.06436
2.67814 5.24041
-7.2331 7.26484
20.146 -3.33883
9.11682 1.27183
-2.25424 10.2101
-14 -2
-2.39434 0.969199
5.16906 1.21722
1.18911 -4.32617
4.5724 -7.71841
4.65258 -0.684802
-6.46362 -1.77533
-1.38022 8.14309
-0.313374 5.89514
6.57405 -0.0771327
3.01155 0.42409
9.33481 -2.5032
11.6615 8.3568
-1.46496 11.0756
0.0884412 -3.181
-2.76795 -3.63959
-1.7396 -8.44878
-7.09395 7.59792
-12.3952 -13.0341
-0.839261 -7.17096
-22.7988 -0.673686
-2.31628 -10.2236
-3.79594 2.80489
1.9666 -2.5935
1.92999 8.52163
5.12132 -20.6066
-2.07901 -8.95092
12.6868 -4.58351
17.9953 8.63744
0.0955899 22.4566
16.1779 -6.69093
-1.26225 20.4397
-22.872 -41.2488
-18.3812 3.57736
19.0879 -36.4666
5.97427 -25.2569
6.23937 10.4915
-34.8613 37.0673
-53.3052 8.54268
-9.57248 -21.5467
24.7438 -60.025
138.01 -54.5397
14.1659 -85.1525
53.5764 82.3641
-13.0452 117.107
-162.572 162.889
-23.8627 -298.111
396.261 -1224.49
1406.19 -618.239
-1644.04 -1162.01
