20686 19422
4034.68 -5342.95
-2315.23 451.674
-50.3773 -332.712
81.3045 -1010.76
282.578 -301.572
28.4467 -42.4409
-205.404 -142.404
74.0132 -41.4115
26.2241 -10.6058
4.67136 20.8098
-112.597 -39.4809
9.53959 -83.0271
-0.751772 -32.3414
-41.2774 -0.954515
0.832098 -31.2334
-9.84356 -30.0896
34.3056 18.1934
5.4457 2.33743
-20.6348 2.85983
-19.1468 -17.0475
-7.5969 -5.21267
-33.2472 -35.1259
-15.8907 -28.9754
22.1786 -3.23885
7.94975 -4.36396
-2.6435 5.86178
-16.1697 -3.39566
-17.4365 -16.3542
-16.6162 -3.90405
-20.5991 -0.800313
1.24062 -5.1703
-0.322795 -1.93876
10.0229 -14.6959
-8.57223 1.97956
-10.563 -2.01373
4.24617 -17.2964
-2.16628 0.888723
-11.1087 -2.00637
-15.2822 -13.3196
9.50712 0.601689
3.70802 -0.353102
19.0916 5.22506
-6.54295 -9.4949
-6.67864 -7.33777
-3.57172 2.08963
-13.2172 -1.38781
1.13509 -5.79219
2.01214 -9.49278
-3.19117 2.7661
3 -5
-2.19704 -2.35382
-1.46462 -4.31654
-7.80792 5.05665
-6.2962 -2.43742
-1.02557 -1.69723
-0.546479 -0.639084
-6.9094 3.25835
0.733358 -1.36175
-5.06199 -6.30571
4.36122 0.0863114
0.320092 3.75124
-2.35909 3.62205
-2.26257 5.81112
-1.29333 10.1365
3.84283 12.4038
10.683 -5.0256
0.360866 0.784069
0.164233 17.8013
-8.2361 10.1885
-3.26812 1.95937
-2.70655 6.27151
4.89391 -0.553731
-0.0616083 -6.20869
-1.78502 0.493212
3.12132 -13.7782
-1.33451 -0.975595
-2.41981 0.974156
1.44824 -6.7959
-4.58476 -0.456988
-7.29271 -0.211706
-2.79978 1.41779
-6.08044 -0.337676
5.14122 -2.23677
2.30137 3.6458
-1.83014 1.70241
-6.46915 4.30768
5.16585 1.13978
-1.2082 2.85702
-1.48307 1.527
-1.76153 -1.01146
1.1945 -2.19013
5.232 10.9427
-0.799202 6.75769
-3.61593 -1.71885
-1.53922 -0.0462556
-0.301471 6.67238
3.12213 -2.80726
-7.9088 8.36494
3.64833 -1.83385
10 -8
1.47377 -3.47433
1.30929 -5.25454
-3.33575 -1.79607
4.71818 -0.295606
-4.00554 6.8037
3.51176 -5.63536
-2.11306 -1.81879
2.88424 -6.6285
6.24344 1.63965
3.0488 -2.07412
3.99676 -8.68163
-4.14128 -1.86607
-3.44561 3.90219
6.55282 0.288942
-0.139819 -4.43139
2.1743 -7.49701
3.1428 -6.0667
-10.0531 -3.75453
1.52964 4.83553
-7.74173 0.0658083
-5.76674 2.11249
5.5766 1.92605
-8.26531 0.322985
-2.95369 2.53038
-1.94975 8.36396
5.45889 4.88909
-1.34276 -0.721463
-2.50222 5.00938
-7.81141 0.954827
3.74289 -3.88503
-4.01123 4.89693
1.83182 -7.25849
-5.72595 1.76727
-2.90136 6.32838
13.3134 4.73424
-0.936984 -3.61221
9.81617 -17.7372
-0.757053 -1.14392
-6.47174 -10.0966
-0.618575 -1.8158
2.85792 6.89491
-0.855098 0.145389
-1.27643 6.15718
-0.411159 -4.12506
3.27518 -2.42953
-0.561744 6.84757
-10.2337 -9.19458
-3.91701 -1.93842
1.75964 2.01825
5 7
1.29637 2.55494
1.57254 6.59099
7.6624 -0.0727118
-9.53958 4.66114
-8.47212 -4.54906
-0.240658 0.160504
-0.945305 0.0329817
17.7809 3.06992
14.9221 9.4355
4.52732 -7.45579
2.00635 9.36875
-8.02684 -6.3613
-11.9152 -9.6518
12.2445 -12.9501
6.44662 -12.6118
17.7877 7.5923
-4.7454 -0.13898
7.27916 -7.7423
-13.1282 0.808674
10.3473 -0.913346
-10.1782 4.60739
-11.1829 22.3308
6.10927 2.08808
0.984969 -21.1942
-1.12132 1.77817
6.94124 -7.35623
11.3871 14.6186
-4.41601 27.3822
-10.1092 -6.92494
-19.5958 -18.223
-36.3238 -18.5033
39.554 12.7997
30.4154 -26.6239
3.14241 -13.4603
37.2652 -10.386
-34.6041 17.6669
-45.9006 6.28239
-37.9051 15.3428
24.5533 -61.5958
55.8185 -66.0849
48.8992 9.71247
109.756 -120.444
-126.383 139.93
28.5336 125.157
-164.406 -8.76318
136.191 -601.412
740.977 -914.388
1228.63 -259.684
-1769.34 -1933.9
