17981 19558
4140.77 -5246.75
-2242.5 488.762
5.4261 -449.994
60.922 -1060.11
273.214 -218.688
-31.2788 -80.8119
-152.979 -100.881
20.8866 -50.7076
42.5795 -16.9545
-57.3352 -24.6942
-118.784 -72.8339
13.913 -97.4197
-17.8558 -11.6329
-49.4402 22.9811
-36.9941 -39.758
-39.2547 -30.6433
-5.40855 4.56011
-33.0496 1.65162
-15.9212 -1.03354
-7.04988 -6.5594
20.502 -8.9456
-19.1651 6.2409
-23.8281 -4.71173
6.56627 -6.08346
5.82843 30.7279
10.0509 4.82547
-5.45652 -5.70449
-6.10327 -12.791
7.76177 11.9465
-12.3512 -5.14329
-2.81203 -10.0478
4.94021 13.8469
3.15516 3.23461
-4.02763 10.0669
-5.29744 -11.4327
5.63616 -1.02613
-10.7151 5.06931
7.42131 -14.3176
-19.0579 8.31858
-2.26388 -3.69572
19.0059 -9.39837
-2.45889 -10.3145
4.3826 -8.36392
-6.03247 -6.82197
-5.43093 2.53279
1.81396 8.60269
-1.81421 -9.64353
3.92127 -7.91233
-3.45911 -6.60342
-3 -4
-1.23436 3.24546
-2.59784 -3.24964
-14.3499 -5.6085
-6.61678 0.877786
5.35827 -6.48769
-1.81883 1.84921
-2.86932 -2.5291
6.55476 -2.67774
-4.79854 -0.920896
-6.49704 -5.33865
4.01415 -0.059971
4.31633 -1.50158
7.48017 7.55366
7.45114 1.02877
-4.01522 2.76462
-3.65323 -3.00498
-5.37404 1.32628
-6.57311 0.619846
-0.440099 -4.83423
-0.898028 -2.62064
0.968792 -7.68394
-0.985742 -1.37512
-2.49084 -10.9756
-4.72832 2.40282
-5.82843 8.72792
5.47191 -5.62266
-0.211069 1.04027
4.612 10.1293
0.467136 3.02257
0.757368 2.34458
8.73284 -2.0496
-0.894497 -1.70363
0.300075 2.13239
-5.70683 -7.3651
3.79881 -4.10736
0.381539 -3.60376
5.09774 -0.844752
0.234006 -3.22179
3.15239 -0.262895
-1.55336 4.45808
6.31567 1.70986
-1.35617 0.967869
4.26095 -3.12886
-1.63382 -3.56676
-3.2942 -4.65835
0.99061 -4.53603
-4.41391 3.86891
2.29057 0.691228
7.32738 1.70181
5 2
-0.504909 6.37732
3.29469 -0.686494
-7.34449 1.47983
6.35865 6.78894
1.45283 2.96204
0.178807 2.61263
6.34238 6.26033
-2.68367 0.970061
0.046413 -0.809078
2.48451 2.30272
5.47757 -3.01639
1.85721 -4.51126
1.81267 3.30692
-3.92193 -1.40703
4.99208 -1.20207
0.749668 -0.442411
-5.98758 1.29698
-1.81177 0.787715
3.88941 4.14599
4.00656 0.891491
8.38148 -2.22177
-0.386551 -2.66851
2.37746 4.11119
-1.95627 0.362705
0.171573 5.27208
-2.86393 -5.18498
1.3755 -1.87497
-7.73133 4.68729
-2.37236 -2.29147
-3.51849 -8.07372
3.06931 1.68114
-5.35178 -0.54766
-6.08923 3.15917
-8.92854 -4.32406
-5.75629 0.0583882
0.180845 -3.7939
7.61924 -10.373
11.2676 -8.68986
5.71924 -0.0424182
-1.79476 5.51899
-11.3015 2.50834
6.98389 7.12306
-0.826635 -1.55388
-1.48652 -0.280674
11.4005 4.44501
0.130494 -7.23521
-8.95628 -2.58465
-8.54827 -1.68079
-6.95698 8.05977
1 -1.11022e-15
2.27655 7.4401
8.83612 11.7612
-8.18259 7.11537
1.77353 -8.25718
2.38336 1.62934
-0.963131 -1.56738
-2.61044 10.3033
-2.78855 0.418597
17.7858 -3.77028
11.4999 2.45965
6.57823 -15.9341
-10.0345 -7.35912
-3.10862 -9.3711
-18.87 13.1228
14.6681 3.56865
10.3518 0.671489
8.53482 16.4824
1.67432 -11.7273
-2.01918 2.05763
-19.593 -7.69021
-5.77314 8.27672
-4.65891 -0.15679
7.34171 -1.38077
28.4026 3.62889
-0.171573 -16.7279
-6.51431 20.229
-8.46753 18.4425
5.16636 0.742924
2.11114 -11.2103
-14.6583 -15.6209
11.5159 -30.9172
2.37558 22.5287
26.5025 24.8777
-21.9159 5.16281
-11.0879 30.5218
-51.0963 -13.1246
-59.3273 -32.5965
-24.0237 -13.8098
41.9686 -10.7891
64.7647 -14.5388
34.455 68.1957
95.81 -50.5612
-109.144 58.6933
-95.6642 169.687
-65.3917 -150.149
158.733 -533.435
996.654 -706.591
1399.57 -124.993
-1710.29 -1813.28
