21174 19966
3937.66 -4695.88
-2612.18 -24.633
18.1996 -467.487
582.316 -945.995
69.4733 -44.6722
-80.1369 -216.243
-63.0328 -183.383
-42.2103 15.91
-87.6035 -2.46482
14.8243 -91.8639
76.5961 -67.1944
-28.6499 10.1762
-43.7443 -70.7281
-21.5025 -84.4735
2.64411 18.5244
-4.21499 -17.7896
-24.3923 -36.0572
-15.4985 7.07529
-8.30182 8.73544
-1.78492 -46.0993
-11.8496 -45.8901
-21.4206 19.5925
-20.0175 18.5129
-21.094 4.92074
-0.414214 8.65685
10.0021 -19.0563
-6.19562 -19.6333
-0.278023 -24.5087
-17.1162 10.4964
-7.84162 2.68549
-16.8395 23.7404
-2.2974 0.479101
-15.3231 0.924573
-2.32012 -7.69351
0.503854 5.96597
-3.58385 4.90334
-17.4636 8.24427
1.70539 7.91015
5.23663 1.46184
13.1309 -9.87956
-17.7814 -0.562573
-5.1707 6.90141
4.47464 -15.0821
1.80298 -5.71756
7.69047 -8.67349
-6.63899 -4.3386
-1.07535 -0.775989
5.17987 -1.49545
-2.34958 -7.30383
10 -2
-4.78119 3.70227
2.21503 -6.49888
-2.85386 -3.39584
5.06252 4.05783
0.421628 2.55947
-0.325084 -5.00931
-3.58864 -1.63203
1.94424 2.51297
2.99954 3.76086
-5.49103 -10.5489
1.22687 3.63627
8.51344 -3.19187
0.801307 2.26168
2.47054 -3.12924
6.29938 0.644756
-4.92218 0.627679
-0.00658004 0.817973
-2.49385 -2.72067
-2.26872 0.219672
-1.68625 -6.03302
-4.55215 -4.18401
-3.12744 -0.481689
2.43923 1.30937
7.29258 -2.52108
-4.75736 -2.65685
6.14893 -3.5314
-3.19735 -2.59689
-4.10062 -10.907
-3.35611 7.1942
9.74534 -2.13908
3.48472 2.0336
-4.14842 9.30451
-1.11087 5.3552
-2.15944 0.816505
4.34752 1.28321
1.36849 7.71306
-0.612503 7.46818
-3.72741 0.464446
-1.42097 3.20762
-10.3522 -1.32955
3.29477 -1.85558
9.59224 1.6897
3.43986 4.05759
-3.53107 1.11702
-6.50291 2.43856
4.69663 4.66146
1.91344 -3.66941
4.16937 -1.1387
7.46267 8.3355
6 2
-2.15266 -6.6083
-1.81429 -5.7513
0.315932 5.79108
2.42951 -3.75492
0.166483 -2.57075
4.15059 1.96574
3.33495 3.02074
1.37249 -8.79429
-2.21838 -5.57236
-8.50953 1.13986
-1.06624 -3.29375
4.42967 3.31391
4.30218 2.5429
-3.39407 0.586246
-11.7055 -1.14158
-2.9149 -3.05495
-2.14054 -4.05591
12.2059 -8.79331
-1.14376 4.80657
1.34483 4.46532
2.59604 -0.124961
-9.43224 3.19641
0.531613 -13.3173
-5.0901 -3.77885
2.41421 -2.65685
9.3681 -6.16759
5.85396 10.3077
-8.89583 2.22692
-9.66819 -1.5509
-7.38738 1.6582
-1.54339 -1.45147
-3.10601 -3.60361
4.19839 -0.472003
1.57652 4.59544
5.57069 -6.07018
-1.64815 3.30941
5.51786 -2.83084
0.223584 1.66418
-5.27388 4.07938
-2.30734 6.05553
-3.54664 -2.8815
10.6042 -3.47587
1.51317 -6.93457
3.57517 3.98548
0.73865 0.0278641
-4.12475 -7.21593
-8.9238 7.77473
4.59122 5.16287
2.90269 0.00950432
18 -2
3.40847 9.96261
3.75991 -2.02448
-15.0605 -0.581532
-8.19247 -2.38783
10.5963 -1.62541
8.53909 5.92914
4.79065 2.48316
9.2384 -13.4763
9.87601 2.57293
-13.2211 -3.44668
2.9844 0.564578
-7.93873 8.37685
4.57907 8.28005
8.81966 16.6405
-2.10568 9.1127
2.71458 1.15954
-8.15457 -18.8879
-8.59502 -6.36029
-10.8866 -14.5934
2.91524 3.53529
-1.31218 10.9651
12.8211 15.6583
11.795 1.89165
15.1036 5.28531
-13.2426 8.65685
-21.9751 5.97171
-9.66633 -19.8216
-8.78211 -15.6206
21.589 -5.27853
18.5833 3.59269
21.7817 4.50642
-26.5998 3.60943
-30.2803 27.2028
25.8068 7.28514
11.3899 -31.1521
23.2551 9.32701
6.80641 26.135
26.7879 28.8086
-1.09713 -33.9154
-9.96261 -35.7923
48.942 -54.4139
-44.2374 -67.4833
61.4328 53.8277
150.066 68.7286
-83.5282 103.349
-56.7305 -336.582
284.927 -1166.77
1623.28 -608.221
-1588.24 -979.072
