22774 20136
-4855.95 -4118.34
2168.54 -427.822
220.399 -154.072
-137.328 -1030.84
-295.367 -123.559
19.8656 7.9581
37.6161 -177.579
-22.36 -73.6424
-40.8635 -2.59971
-19.0402 -32.3448
0.194468 -152.688
-38.2155 -55.4123
-26.885 22.3228
33.6589 -35.7239
-6.19698 -7.29363
-36.2745 -25.5787
-18.6383 8.16557
-3.56535 -25.508
-5.9839 11.7232
-9.37953 -14.2411
-8.13726 15.4067
2.29312 -4.20844
-23.9019 -15.0377
15.0918 11.3847
-14.7782 13.5355
11.6185 7.72478
-9.16847 6.66892
10.1724 6.91893
-13.2618 -3.20442
1.49634 2.80207
-7.54581 3.83337
-12.5408 -3.20768
-15.7584 -10.9152
8.29066 11.6574
-2.09443 -10.8578
4.06128 18.4429
3.71267 2.33656
-3.93421 3.74142
3.20369 -12.741
-2.23311 4.44095
-0.664339 6.39225
0.046867 -1.8284
0.257519 0.153333
3.39961 4.92736
-2.52162 -6.7857
-1.26982 1.74885
6.29851 -4.09339
-3.78665 2.73589
7.88597 -7.94903
5 -5
-12.5489 1.65847
-3.21743 -6.9935
-8.60443 -9.89384
1.90889 8.20522
-5.76043 -0.649458
3.18405 4.88378
5.89553 5.72064
-2.03416 6.49882
7.07308 -3.92385
-22.1077 -15.9717
14.3405 3.67886
1.87456 -2.46463
1.83021 -4.34287
-7.80867 7.55248
4.89961 0.568309
1.55135 -8.53267
-4.18845 1.05921
-3.72048 -3.89347
4.82444 -1.41951
-4.316 -1.38567
-11.3509 4.08017
7.83531 7.05388
2.13104 -3.59368
-5.74087 -5.25794
-1.12132 -3.05025
-4.13853 -0.150449
-4.82169 -0.587658
-4.52727 1.60454
6.48859 3.92843
1.68619 1.8123
-6.7277 2.53857
-0.883663 -0.268729
-1.04356 -6.55622
2.19047 1.33627
-1.62856 3.8081
-4.79518 -5.82201
0.138783 -10.3875
-6.72205 1.95751
0.750983 2.36597
2.33203 -5.54372
-12.555 2.07672
-1.40088 4.30449
2.56985 -5.26047
3.41156 -3.4539
0.0982466 4.16392
-4.90704 -9.50485
-0.133686 -0.474165
0.760552 -5.10156
5.30074 -3.52574
-2 2
3.00623 0.220957
-2.11922 0.788767
-5.74034 -3.09821
2.18408 5.09321
6.13761 -8.76588
4.1798 7.1794
-4.42191 2.24339
-2.22688 -0.518935
-8.62164 1.06869
-0.279436 3.04349
4.28143 -1.07378
-5.5055 0.707379
1.72888 5.45782
-0.209185 -2.84541
-5.46261 -4.87156
-5.46521 -5.11339
6.10315 0.128757
0.282701 5.20748
7.57885 4.46712
-5.92226 0.187701
1.25304 0.886706
0.357094 10.9937
-2.00866 -3.12784
-2.92339 2.24818
0.778175 6.46447
0.255114 1.59942
3.62785 5.09301
2.29264 1.20872
-3.52647 -4.79227
2.32984 0.654627
-3.37417 -2.94749
-0.615205 -5.16118
5.02124 -1.25266
2.73143 0.041689
4.49164 0.619786
1.8454 -2.33936
0.883506 -15.8866
-0.467716 -8.69384
-2.26436 -10.9478
7.98308 -0.0282766
5.92775 -7.72465
15.311 14.1561
-16.5955 -5.58867
-4.84687 4.80257
6.82286 14.7928
10.191 -0.976811
-4.70003 2.32285
-3.98051 4.0082
-11.9365 -0.421069
3 -1
6.38627 3.15723
-4.67703 11.3665
6.9248 -0.872198
6.66431 -6.11939
1.44548 8.94271
-2.28181 -0.483682
1.57315 -4.59157
-7.1179 12.4532
-4.59361 -5.8266
2.46917 -2.44095
13.142 6.69302
-5.74886 -2.02365
0.728266 4.55825
-2.15591 -10.1156
-6.21802 7.89734
7.52018 -6.77996
-4.7703 1.4294
-8.3368 -5.22329
-9.32867 -4.64607
-5.62164 -2.76608
-8.98137 15.7088
-0.767123 -3.36616
3.12825 -5.85932
20.7303 -8.60946
3.12132 -12.9497
7.04294 -17.8269
-22.239 15.7067
-14.3123 6.6062
1.81737 -5.54172
35.5041 -1.75888
11.2388 -13.6678
-1.54999 -13.0312
-9.78999 -20.4006
-32.8719 21.2544
-18.125 2.04436
60.5974 38.4461
45.7268 -2.58798
23.9058 9.75394
37.6617 -9.17654
-24.9009 -28.4599
-89.6987 18.9535
41.1616 -32.6778
65.3449 172.432
100.167 25.8723
151.479 -84.0539
504.707 -349.888
-528.951 -998.393
-1034.53 -327.411
2046.28 -1327.03
