20680 19203
1272.78 -6621.51
-1408.3 1665.35
126.841 -534.817
-669.776 -900.244
62.7113 -491.977
67.4899 15.5116
-129.127 82.9911
45.6732 -54.7917
0.279241 -104.2
-2.50421 -100.879
-74.1904 17.1006
-65.9879 -53.2226
-25.9291 -36.9561
64.6429 -27.6177
-19.7899 24.9435
-3.5198 -35.4308
-23.817 -48.2573
-40.5379 -18.6333
-2.17505 7.74025
-43.6887 14.6865
-13.7229 -10.8718
20.9733 7.87662
16.4242 -26.576
-32.9915 -10.359
-16.364 -16.6066
-2.79197 -10.1891
7.44988 -0.308242
1.21252 -14.7373
-4.08905 -8.28409
-4.26164 -10.4609
0.578535 4.76125
-2.41728 3.9639
10.1372 10.7404
-10.5133 5.38741
1.96361 2.2891
8.42271 7.08947
5.29184 -5.83812
-4.48869 7.16914
-4.7918 3.84455
-1.75325 5.05899
3.92373 -0.0479089
-1.37801 4.54315
-7.90895 -3.80294
0.664231 -1.21467
-3.22233 -1.24133
-6.92711 4.52258
3.66804 8.88058
-2.5347 -1.3883
-0.921174 3.69081
7 2
4.70368 -3.04354
4.44515 2.04743
1.93803 10.2361
3.44783 5.66944
-6.34277 3.42156
16.0853 -4.67821
-0.803384 6.39637
4.68345 -18.3337
0.172572 8.92606
-3.15285 -5.44938
-11.4205 -10.4476
0.431972 -16.5806
5.68167 -7.4722
-8.2765 -3.87723
-8.06924 0.81008
-2.55486 -6.9116
-7.0715 0.0310391
1.69249 -0.132822
-6.73137 -5.85261
-4.84169 -3.68499
3.33319 -1.93816
5.94161 -1.06629
-1.38654 3.65066
-3.51337 -6.43139
-5.53553 -0.363961
-5.10833 -2.24771
-2.559 3.78399
-7.64598 -9.30527
-5.66191 -4.44642
5.12866 0.194265
3.69672 8.41262
-1.77426 4.27538
-3.86972 0.750238
2.94577 -12.023
11.1628 1.33431
0.439587 -2.99267
6.28867 -8.13386
-3.02469 11.9696
1.77889 -5.42403
-6.58596 -11.3488
-0.0897294 -4.39712
0.367452 -1.3112
1.925 5.39406
1.89886 -1.44947
0.538862 -2.8362
4.29479 0.779023
-1.63546 3.26861
-8.2382 -6.80928
-2.61536 5.31758
0 -3
-4.2643 -6.1867
-0.67828 4.57831
-1.75763 -4.23092
8.24725 -3.00785
-4.45234 -2.09517
-2.48365 3.06752
-0.737265 -6.72247
5.66018 1.36878
0.362752 -2.96268
2.42973 -0.691972
-2.93437 -6.35035
0.882334 -5.84621
0.352935 2.60649
1.49392 -0.096659
9.72394 5.14085
4.68126 0.433516
1.88201 -2.94539
-1.78014 9.10529
8.70462 8.15649
-0.128656 -1.43033
-2.19985 -0.402118
-8.88394 0.608072
-4.58151 -1.56551
-6.5153 -4.89698
-3.63604 4.6066
7.86851 3.7194
2.11157 2.59657
2.56276 -0.0190118
-7.01464 -4.83671
-4.15923 1.10784
-0.441254 1.17317
0.869323 -3.95986
-3.29258 -1.99729
-3.46083 0.990863
4.26645 4.88892
-11.4726 0.80179
-8.88211 6.1074
-6.41339 1.78043
-3.79689 -2.27751
11.166 -6.73096
10.5916 -7.6927
-13.7297 -12.5789
0.877214 3.05064
4.49616 28.6433
7.32405 -10.8347
-1.7188 4.28108
10.8623 8.53968
0.239061 0.659178
6.9985 1.75903
1 -10
-2.85702 -0.615375
1.99357 8.67254
4.05084 -1.95758
-3.69526 -5.65632
-5.97089 -0.772532
-0.751685 -0.634998
-10.1851 1.3058
-0.0837569 1.60397
4.6382 0.376775
6.75325 -1.82292
-4.84 -3.20961
-5.61343 -6.71988
-2.32016 6.88512
5.78601 -6.94331
5.41071 -8.13929
5.82589 -4.48338
11.8397 -7.32388
-0.716074 1.28482
-13.1022 5.11548
6.2494 14.1201
0.323224 17.3358
10.7716 -11.5943
-13.5032 -17.4335
11.348 14.1131
1.53553 12.364
-1.5432 10.4815
7.3924 8.98822
-2.90133 -11.0782
-16.8078 -1.2113
-24.3245 -4.50615
19.9739 -46.3595
-34.7054 -15.8347
20.3682 19.5203
8.32758 50.6395
9.13508 14.1427
-9.07135 -20.1548
-35.2009 -23.0624
-25.7694 -45.4854
4.57877 -10.845
75.6736 -20.1621
28.9706 -18.5169
102.992 -51.7712
-176.841 152.896
-35.79 41.7194
-260.389 -119.075
-88.8492 -647.95
419.208 -959.838
619.133 -214.018
-2374.9 -1171.17
