22333 20544
-4240.06 -4889.6
1651.16 88.4101
-3.5131 30.0201
371.518 -690.675
-146.621 -439.396
-250.011 -110.909
33.8004 -82.1027
39.7765 -8.40942
-36.6097 -32.4186
-104.355 -74.8002
-8.34709 -25.6905
35.1369 -32.5017
-0.579688 -88.1511
-20.998 -51.0331
-66.7538 23.3298
-13.2686 17.0479
-6.74469 7.45297
5.43425 -30.1302
-2.50252 -6.73909
6.76867 3.7504
-8.36873 16.4464
-5.2714 -14.1635
-17.9827 -6.84955
-26.2112 8.15747
-7.65685 -11.7279
2.04138 0.015421
-0.8244 -8.42415
-3.89177 8.13227
8.0774 -3.13123
-9.3447 -6.20828
-15.1425 -1.36355
-5.89636 -4.84917
-9.32917 1.41953
4.66363 -18.6085
-7.17693 5.92166
9.51638 13.2128
-5.42167 -2.30761
-0.883864 -2.26729
-11.9988 1.35856
-7.40685 -3.2835
-4.57225 -8.17127
9.82275 4.71278
3.85546 -4.46298
3.94874 -2.31767
-3.11066 3.00496
-9.92348 -6.88517
-6.1733 3.69264
0.913175 -5.35052
5.73393 -3.58721
5 2
1.53325 -0.63945
-0.780248 6.48439
6.52618 0.879132
-2.92181 1.84884
-1.97952 -10.1872
3.98349 -2.14781
6.25733 3.75038
-1.275 4.99538
0.58029 8.5267
5.53556 -2.34174
-3.88938 -4.48229
-3.58124 -4.99048
-3.60391 -0.0707591
-4.72825 4.85887
0.958765 3.99681
-4.00714 1.63931
-1.51161 3.41575
-2.39181 -1.75241
5.61333 0.778431
-5.47496 -4.71471
4.34986 -1.1962
1.97167 1.06525
-7.32256 -2.00747
6.62799 -0.924981
-8.72792 2.51472
-6.07228 9.31876
8.47169 10.4161
7.56057 12.6436
-5.88558 4.72989
0.478023 4.29563
-12.0875 -20.5229
9.16039 -0.712695
-1.27551 -7.50855
6.27602 -11.7141
-5.76243 -5.80997
-1.11821 -4.47963
-9.05115 -5.63827
5.42644 -4.52575
3.1853 -4.02432
-4.31034 2.6969
0.423386 -3.07047
-8.13566 2.72144
0.141504 -0.408244
-0.922828 -2.39833
-5.64957 -1.17369
2.15342 -0.285876
-5.27067 3.86767
0.978083 -2.33797
-5.74165 0.170711
3 -2
-4.47389 -3.89053
-1.50417 -0.161782
-2.7419 2.57364
-3.06396 -1.40215
-1.15716 2.65124
-0.836982 1.09142
0.805816 -7.79355
-1.09696 -0.276404
-5.16447 -4.14328
-2.69972 -3.72959
1.52244 4.86883
0.712524 2.27393
0.137582 8.55497
-0.652583 0.709991
1.4925 -1.76042
6.73339 -5.02932
-8.25208 -1.69551
-2.28206 0.796589
3.53056 -4.45612
1.37608 0.940435
12.8133 15.7248
-7.44127 -15.4545
-0.200593 -2.72943
-4.54854 5.541
3.65685 13.7279
7.78731 -2.5848
-3.2579 -0.467665
-2.52407 3.51557
4.26284 -5.67314
1.3332 6.52736
-1.28698 5.22418
-0.788458 3.05298
5.10466 4.92421
-5.44155 -4.30367
5.98237 -8.92371
-4.15663 -2.54592
-3.39404 -2.78045
-4.36884 2.31863
-4.57814 6.47545
4.08247 6.23028
5.26782 -6.73099
3.27507 -2.24638
3.7571 -8.0227
7.54402 0.104196
-1.42913 3.72972
-1.38983 -1.36825
5.76546 -2.55145
-1.90395 -0.799166
-1.1174 4.94983
7 -8
9.88613 6.81426
7.55663 -5.68947
-2.8806 -1.27862
-9.82028 1.61469
-5.07858 -3.64382
-2.04543 -1.85527
3.19996 -4.83747
4.32874 4.28044
10.6147 -8.69075
2.55275 4.04743
7.08334 11.9894
-19.501 -9.50932
-7.30733 6.48153
-2.1487 6.09564
-0.33775 4.0187
14.6271 20.6089
-1.333 4.83449
5.55087 -0.70001
-2.88853 -2.19221
-2.66757 8.57596
-7.72689 -11.4062
0.230487 -1.29052
-11.156 5.82287
13.0867 10.4148
16.7279 19.4853
-5.41526 -1.40394
-2.89271 -1.27477
1.0161 -18.7512
-7.92274 -16.7655
0.613299 -35.6389
15.0507 7.51848
-1.41897 38.9757
0.698118 2.68562
26.5317 -6.93189
-8.54048 -34.1955
20.4913 -18.1281
13.8635 -6.47453
20.7442 8.95939
-66.1579 -28.1654
-34.4806 57.6526
-34.0793 5.01062
8.14379 -17.7812
231.764 101.422
17.898 -9.58199
201.164 -185.563
134.7 -660.307
-760.062 -374.438
-524.387 -93.1455
2089 -1863.77
