16325 19922
-4549.6 -4854.18
1597.21 -343.468
-141.314 279.875
411.389 -540.243
22.6851 -601.889
-288.758 -168.179
22.6351 -33.1938
-35.6436 27.6225
16.0051 -32.894
-13.0589 -111.159
-43.7208 -102.031
-14.8995 21.5553
-5.34864 8.95493
46.0566 -73.2425
-47.7424 -26.9335
-21.7831 -11.5159
-20.0315 -10.5717
-29.5392 13.2845
27.6685 -0.979259
-22.6049 -37.6488
-12.8561 10.4697
-11.4286 2.88883
-27.4153 -17.6023
6.61469 11.1507
-0.757359 -20.7279
-11.0701 -17.2105
-4.75564 8.3903
15.4167 2.71343
-16.8583 -0.19108
-6.00371 -1.78419
1.6922 -3.76285
-18.9213 -9.86749
2.12577 7.52179
-2.74987 0.342148
-0.910093 -5.82527
-3.94744 6.49527
1.49402 -1.60337
-5.38267 1.10207
-12.193 3.42104
0.780221 -0.631418
-6.74016 -2.28466
1.85257 7.95792
0.834123 3.58826
-1.47087 6.6901
1.76302 -3.27992
-3.88642 7.55746
-9.80376 -13.0341
0.942786 -4.12532
3.90829 -0.932129
7 -4
4.68747 -3.91711
-3.57943 -0.68548
-3.8002 -0.0755857
4.4821 1.55527
4.70002 -2.45578
3.53235 6.73696
2.29614 -3.19939
-0.520107 -1.18754
-0.0270694 -4.27456
2.3088 -7.01963
-3.06805 -12.676
8.286 4.21958
-0.0410548 5.98774
-1.23776 -2.88514
1.02358 0.185745
1.51159 -4.02997
-0.0186234 -3.90739
-2.10697 -3.50267
-2.26401 -3.84339
-5.06517 -4.9929
-0.229279 5.43397
-3.62785 9.3681
-10.388 4.61289
9.17917 0.0187968
-2.07107 0.585786
-9.42739 9.03743
4.02982 -0.123584
-16.6518 -11.3353
7.7788 -0.558262
-3.6637 2.47449
2.08778 -6.1859
1.65323 -7.53737
-6.54211 -9.56438
-0.987089 2.10548
-1.52587 -7.25581
3.05588 0.428598
2.7546 -3.85934
4.51776 -5.97355
-1.02497 5.91456
7.5868 0.0211778
1.19097 -3.43905
-1.84502 2.26439
-4.92405 -5.65568
-1.07971 -1.32857
-0.463796 1.32383
8.50104 -0.418026
3.66211 -0.476312
-5.82499 0.16962
-0.532532 -5.9774
-3 -2
3.64103 6.5058
-3.36611 -4.31165
1.01052 -8.56696
-0.142003 1.91152
-0.211971 0.0452955
4.03579 0.348559
0.211905 -6.17691
5.00229 2.09539
-1.85327 1.08233
0.900843 -2.10676
5.25916 1.45852
-0.40018 -2.1789
3.11284 8.95634
2.70043 6.54754
-0.801936 -2.56698
6.05791 7.88861
5.24906 1.17564
0.864051 -7.77424
-5.8128 -2.60611
-7.19041 -4.85645
-7.23149 -2.73413
10.3048 -8.63084
-5.97417 -2.31196
13.282 14.0436
-9.24264 4.72792
-2.67463 0.445454
-4.33176 3.87167
-8.58285 7.93319
5.58225 -2.8748
4.17297 4.06724
-4.07395 3.72341
-0.099437 1.63639
-5.15786 7.38241
5.00804 12.296
-0.237489 -0.244733
2.46129 3.07809
5.4905 1.12051
4.66047 2.88738
-0.22026 2.83353
0.961713 5.05408
2.66644 0.564895
2.56754 -4.47797
-0.074033 5.83239
4.83425 -8.28908
0.235944 -2.44094
7.49151 5.22939
4.23832 -3.42512
-0.339602 -2.61803
8.21516 -1.84351
-1 -8
1.37928 0.169327
-2.76641 3.32212
-3.08733 2.55242
2.88196 2.06116
6.63987 7.48891
-3.97049 -4.32664
4.29902 -2.41635
-1.78532 -5.33758
0.190913 10.0207
-4.92612 -3.98662
-8.06919 -5.04534
-5.92754 5.83741
4.28581 4.75209
8.92511 1.43786
-2.21519 -9.53964
1.64153 0.257102
0.747665 -7.20251
-3.68334 -4.26003
-1.85965 6.92123
-0.70083 1.07053
-17.2072 0.3712
4.03259 10.7384
15.3494 7.88854
7.78539 24.8663
12.0711 3.41421
13.633 -14.7212
-16.3698 -2.75017
-7.87514 -3.75591
-15.5153 -4.09113
-7.66556 6.61435
-1.98686 16.1566
-2.12446 11.1474
30.2842 12.8174
14.7666 15.6815
18.2453 -49.8261
-3.96147 -10.868
13.0055 -25.1865
-3.66363 -35.631
-60.0441 44.9206
46.168 66.8838
-89.8614 7.56603
76.9846 12.4299
262.759 33.6838
68.9884 -137.996
198.816 -144.787
-287.768 -566.695
-489.414 -283.827
-277.61 109.223
1539.81 -2574.44
