20272 19623
-3719.66 -5697.73
1646.5 352.874
94.4348 43.593
527.498 -789.429
-14.5411 -511.608
-343.41 -15.9961
69.1217 -97.373
53.5141 -87.5057
-0.886238 -93.7166
-35.4602 -93.0164
-17.5057 4.14768
57.3032 -16.663
-65.5129 -50.6357
-22.1574 -38.9063
2.68714 7.98895
10.0375 -38.2798
13.7815 -17.2071
-17.565 16.755
-1.80606 -11.1861
-4.3123 17.2997
21.8785 -10.1689
-12.7385 -3.36974
4.44196 -3.75171
-7.48935 -8.97306
-24.3137 -8
-8.25001 -9.96908
-0.371318 -4.23609
-12.4199 -0.653416
-0.473302 -8.03131
1.21586 -0.119994
-8.13027 0.499628
1.11219 -6.45585
-11.8466 -3.70077
0.065576 1.92686
5.76318 -8.59995
6.55413 -9.928
-0.288573 -9.97815
-13.2454 -13.0944
6.02848 0.282873
2.2471 -4.00145
-10.6615 -5.04808
0.21775 -0.588537
-1.64697 -0.821943
-7.97231 12.7944
-1.75949 0.971669
-8.3353 -1.88132
0.213935 4.05169
8.06122 1.52376
3.44777 -3.51058
4 9
9.64575 -3.42467
0.0776632 -5.75355
1.31675 0.120035
-3.56171 1.359
0.742496 -2.06327
-4.34788 1.28747
3.49066 -1.66724
4.80352 -4.25358
-9.94061 5.6109
-6.94095 7.2724
6.57073 2.79632
10.727 1.60787
-15.8317 -2.24571
-9.87611 1.77324
-14.3753 -24.2308
10.3725 -0.319336
3.89835 1.13691
1.65101 -0.230101
-0.970596 1.3727
-8.74373 5.21829
-3.39738 6.70905
-1.87255 -4.53938
-9.06229 -14.6728
9.275 -1.21096
5.14214 -3.65685
3.78445 -3.22404
-5.34143 -7.9249
-5.89264 1.01653
6.52224 -2.30998
-5.57804 0.0216557
6.77208 -6.83894
-6.55633 2.69997
-3.1994 4.17038
5.20037 1.86569
-0.37792 1.88371
1.73314 -4.96619
2.08401 3.80671
0.524709 -3.13705
-8.31435 -3.44581
-6.1365 0.767184
2.47458 1.2439
-3.11825 -5.49537
0.150522 -2.70441
2.23005 3.66061
-0.515255 2.00672
-2.64375 5.69529
-0.646281 -4.80969
-2.37056 -2.04961
0.388106 7.27556
4 3
2.70689 -4.90329
-4.07529 -1.77216
-1.2553 6.56008
1.79013 -2.03895
-4.12989 -7.91304
3.40844 -0.0370369
1.30444 3.46378
-0.11889 -6.47899
-1.37803 2.09003
-7.78704 -1.02919
-6.55032 -1.38243
-1.39545 1.53254
10.8505 1.50254
0.3742 4.43355
5.40886 0.117004
-4.74315 2.86862
1.99916 -5.13111
-2.82861 -0.0556002
-2.19822 1.22609
-1.6023 5.45048
1.25411 1.171
10.3084 -6.57034
3.46742 2.96561
0.308311 -7.86459
-1.68629 -8
0.158704 8.36592
-4.27409 -0.615315
-2.86125 -1.59159
9.55994 14.6143
-2.91202 -13.6958
1.28808 -5.1528
6.21688 -3.55704
-3.036 -2.76764
-10.0234 -2.3997
6.37999 5.97929
-12.8624 4.54383
11.5 21.0726
-4.95551 -3.50104
-0.870938 11.1449
-0.0590452 5.4358
1.89721 8.4806
8.12475 10.9468
-1.923 8.16239
-5.1063 5.14337
-0.110512 -10.0709
6.92339 1.39322
8.73536 0.00360043
1.49783 -1.52854
8.19773 4.26259
4 -7
15.0849 3.90906
6.31853 2.40515
2.21636 0.726324
-3.56673 -3.09918
1.28198 -8.07811
-6.20465 -4.44119
6.04498 1.18746
4.04587 10.8027
-10.8691 1.18416
12.9332 0.529316
4.20868 3.41026
1.22791 5.87836
-5.3297 4.12471
10.9152 2.21241
11.2938 8.40703
-3.08678 -7.13216
5.99207 10.9592
5.60256 -0.200781
0.456412 -13.4778
10.5088 1.94507
0.886288 -4.4234
-13.0864 0.101905
3.16431 9.29198
2.59209 1.33081
-23.1421 7.65685
0.169345 -0.839003
29.0263 -3.98849
9.10374 -23.3669
20.9803 -22.1326
-2.6877 -18.0079
-7.13247 -0.0564121
-7.52656 -37.93
19.3568 3.30675
5.1566 22.1384
50.0005 8.55998
25.0513 -39.0576
-6.69602 -40.6047
-3.58553 -38.192
-27.4469 -35.1059
-8.6851 117.931
-49.9505 -34.9825
51.1681 32.5181
107.869 116.588
20.6324 -96.9378
336.252 -71.3506
315.243 -591.404
-585.707 -681.462
-997.73 -326.587
2635.4 -1084.9
