20228 19710
-4876.31 -4493.48
1879.4 -223.621
164.389 7.90131
262.79 -877.14
-210.011 -445.294
-256.708 64.5007
110.043 -160.199
36.3105 -7.49899
10.8337 -73.0358
-88.2406 -49.9373
25.4712 -23.4608
71.9641 -38.5549
-54.6574 -76.4102
-3.524 -35.8218
4.69506 23.4172
-8.74139 -21.5414
-14.2232 -47.715
-21.549 -17.6727
-6.49696 -26.8499
3.22274 3.56389
14.3648 -29.4069
-29.9669 1.26106
2.69867 0.630828
14.1629 1.19025
-18.1924 -7.29289
-14.4773 -9.76685
-7.43641 1.18526
-3.53051 -1.4683
-3.18189 -18.8385
2.47233 -6.82063
-10.1476 -1.93054
-1.63184 6.63317
0.31908 -10.9301
-12.403 -5.31166
-7.23025 -4.02992
6.13238 -4.85661
-1.7284 5.74476
-1.9904 -1.88277
-15.3287 -0.620437
0.454339 1.30699
1.82183 -5.31065
-7.83033 -1.99504
-1.89199 -2.50169
-6.13346 1.62783
-6.22196 -0.785898
3.74234 4.43251
-8.06887 3.53399
-1.67726 -2.46909
3.19637 3.90194
-9 7
-1.5063 -3.05641
5.33109 3.73233
8.8915 1.99576
-14.096 15.5949
-3.68185 -2.74707
-11.2796 -10.9657
13.7293 -0.330377
-0.66531 4.00047
-1.18222 -9.96604
3.03208 -10.5169
2.0976 1.69674
-2.33574 -4.35969
-10.8536 -0.920344
-7.13531 -6.78432
-6.19785 -3.65928
1.50394 -2.1501
-1.01192 -3.44764
0.827456 0.896408
-4.71752 0.922066
-1.43789 -0.518768
5.69362 6.8905
2.40247 -6.01586
8.48816 -0.121565
0.925865 -4.15831
-2.87868 2.46447
-2.3849 -5.30074
0.107991 0.770806
5.1204 1.094
-1.65121 -1.19999
-3.04415 -4.8766
-4.97159 -0.663111
6.61439 0.2162
-0.0239272 -2.7993
-0.448958 -2.37522
-0.112563 1.552
0.582971 3.33247
5.88708 1.79391
-1.46148 -3.73638
-3.52198 1.14955
-0.334861 -2.04143
-2.74477 -6.13018
7.74189 2.94573
-2.09523 5.9699
-4.23872 -4.08058
1.53606 -2.39997
-2.4461 5.57523
5.41285 1.71167
0.907561 5.40026
-1.98201 1.04008
-12 -4
4.14424 -0.822521
-0.0896829 -7.97288
4.8121 -5.40281
3.18807 -4.38039
1.64196 -0.767579
-2.62244 -5.04835
-4.84503 -9.77239
-6.82483 -5.023
7.32666 0.0950633
-2.29427 4.73547
10.1622 5.52967
-9.24225 6.0013
5.36962 -0.646384
3.49545 7.80823
4.5077 2.74707
-1.57666 0.140487
-2.02507 0.0478152
5.53797 1.31497
-7.19203 0.941142
2.66219 6.25856
-0.383764 -2.41324
2.42328 -0.585847
4.22119 2.54743
5.40574 -3.3228
0.192388 -8.70711
0.489655 9.08536
0.490734 2.56559
1.88068 5.77887
4.89399 -1.2719
0.722559 -0.853288
13.2964 -1.01559
-4.56514 2.388
4.20079 -2.71815
-1.14515 7.01636
-5.88737 4.72475
-10.6821 5.84866
-7.3379 5.01702
5.90099 7.22073
4.16042 -5.77193
7.11382 7.84317
3.80882 -12.3622
-11.4743 -8.28546
4.28363 -1.26386
15.663 -4.8655
-6.62861 1.2408
8.85082 9.43978
-7.39438 -3.97044
0.0305464 0.118464
-1.9029 14.5934
-3 3
15.2596 5.65809
-0.255566 -1.35683
-2.53446 -0.247759
3.12913 1.59781
5.27639 -5.20964
-4.0545 8.79402
-7.64699 2.84146
2.90436 4.78163
-2.93223 7.81342
-3.07237 2.31105
6.60414 0.952769
1.70459 2.03474
10.1178 -8.71711
2.30678 9.80606
-5.51929 0.496495
-10.4279 0.791205
3.582 -5.81421
9.5104 8.9737
1.72826 -12.3806
6.8529 -4.168
0.651767 4.62282
0.163148 -5.75387
-8.71581 -4.81633
-0.445275 7.96042
-7.12132 9.53553
11.871 -4.44293
17.0001 -9.64942
8.70077 -12.8096
0.16569 -7.09739
13.6314 -21.8901
-25.7458 13.1822
-17.3341 27.1463
19.5519 20.6336
-10.5022 -11.5437
41.0495 3.21758
46.6502 -29.0055
7.02213 -18.2931
13.5179 -36.8293
-56.706 -72.2343
-25.7402 79.6039
-8.49424 -2.62239
70.066 -69.4001
157.773 148.343
29.3398 -100.593
180.784 -168.502
113.308 -624.824
-743.702 -523.134
-884.601 -40.9086
2069.22 -2070.46
