19421 19347
2709.88 -6342.4
-1744.35 1073.86
-13.0326 -316.331
-261.87 -984.324
310.162 -320.731
63.4144 -72.0626
-147.688 -28.2316
28.2418 -91.1796
-0.803649 -72.4568
-10.9259 -34.7914
-109.338 -27.4227
-52.7732 -126.014
-9.06325 -35.5819
13.0568 -1.26695
-34.0889 3.30581
-41.7582 28.9797
13.512 -18.0965
28.1265 57.6332
-0.240477 -6.58779
-1.02156 -43.3529
-22.6788 -25.8079
-7.97933 -4.03127
-7.62637 12.3873
-29.849 5.60097
7.41421 -8.48528
-19.5595 1.59203
-27.4827 15.1107
-3.74599 -0.607417
-13.8643 -5.01479
5.70255 -7.49786
8.97281 12.1438
-5.90389 -1.9847
8.2823 0.124636
-3.62965 7.19612
-12.6696 3.42616
-3.70318 15.1146
-10.4195 -2.78375
4.89787 -15.9606
-7.98499 -4.02094
-1.9937 -14.178
-4.97047 -16.1144
3.78728 -4.01874
-2.77893 5.56064
-0.342543 6.10099
2.02929 -2.9875
4.75273 -4.66943
4.11673 4.83228
-6.57113 -4.34531
-1.86376 -0.970923
-5 1
-5.16502 -0.531328
-3.35966 1.43999
-2.27138 0.487839
-2.23799 -0.640396
-1.32183 -3.77264
-10.8001 2.4008
0.0257364 1.69133
-0.224708 3.32668
0.0502097 7.30387
-3.63786 4.23389
-5.18535 1.64292
-4.98193 -6.02375
-1.08722 -4.20287
5.56431 -3.17041
6.58157 -2.98582
-8.76145 0.677464
-1.97808 8.59267
-4.48921 2.24598
2.879 0.683044
-3.27801 -1.48898
-4.71942 -8.63411
2.87966 -3.23025
5.20932 0.541587
-0.316752 4.97123
-0.242641 7.31371
9.15295 -3.73123
6.66752 -0.610974
5.16894 3.89737
-1.05656 -9.20375
1.81162 -1.45877
0.945083 2.03293
-8.20658 0.355249
-10.6832 3.40798
-2.82238 4.55808
1.1935 -4.19229
2.11115 6.47771
4.21041 5.16609
7.42462 -5.34005
1.08358 0.380863
-3.87248 7.84713
-3.23888 0.266856
-1.39845 -6.94652
-0.731207 3.66406
3.0544 6.60082
-4.36054 7.99469
-0.153224 -0.735838
-1.38601 7.38853
-2.7056 1.22081
-4.81501 -2.98857
5 -1
-5.40693 4.36562
-1.7003 -3.20589
-2.06715 -1.90523
1.90247 0.285006
-2.49134 -6.82745
2.79828 -2.3363
-1.47103 -3.28781
-3.08957 3.45139
-6.25405 -3.37796
-0.510235 -3.61926
-3.77815 0.902763
8.90703 -5.02031
-8.40717 -3.39181
-7.14998 -5.45397
-3.94193 -2.24039
0.314206 -7.86076
-1.19904 -0.123316
-5.10045 -1.02835
2.54955 -0.333696
4.33428 -3.36089
0.816487 7.8741
-2.50315 5.15381
-3.50556 7.57522
-1.30471 -1.63092
4.58579 8.48528
-2.61758 -3.06393
5.77981 -5.03603
-7.56101 11.796
0.658949 2.26082
-0.807152 -7.12376
7.34084 -4.53822
0.415325 -6.54196
-1.35811 -3.45317
-2.45263 -7.70784
-0.689648 -0.645611
-5.34186 2.31818
0.0629328 -2.21488
-1.67062 7.89911
6.39254 1.15904
-6.16051 -12.2896
-9.68788 -0.554893
-2.95672 -1.20468
-0.537316 1.15668
-4.49545 -6.51901
7.40851 -6.63114
4.10835 -2.37
4.31906 -3.97278
-0.683345 -0.037638
-11.3752 7.91786
-1 -11
-4.59679 1.38294
-1.61634 7.24451
3.6016 -2.04996
5.44241 2.0452
5.28188 6.03603
-3.33833 7.96747
-7.49818 -0.293781
3.26099 -1.01731
10.5567 -14.3684
14.8478 -13.0024
9.24947 2.76489
-10.7741 -13.6141
-5.4339 7.21376
-21.7554 14.6758
3.45089 -8.2089
-10.6072 2.54419
16.0831 16.0492
5.81667 7.47192
10.3033 -0.143983
10.6055 -1.93196
-14.9291 13.812
-0.31576 1.80334
-13.7395 -10.1666
-12.6634 -14.859
8.24264 -15.3137
-7.80119 -9.29454
-15.9738 7.81668
6.62567 33.2092
-4.13109 5.51553
15.8199 17.4087
24.9569 -22.1606
-7.93793 -70.9131
24.7616 6.53562
6.65831 -4.69266
19.6657 22.5643
-17.0504 1.54025
-48.5696 -16.5382
-36.5682 -11.0634
23.1703 17.8104
99.0857 -81.3939
18.2757 -43.2262
139.456 -45.5844
-109.922 81.7403
-88.987 162.113
-176.209 -136.104
56.6775 -523.601
632.754 -853.423
1336.52 -156.865
-2005.47 -1704.71
