20234 19625
2428.32 -5891.03
-2005.4 1191.78
131.966 -596.34
-175.537 -1149.84
166.3 -246.679
-82.2774 1.28678
-113.14 -12.9559
55.1932 -17.3436
18.8841 -79.0213
-25.2716 -19.2716
-126.019 -65.2546
30.1782 -111.212
-28.6133 -34.6326
-20.9867 9.96117
-47.1779 -37.9244
7.36472 -17.424
45.3487 39.2662
-39.6953 -10.5438
-34.5876 -46.647
-4.61554 -16.3312
-3.33339 31.5548
-17.4414 17.3806
19.0493 14.7991
7.41652 -14.6717
-3.41421 -3.82843
-15.4301 9.96644
-16.8484 -21.7646
-10.9953 -13.6135
-14.5463 -12.9763
7.31608 4.8212
-2.57208 -15.0994
6.42603 -3.47419
-12.783 -4.27331
-20.5996 9.80269
-12.5744 1.97552
-5.5584 9.66198
2.35263 7.31037
3.03617 -2.16896
3.85956 -2.44789
-0.833023 6.18181
-7.35596 17.2455
-16.6976 -1.68452
7.02716 6.7513
8.82468 -1.52183
-2.94087 -14.7954
-13.1942 5.07795
-2.5709 -4.13217
2.56998 -12.2527
3.04448 1.35392
-8 -9
-3.13538 1.95151
-0.105005 1.77673
10.8185 -4.94958
1.92708 -4.80549
-3.25051 -1.16045
-3.87751 -11.1439
4.15854 -4.06432
-3.98041 -0.199802
-4.47563 4.40349
7.56207 -13.5209
5.00376 -4.28814
-2.77314 -2.29893
-8.92174 -7.98226
-1.55058 3.16447
1.39435 5.00406
1.58863 -6.21207
-2.39953 -3.91384
10.5385 2.03067
3.55489 5.06382
9.08717 2.04606
2.43878 0.896641
8.95398 4.32318
2.98886 5.31613
-2.93073 -3.13497
3.17157 -3.24264
3.23067 1.34919
-5.05291 3.65381
6.61303 7.8936
2.25131 -0.251555
-2.70582 -0.583927
-0.228424 -5.27589
3.30935 -3.04933
0.12725 1.22184
0.792713 -1.06891
10.2333 -1.09846
3.83942 4.49154
0.747002 -5.06707
-4.17599 1.81031
-0.0583225 7.80177
11.3831 -4.05467
0.769493 1.39891
-6.63068 -0.133498
0.101206 6.97752
-1.08518 -1.26957
3.57047 8.80192
2.92278 1.0689
-8.7862 -0.36341
-2.76397 -6.60075
3.21018 -2.58015
0 7
-0.904717 -0.306377
-3.27194 3.94811
-3.79273 -4.66583
-4.65606 -0.286073
0.433502 -4.19566
3.88251 -2.65085
11.2434 4.50625
-0.128829 9.00683
-9.94102 -7.08831
-1.92144 2.35377
3.70381 1.82484
-2.13672 -2.36649
17.3032 -7.41873
-0.149097 -7.36374
8.04379 -4.29243
-2.46766 -5.31527
-2.32391 -0.543865
6.21598 -2.69928
-0.926363 7.55868
-1.53025 2.49376
3.61677 2.76776
7.74761 -7.12119
0.020989 -5.48373
-5.44563 -3.59402
-0.585786 1.82843
0.324469 1.32437
4.61421 1.77543
10.1957 1.61874
-0.564581 -1.44898
2.55628 0.865401
11.0033 4.28459
4.6872 1.10354
3.40216 -3.52116
-3.52931 7.66603
-5.90443 -3.24395
-3.90186 -5.68449
-1.57516 -2.14417
-7.13493 7.40308
7.22217 -2.01772
2.96579 4.4307
-6.98302 -0.777731
-2.21894 2.0759
-4.45341 9.31218
0.0258913 7.41755
-3.6549 -8.67408
2.39462 -0.579649
7.71238 4.71524
-0.202017 0.433545
-0.999322 -2.34946
-2 9
-8.35481 -10.2813
-3.88209 -10.3838
2.50715 -9.39259
8.46605 -1.30858
-9.40766 3.99202
5.46648 0.820414
-5.48257 17.1888
5.93223 -10.2758
-7.68189 -2.34106
1.06909 6.90836
3.6434 3.91522
8.4092 8.76901
14.8223 -8.47309
-1.98484 -10.6793
-9.36704 -10.6766
-12.4544 -9.53701
-6.17246 4.72927
3.26353 16.2498
15.0475 10.7866
19.3323 -8.53916
5.14643 15.7365
-16.5639 4.13973
-16.0726 12.5473
11.3372 -2.04796
8.82843 5.24264
14.3734 -11.0696
25.7137 -36.1563
13.7976 -8.27416
-8.30598 5.67533
24.0877 18.4214
-18.0216 -4.87889
-12.8012 -11.434
16.3445 -51.0431
17.8909 24.9814
41.6016 23.1155
32.0218 14.8653
-51.1614 9.42106
-62.3436 21.0016
-42.8469 -0.719855
67.5182 -78.221
54.4885 46.6584
82.5842 -169.534
-7.60019 95.6535
-16.833 106.139
-245.299 29.8518
-180.756 -479.35
448.266 -1090.78
1152.81 -504.569
-2152.25 -1278.88
