16567 19293
3968.1 -5422.68
-1907.76 902.417
228.089 -570.494
-81.0264 -1053.87
365.679 -395.698
-5.17431 -18.8005
-102.67 -21.5952
60.6228 -112.925
36.2239 -72.4264
-9.45183 -23.5305
-36.7658 -34.4668
-32.1423 -87.4391
34.5306 -44.5198
33.1382 -48.6512
-65.3528 -9.96999
-40.8694 -38.0063
11.7726 -20.1569
-2.95912 28.9119
-5.28323 -3.26686
-10.8454 1.13455
6.36458 -34.2113
26.5085 -11.7016
-42.6831 -5.13565
-0.153913 7.22869
11.2426 3.58579
17.0151 1.36478
-4.57572 4.8695
-19.0552 7.16048
-19.8684 -6.80167
3.19396 6.77175
8.67606 1.51605
-0.785827 16.5965
-11.2214 -5.65693
-7.19819 6.8721
-6.80619 6.80372
1.38515 -1.17536
-5.7042 -6.75115
10.6753 -9.30861
-11.0097 14.3453
-3.08299 -4.03353
1.56813 -16.7365
4.80067 -6.41399
7.12234 8.25652
-4.4614 6.18709
-7.86177 -1.91238
3.70544 -2.73801
8.07977 0.856636
-4.04487 -3.01513
-18.7885 -2.50682
1 -9
3.55932 7.71936
-3.70982 3.41776
4.63113 -1.71477
11.2452 -8.25635
-7.87846 -8.90635
-6.06422 -1.6953
-8.0799 4.71877
6.11448 -1.34855
-2.45404 7.5777
1.38978 5.0031
-2.66024 -1.45563
-10.7144 -2.27212
-1.88434 -0.213606
6.117 -5.60826
1.9319 -3.21134
2.88386 -0.0351253
1.20436 -2.29283
-3.18812 1.86316
-0.406017 4.3957
-1.53335 2.90201
0.749522 6.20823
3.27462 6.57883
-1.67401 -2.02472
-0.798905 -0.388596
-8.07107 3.58579
6.67274 -7.38525
2.31379 2.99969
1.53093 6.38281
-2.04116 0.428122
-1.2091 -0.201085
7.82048 0.00889803
-0.357401 -0.944793
-2.58292 6.71131
0.0238418 -2.69375
2.88166 -3.51336
-6.76224 1.01395
-0.879624 -2.30803
-0.162271 -5.2656
-0.779707 6.37447
-7.1662 9.14849
7.75787 0.775668
-2.78936 0.864581
0.703163 8.44659
-2.99966 -0.948799
1.66307 1.02973
-3.84639 -0.253966
-4.91067 1.79604
6.44334 10.2082
-5.29249 5.0918
-9 5
-6.18588 -2.63538
-5.28242 -1.0513
0.213397 3.60738
-6.07937 -3.8973
8.80638 3.71881
-0.566095 2.99343
-1.09818 0.971288
-3.14313 3.89644
2.98416 5.22492
-1.81394 -3.22733
-0.393587 -4.90253
6.22166 -3.62556
-5.24922 2.23713
-7.41837 -1.15706
-0.978425 4.31845
1.91973 5.2085
5.01249 -1.74158
1.20713 -3.65048
4.65606 1.00706
1.59107 -5.18088
-1.76658 -0.0523371
2.85005 14.3476
2.51422 6.64322
1.78757 5.08999
2.75736 6.41421
-7.69691 -5.54541
4.75047 -5.42239
-4.2816 -2.53202
1.9038 -8.57371
7.97292 -11.3539
5.56288 -10.2951
-6.27832 -2.53765
-4.82237 7.43521
1.95696 -8.5449
0.999599 5.92986
4.44839 4.52492
-1.88511 -9.1087
2.78485 -3.00043
2.06532 -2.09367
-2.47995 -7.96866
-7.81039 -7.89251
-5.2125 1.82601
-2.90657 -4.79217
-0.684334 1.77055
-1.84919 0.284614
8.59454 0.670667
1.68575 0.276654
-4.12078 0.686988
-2.57311 11.7137
5 -5
-10.5087 -2.82313
0.339441 6.24112
-4.81341 0.478744
1.44629 0.406245
-1.89907 2.77175
-1.22187 -4.14409
-2.15181 2.79204
3.53922 -3.86578
7.81007 -8.90108
5.70103 -3.5845
-0.266874 -11.4917
-7.53269 -9.20675
-3.63048 -3.51302
-11.96 19.8955
9.5341 3.4352
-7.54989 4.93697
-1.14998 19.9528
12.7508 -7.3942
-0.492572 -9.96385
-22.3549 -5.26409
-11.8228 5.53396
4.8351 -7.29226
20.6011 1.83096
7.30064 -16.2855
6.07107 6.41421
7.54699 4.94376
-40.1885 17.4392
8.26879 9.8824
10.3287 11.3218
20.9355 -33.169
42.1285 10.1787
20.6272 -57.1566
-19.3163 -12.1252
-40.7592 49.5342
-43.1216 56.8963
18.0025 54.2104
19.4236 -73.4334
7.7885 -92.718
32.1122 39.8587
95.1533 28.5536
12.284 -12.9642
136.41 56.8
-41.8464 -0.688567
-264.616 30.2103
52.2522 -121.977
248.684 -615.018
915.374 -558.137
1079.96 -45.3827
-1587.58 -1972.63
