21808 19776
3351.32 -5521.28
-1994.69 602.997
15.9129 -275.901
3.62116 -1090.88
225.571 -256.391
-35.9912 -11.3798
-143.582 -105.36
14.3326 -50.0553
30.7267 -43.8021
-25.768 21.653
-108.873 -108.57
16.9787 -62.5731
9.09537 -32.0442
-16.0884 17.6326
2.60937 -8.91727
-20.6664 -54.3501
-3.05588 11.3392
-32.3397 -2.94893
3.464 -13.4697
-23.3802 -39.4958
-10.1789 -22.2607
-19.1785 2.94123
-18.667 -6.40316
17.6208 2.38792
0.585786 -4.24264
-12.4717 -15.9913
-13.4237 7.41134
-14.5314 -0.770943
-2.10106 14.5646
-20.4474 3.03509
-4.36472 -1.79026
-0.0919778 -4.21796
10.8396 -6.15789
-1.6175 -11.8194
-8.64113 -5.83234
4.27307 7.5401
-3.15336 6.06968
0.115355 -11.5129
5.721 -4.03646
4.6246 -6.33094
0.148494 5.42701
-13.8692 3.1269
0.404898 6.61162
-8.69974 15.8888
2.49819 1.96435
7.63545 -5.75895
2.85079 -0.968145
0.0184952 8.97964
1.51268 13.0806
-8.88178e-16 -4
0.716403 5.1909
0.258266 -11.1821
2.84162 1.69584
3.01475 -0.380387
2.65147 1.78213
-4.92561 4.11687
-13.4827 -5.40545
4.03952 8.39639
2.74163 5.07491
4.96436 -19.4073
-14.1956 -5.16672
0.45602 2.51516
-5.9752 -11.2863
1.2786 0.423014
0.715302 -5.16398
-3.46517 -5.93441
4.09641 -2.83403
2.91201 -4.40819
3.06486 -4.0263
-7.47561 5.06823
7.09783 -6.42623
1.02033 -4.51094
-1.38897 4.3368
3.56672 -5.17856
-4.24264 -0.585786
-2.87375 -1.44819
-0.630279 -8.50227
-1.00592 1.11576
-4.13589 -0.00618182
-3.88191 4.3552
-2.64314 0.0899375
1.78135 -4.87708
10.0408 0.519542
-6.76076 0.626473
0.0567367 1.56852
0.0359747 -5.32218
3.29054 -1.68973
1.0677 -1.65322
-3.50688 0.522863
-2.32214 2.90935
3.98788 5.5089
-2.63497 -2.0596
-4.182 -4.60035
6.55729 -2.67795
4.35129 -3.13744
0.151419 -7.86609
-6.00972 0.575645
-4.69767 -7.54225
5.85908 -2.67225
0 -4
2.46689 -0.281348
-1.00925 3.74882
-0.855831 3.29094
0.769458 4.84622
-0.30863 0.399456
-1.0636 -0.237717
4.17695 2.35054
0.29296 -0.437869
1.02434 3.61717
1.30972 -6.00741
-1.85436 -1.15746
4.32798 8.02986
-2.25316 0.221792
-4.95375 -9.20334
4.92556 -7.90665
8.75829 -3.05379
0.898977 -6.09285
2.73658 6.10458
-9.67844 14.6533
9.88191 -2.3552
-4.72135 1.74357
-1.89115 4.8173
-2.52032 3.31115
-3.94193 6.43053
3.41421 4.24264
4.1496 1.11618
1.65301 4.90888
6.22934 1.41422
-2.84537 3.02825
-10.41 0.369735
10.2305 -3.09476
9.57299 -1.44337
11.7676 -2.54297
-7.17114 0.939147
-8.39536 6.36446
-0.744845 3.81471
1.72529 -3.63709
3.57812 -20.129
3.49164 3.19086
-12.6037 -6.88453
2.24832 0.691022
-6.28761 12.6051
9.61981 -5.02707
-6.15951 10.2286
3.09833 19.4597
-7.95168 3.12616
8.89852 -0.350907
7.94691 4.88549
-1.91501 -1.61732
-4 -4
2.70642 -5.61143
7.69402 -0.800384
5.97472 2.93107
6.80198 -0.383649
-1.44804 1.65836
-9.97196 -8.96539
2.95943 0.563462
-4.91217 -1.4566
4.72223 -3.54265
1.3754 8.33094
2.57747 11.4098
4.65501 6.39547
5.757 6.50379
1.06215 -5.21962
-6.08096 6.94274
0.330756 11.2655
19.6946 5.95599
7.53805 -9.60291
-10.0305 -2.2893
-6.4998 4.06796
-4.3697 -8.67129
-10.0184 5.21993
-7.33712 -11.7496
0.698425 6.3693
4.24264 -3.41421
20.9675 -1.04394
-0.866836 7.01488
0.0165452 0.453048
-7.33546 27.1858
-28.9805 -0.21243
-4.80062 -25.1766
8.98988 -6.15603
11.816 -15.7717
27.438 39.5249
30.4498 -18.78
-17.097 5.13921
-37.3022 -6.2548
-18.5886 -4.32785
32.0338 -26.1477
35.6133 -73.0959
93.3694 18.8738
27.134 -79.665
-43.7985 156.599
-83.3293 49.7943
-176.053 -30.0112
107.345 -473.818
659.874 -1012.74
1201.92 -221.709
-1849.38 -1429.65
