18783 18847
-3074.3 -5840.13
1776.72 430.258
168.568 56.0986
454.701 -821.187
47.4407 -361.845
-245.958 25.5323
108.477 -93.38
69.9941 -49.5567
-58.6513 -43.2598
-14.2301 -48.7691
34.6587 -21.0402
20.8258 -68.2193
-46.9833 -25.9373
-23.6823 -38.7813
24.3383 13.8866
4.10252 -43.8096
-9.85377 -26.6813
24.2792 29.6915
-22.5833 -38.0603
13.6767 -2.54128
-11.0449 -39.0738
-32.118 1.93772
6.86547 -5.96672
-0.323877 -2.01298
-7.70711 4.94975
-13.5197 1.49646
-3.51796 -9.87303
13.2487 -2.83415
2.85747 -10.8069
-2.77006 1.26441
-3.13091 7.6131
-11.2756 -4.80203
0.202901 1.77781
-8.66801 5.50111
-7.48713 -5.01692
-6.85924 -3.95404
2.6512 -4.89686
-1.29956 -3.85549
-10.4549 -3.87913
0.663119 -8.75377
-9.44332 11.9308
2.60981 1.4222
1.2277 -0.55759
-3.88953 4.16376
-7.50692 -8.23752
0.0218591 4.73663
2.82526 -6.30813
-10.6992 -2.36893
-7.93555 -1.19402
8 2
-2.03133 -3.16304
-1.68135 2.62786
-3.35088 0.0665368
0.0577814 6.02114
1.70997 5.14303
-0.84392 -2.2659
0.896946 3.81449
6.4519 6.0703
0.279274 -0.867393
-6.95667 -0.564677
-7.9215 -2.55074
-8.40276 -5.39027
-1.64897 5.83334
3.34602 -6.59884
3.66034 0.68717
-3.21927 -2.76183
-0.989631 0.198046
3.07186 -6.85446
-1.68401 -4.73258
1.16519 1.02739
-4.75773 -1.65024
-1.02237 -4.09878
1.47947 6.19522
1.5081 -1.29506
-9.70711 2.70711
-2.75182 5.27042
-0.852891 -7.95847
-3.73666 3.53733
1.01463 -6.73274
-7.16312 -3.46715
-0.865253 3.47442
0.011951 -1.35453
-4.53653 -0.0745551
2.1416 10.0543
3.81904 7.09767
-8.45877 4.90457
-4.55947 -1.26431
-13.0375 -18.5572
13.2435 0.917109
0.431751 0.408372
8.41757 -9.83327
1.49236 -2.40194
-3.28313 -2.47743
0.625392 -1.3954
6.0414 -5.20935
-1.19125 -4.17329
-6.60664 -0.0745762
-2.73382 4.83083
-0.920523 -0.430434
-9 1
2.29005 -2.02128
0.984699 -6.59367
-6.97063 -4.98926
-9.2872 2.04708
3.07263 -1.32791
-0.650074 -2.76054
7.19681 -5.02069
1.87045 -2.89042
14.776 -9.80102
-4.7411 -15.7306
-7.97046 -5.01441
9.74481 -3.89835
-1.74285 -5.37896
6.37716 16.9829
-11.2158 0.64908
3.97107 -6.92601
-8.33713 8.88597
6.94603 6.47052
2.40829 -4.60131
-7.16312 0.231078
-2.77287 3.17569
-0.743722 -0.492628
0.291592 8.76415
-0.642938 -0.42781
-6.29289 -4.94975
2.77146 3.95048
2.68891 -3.80652
3.60625 2.96005
-0.571864 1.48043
2.04399 9.43402
5.43637 -3.52986
-1.06718 6.63903
2.0158 4.26416
3.35512 -2.99719
8.67277 -9.00408
-6.28965 3.47968
-2.076 -3.31651
-4.97812 1.8834
-1.62338 -3.03025
9.15829 1.50895
-9.37985 -5.521
5.78738 -1.28597
3.84634 6.49674
6.87224 -1.77995
2.40997 -3.65541
9.84518 -6.66846
2.83979 -9.1469
1.67332 2.85319
-1.15433 7.0137
2 2
-9.53434 6.11683
-1.92577 9.66792
4.7952 5.68945
4.27731 3.12588
2.13458 1.73698
-4.96474 -10.4253
-3.14055 -7.72466
2.32466 -1.43549
2.33244 -2.5921
0.663119 9.98984
13.9208 -4.84429
-8.6185 -5.13037
1.78215 -2.74356
2.41506 10.1546
-8.92442 2.62231
-0.52934 -6.26433
-6.59713 2.32189
-13.3808 -3.12018
6.47334 1.24518
8.75439 -13.0733
-1.43032 -3.50208
9.72675 -0.0613646
5.09062 -18.2675
-3.35011 -6.47707
-8.29289 1.29289
11.3722 5.47005
-2.16518 11.1528
-19.4765 1.14924
13.7345 32.0208
13.1217 -14.403
-14.4286 18.5631
18.2422 -18.6374
-22.9638 -10.4619
-12.4784 25.8241
20.0286 -5.34137
-3.77768 29.6334
48.0429 -7.44701
2.16665 -55.1201
1.68701 -76.2417
-70.654 31.4388
-31.4894 -60.5217
52.7175 27.5939
53.3254 119.008
104.301 -111.582
263.806 83.8146
434.553 -520.462
-287.162 -795.761
-1113.58 -633.977
2454.78 -785.975
