16311 19784
-4498.94 -4323.05
1791.92 -245.053
212.649 -45.8331
89.8928 -887.33
-174.007 -306.47
-133.409 125.973
117.34 -145.404
-2.30273 -96.3651
-48.2927 -29.9413
5.96386 -8.29927
22.0144 -53.2123
13.3096 -89.0031
-63.4222 20.1028
-22.5235 -23.873
28.7881 -28.6488
-24.0496 -64.4133
-24.203 -9.32346
12.1459 0.125874
-20.3798 -13.3589
2.45199 -22.1461
-35.0284 0.546104
3.54245 11.1304
9.47334 -16.8701
-20.474 -16.8563
16.7782 10.5355
-14.0157 -6.63444
-3.24407 -13.2951
-3.14742 -3.58727
-15.7686 -9.51827
-1.97077 4.17862
-4.02284 1.19652
8.06503 5.21263
-12.1908 8.2723
0.717265 -4.27702
-8.36072 -1.66983
2.56866 4.90283
-8.66962 -3.03303
1.80811 -2.71892
-2.47969 -1.3193
1.59789 0.559045
13.861 -4.66795
3.08457 -10.7729
-6.02025 6.03136
-0.340534 -0.347546
-5.08291 -0.883934
-5.10085 6.12526
-0.315041 -1.62906
5.14856 7.55466
4.31209 -4.91178
-8 -17
-3.61965 5.59832
2.90254 -5.92566
2.9265 -6.60383
-2.64869 -4.51569
1.47061 1.75447
-2.6849 3.76289
-3.11738 6.21851
1.57419 5.14013
4.89677 -0.33432
-1.17853 -1.89519
-3.85153 4.94388
0.554776 2.64899
-7.97758 -4.36539
-6.44321 0.764236
4.19551 1.76873
11.1186 0.23969
-8.4031 0.766641
-0.736628 1.60255
-1.75453 -5.57757
4.42162 -4.3934
-4.19062 -1.83829
-1.3896 1.80025
-1.68615 -7.58268
-0.189594 0.886791
0.0502525 -3.46447
3.12883 -1.18234
1.27634 2.13342
2.14972 -4.46609
-4.88402 12.3123
2.32443 3.1877
10.832 -3.1411
-9.38112 6.4007
0.904147 3.63124
-11.35 -18.5459
12.4843 0.251032
-2.83604 -3.61174
-0.854709 -14.0435
-5.95388 -1.57243
-8.03077 3.4789
3.89024 -5.4991
-0.0113346 -5.06692
0.111229 6.95904
1.84984 2.7318
-1.22848 0.0491471
2.76338 0.783082
-0.855816 1.76278
-1.9158 -2.50759
-0.388213 -2.00867
2.37764 2.94619
1 0
-2.26082 2.71637
-2.10086 9.06759
-2.3571 -0.883046
4.60058 2.64137
5.10655 -0.0076142
0.526683 -6.32177
-4.15735 -5.16271
2.85201 -2.46894
0.836525 4.29058
-2.41423 5.91272
3.46092 -1.54104
0.472796 2.60451
-0.356884 -5.81542
-6.19761 -7.13712
-6.08146 -1.26025
5.12433 -1.04019
6.54989 -5.17782
11.9199 17.4464
-14.136 0.518399
4.67557 4.8123
-0.124169 8.47403
5.08222 4.8649
6.36255 -3.34541
2.6308 8.51774
1.22183 3.46447
4.10828 5.79898
1.41206 3.1817
-5.00287 -0.386941
-0.724039 9.30036
7.5038 1.00718
-2.83512 4.68057
-2.09692 5.01045
7.82858 6.19627
8.98623 3.74117
-4.03783 -2.8507
-2.00854 11.6037
-7.65587 4.73791
6.9987 -2.66432
-1.62858 -4.26999
-3.52967 0.839464
8.92817 2.61968
4.57184 -8.01976
-4.33367 -9.92648
-9.01721 3.41253
10.5407 -2.87102
4.4169 2.29496
-4.95114 3.07165
6.27905 -0.215184
-4.86515 -9.03588
-4 9
8.39871 -5.06097
4.51441 4.96624
-5.59509 -0.743948
-0.752006 -5.20731
-5.60992 6.21425
2.56355 -0.688079
-0.714237 -4.06608
3.8498 0.411343
6.9856 5.66278
5.40211 7.44095
1.47303 -8.18909
-2.02493 3.75924
-3.49226 1.25046
2.14514 -4.25931
-5.68218 -13.1379
3.27331 3.7975
3.31483 4.45061
-11.6827 -6.71319
0.103022 7.72606
-4.3579 9.7912
-9.38949 13.4995
21.7513 0.436637
-9.03467 -1.52562
-12.4158 1.85956
9.94975 -10.5355
-10.4459 9.05859
1.89191 15.864
-6.21419 8.12588
18.424 -8.47802
6.25621 3.20187
-17.8161 -21.3193
8.09886 -19.9445
-38.8946 0.337529
1.65725 38.7144
4.44504 27.3511
1.7015 25.4252
20.3637 -11.7002
45.7915 -25.0783
2.29329 -85.4019
-51.0366 45.3021
-39.6585 -60.2928
27.8523 17.4485
22.7871 131.779
94.8779 -97.1869
271.068 59.6778
236.62 -542.758
-431.727 -810.998
-1215.6 -180.9
1713.86 -1661.9
