18576 19460
-4134.08 -5085.43
1884.66 199.682
161.457 -128.019
254.347 -894.855
-147.757 -247.965
-151.268 83.7022
192.888 -129.863
8.84438 -113.383
-64.7747 -11.5194
9.00744 -57.0345
42.2839 -60.5733
-16.8442 -76.8607
-83.6895 -2.65045
7.88138 -48.2689
7.52897 19.7783
-27.7887 -52.9723
-24.7072 -13.3342
25.7864 7.56046
12.75 -39.877
0.285679 5.26034
-2.56936 -0.708185
-0.121127 14.3757
3.89209 -20.1693
-2.4091 -19.8828
-0.0710678 -4.07107
-2.83938 -6.03492
-2.52496 -0.804931
-19.6821 -0.343886
0.801695 -22.4455
-6.14602 5.52773
9.15701 -3.53836
-5.18435 -10.5811
-8.18096 6.31724
7.81809 2.76203
-3.25406 -8.97177
-2.37435 -1.47241
-2.56298 9.4507
-4.11799 -5.80874
2.70765 2.59407
-6.94865 -1.94153
-5.47281 -2.78374
-0.850868 2.06526
1.93648 -0.397649
-5.49907 -0.304586
-0.254617 5.28236
3.10993 6.02193
-1.12883 1.62293
5.95891 -3.99803
-6.8722 -7.9144
10 10
-4.3477 1.01273
0.27662 -5.44356
-0.176436 -9.64712
-9.2481 -0.218261
-2.33411 2.34938
-3.26524 1.12298
-0.346874 -3.83664
-3.14669 10.4444
-0.715778 0.662605
-5.9047 3.76887
1.99296 1.91571
-4.96387 2.1124
-3.62993 0.366094
0.0784217 3.96214
3.84125 5.11907
1.80984 1.05042
7.03083 1.62938
-1.18274 -4.79181
-6.56767 -2.66488
-3.72937 -6.74251
-7.66797 -0.0323845
-12.1228 3.1898
6.53774 10.8744
9.65368 4.56008
-10.6569 5.34315
-1.16652 2.36141
-15.4254 -9.42833
6.9316 1.50601
7.48214 3.80908
3.39117 -8.40154
0.0467016 -6.19144
7.52814 5.60771
5.87734 -7.77352
0.415254 -3.49265
-7.52815 3.57774
0.019016 -7.01682
-2.53042 -2.07288
-4.38213 0.71621
-2.53759 -1.73099
-2.29924 4.34762
2.08359 3.23751
-2.52237 -3.79464
-3.75875 1.65121
-1.20575 3.55127
2.23581 -3.53986
1.26521 -3.31217
-1.23345 -2.79693
1.03919 -2.87089
2.45175 -5.2398
2 -6
-0.78351 1.87619
-6.33185 1.91427
3.75836 -2.56116
0.289623 2.89923
6.26249 4.60414
-2.74381 -1.44593
1.26093 -1.85959
0.354474 0.604744
0.556695 -0.0896703
-6.09418 -3.95909
0.0458699 -2.26909
-0.307695 -2.10406
-0.406286 -4.79569
-1.99562 3.99833
-4.20672 0.958333
-1.66157 -0.43437
6.44746 6.97761
4.69704 0.465079
2.19366 -0.184234
11.1711 -1.0706
0.578739 -3.21091
-7.39321 -4.38583
12.7978 -3.44195
-2.77104 -3.59851
14.0711 10.0711
-10.9926 3.92294
-3.47141 1.28387
-1.20817 18.2924
1.23178 3.18694
3.66656 3.09667
-4.38882 6.58994
-0.778172 6.62485
-0.783429 0.0334003
1.00666 1.91576
0.239866 3.29084
0.942978 2.55246
5.52795 -0.335807
2.12038 5.50729
6.3598 3.0364
0.634186 -6.29673
-6.31344 1.51084
-1.49053 -5.75596
7.62307 10.0496
4.90916 -0.557615
-1.80532 -9.61321
-0.40307 -1.28436
4.59168 5.9497
-0.11904 -8.94851
-8.71222 -3.97565
3.55271e-15 -4
4.75803 1.82527
9.9296 3.77731
7.6305 7.22306
-3.22619 -1.69079
7.96269 1.25699
-2.39953 5.3296
3.27506 9.30585
0.671546 4.67018
2.34544 -1.64616
1.38634 1.41367
6.79899 -8.73472
-4.63313 6.11468
-0.878372 2.37152
1.73712 1.12111
2.22223 11.5036
9.24706 -2.1611
2.72254 -13.458
-4.96903 4.47158
5.59318 2.96035
-10.3748 4.59025
13.3936 14.6605
-3.37321 -5.69991
2.62224 2.14386
-11.1633 -4.47349
0.656854 16.6569
-10.1029 18.3947
4.19396 9.9029
-0.235421 5.16882
19.3427 6.04845
27.9848 -16.7325
2.45285 13.9097
33.0665 -19.566
-35.4535 -4.86611
-20.5506 13.2442
1.01885 -8.50844
13.4147 49.708
21.7154 -14.2478
1.55074 -24.7967
-19.6623 -108.755
-44.0304 54.1739
-91.5546 -35.1413
25.0725 9.16801
61.4972 122.749
38.6337 -51.5164
251.828 32.8778
376.693 -536.204
-438.164 -819.014
-1230.73 -325.889
2103.39 -1408.71
