20608 18708
920.231 -6784.47
23.3561 2349.03
92.4597 -795.039
-153.113 278.263
-124.276 -211.072
258.794 -608.561
382.506 -805.764
-185.768 -8.63125
-87.4586 -62.8362
122.93 58.1402
-98.3921 -3.66114
-45.0534 -9.58788
97.2606 -135.561
32.3201 -28.9947
-37.3892 0.89285
30.4659 -18.5865
-25.9331 36.7213
-52.7384 -27.2085
19.1398 -39.4429
27.7408 -83.9729
-33.4927 -28.5777
-12.0264 -13.0503
15.2483 41.0148
-24.5045 -23.6642
0.535534 -12.6066
32.3166 -31.0606
7.14339 -15.7186
-6.98201 -2.67502
-10.5426 27.7989
-11.1344 -10.0073
-24.3088 -15.1439
8.36653 12.4096
5.86488 -22.0768
-7.70715 -20.7334
-5.5428 -4.00562
-8.9108 12.2807
-1.67827 -14.5167
5.64502 -7.19857
12.7517 -7.31703
6.98932 0.265384
1.421 7.56049
-3.6328 4.12616
2.72833 -12.303
-3.439 0.33503
-6.75429 6.17814
-1.74413 -4.6711
8.60828 -4.32414
-17.6034 6.85091
-4.08642 7.83855
9 -1
1.79977 -2.39602
1.4364 -4.92086
5.93966 -4.19191
-10.8355 -2.35193
-11.1679 -3.54474
7.00748 5.34502
-0.801704 4.32662
-2.26659 -3.37972
-9.22504 3.44021
0.181479 -4.89377
-6.07822 4.16371
0.152673 3.85295
4.25364 3.65196
12.5724 1.97985
6.87592 5.65362
-2.55437 -2.67907
-1.39903 -4.08942
-1.64547 4.63006
-0.916614 9.04317
-1.25574 -1.11729
6.06756 -0.432666
-6.29465 6.73793
-10.681 -5.14038
-7.93238 -0.933147
9.6066 -1.43503
9.82994 -7.51688
10.9743 -19.0323
-3.06432 -9.79706
7.64827 15.9247
-4.36472 0.714412
-4.6468 3.2747
-1.54665 2.21984
5.29822 -3.3042
1.85008 18.7191
-2.31972 -9.42436
1.87098 7.84368
-1.97161 -1.47593
1.00394 -5.08985
-6.80907 13.1665
-14.153 12.873
2.1411 -6.29617
1.77962 1.69701
-0.264141 4.24095
5.87525 1.60595
-6.00419 4.93693
-8.45147 4.80568
6.01443 -4.09762
5.72889 -1.10585
-2.27724 -7.24669
-2 4
9.58685 0.0465912
0.52673 -3.16601
0.502602 15.9572
-0.656432 2.17451
-3.89715 -6.35025
0.170389 -2.97606
6.81795 3.16116
1.34435 5.88132
-7.63077 9.26482
-14.0272 2.61484
-8.05994 3.83149
-5.38732 5.95073
-3.82489 -8.54923
8.63696 3.18723
3.84655 1.62624
1.29639 2.83816
3.7623 9.01474
3.56989 -3.52106
3.80383 12.2249
0.892588 -4.71441
-6.23537 2.28469
-0.960349 4.58506
8.1309 -5.87226
-2.7498 -14.8808
-6.53553 8.6066
-1.42366 0.0103275
0.29555 3.33
-5.38675 -0.841461
3.43887 1.64956
10.423 -2.03731
2.26703 -3.30366
-0.450744 1.27578
-1.85471 -0.754647
-0.0683034 4.84119
3.28201 -10.6311
3.83942 -4.03253
-0.404871 -10.6862
-6.13191 -13.1639
-5.26327 0.296302
3.98571 6.5594
4.81026 -6.21617
-0.872376 0.211959
-2.65761 8.78759
8.38987 1.78398
3.48465 10.3848
-24.0022 3.80197
-9.44366 9.65302
11.4817 4.30298
8.69301 -7.44275
-15 -3
-2.15886 1.2661
1.72969 -6.724
10.6391 8.07733
-10.1415 1.86293
11.286 -3.25572
10.2609 -5.2683
-3.41715 2.58936
10.2144 6.35036
2.56917 3.33543
-1.51719 -4.26538
0.983235 11.9847
6.27845 6.48256
-1.39858 -8.95591
-15.9695 -8.54856
-7.645 24.3941
6.90635 20.8797
7.14928 -24.6499
6.21416 -5.18591
-8.51823 -15.2014
26.8 -2.97585
2.86057 -20.166
-5.08135 -10.7997
21.6437 -24.3192
4.16583 22.463
-11.6066 25.435
-19.1901 14.1525
15.5697 -11.8424
-28.8162 41.3636
1.7227 40.3613
30.092 -21.6927
33.6456 -53.0732
-19.5089 -41.5363
5.27284 -10.0536
60.5274 -49.4091
50.5315 -15.7643
-40.3512 -15.4466
-51.905 94.7485
48.1052 -53.0912
4.29405 197.577
-123.583 26.5098
-82.6885 -1.97237
273.126 -15.0259
355.169 -199.924
-42.7057 -1037.98
193.689 -690.019
546.011 812.066
-254.667 -542.111
-415.498 464.789
691.963 -1082.06
