19353 19467
-2638.62 -5837.17
1757.78 1392.82
-346.259 -544.668
463.53 91.4461
-50.6229 -223.987
-355.248 -716.947
-524.835 -354.275
269.803 -1.12468
112.907 -51.9237
-48.0788 -107.288
135.129 36.8291
-25.5899 -36.3247
-77.9516 34.9939
-22.2574 -61.8566
69.7953 -120.868
-12.7368 -22.6625
-36.9326 -74.8257
-20.0016 -54.9126
-29.9768 70.1144
-3.4294 -22.927
5.66947 -55.6857
-35.383 -27.3083
4.95628 7.30396
6.19997 -24.3282
30.435 12.9497
23.984 46.5568
5.35714 -35.6704
-19.2789 -8.56921
7.75652 7.65937
-2.71303 -26.9545
3.36674 -15.6934
13.7822 -9.67447
-21.3131 6.29717
-14.2391 -7.16847
1.53632 1.03002
3.72041 -9.8569
-2.01552 -26.5783
4.86408 -13.2758
5.99725 -1.1032
7.90305 2.18332
5.83982 4.69909
6.3288 2.71294
-7.93464 -12.6921
-17.0165 -15.981
-1.1743 -7.3893
-0.65892 -5.19397
5.68323 -9.00743
3.34683 -9.29507
-1.75021 6.78824
-6 -8
3.99825 -0.506466
-1.77209 8.87209
6.25941 -13.1384
-6.12846 1.22696
-11.4259 -10.2411
-2.59116 0.928858
-4.56993 17.7836
2.15748 -5.70738
4.31187 -7.07922
-5.91367 -8.83032
6.54723 1.10272
7.55175 14.0203
15.7063 8.47955
-0.679542 2.24211
4.04864 5.30583
-2.73328 -4.0298
-3.11121 -7.47823
2.43985 7.53248
1.5612 4.23672
-6.1492 -0.49639
5.21433 -0.253252
2.07974 -2.05391
3.68641 5.7849
1.91763 4.1842
7.22183 -8.70711
-7.83026 1.81929
-0.433273 3.30343
-2.10515 3.10816
-0.473948 -9.11301
1.55811 -1.11215
0.555972 3.93948
-0.653907 -7.85396
2.03572 -1.74084
-0.640768 3.78604
2.33535 5.19229
-9.02486 8.6774
7.52003 0.0594633
-0.023963 4.47923
1.33251 6.75449
-8.51794 -0.467467
-0.773204 0.0891197
4.93438 2.02895
-5.0122 6.03833
0.490185 7.22778
-1.41634 12.2057
1.37753 7.17756
-15.6097 -4.97581
-2.65328 -4.39247
-3.29047 1.97567
3 3
-2.03531 4.60948
-7.3618 -1.87125
-7.42334 5.05689
-2.36891 0.4541
-5.27232 -6.27923
1.18829 0.851492
2.47782 4.8308
1.90719 -3.68367
-3.50554 -3.27677
-3.67662 -0.522207
3.21099 3.9387
-0.0322396 5.60405
-0.48672 -6.79731
1.98426 3.95357
-5.78159 3.83392
-5.0459 2.1226
0.783231 -4.23535
3.90814 -10.8739
-2.9485 -3.54388
2.73368 -0.214091
8.59845 0.985106
3.39606 4.84697
0.0469231 2.0836
-4.95107 3.52356
3.56497 3.05025
-2.78025 -4.67315
2.91295 -5.85217
3.68856 8.01191
-0.656849 -3.74511
-5.93425 -2.3568
-7.23541 3.55395
5.13517 -14.1326
4.28076 5.19901
10.8842 6.51983
13.9515 12.4276
-0.406785 -2.48602
4.7135 -5.37014
3.6854 13.344
1.63002 8.60356
-2.55847 -12.0795
4.69421 6.54081
9.83338 -4.73661
-9.8422 -3.59452
-5.26927 -2.57271
-8.59613 -10.6886
4.99962 5.23758
-1.72093 -3.48064
6.85953 1.24146
6.76247 -4.30786
-6 -6
-10.4298 -16.7816
5.86068 2.62408
4.0622 11.7605
-2.35516 -0.811921
7.35176 -3.16603
-8.35334 0.147141
-4.99953 7.70465
-0.917922 -16.9595
3.42889 -0.813878
9.80516 12.1429
21.9824 -6.45825
0.939487 7.94306
-4.38243 9.63169
16.7484 21.9491
-16.2783 -2.6807
-13.8227 -15.7354
-15.8384 -23.6922
-5.4733 -12.5578
3.4576 -14.9595
-1.469 13.1126
25.6955 4.22821
35.28 -0.472113
31.7869 18.4812
3.33369 -15.9024
22.7782 -7.29289
3.42117 -12.257
-46.6518 -12.3156
-58.98 0.687851
-4.0527 -21.2871
3.90154 -9.16318
-33.2398 15.9825
18.1664 9.99138
66.4589 28.2864
8.16019 -71.6684
51.5599 34.527
-51.9829 46.001
82.0926 -95.0397
-27.4481 68.2693
-112.416 120.049
-121.461 28.9731
-18.7642 -161.801
-63.1379 34.1588
0.198625 80.9314
365.236 -914.267
245.989 -849.222
-267.628 451.282
104.764 -365.858
-863.343 324.562
412.061 -989.898
