20895 20821
-1210.63 -6353.57
1683.05 1177.67
-655.045 155.479
322.273 -376.238
413.102 -223.266
516.95 -455.96
220.974 -406.124
-344.245 103.146
146.486 78.2946
-62.1185 -192.658
-61.2972 -54.4434
112.31 -136.651
-13.8915 7.47665
1.04933 30.1977
-60.0485 34.067
55.0721 -40.3507
2.4057 -87.4197
27.9666 -26.8464
11.0631 1.77882
-59.5442 10.6934
16.7822 11.2164
-2.88083 -42.4678
5.94069 -48.7999
-28.5582 1.77969
15.6569 14.4853
4.82114 -14.61
-34.6847 -14.1398
15.151 -2.92381
-13.3262 -13.4248
-11.9921 1.00796
-10.7551 -12.9638
1.57542 5.15935
-5.4518 -19.8069
2.99599 -11.0058
7.42415 9.51619
-10.2123 1.4811
4.20162 15.1868
10.771 -1.71304
1.44808 -9.83067
9.07679 -2.54415
-2.70033 14.8625
-10.1793 -5.9961
-6.4308 0.692945
-2.2711 -2.00743
-0.360839 6.67763
-6.67 5.34286
-5.57009 1.76394
-3.61221 -3.43127
6.20259 2.99406
-7 -5
0.322422 -4.14479
-12.8314 3.12722
-1.14737 4.27165
-2.09976 5.46799
-7.88534 1.33184
4.25262 -5.90402
-8.3751 -0.558137
2.18211 2.61718
-2.87658 -1.48296
3.14115 0.267791
6.37094 -3.91074
-5.0231 -6.02365
-3.11722 1.11561
-3.6722 -0.179168
6.3412 -2.15128
3.86427 5.10034
1.07406 -0.804196
-0.369269 -0.450234
-6.77688 -0.673171
0.480543 -0.0211181
4.06799 6.10507
2.88526 3.11858
0.343115 0.985284
-4.87293 -6.06635
-4.58579 -2.24264
0.967268 2.75107
-2.3448 3.88884
1.98221 4.76625
-6.18543 5.78008
-1.23372 -2.57237
-2.19184 0.472819
-3.30512 2.19969
4.20351 5.12958
-2.3255 0.189761
-6.40827 -1.0311
-0.291173 -0.226476
0.405891 -3.34873
-3.9654 6.55154
1.69294 1.66272
2.34138 5.97902
-4.53183 0.762758
-6.38728 -4.13065
-2.17695 0.788295
-1.86985 1.38297
3.76545 -0.664725
-3.25706 -2.16704
1.24276 -0.994003
1.43976 -1.00504
2.52574 4.3531
1 -5
-2.32609 0.768518
-0.545553 -1.16303
2.76519 0.0936188
4.31753 -5.19991
-5.24262 0.175634
-4.75107 -0.597358
4.73527 0.148954
2.9271 -7.35789
-1.02138 -1.92083
3.75531 -0.605252
-0.822374 3.33011
2.3984 7.56801
5.35133 0.871859
1.45961 4.6309
-2.04767 -1.08045
-5.87717 7.71163
2.62607 8.22818
10.103 -0.298692
0.31676 -7.38314
-8.56466 0.954339
-6.20136 0.896481
2.97191 7.85878
-1.6406 0.549395
0.216971 0.587188
4.34315 -2.48528
6.22263 -2.74095
0.99541 0.517749
-0.229177 -3.98527
-0.578131 3.39295
4.77849 -0.737527
2.34446 0.228897
-1.94035 -8.07715
-0.152632 3.34774
1.12658 5.40108
11.4785 2.11721
3.32004 2.50427
1.60445 10.5792
0.712171 -4.12722
-1.68687 -3.38423
-7.3985 2.1699
0.272824 5.66913
-0.47807 4.83898
3.77028 -1.11676
-0.753572 0.926289
-7.30785 9.26202
6.78512 1.4038
6.34254 2.58477
3.67324 4.50934
-2.45928 -1.69109
-9 -3
-0.634046 3.06445
-6.65002 -4.40315
-6.43649 0.695624
-1.39853 0.578575
-5.31985 -2.72164
7.40072 7.59341
14.8682 -11.7651
10.2281 -9.9907
6.34107 -18.3774
5.72159 3.16219
2.42922 8.32464
5.45224 -8.66441
-0.0489996 -6.03889
3.20681 -3.34884
4.99183 5.50341
8.03727 1.32032
-14.2996 1.97397
-10.1086 -6.48701
11.3024 37.0212
6.9986 -2.58369
-0.586322 -30.6665
-5.61651 -0.945959
-19.6708 -2.44232
-5.69197 -2.61204
-7.41421 6.24264
-28.0035 4.2132
-0.308425 47.9267
27.7848 -2.47925
17.7549 -14.4651
12.8016 11.8689
49.5417 -0.477591
45.2193 23.8221
53.9527 -15.9164
-81.7502 -26.4179
-25.1152 -17.1701
27.5131 -36.9402
-66.9459 -41.5321
75.3782 31.1878
-37.3008 75.4358
221.756 77.6184
144.488 51.4627
-209.016 168.559
316.303 197.855
80.5087 -813.724
64.6332 -476.565
204.327 -912.007
455.436 215.544
-391.139 40.6561
981.327 428.047
