18979 19220
-1920.32 -6586.66
1055.6 1947.4
-73.8233 -861.515
251.508 353.618
-146.586 -209.386
-223.671 -820.823
-277.267 -784.097
-3.78808 228.468
73.0127 -8.66226
144.848 -123.553
-19.7602 84.2612
-19.0863 48.7796
-133.748 -133.767
22.1532 6.9842
-34.7973 45.2709
29.2714 -72.5029
32.1768 -17.4365
-61.0862 6.18602
-33.1807 -62.3286
-52.4011 -1.76388
12.7264 -27.156
39.1129 -36.2179
20.7069 -35.1516
-31.2088 15.1122
11.0711 -35.3848
-36.3535 17.464
-19.1605 -8.39288
31.2492 -19.5089
9.25733 -33.5779
-5.22679 12.4079
-5.08654 1.4734
2.92576 -8.1705
-7.89561 24.2832
0.114425 -16.7962
8.41645 -26.5725
-6.36705 -7.42174
-8.14151 -3.04944
-0.991125 -8.81965
-10.8188 1.75238
-14.9409 -5.01358
-0.352903 -12.9753
-10.3448 -0.547335
-4.14051 -6.18765
-1.77557 -3.46729
9.63137 4.38843
-6.88573 8.01161
0.965063 -9.03338
-8.02447 -4.03026
-8.38966 -4.04121
-5 4
-4.72047 -1.32171
-7.85966 3.7395
3.35662 10.876
-12.6646 -6.0334
-5.9032 -5.60635
5.36417 0.527571
-5.22044 4.33132
0.344218 -16.7726
2.61575 6.19312
-4.85709 4.50656
-5.55555 -4.70541
-1.99419 -6.17726
-1.77848 -0.920339
-1.22082 10.8966
-4.77062 3.84645
-6.21678 -5.14043
-0.413007 0.76091
-3.35134 -6.73099
7.23278 2.19097
1.0596 -2.76855
5.46095 -4.41053
-5.99875 -0.320915
-4.06065 1.81043
-1.00464 6.71944
-7.17157 2.17157
-2.41417 2.6182
-1.26145 4.92393
-0.352927 8.93949
-1.6855 2.89299
-4.81886 -8.32141
2.07874 6.8987
3.40843 -10.072
-0.794182 -2.82093
8.11206 -3.47681
2.72516 -0.502404
-8.80849 -3.55853
-1.45952 11.9569
0.6366 4.70605
-3.31609 -1.48381
1.05407 -0.404799
6.1472 -2.78267
-2.31576 12.0704
0.535128 3.06418
-6.0726 -14.0869
3.83206 9.59884
-5.09255 3.13954
0.992824 6.55958
-11.8245 -2.84658
-2.81093 -11.6566
1 -6
0.40811 -6.54129
-0.697872 -13.7033
-0.861882 5.77461
2.45619 -14.7669
-2.08109 7.42213
-9.30622 -7.91611
7.62413 -2.5189
0.664023 8.76661
-8.33494 -10.5292
5.94217 4.26923
-6.59777 -5.73504
-6.49598 9.27007
2.17269 12.3647
11.3976 12.0962
-1.04708 -5.72749
3.95239 -1.11859
7.75338 8.65817
-2.05127 -5.66491
-2.04467 -0.722074
0.0549317 7.79355
3.61005 -1.93059
-5.53011 -3.38319
-3.99228 2.05458
-0.238464 -3.64794
-3.07107 1.38478
0.398295 3.88309
2.98945 4.00276
-1.37023 4.43059
1.05544 2.67652
1.52971 -1.93874
2.64872 -5.15361
0.0681226 2.37477
2.93864 5.46505
-3.07402 0.561637
-1.51631 2.38036
3.52783 0.159455
0.515616 1.56936
-4.29095 8.15771
0.954388 1.17279
3.68991 1.25737
-8.27002 3.14466
0.50963 7.17613
2.45636 0.0358385
-7.15749 -3.40213
-0.741225 2.24415
2.8271 -3.30568
10.9523 1.5482
-7.14814 -8.62374
6.14003 6.00727
-3 6
-5.49976 3.33571
-8.43736 -0.793739
-4.93698 -5.44623
0.332736 4.57052
-7.57614 0.78404
0.134046 -3.4943
3.11775 9.95215
4.25123 -3.73077
10.8372 -7.23791
5.70483 -4.45855
-1.81035 18.0311
4.64454 2.46636
2.87864 2.68258
-18.9352 15.4235
-12.1968 7.19129
3.68672 3.67011
-15.1424 -13.9988
-3.45896 7.39485
12.9174 10.5715
32.5686 -28.1038
20.9025 -3.12793
15.122 -21.2434
38.8225 3.50395
2.92211 -2.90472
-12.8284 7.82843
-28.5262 7.55732
-10.8819 44.0793
-15.1668 26.1165
-28.5586 0.541016
-2.43167 11.9999
44.0759 -22.5019
44.6617 -15.2248
-21.5459 -103.873
55.6764 -34.8767
-53.9807 8.79593
75.1086 -68.4814
-78.3259 -34.2584
-12.3015 12.7118
6.48607 196.369
-63.775 50.0915
-156.768 -140.095
45.9213 62.2015
255.788 -54.3477
-42.6541 -1045.92
-1.40845 -1000.13
375.983 633.632
-294.679 -342.522
-560.432 277.719
538.097 -953.1
