18932 19171
-1266.34 -7049.21
189.258 2465.81
14.5494 -811.771
-242.912 331.756
-373.425 -479.425
144.733 -705.719
282.245 -625.832
-358.372 -67.2135
-48.7128 104.371
66.7715 143.207
-52.6153 -113.547
-39.1612 -63.5903
105.521 -11.5438
-53.0877 -43.2017
-54.5859 -45.1165
-57.8269 68.3692
-60.3863 -29.5131
44.6729 -105.455
1.36425 -27.1487
7.47594 -38.2059
-27.3528 -16.6881
-52.1274 -8.37051
-42.9985 -1.83629
35.0939 -10.9472
21.3137 -38.2132
7.1884 -9.82509
-17.968 1.69798
-6.21423 -19.4587
-22.2099 -40.1546
-27.6739 23.8251
5.39625 -9.22707
19.9583 2.03443
-16.5491 8.89899
-16.7716 -21.7089
-5.65175 -2.07795
-20.5956 -13.9705
-3.77394 -3.75547
1.11215 7.2759
-17.6899 -5.58888
-8.62225 -7.97745
-17.2134 8.65092
3.20133 -12.2276
0.671644 -2.80964
-9.02914 1.79128
3.74655 0.410577
4.63614 -1.2348
-10.4099 -4.90144
-1.67999 -10.2493
3.91415 3.0311
2 -7
-3.65408 -0.904593
-4.16104 9.25118
-2.45693 1.78863
-4.09052 -8.98949
-2.11817 9.55958
-0.442471 3.63948
-0.577485 -1.9555
-2.16448 -3.97103
-0.623765 -5.98304
-5.0819 -5.27079
-2.8982 -5.88683
1.93154 9.02047
-0.653416 3.64439
-7.81971 -8.02812
-5.51645 8.35644
1.27006 -4.76963
8.37576 -0.695926
1.05973 -4.15543
-0.829569 -2.63572
0.514807 -1.16446
2.07361 4.15025
0.900337 -7.59063
-3.79044 -7.00209
-6.09964 5.44667
-4.72792 -5
-1.79167 7.12932
5.63258 -0.692147
-1.9186 5.72966
0.617642 -0.977978
2.36743 -0.963508
-1.81146 -1.91214
-8.99876 -4.27733
2.6136 3.62606
0.915807 8.02014
-0.618929 -3.36556
2.11371 -5.68778
-3.79319 3.8093
-1.80444 -2.44844
-2.34248 -1.657
11.0957 -4.79902
0.196978 7.76603
4.75737 4.26617
13.9092 -0.48558
7.02224 -8.11392
-17.2691 -5.79104
-1.54068 -24.3557
10.3787 -6.47582
-1.5461 -15.4288
-2.6611 8.24714
-10 -19
-0.561356 3.323
11.8797 3.24473
0.0217213 -6.93712
-3.60565 5.17901
0.0356012 -16.2071
7.51631 -0.0764493
-5.40712 16.4638
-2.42024 10.2488
13.1631 9.68309
-0.774529 -3.45316
-3.39792 -3.23543
-1.32594 10.1777
4.72379 4.52447
0.0982578 0.0577815
2.67035 1.54145
1.54529 -4.63037
6.41873 -7.8787
-0.78596 -1.76195
-4.40092 6.43049
-8.04119 3.28975
-0.317263 5.31224
-1.19326 0.107581
12.524 -4.79187
-0.485458 -4.60727
-1.31371 4.2132
-0.482147 4.46656
-3.89848 -3.3299
-1.7718 -1.58719
-0.175626 -2.22514
0.0765139 7.70414
10.8469 -2.67764
-2.97821 3.91832
-3.43279 2.70977
0.427368 3.0756
6.59049 0.256642
-18.6547 4.20804
9.57042 3.42777
-3.02548 6.1754
4.54329 -3.02488
-3.00827 -1.87511
-4.28185 -1.08851
1.37548 8.36367
2.32 11.8507
9.6156 1.91918
-0.548019 -8.4967
-2.11105 2.46349
-0.822804 -1.003
5.16049 -4.56039
-5.8732 0.418862
0 3
1.13809 7.60869
6.5575 0.184178
14.8936 -14.0355
3.14899 0.0187867
-0.717464 3.96414
6.24489 12.6818
-2.87921 7.93844
1.40061 -9.5712
-8.33513 0.961233
-12.704 -5.34879
-7.71737 1.94066
-18.3572 -3.67887
-7.56935 -6.50001
-0.375156 8.59438
2.40751 14.6744
19.6256 11.7288
16.9893 11.6119
-7.88738 -2.46117
-5.88665 5.86357
-4.94377 -19.1124
-14.2189 7.87341
-3.81216 -23.497
-9.91123 6.62636
11.9799 11.4621
20.7279 -5
42.8148 -10.3888
8.88046 48.0576
-0.362344 27.57
34.7968 18.172
-4.38577 24.3518
-29.2241 -10.3659
-39.7484 -58.3627
23.9574 -5.75656
-77.4619 -67.5129
53.9183 -111.947
-94.1352 12.1447
23.0731 59.854
38.6461 39.8722
136.756 -7.79008
42.9336 117.793
-111.69 188.672
120.253 -92.9281
202.417 -403.407
-626.589 -558.376
-504.918 -822.336
1140.61 -59.0597
-338.67 -20.2071
-270.996 196.645
474.493 -993.959
