19335 20798
-4114.56 -5056.29
294.746 -2047.55
810.826 -451.451
316.635 445.552
439.304 177.388
648.192 -278.236
-595.63 -220.191
315.466 -96.0727
-44.4586 0.156924
59.5509 -96.7921
50.1127 -133.974
-25.0214 -52.6796
-88.0108 -26.2986
82.141 -9.82833
-41.5167 -31.9203
8.92869 -12.7414
-44.8847 -61.3663
-53.8485 3.2664
-3.16213 -20.256
71.6433 -44.9391
-41.856 -1.7618
28.689 -38.5683
-28.2732 2.0033
-0.0255869 9.51362
3.12132 -23.2635
7.93232 17.8719
-27.6478 -7.93776
4.50732 -19.5383
-20.3718 8.06403
16.198 -17.1735
11.1225 -9.12183
-14.7693 3.40728
-16.1938 -9.38582
3.95232 -11.145
-13.9746 4.22389
9.50428 -7.60569
-7.25723 -5.43531
-3.53036 -10.293
-5.86232 -14.5648
21.4834 10.8036
-9.66439 -17.4597
-1.45428 -14.353
-8.40899 3.09855
-6.10467 1.83891
2.44273 -4.76274
-6.24107 7.04727
3.64182 8.95387
-6.62852 16.4134
1.38289 -0.226866
0 1
-0.738348 -0.119502
-16.2411 2.4856
8.64369 5.10736
2.37547 -0.868833
4.15009 -3.30341
-0.804939 -5.98365
-3.58454 0.000704297
7.22953 7.5091
-0.275586 -5.35146
-6.2726 1.68889
-4.069 4.56797
3.29673 -9.21023
0.378969 -7.3953
-1.38945 -6.83168
-0.608777 3.76022
2.65446 12.3176
7.12746 3.1369
1.40399 3.66644
-4.35265 6.06723
4.20526 -6.23483
1.90391 0.392506
-2.21408 -3.22637
13.2892 -4.48322
3.37639 2.09045
-2.29289 -3.6066
-1.77902 4.28689
-11.4246 -3.12279
-0.239377 4.19832
-1.92642 1.51179
-8.38304 0.261903
5.89831 -3.60077
-0.0411287 -1.59882
-3.45837 5.92412
8.33018 -2.16614
2.75801 -2.86718
-5.40569 0.521036
1.57369 3.51673
1.52316 3.25087
-5.4955 -1.98513
6.22621 0.452698
0.53173 -0.801083
-9.22105 4.50837
-6.35791 -5.85278
-3.22465 -6.78416
-3.96009 -6.41843
1.5693 -1.39177
1.64699 3.87053
4.3209 -3.38436
-6.80996 -5.76177
5 2
1.44446 -4.67203
9.76618 -3.47347
-1.42538 -5.54125
1.39355 -8.40158
-1.03241 2.05879
1.39473 -0.202531
-13.7307 0.389474
2.4895 4.21233
7.0911 -0.402985
1.70315 12.5081
-1.73724 7.21899
-1.58493 0.248225
-1.56806 5.9183
7.19681 -0.715825
3.36576 3.35952
-4.53865 -1.1779
-1.13506 -5.87503
5.79458 -1.40353
-0.949741 -6.44376
3.58467 1.26596
-6.80572 6.33151
-1.60793 -1.86418
5.40821 6.18434
3.77011 4.6637
-1.12132 9.26346
-0.471316 4.63753
-7.73193 -4.43377
4.38325 3.94739
4.21502 7.60766
-2.28051 4.06209
-3.18357 4.03056
7.39427 -9.68952
1.24952 -1.10124
5.61097 3.14519
8.82062 10.665
2.7923 -3.38397
-9.5009 -5.36089
3.23862 -3.71889
-5.22885 15.1929
-7.59466 7.43572
5.36934 -5.38091
-7.52739 -2.56264
10.3954 -1.10936
-4.61151 0.377909
-5.2187 5.70341
-2.04024 1.01556
3.66927 7.98866
2.02331 -6.8821
-3.95284 9.18039
0 7
2.56089 3.66616
9.72583 2.29913
-5.93914 4.87777
-1.90259 1.02428
-23.0948 -19.7932
7.61264 -10.5501
10.3403 0.400098
7.24343 9.32701
-2.35431 -15.9378
-1.685 -0.331514
1.99747 -5.09033
13.3704 -3.15774
6.35299 7.81417
-27.8221 -14.5154
6.1753 9.11602
7.34522 -25.0157
2.52142 -1.23505
-9.95578 3.67845
-22.3963 -13.5999
-3.49657 -8.7227
-17.7228 0.000490054
11.0403 12.8329
-23.2797 21.4329
5.4331 -10.4136
-3.70711 17.6066
25.4863 4.80378
48.1813 -15.3347
-28.1017 11.6468
33.522 -26.9367
-2.77609 13.8144
3.14143 -58.773
-29.381 -13.0777
0.465307 7.1061
4.23486 -74.0514
-55.8199 -26.396
7.97376 -64.1259
12.6192 80.1287
41.0019 -79.3012
1.16211 85.9215
67.8936 113.9
132.961 -104.473
166.481 -20.8554
-256.875 -329.159
721.61 370.076
42.2098 -520.813
-84.985 -884.942
148.941 -227.486
-239.866 95.8588
-831.436 374.778
