20226 21135
-3564.31 -5527.81
697.746 -1608.95
729.146 61.3557
83.1761 324.108
248.963 57.2144
156.912 -17.6921
73.1457 -721.79
-125.866 172.768
188.383 -126.155
82.0754 -16.0635
-70.2216 -16.351
-14.2712 -131.046
-32.6977 6.06116
-83.5953 -20.2745
35.565 23.1078
3.1818 -74.2017
-41.0742 -37.7108
12.1591 -12.2175
-32.3822 14.1218
-23.6065 5.06093
-2.47161 9.22898
13.0552 -61.0043
-15.9651 -6.37245
-15.5892 27.7259
16.7782 -10.7782
-19.1022 0.330256
4.29738 -17.5813
10.3841 0.00994239
-17.1214 4.86771
7.04068 -6.40248
16.1367 -1.97408
-3.50861 -16.4152
-16.6833 17.1471
-19.6692 -10.6603
-3.61568 -7.04382
-3.09274 4.86914
2.17619 -9.03276
9.12006 12.2122
-18.8937 3.55232
6.90441 5.29741
-3.21953 12.5517
3.10937 5.14324
-1.62216 -5.46296
-15.2366 -0.048602
6.24291 9.46072
6.70528 4.33044
-6.88135 -2.43114
-0.324843 -9.4073
-8.92494 2.78426
5 -2
-5.06686 2.23369
4.65098 -0.940632
-5.29191 3.76938
-4.46775 -1.41243
-4.91073 -6.6563
-4.19481 -1.15659
-1.331 -3.43171
0.0320142 4.49332
-8.52231 -1.24611
0.0166447 -0.858603
2.87696 3.32242
-0.00740807 -2.60203
-0.0329411 2.08182
3.61497 0.702301
-7.27898 -3.02413
-3.8355 -3.33102
1.18884 5.79367
0.0776695 4.00132
-5.43189 1.19419
-2.56042 1.04993
-8.17925 -1.97454
4.87879 9.14792
3.16651 7.86168
-1.68678 -5.66032
-3.26346 -9.6066
4.67823 6.57648
1.55053 -5.98282
6.90854 4.61263
-5.53238 2.2433
1.16765 -1.55628
3.07578 -1.93487
-4.62512 -9.61149
0.700369 2.6971
-4.62765 -5.75342
3.87964 5.52691
-3.8047 -2.17631
-7.06744 -3.96063
-9.67247 7.0213
4.3537 11.4672
2.84763 -1.67914
-3.26318 -1.15499
-0.827649 -0.454773
-7.38959 -5.9107
-0.545072 -2.72091
0.496147 -0.716412
-3.98959 -6.08612
-7.68335 -6.34719
-7.46647 3.48338
6.51537 4.93628
0 -9
-6.33602 3.58632
3.29052 -0.829198
-0.191136 2.32545
3.0853 -2.19155
-1.07557 4.12408
-5.98502 -1.08064
-0.410596 -6.01042
-2.65318 -4.23859
-5.1544 -2.48096
0.453364 0.0136883
7.70677 10.063
10.8031 -2.57891
-1.11993 -4.53446
-2.3807 3.837
5.16194 1.66209
3.40301 -8.94459
-0.719512 -10.5011
-5.17136 2.74555
-8.17295 4.17835
-1.07748 0.174317
0.626605 1.0521
-5.17363 1.30571
2.1008 7.15889
4.91774 3.61955
1.22183 4.77817
5.22646 -5.39567
5.14531 5.94834
0.590997 1.74666
1.41663 -7.88692
3.95639 4.98738
2.91248 -4.86392
-1.0949 -3.21119
-6.57173 -5.88912
-6.11778 1.36138
5.69527 0.188828
-12.8488 9.65097
9.94672 -0.904049
-8.31229 7.04651
0.832216 7.96685
-3.51007 9.89304
7.55451 7.67882
4.46843 -6.906
0.154591 -2.58794
6.95906 -13.6393
-7.13337 2.97786
5.92858 -13.2329
-8.05672 -2.35573
-6.56088 -6.09209
-2.29148 -3.3612
-3 8
-1.00515 0.749023
-5.06824 -1.33931
16.3222 -0.0606844
-2.10128 7.85918
5.96184 2.44519
9.72679 4.40405
14.3737 -4.88019
-0.664351 3.77516
11.8896 -0.279006
-17.9946 -8.91544
4.83956 -3.28399
-15.8382 -2.65502
4.98437 -1.29898
-2.77861 -12.5644
-20.3504 -3.08935
19.1134 4.64529
7.92835 -2.04224
20.0497 4.10582
-9.05888 2.34336
16.1206 19.7553
9.61823 15.1322
-8.85516 -14.8056
0.877713 10.692
18.6633 -25.0015
29.2635 11.6066
13.4902 -26.5434
-19.1686 -18.2805
-19.0979 -5.14387
42.7836 -17.9143
-17.9001 -25.0954
-4.71684 0.272644
-23.3736 -13.6133
15.4267 -9.4693
-14.7171 11.1903
-51.2471 2.80949
31.9919 74.4873
-34.2847 -95.1464
75.5028 63.7536
79.4178 2.19546
118.066 162.339
105.022 -49.7152
-35.8747 -295.499
-88.2414 369.468
479.307 -540.441
139.646 -164.987
-191.519 -778.241
376.052 -411.17
89.2838 410.946
-971.884 1119.44
