19792 19705
382.99 -6326.48
1535.04 -481.723
160.757 382.371
-156.492 55.1939
-136.25 58.357
197.823 -119.253
611.713 -30.7451
-110.34 -346.368
-2.54509 125.801
-62.2442 -179.081
51.8408 82.2017
21.7841 -59.3049
51.3857 -94.5836
-37.9563 -34.8508
-14.1464 -53.5744
-43.7181 11.751
-58.711 -66.0887
20.8813 23.4147
20.8132 -35.9433
-5.48166 7.05325
-44.7191 -9.09706
-8.26204 -17.1631
-24.5933 18.591
-17.5312 -14.018
4.82843 2.89949
-3.00133 -32.0071
-9.65394 -22.1451
-9.51645 -14.2699
-3.05758 5.77348
6.67557 -5.99583
-3.18344 12.2296
-8.94208 6.77087
7.82285 -9.72443
-11.3786 -7.72277
2.80437 -7.15045
-3.95094 4.98808
-6.74647 1.30295
-12.5261 4.68892
5.70164 -1.90264
-5.03077 -9.32775
-12.8455 1.85338
5.72708 -4.54655
-0.673431 -4.23063
-13.8954 -4.14202
1.1007 2.94588
2.60022 -5.32856
-1.0062 -2.12534
-1.2163 5.32338
-3.75005 -3.47813
-6 7
-0.98904 3.15019
-7.22933 -3.83827
-13.7469 8.9946
0.85682 -1.97063
-0.178104 -4.36451
-5.76184 2.74519
5.81055 4.40369
-3.29948 -0.0631679
-15.2318 1.01422
4.13052 3.6077
4.03126 -4.475
-3.22619 2.50114
-4.60552 7.69237
3.52953 -2.4961
-6.88041 -4.82069
-5.98129 -2.06926
-2.24947 8.35553
2.61387 5.38497
0.0746993 -2.65029
4.32443 -0.991012
-2.37411 4.92499
2.00715 4.99187
-1.49587 -0.403784
0.712066 2.84843
-2.38478 6.85786
2.48444 -2.84679
-3.85055 -1.7335
-1.59672 -2.28544
3.30789 -2.62964
-5.92882 2.85446
-5.78328 -1.33198
-6.19924 2.53023
1.8615 1.04807
-6.77269 -6.72886
-0.233611 7.1674
8.11652 -10.9643
-5.9117 -1.87938
3.8612 -5.91904
0.0325948 -1.77554
-1.5886 -2.54252
-11.1955 -0.571127
0.129403 11.3869
9.74482 1.47916
-0.4909 -3.9502
-3.15535 -3.73763
-4.75996 7.09963
9.7151 -0.958785
-3.24088 -12.1982
5.1922 -3.00953
-2 -5
-3.36095 -5.44089
8.06265 -1.93685
-3.3894 3.59714
-3.02756 2.41606
2.08553 5.07497
-5.02397 -1.20284
3.17082 0.504905
-1.71077 3.76054
8.27887 -0.169082
3.59789 2.94832
4.37791 -2.95689
-5.02692 -8.33349
-5.16517 1.07613
-5.11481 5.25598
4.57748 -7.12037
-0.165986 -8.95293
10.3454 0.604157
0.61867 0.123322
5.32437 7.86912
4.92882 5.03409
-4.55822 3.62666
3.69222 -5.42138
-8.24822 10.0607
6.84632 8.02574
-0.828427 -16.8995
-1.30462 12.9326
2.76382 11.6199
4.27496 -0.0075153
-6.25697 -1.45721
-7.36922 5.22003
3.4528 -5.8306
-2.19556 0.730771
8.05487 -3.14405
11.1937 -5.20619
2.53155 10.8846
8.18123 3.05943
-1.28981 -6.32112
0.494311 -6.5616
-8.18809 1.08834
10.2859 -5.96838
-1.47374 -7.90215
-1.88778 2.5165
9.79916 5.12155
2.22159 1.28948
-2.19842 5.21885
-0.117561 -0.641322
8.54208 -13.6226
-5.40933 -10.3207
8.98733 2.60582
28 -15
-4.59193 0.233959
-8.25862 7.37826
6.17741 4.59925
-2.07433 -14.1835
-1.03059 7.54045
3.52472 -3.65143
-0.653816 -6.04151
-13.6642 -5.54676
15.9336 7.65056
4.03077 -18.5608
0.278119 7.23935
0.962034 9.82501
12.4084 13.3322
-8.10327 -6.28572
3.42978 -11.5708
-12.8923 -6.31655
9.49266 17.9129
16.2461 -11.9025
-9.39039 -2.93013
-2.79796 14.403
-0.891716 9.43608
-5.0987 -1.09695
7.30636 -11.3033
-19.1924 -10.9531
34.3848 35.1421
-0.0999174 -9.27669
24.549 4.8709
34.4052 -33.6253
-12.0745 3.41586
-6.93475 35.3074
-14.405 -20.5102
-19.5039 -40.0315
-7.57232 0.976667
-6.77955 -31.3239
24.9466 31.6274
14.9042 -26.2412
-47.6204 91.0718
-26.6702 99.3708
108.588 38.636
7.40211 -85.9615
244.561 113.717
-239.859 -83.1795
300.378 328.867
308.616 -510.668
326.597 -284.478
-315.172 -227.403
409.255 -633.728
603.232 597.995
-1206.77 1108.4
