19854 19144
579.28 -6546.14
-228.369 2266.65
382.683 -824.039
-206.355 346.295
-167.077 -467.67
139.337 -867.086
215.106 -593.962
-388.165 116.946
77.3145 43.0869
136.093 20.6421
-115.703 -65.2768
-45.9504 -55.2586
142.008 -85.6664
-63.6521 22.9743
-37.0882 0.941597
49.7113 20.2476
-59.7904 -42.5142
-24.935 -105.761
-17.4715 -11.9887
-20.3442 -18.3166
-14.2574 9.863
9.5446 51.8172
-32.6841 -20.849
0.0918964 -60.428
-31.0919 -20.1924
18.6395 26.2805
4.70793 -1.90193
0.197673 23.3476
-11.3038 -8.08126
4.66262 -14.2379
-20.234 -13.5324
-16.1494 -26.2678
11.2062 11.1165
-9.05927 -0.138983
-9.64833 16.7751
-1.52426 0.400402
-4.05201 -11.0857
-14.7472 -13.7506
7.47246 20.5497
9.55847 10.5249
1.20469 1.97763
-5.63839 1.33849
-5.19606 -4.73495
-1.2379 -16.0464
-4.42633 12.6854
-6.34823 6.17336
-1.09714 3.72602
-0.705287 6.03372
-4.9521 -2.62121
-1 3
-3.8485 -4.18357
-0.84066 6.93939
11.7573 -0.593209
-10.7379 2.19573
-2.71908 0.583355
-4.20486 4.12072
6.75804 -4.10002
-12.5738 6.49713
4.66346 0.203612
2.35724 0.771174
0.0435708 -6.53604
-3.27602 -1.07648
3.01256 3.64107
-0.432183 4.3585
0.173997 9.23582
2.86053 -3.34584
5.28995 -1.25755
-1.64003 0.484803
-6.11961 -0.796887
-0.357667 3.37064
1.90838 -8.52824
-5.2596 1.75071
-0.407428 5.10617
3.45685 2.40173
6.94975 -1.36396
2.48403 -0.0702687
2.17105 3.68021
7.00349 6.73453
-3.69607 3.32927
3.09846 0.403943
7.97175 -0.976375
6.45717 2.12103
-1.05642 -4.93667
-3.55629 -5.2365
0.361359 8.01948
-2.1336 -4.2871
2.49533 -7.57957
6.19808 -2.55005
5.79569 6.56835
3.98934 5.80873
3.96843 -15.5224
-3.55798 5.15351
3.48167 -0.850917
3.1046 6.24162
-0.553302 9.18157
-4.36462 11.9966
10.8914 -4.29158
-1.77755 6.2008
-9.09151 0.897266
0 0
-6.11988 -9.04607
2.02998 -1.21257
8.46577 -3.71421
-4.71696 2.02022
0.0780033 7.33848
1.28423 13.6089
1.49639 -1.04215
-0.283183 4.59816
1.87686 -1.2866
-1.31457 5.52006
5.93121 0.909768
1.49402 -22.5004
3.3357 15.8686
4.66337 3.11602
-5.1889 -1.60193
-7.79752 -7.8032
3.08704 -16.3073
5.67504 -12.7493
-4.66604 0.577926
10.4294 -0.494113
0.218379 -0.79697
-5.31107 -5.99304
-3.2041 -3.52192
9.03154 -3.29345
7.09188 -1.80761
-7.54375 -0.228621
5.6673 -0.0505515
-3.78865 8.0135
-5.61475 2.292
-5.00501 -4.85159
-6.09466 -2.10232
2.62247 -1.28686
-0.602421 8.52754
-1.12269 -8.16826
1.1352 2.653
0.940286 -6.05522
-8.07227 -4.24276
-0.843523 -1.23547
4.5377 1.80009
-2.10802 -6.62528
-1.46621 -2.23846
-5.15823 5.02852
-1.2132 -5.44438
-2.18568 -2.6808
-5.86334 -6.79328
-4.14733 0.145103
3.47277 -0.448219
-1.50194 7.71489
-3.50075 4.96021
-1 9
-2.48474 -1.59878
3.63788 0.263168
2.6104 -7.6297
-9.72601 2.11648
-6.63524 -8.84439
-6.20101 -0.515159
-1.10471 -2.50759
-4.29663 1.86342
4.04415 0.499194
12.9137 0.565288
10.5845 -6.56329
-2.66745 -2.96686
8.09859 1.89867
-0.964696 -1.66106
-1.76464 -10.1789
-0.778981 3.04481
-27.1004 -11.836
-9.41639 19.0771
-6.44846 10.483
10.923 -24.5993
2.25015 14.4282
34.8558 25.8108
18.5367 2.26228
33.5887 -52.8603
-2.94975 11.364
-5.25533 32.3086
-31.7482 14.249
-11.5956 -12.7805
-22.9992 5.26107
-59.905 19.1707
26.6298 -36.498
67.7949 -16.7507
1.24813 -31.1433
1.66228 -50.7818
132.518 39.3632
-11.7129 -75.7927
6.67681 -10.2304
-84.5905 -25.7255
118.65 166.924
-56.9904 66.3472
-229.101 -21.1897
40.9078 89.1279
440.444 -33.6032
-4.00473 -922.458
106.698 -1019.69
696.81 451.153
-250.297 -341.988
-193.283 452.097
373.745 -997.107
