19724 18941
-515.99 -6649.96
353.905 2241.05
30.7059 -868.749
-52.4255 445.47
-157.076 -229.047
107.747 -802.402
155.158 -793.862
-206.287 132.402
-1.16232 -22.8387
133.364 -12.434
-110.655 -5.69549
-48.1176 -13.4971
54.4788 -171.41
-4.17666 1.81557
-69.8438 26.5403
37.7353 -19.5486
14.7061 49.8421
-62.3292 -62.1949
31.0954 -71.5197
-26.4172 -49.1808
-35.6927 1.26283
11.0167 14.1186
6.36863 27.5952
-35.0879 -38.4063
-0.828427 -7.24264
7.22379 -36.5228
-14.2104 0.0946629
-16.1173 14.8996
8.34337 11.4693
-4.92511 -15.9945
-23.4904 8.59814
3.11932 11.0111
-5.44347 -16.9753
-11.2942 0.234631
8.97216 16.8847
1.59536 -5.11279
-6.89198 -20.433
-12.1086 1.99945
-8.06337 -6.65669
-2.40633 0.963452
-6.32019 5.46541
1.37724 -2.95446
2.89756 -5.82029
11.5631 3.8397
-8.31789 0.584502
5.70301 -10.0674
4.00839 10.0797
-3.4693 0.160967
-0.420803 -6.23951
-10 -1
-5.40712 -8.58198
-2.89177 -6.08986
1.82858 8.90512
-1.02971 -1.95698
10.9463 -3.58031
-3.38017 -4.49446
-10.2783 -10.8542
0.783191 -4.51858
-5.28691 2.38543
-4.13216 8.66465
-8.14886 1.5269
-7.3485 3.79167
-5.5837 0.805426
-3.2197 -6.92578
5.76665 -5.51145
3.6912 0.105621
6.74045 -6.35392
-3.67973 -5.65982
-5.87526 2.06472
4.99399 -2.01867
1.48146 2.88671
0.272106 -7.2675
-0.14406 4.44303
-0.210032 -1.12867
-1.41421 2.85786
-3.1473 -0.773115
-4.69888 -3.28396
0.499712 -4.52864
-4.54456 3.07869
7.07383 -2.14464
2.9999 -11.9318
2.06447 0.176283
-3.54225 4.53735
5.06859 0.975371
0.218224 3.05813
-5.52504 -3.6135
2.67834 8.40883
-7.22341 0.566098
-2.41718 -4.73453
3.71791 7.14218
9.90035 -4.56799
1.33343 -12.2578
8.20237 -4.21315
-2.92489 3.37849
-9.57147 2.05891
-3.66351 12.951
3.2586 18.2697
-7.21279 -8.82864
2.22716 11.8899
-6 3
-0.660529 16.8993
4.06834 -6.97731
0.425575 -8.06612
4.22639 18.4406
1.60896 5.6171
-1.79789 3.78301
-7.51321 -4.83342
-2.69834 -8.15275
4.78648 -6.97164
-1.87007 6.28722
-3.09232 -2.30886
7.97955 2.12066
-1.4239 -6.23213
1.56053 4.07652
-5.30537 -9.3878
8.56653 -1.32835
-1.6177 6.39831
7.28657 2.90749
0.560801 10.9143
-0.983655 -2.76519
-3.70074 -8.98265
-6.67081 4.86113
-9.97377 -4.0506
7.1484 2.92784
4.82843 1.24264
-2.96526 -1.81184
0.650658 -0.379413
-0.415261 6.68171
7.55508 -0.726971
2.14025 4.58123
5.31613 0.951544
-9.63572 -2.12156
5.51815 -1.48912
-10.5543 4.01577
3.16387 -0.935019
-1.42468 5.65591
5.7317 5.71395
-1.00252 3.08068
-4.0294 -5.539
1.40267 -8.79739
-8.96968 0.548201
-5.58194 -3.50626
-3.61226 10.1064
-1.28972 8.72258
1.68973 -3.31896
-0.335459 3.34491
-1.81242 -4.12972
1.31738 -2.16738
3.14628 3.66588
8 5
1.01183 3.35037
1.77413 1.04966
-9.94763 -2.79905
2.98987 2.66153
-10.3831 4.90105
15.7296 -5.60947
15.5163 -3.47985
9.2547 1.44522
-6.50425 -4.49708
-2.68384 -17.0536
3.79073 -10.3446
-7.67816 -3.35232
-0.440053 18.3552
-0.977332 20.5074
16.9589 5.41776
-19.3913 7.16459
-7.99789 -0.150447
12.1024 -18.5818
9.96484 -42.491
0.777706 -23.2894
0.97586 -11.209
-9.2509 -3.29805
3.08319 -33.195
0.822561 3.55845
1.41421 31.1421
-2.01304 53.6091
17.8316 -4.90697
-0.810296 9.73199
-38.4459 15.3253
-9.85326 -33.6864
33.4844 -52.0609
14.2444 -52.9092
-24.7483 -49.1067
34.7483 -36.3566
25.1514 39.1996
36.9273 -68.141
-74.9203 68.0919
15.9616 -21.1231
109.877 223.673
-56.1988 51.7259
-193.411 -64.4651
140.516 33.21
297.666 -138.374
-191.182 -1085.46
22.0214 -900.482
525.658 653.571
-121.966 -435.219
-289.036 473.578
495.082 -1046.91
