18856 18737
-3008.59 -6390.76
1677.53 1973.14
-963.224 -868.944
456.867 620.387
-267.584 -198.509
-246.526 -1197.35
-294.873 -598.965
158.788 99.2542
-86.6406 -137.005
-18.1931 -12.4237
62.4256 148.097
-54.8717 -40.6623
-61.957 -146.159
55.7761 -42.7949
-52.2644 -16.3905
-36.0834 4.61039
36.5784 19.0415
-22.1338 -41.3107
-66.7359 -106.635
32.8494 -40.7382
-17.5592 -48.8378
-23.0376 -1.24561
-5.53311 47.0185
-0.200247 1.55977
-40.9203 -25.6066
29.8254 -22.1129
20.9918 -38.8736
1.06689 -4.26408
-3.45601 13.2496
-9.00737 7.67836
-22.0404 -8.57068
9.39233 -5.00782
-6.4048 -25.9621
-1.26192 -14.1064
4.49475 -14.9692
-15.1197 15.7451
-24.6197 -6.50256
3.58519 18.0808
-2.32085 -7.38749
4.83245 -10.0341
-9.20953 -14.9456
6.46277 6.68743
-3.91221 7.16702
4.79897 6.37512
12.5036 0.0313888
-12.5952 6.96129
2.30327 -16.549
-2.01528 16.2728
-1.42556 5.28403
5 22
0.752205 -3.43257
-15.4735 -17.7164
-5.20205 1.30954
-10.2617 -3.5951
-2.03601 -0.588657
1.3429 -5.59471
-2.5317 -9.44651
-6.69688 -10.6269
5.94259 -11.4905
-9.95846 -5.12353
-0.321366 0.652958
12.3535 -5.22034
-3.56216 2.5652
-11.9563 -7.55965
7.14781 0.950795
-0.864034 6.83159
-3.59312 -6.13541
3.59472 4.78242
0.33333 -3.63066
-13.8812 -10.7472
0.470655 -3.02551
9.8881 -3.6593
4.94343 -6.54784
-0.0208099 -2.41941
3.02082 2.83705
-3.69379 -2.83881
9.82139 2.48022
0.496627 0.474483
1.38528 0.0633087
-2.38342 -3.16569
-3.87337 1.52638
-7.47362 -0.18523
-3.0327 -6.17934
-3.39038 -0.13726
-10.1172 -4.43902
1.13586 2.22888
-3.26578 2.63658
0.38935 6.4344
7.31558 -0.0980921
4.24878 -0.284492
-0.104459 -0.859438
0.466214 2.05728
-4.93917 12.5404
-5.02829 -4.25377
1.48001 -6.89915
6.38299 -1.38255
-0.678648 -6.8288
3.44237 8.43139
-2.61326 -0.190727
0 3
-4.93925 -9.35591
8.39259 -1.81384
7.46696 -1.06198
-4.9573 -19.8169
-1.05208 -2.21851
0.0644163 1.71762
-2.71298 -7.23365
0.227727 0.880002
7.65355 1.69084
-3.87859 -2.25858
9.01952 3.60931
-2.04856 0.419719
0.126234 -4.74735
4.04537 3.19232
-4.47399 -0.793512
-9.52166 -3.16201
-3.64362 -2.34815
0.0733606 2.0936
-6.38513 -8.26453
2.14735 2.81816
3.11374 -2.85622
0.450023 -3.11402
6.60346 2.23045
0.651469 3.5334
2.92031 -4.3934
-0.0771545 4.4893
8.61079 9.29329
8.09426 -0.731489
3.86777 -2.35761
-5.55056 5.41966
-1.59186 -4.89293
-2.1772 -10.4607
3.83606 1.33664
0.254823 -1.87126
0.158534 -4.1347
1.78179 -2.01383
-7.71216 1.06434
-0.825627 9.22019
10.3103 6.50631
-6.74975 4.66455
9.09709 2.44865
2.52542 -3.95903
-7.59859 -16.0241
-5.54595 -4.16602
1.7453 7.83726
-6.53235 0.964326
-5.09352 4.58632
-8.67752 3.45198
-7.64678 -13.071
-5 18
5.60995 6.67308
11.7508 8.31332
1.43102 -18.3962
-1.11687 1.20784
-0.202413 23.1155
5.96415 -5.91196
0.130707 10.5966
0.484892 -12.2814
9.71729 -15.4102
-0.596378 -21.6183
-13.358 -6.7795
-8.0609 8.95615
4.14205 25.1426
-9.51354 17.9226
-1.1112 6.85088
24.5586 5.90763
-13.7567 -2.13894
-6.69453 -10.0088
-13.5271 11.7549
9.49483 -4.71145
9.19826 -40.3499
-7.10234 -35.4776
-1.06825 -8.23684
49.5666 38.273
-21.0208 55.163
-0.646634 25.1948
30.2218 26.33
16.7288 14.3305
-41.2274 -46.5576
-36.1412 -26.8028
21.7621 34.4965
25.168 8.12993
-13.5058 -127.287
14.9886 -41.0036
-53.5324 9.49647
5.30204 44.5887
-20.5375 8.0636
67.0857 69.9579
122.505 214.619
16.7671 57.3275
-142.524 -213.378
12.3493 -16.1148
-11.2437 -50.3586
-158.868 -1095.39
-239.156 -1107.34
283.818 740.539
-112.185 -185.194
-396.845 167.742
374.794 -693.814
