19692 18763
-1251.36 -7504.12
-232.973 2482.57
116.953 -1083.47
-711.567 667.429
-543.179 -491.895
469.985 -561.464
511.94 -459.381
-308.097 -372.872
-71.6428 -23.9036
-129.554 100.197
-156.019 -139.285
8.88325 -50.9931
-21.0947 104.024
40.1742 -37.2593
4.88269 -21.5389
-92.1015 -26.203
-8.6726 -102.33
-8.77158 -43.1461
-52.0356 -24.5429
-12.8702 77.8527
-6.67235 2.29481
-43.3543 -54.9396
-16.6358 -38.4312
2.55889 -9.04978
3.82843 -35.799
-29.361 1.11612
-23.0601 12.6112
5.32515 -13.4285
-7.11038 2.43689
11.0546 -8.33554
18.8046 -6.05201
-7.15817 6.39112
-18.4 -20.2028
-16.8262 2.62248
-23.3 -14.8299
13.8549 9.61905
6.34448 0.507849
-1.578 -2.2506
4.2478 7.60732
-23.543 -6.6814
-4.24948 -13.0273
4.34336 5.62263
-13.4062 -0.874806
-6.84847 -0.748718
-13.6412 6.97322
2.82971 7.54009
-5.74643 -8.46879
0.715102 -5.39179
9.24865 -1.26426
-6 9
-0.232199 0.208594
9.14866 10.3852
-6.21319 11.1495
7.41475 -0.896369
0.00401036 0.27736
-4.90307 -6.89361
-5.75598 5.16207
7.17983 -9.06245
3.89838 16.2105
-3.29639 -6.71501
-7.31609 -2.95245
-0.805018 4.84995
2.05015 -1.6377
12.3585 -10.8384
-9.93623 -6.51971
-5.81492 -1.19351
-8.5066 2.99254
-1.72403 -3.1786
-3.76884 -0.762436
-5.42842 0.635464
11.7579 8.33118
7.3517 -4.96187
-3.86241 -1.64443
-0.629998 -5.32785
-0.414214 -0.928932
-2.74444 -10.6813
-1.30999 6.12703
3.57661 5.76836
0.746324 -8.43721
6.73074 -7.12933
4.08684 5.60481
-4.93327 -4.45979
-5.75728 2.72897
-2.99548 3.64455
-4.68549 13.1414
-3.26027 4.33162
4.28659 -5.77359
5.17347 1.39018
-5.35547 -2.18135
1.65181 1.67045
8.62482 -14.6775
11.4963 -5.71919
-4.50386 -7.12652
-7.73978 -7.59426
-3.67666 4.93266
-14.6434 -1.27477
-0.417632 -0.284013
-4.85558 -5.57407
-1.04989 -1.29183
2 5
6.72723 1.70486
3.19274 2.03521
-7.2368 -5.49607
-1.7818 -1.82893
1.06452 -0.2507
-3.51958 -3.0737
-6.41657 -4.73032
-1.31428 -6.47526
1.80265 2.10935
5.19271 -2.82422
-1.50775 -0.92129
-5.082 -0.983935
1.20209 -0.605033
-10.0345 -6.76032
3.14345 9.57579
3.55999 -10.3768
-3.30674 -6.79769
-4.51381 3.69563
13.1476 5.16011
4.10208 2.27523
-3.09736 0.870434
-3.83085 -0.0352994
-4.51562 -0.592223
2.0374 1.35001
-1.82843 3.79899
-5.15033 -4.47149
-0.616911 1.7366
0.460826 8.6668
2.76615 3.39164
4.89464 -6.42234
-0.496954 10.8459
-7.15568 -6.20933
5.44823 9.10061
2.71325 -4.21052
-1.99475 -8.18373
-8.01882 -9.80085
-9.13474 -0.934615
-3.42143 -6.95958
11.4168 0.769679
-14.8151 3.37561
0.0476368 2.74829
5.27387 -14.4247
5.9194 -1.79767
-3.53411 19.7847
2.07963 -3.49023
8.60535 5.36031
14.7361 -3.71119
6.34608 8.71777
-5.71488 6.46159
-12 -1
8.84793 7.65002
-4.21201 0.268369
-1.50589 -1.38943
1.79593 -6.53254
-2.86535 -4.28054
-5.53553 5.27968
9.24031 19.212
0.408571 17.9417
8.5009 -6.0202
-19.2898 8.5355
-7.01457 -1.31769
-2.33098 -6.20766
20.0128 -2.43543
8.74759 -16.2539
-5.36683 1.20448
-0.0360078 -0.886367
6.5483 17.9547
-2.92257 8.07375
12.0392 2.53153
-20.9929 25.5551
-22.9393 19.6514
8.19586 13.8578
48.7048 -23.7201
-0.618993 -5.95027
2.41421 -15.0711
28.1672 -12.9922
55.0448 -5.61351
-14.9961 -1.55367
-22.6579 -22.2258
-41.0184 10.4867
-64.2737 35.4033
-50.7863 -7.51555
-14.565 -46.6492
-50.118 -0.943795
-28.3358 -67.1637
69.0803 76.2266
85.2638 44.3939
97.1919 8.42825
97.1196 -117.552
121.181 131.524
4.2392 111.329
-64.2133 -315.54
-86.883 -439.601
-948.706 -278.628
-498.193 -509.953
1285.1 -369.646
-51.1855 -13.505
-187.726 160.701
421.46 -673.276
