20817 19278
-1790.97 -6604.97
2253.51 389.998
-1024.99 336.575
-155.134 -804.25
-141.726 36.1867
601.394 274.954
726.462 -541.216
113.627 60.5983
25.8169 -87.6432
-84.5989 -101.102
3.8906 -77.263
-104.323 -78.0026
123.728 -50.842
73.2174 -12.7355
8.70864 18.0288
1.24914 -24.311
10.9043 -63.4124
-23.3683 -81.5128
-25.6732 14.6941
18.9721 8.29657
0.789702 -0.33416
10.8064 -15.9892
10.3055 -14.846
28.8587 -4.96573
-3.29289 -47.9203
2.5103 2.43569
-11.3169 19.7002
-26.0631 4.31513
6.88325 -0.891706
5.46029 -2.70882
13.2418 -19.8243
8.80051 9.43402
3.9374 12.9467
-0.8745 -8.78692
-18.6007 -14.5769
2.01834 -5.69001
8.8118 3.63462
-0.788255 2.92852
1.30284 -1.01745
-6.17255 -7.49994
-15.5622 0.653507
-9.73571 10.4029
5.75201 14.0808
0.0421599 2.0267
-3.08715 0.830642
-6.97043 -1.0522
7.42217 -14.8689
6.42076 4.58714
0.281081 -4.97829
10 1
-4.8368 1.09307
-10.8039 -6.94561
3.38863 -4.10724
5.71527 -4.83026
3.40579 -8.35942
-3.94099 -15.9481
-6.53365 -4.83077
-1.65851 -5.96926
-9.89289 6.93672
-0.714768 -1.37425
-4.43821 3.7554
-1.83973 2.4602
-0.0809613 14.714
-5.19449 3.52738
6.32428 -6.21766
-2.93707 12.3395
-0.539937 2.12895
-12.4371 -7.56375
-14.4697 3.39821
-13.3488 -8.91424
-2.24043 -6.32023
5.2681 -2.04974
-4.862 13.8243
-1.45897 5.34097
-6.22183 6.84924
-3.85483 0.32973
4.88175 4.24862
-3.51408 -0.716453
9.29438 -2.98704
3.84567 -0.00656449
-2.11553 -4.53481
0.262969 -8.10658
0.505928 2.76696
-7.31893 1.94365
-3.98184 2.03863
-5.42609 3.6961
-9.68847 -5.77476
-7.54991 8.18728
-6.65173 2.39851
-0.774919 2.85298
-7.37518 -3.27743
-5.51235 10.8694
3.70982 1.4419
-4.22656 6.37164
-2.45631 2.14748
2.75284 -1.59363
3.1322 -7.84611
-2.49714 -2.58568
1.78612 -1.31039
-1 -10
-4.26504 -0.578652
1.62361 -1.45386
7.97787 1.89123
1.31592 -3.86945
-3.6155 1.50848
-2.61419 0.414623
-0.312319 1.7367
9.05284 -0.578454
-7.95055 -4.32035
-1.27263 4.72616
-0.795398 -1.898
-4.31655 0.531111
6.98031 -1.90921
5.00769 9.05198
-4.042 -5.18483
1.75344 3.90643
6.95644 2.69718
-3.15826 6.19652
-4.99252 6.57121
-4.31781 3.24263
0.477341 -1.3787
-1.48435 9.69464
1.60547 6.25954
-0.967005 -7.76222
-4.70711 -4.07969
6.02425 4.62073
3.78301 2.64205
5.32085 -16.0067
-11.9713 6.84012
9.41744 4.84794
-1.99794 -3.39848
1.11718 13.2816
1.72425 -2.61634
-10.6412 4.32506
3.4983 -7.50319
5.75678 6.40421
7.2609 -3.88786
2.10617 7.52134
4.73968 -14.4328
2.53443 2.42998
-0.810533 8.36332
-0.692375 -9.82738
2.93149 -2.32357
5.87554 10.262
13.6382 0.487349
9.7289 -6.03016
-1.32677 6.76336
-0.058456 -5.33414
6.50126 2.78978
10 7
11.8823 -5.36322
7.23973 -1.52764
2.93278 13.0338
10.1111 9.08924
-10.2134 -9.51696
-0.279736 -5.67951
0.699398 -3.51391
-8.7565 -3.94027
-5.70283 7.32522
14.6447 6.26388
7.36918 -2.83922
0.907677 15.8336
7.35601 24.6652
-1.79947 7.18582
-6.95755 0.127816
-31.6426 19.7672
31.9939 -2.56094
21.6661 -0.054497
9.55015 8.4308
25.9564 -22.5987
-15.6684 4.52675
0.909928 11.4094
20.9987 -12.3923
8.8022 -14.7067
-21.7782 -22.8492
-28.086 -13.6671
12.3557 -17.1643
48.2536 -19.4553
-18.4999 -6.07286
5.20826 10.6477
-42.7918 33.648
-24.025 67.5956
60.48 -32.365
-29.9401 -0.109101
17.4054 -32.9619
78.5512 -5.82539
26.8249 81.3586
124.896 -14.0652
121.572 -70.4539
29.1612 184.897
154.129 40.2903
-10.1245 -74.4287
172.97 -371.363
-224.321 -1043.85
-542.3 10.965
913.762 -304.396
218.779 554.701
264.098 -437.664
592.262 790.4
