19553 18901
1526.01 -6836.47
-372.178 2476.58
214.112 -917.32
-187.205 212.165
-152.514 -643.46
327.748 -858.075
222.11 -544.519
-416.646 97.838
59.5133 75.9019
105.128 29.123
-114.212 -84.2259
-6.49302 -85.4533
166.202 -71.0882
-105.343 -10.2048
-44.9423 7.76364
48.1716 13.6932
-63.2397 -67.6952
20.1537 -84.1766
-28.3277 -10.4346
-22.3153 -15.9652
-49.4052 25.7473
-11.1748 47.1334
-8.62717 -51.1731
5.62793 -35.6066
-8.70711 -30.6777
0.327007 11.8842
-5.01252 -8.24237
-17.743 6.76547
17.5411 -6.8817
12.2978 -23.5249
-19.4972 -2.13095
-10.4461 -3.38072
-8.13761 38.2746
-29.7358 2.04297
4.61505 -0.246719
11.0841 -8.33296
-11.5682 -6.43662
-11.9015 14.3288
-7.0615 11.3135
4.25955 -6.45611
-8.85477 -1.59184
-8.18291 -1.78823
3.97199 -15.7508
0.484872 2.29413
-2.47344 9.72705
9.60541 2.16489
0.26251 -5.66575
-3.88151 -4.62451
4.45824 -8.54502
-2 4
-2.23642 3.21643
-3.68129 4.27705
-8.56508 -4.99231
-1.76891 -16.6239
7.94214 0.554303
-2.81809 0.143147
-2.02578 2.93729
2.80522 7.64189
-4.68354 -2.02382
0.599318 -3.95
6.14258 6.2895
-0.0657495 4.54386
-7.51456 -5.64341
-3.64093 -2.62513
-5.09522 -1.73604
-6.70265 2.18647
0.382096 -1.49608
0.926865 11.7442
-1.32819 0.751185
-1.22895 6.94942
1.63377 7.69817
6.89411 5.6805
1.64743 -5.3774
-1.17006 1.26455
-8.94975 -4.53553
-2.42349 0.677409
-0.685441 -2.05637
-3.61619 0.355998
-1.29764 0.940588
1.18297 3.64787
-6.85284 6.96155
2.5719 2.5538
-0.859346 -7.30102
9.40649 -5.26379
1.62669 0.307641
-4.87642 -3.81511
-11.3881 -6.62213
-0.9977 6.57943
-4.60059 6.41731
-9.40698 -2.38037
3.34325 -4.93684
0.641436 7.28829
0.338916 5.74793
-9.31995 -5.85533
8.65849 -16.7433
2.32238 5.82929
-4.84136 -14.2842
-10.7153 0.751237
1.27894 -6.90886
11 -23
3.15273 -15.2884
-4.62083 9.25108
0.551023 2.41252
4.1476 5.86575
-2.49722 -1.34855
-7.0526 -1.11897
-1.33789 9.16628
-2.51612 -13.7489
-3.32516 5.77939
1.67481 2.76977
-3.95171 4.64966
2.88894 -0.671068
-3.62659 -1.97933
2.05512 4.23094
-5.12138 -4.20732
-2.80696 3.45488
4.02427 1.71343
-5.58052 9.25054
-6.53921 0.0838698
8.96293 -11.12
1.10499 0.596136
-6.178 -5.8819
9.25537 1.60152
-3.45376 -1.84457
-7.29289 4.67767
3.95159 -0.0724563
-5.96153 1.51789
1.25749 -3.15908
6.34999 -1.31464
-2.0245 -5.77745
2.45733 2.94556
2.07584 -12.1094
1.18548 -8.87665
-12.2122 -8.32115
-2.10559 -1.70902
-4.42594 12.1142
-0.742587 -1.2284
3.06867 -2.06932
3.45768 -2.39242
-5.38454 1.2418
7.78562 0.799505
-2.38992 3.37245
1.83091 1.24083
-2.16269 -9.04205
2.37589 -2.32872
-7.61044 6.45849
-8.43324 1.82273
-4.44564 2.30866
10.0946 -0.724326
6 2
-6.58607 -1.38841
9.16598 9.18235
3.92641 5.39541
8.17714 -3.59888
-2.69759 3.10908
0.964168 2.60812
-5.37211 -3.72692
-18.4898 -0.260798
-0.574829 2.76649
12.5945 7.92825
7.65924 -3.35813
3.36659 -4.94777
-6.40186 -13.3553
4.05479 -2.60932
13.374 9.6917
-20.295 -7.74034
-29.6231 -8.1913
-6.61923 5.43265
-9.7096 -3.19832
8.30314 -9.96519
17.2936 -4.9659
33.123 -3.27223
16.0967 29.7613
15.9444 -24.7448
0.949747 2.53553
11.2088 33.3104
-19.5667 21.2921
-12.5896 -19.4203
-42.8029 26.011
-33.8995 26.6734
-20.6884 -40.9693
68.6925 -18.9171
23.1867 -32.8655
4.44668 -18.8543
121.203 25.1469
6.92473 -24.8867
37.4804 -1.20638
-108.651 -29.5626
126.675 122.983
-48.7437 76.8057
-237.664 30.255
0.506381 37.2947
470.621 78.3646
137.665 -882.702
81.6511 -1076.52
901.657 523.613
-317.392 -199.627
-109.288 149.229
627.986 -878.882
