19080 20174
-2881.41 -5557.27
2065.38 400.401
-839.928 278.621
21.8834 -407.372
239.54 -167.748
441.309 -575.063
38.7728 -657.133
-187.072 295.554
82.5493 3.74249
-135.832 2.52932
21.9245 -5.58974
-20.9398 -164.515
67.0286 -38.19
-14.1415 -14.7624
13.5081 41.3743
-21.0096 -51.7028
-14.487 -13.0416
39.8589 -64.0762
-32.014 -60.2235
-26.1896 -4.7857
-37.0581 4.79251
17.7748 -28.2406
-25.3086 -32.3113
24.7074 -24.2836
17.0711 -25.8995
-43.97 42.7835
-3.03534 -16.9918
17.0686 2.06672
-2.49739 -2.44729
2.3151 -12.1174
-14.2573 -20.7017
-27.7433 -3.41651
2.69924 5.81589
2.46152 -2.1429
0.322315 8.80404
-3.94896 -10.4176
3.73156 7.34353
-26.2609 -1.48383
-19.1979 -0.448118
16.5018 2.70936
-2.83465 5.39508
-5.31595 6.3384
-2.93789 8.23894
-8.73798 -2.12445
-7.80369 1.80313
-0.783502 11.313
0.795965 -3.58849
-5.26183 1.15307
4.33882 -4.37096
-6 0
1.15494 -12.8141
3.31908 1.07653
-9.042 6.33449
-5.08543 -4.89195
2.61092 0.812173
6.87874 -6.54056
7.11464 -13.111
-4.354 7.74203
0.860392 0.526301
-5.69727 -2.29696
9.00374 -5.83425
8.60449 -1.25786
4.90876 -2.39489
-0.1306 3.06686
-1.35403 5.05874
5.58307 -0.805254
0.786978 -6.08932
1.97512 3.16887
-0.126349 2.41775
5.13073 -4.25645
-0.805252 -4.62597
-1.29221 -4.11035
-1.38348 1.13162
-5.27117 5.10142
4.24264 1.75736
-1.00091 11.2216
1.10475 -5.83124
3.07373 3.01112
-3.46823 5.69532
-2.22835 7.47027
-1.10111 0.723863
-10.7031 -1.6177
4.82487 11.165
4.92773 0.577001
3.22595 3.07271
-0.809879 5.86976
-2.55464 2.72174
5.09416 4.02576
-2.82538 -7.27023
5.56978 -2.00145
0.204809 2.94444
-1.05364 1.51214
3.91479 0.565202
-8.52505 3.55648
-5.86742 2.78926
-4.42416 7.75213
3.26179 1.84577
-2.48648 4.30535
2.69813 0.26295
0 -2
1.72869 -3.43288
-0.443163 -0.69797
1.57649 -1.5572
-0.205785 -3.69967
-4.06022 -0.38238
0.361389 6.94337
6.69042 -1.64413
-1.17465 -3.31588
-6.70389 -1.70582
7.37629 1.12762
9.40416 -1.08199
1.64788 0.788155
-1.76252 -0.521315
-0.956881 -0.940571
-2.32916 1.6294
0.434993 -1.94809
5.73882 -3.67666
0.314757 -0.827119
5.69738 -0.783471
1.57588 -3.94241
-2.11017 -6.67722
0.10812 -1.52005
1.51004 -1.21073
7.06024 7.38686
2.92893 -6.10051
-17.5036 -1.62511
-0.394718 -0.336979
-1.49597 3.46517
0.88342 3.70995
2.93935 2.02166
-1.26263 -5.43797
-6.52985 -0.137331
-1.88711 5.39399
5.29196 -4.03875
-3.01909 4.34003
6.63275 -3.04135
-6.19653 7.06433
11.385 3.1565
7.60203 3.53648
1.22513 3.17235
-1.89136 -9.26343
1.05149 2.61656
5.5399 3.33318
-11.4798 7.88374
2.66872 1.17601
-13.4125 2.41294
6.81819 1.36251
-3.02012 1.13394
-5.01181 7.62791
2 -8
8.59987 3.81408
-0.612552 6.18687
-5.62386 -3.33672
8.46697 3.10472
-0.415015 5.40544
-15.173 5.5072
6.11818 9.62024
0.411677 -8.62859
-6.15526 -17.1618
14.1507 9.76278
-0.726079 -6.88122
2.42434 -18.1988
-3.43247 -7.05155
-11.8722 23.214
-8.5405 6.1906
-12.1531 -12.9441
-7.26565 13.5512
2.23617 5.55618
18.1897 16.2412
23.323 7.45048
-2.17254 -10.0645
16.7364 12.0574
8.46897 3.66624
-13.0902 -25.6764
-4.24264 10.2426
-31.4775 8.84402
-10.4383 15.6304
-1.52865 -6.89092
-4.5476 -3.65436
30.6618 45.9103
74.612 1.75501
-1.25604 -11.16
-36.4615 30.7744
-29.147 -60.1479
-53.6758 12.8289
36.2493 -104.178
-27.3489 -26.3279
-9.64349 74.789
57.9527 -58.4865
143.178 103.246
83.97 -4.54215
-135.845 172.667
354.153 186.036
25.7166 -941.919
-394.811 -467.155
159.689 -793.881
492.521 314.494
-187.779 -415.069
608.208 327.219
