17931 19753
557.151 -6136.56
-261.988 2099.01
361.512 -964.403
-321.84 530.095
-284.332 -521.611
336.007 -680.912
77.1099 -524.446
-326.111 -22.762
133.892 85.7666
98.4621 105.002
-92.2859 -46.0118
10.4726 -76.0128
76.0572 -51.3117
-56.84 -72.0065
-1.6284 -25.0944
4.80608 56.4384
-48.4223 -32.1566
-10.0928 -47.4294
-8.04938 -24.3295
-26.4802 -67.1487
-23.9452 19.8631
-8.81953 39.9891
-9.6182 17.0503
-3.08249 -34.3043
-11.6569 -2.24264
-1.14509 -22.1388
-5.43916 -5.38073
-15.0419 7.10283
-3.21166 13.8084
4.84576 -15.2334
-11.863 -13.9964
-6.2184 -11.8747
-4.32235 0.0111812
-6.73354 16.9789
-0.499916 -10.6967
-3.44088 8.33093
-5.22636 -12.411
-6.95058 -12.789
17.7993 -6.98295
-10.8882 3.2381
-1.00398 -9.30288
-5.10979 13.9153
5.20744 -5.60698
-2.14721 -4.41725
-15.0311 -2.74284
3.27994 3.04228
9.22877 5.23433
-1.17374 -6.9988
-2.88733 -6.98968
7 -1
-4.14005 -0.410401
-10.7943 -4.32731
-1.32763 0.323306
-0.315151 5.78068
-3.69687 9.14479
8.855 -9.9712
-4.36865 5.12708
3.80563 -0.185465
1.3556 15.6776
1.80462 13.0902
-1.73114 5.98938
5.56122 -1.24384
-5.27879 -1.3732
-2.3862 -6.42264
0.414785 0.480696
-8.82453 4.50556
-0.980148 1.14726
0.834633 2.17205
-2.15064 -4.44978
-1.5621 -8.37651
6.39796 4.03739
3.24782 -3.06477
8.57784 5.21785
1.04846 11.7912
4.58579 0.343146
-0.161619 -2.3059
12.8278 8.2622
3.35114 0.420921
0.344005 -4.44597
-1.94278 3.83151
9.53587 0.479564
-1.32756 0.307881
-5.28184 1.8604
3.65221 -3.25438
5.55572 -1.88833
-4.51979 -7.19642
-2.62396 -0.332164
6.9232 -1.69703
-5.66716 -4.14828
-8.35877 -1.75307
-3.47055 10.3569
-0.792925 5.8072
-8.10375 5.61083
-1.33587 1.53281
0.582439 6.21156
-2.45134 -10.2514
3.04177 5.06387
0.520178 13.0451
-0.711478 3.44446
-3 -1
-6.64442 0.0797625
-1.70138 0.610118
-0.443805 0.397016
-6.60529 8.77147
6.85257 7.28453
0.667542 -2.22716
-5.92792 7.28269
2.33559 -0.866715
-2.07525 -14.0908
-5.16022 5.31324
-0.0593182 1.35628
-1.44514 2.83817
-8.31303 -2.98653
-0.237514 -1.73124
-3.49526 -3.53727
-1.56101 9.46518
4.15984 2.99196
5.96549 1.95091
0.0545846 5.39979
2.03295 -7.30365
-0.784544 3.51866
3.02365 0.0296616
7.37598 5.24326
7.22789 0.683039
-0.343146 6.24264
3.45208 1.30244
7.08787 -6.30254
9.63293 1.69013
2.60317 3.09812
9.18303 2.04407
-0.984462 -11.2514
-4.66825 2.42174
-2.42617 -1.61426
-0.573736 3.3836
-5.09779 -5.0811
0.343071 -3.17679
6.75693 2.59976
-2.46534 -1.43203
-6.03977 2.667
4.8823 10.159
-1.93155 -4.69778
-7.23895 -13.6828
4.15133 3.18969
2.87928 -7.4946
-3.79155 -4.96674
-3.90706 5.0235
4.36834 -11.0719
-4.3677 1.18128
3.15979 -9.70918
-7 17
2.9963 -12.5195
1.23568 -17.3976
-7.97802 -10.0757
-1.29984 -1.62464
-4.11176 -6.0144
-5.94084 -14.2396
-2.46567 -4.69219
2.18381 -1.31303
-3.32328 2.79181
-0.202017 2.23404
16.7983 -7.6902
-9.23867 0.925005
-15.0474 6.20993
-3.69934 -3.59206
-20.9107 -0.771806
-17.8111 -5.40094
-22.6443 11.9387
2.71605 5.09076
-9.45885 -4.21934
-6.28636 20.7067
6.941 3.40671
29.2251 12.7185
0.242331 -5.66536
-8.74491 0.169928
7.41421 11.6569
-12.2264 23.4343
-37.3066 -23.7278
-30.5617 1.89048
-30.54 25.2383
-27.2067 9.89943
27.8098 -13.8572
39.0817 -56.6597
-8.17733 21.3487
30.77 -18.2035
103.242 30.2158
8.01899 -50.0992
-103.677 62.6037
-8.44904 4.32725
92.133 97.4679
-101.123 96.2967
-183.507 18.4631
220.291 75.3562
311.525 -133.482
0.847164 -865.554
85.9476 -746.932
729.157 484.711
-204.518 -331.443
-349.032 198.021
488.184 -677.481
