18128 19571
-551.715 -6359.73
23.3356 2276.86
-3.73686 -1051.6
-252.582 567.836
-320.938 -603.427
378.394 -885.727
46.2621 -523.516
-356.596 87.6551
97.1699 6.63225
-17.7101 57.2968
-145.167 -32.8627
75.179 -68.1816
108.822 -47.44
-130.937 -25.4551
-51.4139 -5.37452
-24.8814 33.4567
-57.1429 -51.9769
25.5872 -70.8516
7.61422 30.2114
-17.4884 -54.395
-43.6847 35.0045
-38.1625 25.0928
-19.3116 -1.43866
-6.22539 -25.2838
-8.94975 -1.53553
12.0701 -8.31711
-39.1736 3.77974
-41.0681 0.364701
1.13606 -22.8719
8.28894 9.03367
-6.79136 16.2777
-1.59282 -7.21073
1.93356 -11.9641
-19.5191 -1.04168
-6.87741 0.0670613
-3.30701 -1.42103
6.63808 -1.93349
9.58623 -2.18173
5.06086 4.84869
-16.6127 -3.83927
-6.50406 4.37267
-5.75394 11.7019
4.08597 -2.85583
-0.845954 1.72007
-6.1033 -13.0023
-6.96439 -6.94122
-8.48456 -1.9665
-6.08783 1.05051
-3.21317 5.75922
1 -4
-1.4459 -3.32416
-2.62161 -2.60504
0.995957 0.611233
-5.62972 -5.84988
-0.579643 7.778
-0.389799 -0.628442
-4.71618 2.14851
-5.7471 -3.20498
-6.31703 5.9934
3.89861 1.36328
-3.97039 7.23804
-3.17161 -1.57904
1.61028 2.30223
2.44408 0.811632
4.54409 -0.0532686
1.37532 4.53753
-11.4567 -0.0627617
0.422411 9.62422
1.80211 -4.64346
-4.08731 -3.2616
-3.45903 -3.35014
9.52647 -4.1653
-1.46166 6.34329
1.38858 0.960666
7.19239 0.707107
2.54543 0.86326
1.28966 1.55095
2.44872 -6.35424
1.55947 -7.39856
-4.95289 -2.02401
3.17492 0.0269562
-2.21892 -4.57284
7.16806 -7.58014
2.39412 6.90661
0.330646 2.70606
4.94358 5.0389
9.35348 2.77385
-9.97508 -4.42136
4.78852 -4.91097
5.56424 -0.901676
-7.62661 -11.3653
-5.83788 4.14849
6.85535 -5.54977
1.5178 0.730735
0.202822 -5.76108
6.74671 3.92234
-2.67054 13.9254
4.07329 29.1494
-6.96756 -8.3569
0 9
0.0376428 -12.8702
0.590792 3.98489
-11.452 12.0437
3.38914 -0.212992
5.20295 7.13349
-1.2129 -5.64395
1.33182 3.49173
-1.83078 -12.7108
8.60002 -6.87766
-4.11991 -7.13192
-0.692513 7.13182
-4.08851 5.35213
5.13848 4.41022
-7.09715 -5.11061
6.64 -5.39145
-0.0499753 -7.57064
-3.15932 3.66905
3.10051 1.84071
0.847153 -2.24769
-5.95694 -0.121893
10.1912 0.625089
4.97167 3.28539
-8.20475 -3.93893
-0.014665 4.01208
0.949747 5.53553
-4.77271 -4.94357
0.654051 -4.64801
5.79602 -0.937594
-4.75025 -2.63649
-4.86353 2.23333
-0.669761 4.52091
0.480025 -9.07034
-2.64426 1.44764
-1.46851 -2.05807
2.94002 -4.85143
-4.53827 3.56026
-7.29788 -0.259647
-10.1048 -0.370738
0.971733 -2.66816
0.371899 -10.801
-4.05893 -5.96377
-3.68451 -3.28035
-4.16764 5.95291
-4.63574 -1.85866
6.30026 9.37045
-5.19126 4.55022
-0.769085 1.59834
-8.98034 -5.53699
-1.52125 7.33649
-13 -4
-1.46634 -2.10669
-1.47924 -2.90715
-0.26968 4.00994
-4.1985 -1.38883
3.83663 24.7073
-1.08766 10.9439
-3.53721 6.20353
-0.926649 -1.46856
-8.59955 -7.00648
-5.4775 -5.01484
-2.69423 -26.3857
12.6908 3.84129
-3.86249 -6.59968
0.728265 7.8385
6.30636 2.66687
15.3946 13.8051
4.92438 23.7686
-4.11027 16.4507
7.4869 -9.57756
-13.9906 -19.6285
-13.4347 -5.92232
6.54477 -2.39793
-10.5978 -29.5359
-16.1413 -38.7974
-11.1924 -0.707107
10.8913 47.979
-8.24254 3.81207
-1.31714 -4.68859
21.7284 48.2916
-11.7821 24.8327
-16.0922 -62.5431
-3.33901 -73.4546
-26.3197 -4.08839
-46.4482 -83.8281
62.3568 -19.3948
-4.92408 -69.0987
-44.6315 34.8088
-22.5254 31.791
171.669 80.4054
32.9183 140.36
-183.456 49.7388
137.254 21.2157
233.662 -115.894
-363.208 -920.597
-360.748 -941.174
777.457 293.445
-81.4474 -251.968
-145.778 247.597
264.492 -882.634
