281
111 43
112 42
113 42
114 42
115 42
116 43
117 43
118 43
119 44
120 44
120 45
120 46
120 47
121 48
122 49
122 50
123 51
124 52
125 53
126 54
126 55
127 56
127 57
126 58
125 59
124 59
123 60
122 60
121 60
120 61
119 61
118 61
117 60
116 61
115 61
114 61
113 62
112 62
111 62
110 62
109 63
108 64
107 65
106 66
105 67
104 67
103 67
102 67
101 67
100 67
99 68
100 69
101 69
101 70
102 71
103 71
104 72
105 72
106 73
107 73
108 74
109 74
110 74
110 75
111 76
112 77
112 78
112 79
112 80
112 81
112 82
112 83
112 84
112 85
113 86
113 87
113 88
113 89
114 90
114 91
113 92
113 93
112 94
112 95
112 96
111 97
110 98
109 98
108 99
107 100
106 101
107 102
107 103
107 104
106 105
106 106
106 107
105 108
104 109
103 110
103 111
102 111
101 112
101 113
101 114
101 115
101 116
100 117
100 118
99 118
98 119
98 120
97 121
96 122
95 123
95 124
94 125
95 126
94 127
94 128
93 129
93 130
92 130
91 131
90 132
89 133
88 133
87 133
86 134
85 135
84 136
84 137
84 138
83 139
82 139
81 140
81 141
80 142
80 143
79 143
78 144
78 145
77 146
77 147
76 148
75 149
74 150
74 151
73 152
72 153
71 152
70 151
69 151
68 150
67 150
66 149
65 148
64 148
63 147
62 146
61 145
60 144
59 143
58 142
57 141
56 140
55 139
54 138
53 137
52 136
52 135
51 134
50 133
50 132
49 131
49 130
48 129
47 128
47 127
46 126
46 125
46 124
47 123
48 122
48 121
49 120
49 119
49 118
49 117
49 116
50 115
50 114
50 113
50 112
51 111
52 110
52 109
52 108
52 107
52 106
53 105
53 104
54 104
55 103
55 102
56 101
56 100
56 99
57 98
57 97
58 96
58 95
59 94
59 93
59 92
60 91
61 90
61 89
61 88
61 87
62 86
63 86
64 85
64 84
65 83
64 82
63 82
64 81
64 80
64 79
64 78
65 77
66 77
67 76
67 75
68 75
69 74
70 73
70 72
71 71
72 71
73 70
74 69
75 69
76 69
77 68
78 67
79 67
80 67
81 66
82 66
83 66
84 66
85 65
85 64
86 64
87 63
88 62
89 62
90 61
91 60
92 59
93 59
94 58
95 57
96 57
97 56
98 56
99 55
100 54
100 53
101 52
102 51
103 50
104 49
105 48
106 47
107 46
108 45
109 45
110 44
