270
80 49
81 48
82 49
83 50
84 51
85 51
86 51
87 51
88 51
89 51
90 51
91 51
92 50
93 50
94 51
95 52
95 53
95 54
96 55
95 56
95 57
94 58
94 59
93 60
92 61
92 62
91 62
90 63
89 64
89 65
88 65
87 66
87 67
86 68
87 69
87 70
87 71
87 72
88 73
89 74
90 75
91 76
92 76
93 76
94 76
95 77
96 77
97 77
98 77
97 78
98 79
99 80
100 81
100 82
100 83
101 84
101 85
101 86
102 87
102 88
103 89
103 90
103 91
103 92
103 93
104 94
105 93
106 93
106 94
106 95
106 96
107 97
107 98
107 99
107 100
107 101
107 102
107 103
107 104
107 105
108 106
108 107
108 108
108 109
108 110
108 111
108 112
108 113
107 114
107 115
107 116
107 117
107 118
106 119
106 120
106 121
106 122
106 123
105 124
105 125
105 126
104 127
103 128
103 129
103 130
102 131
102 132
102 133
101 134
101 135
101 136
101 137
101 138
102 139
101 140
102 141
102 142
102 143
102 144
102 145
102 146
102 147
102 148
102 149
102 150
103 151
102 152
102 153
102 154
102 155
102 156
102 157
102 158
102 159
101 159
100 160
99 159
98 159
97 159
96 159
95 159
94 159
93 159
92 159
91 159
90 159
89 158
88 158
87 158
86 158
85 158
84 157
83 157
82 157
81 156
80 156
79 156
78 155
77 155
76 154
75 154
74 154
73 153
72 153
71 152
71 151
71 150
70 149
70 148
70 147
70 146
70 145
70 144
70 143
70 142
70 141
71 140
71 139
71 138
71 137
71 136
70 135
71 134
71 133
71 132
70 131
71 130
71 129
71 128
70 127
70 126
69 125
69 124
69 123
68 122
68 121
68 120
68 119
68 118
68 117
67 116
67 115
67 114
66 113
66 112
66 111
65 110
65 109
65 108
65 107
65 106
64 105
64 104
64 103
64 102
65 101
65 100
65 99
65 98
65 97
66 96
67 95
67 94
67 93
68 92
68 91
69 90
69 89
68 88
68 87
68 86
69 86
70 85
70 84
69 83
70 82
71 81
71 80
71 79
72 78
72 77
73 76
73 75
73 74
74 73
75 73
76 72
76 71
76 70
77 69
77 68
77 67
77 66
77 65
77 64
77 63
77 62
77 61
76 60
76 59
77 58
77 57
77 56
77 55
77 54
77 53
77 52
77 51
78 50
79 49
