227
134 72
135 71
136 72
137 72
138 72
139 72
140 73
140 74
141 75
142 75
143 75
144 76
145 76
146 77
146 78
146 79
145 80
145 81
144 82
143 83
143 84
142 84
141 84
140 85
139 85
138 86
137 87
136 88
136 89
135 89
134 90
133 91
132 91
131 92
130 93
129 94
129 95
129 96
128 97
129 98
130 99
131 100
132 101
133 101
134 102
134 103
135 104
135 105
136 106
136 107
136 108
135 109
136 110
136 111
136 112
136 113
136 114
136 115
136 116
137 117
137 118
137 119
137 120
138 121
138 122
137 123
137 124
136 125
136 126
135 127
135 128
134 129
134 130
134 131
135 132
135 133
136 134
136 135
135 136
135 137
135 138
134 139
134 140
133 140
132 141
132 142
132 143
132 144
131 145
130 146
129 147
129 148
129 149
128 150
127 151
127 152
126 153
125 154
124 154
123 155
122 155
121 156
120 156
119 156
118 157
117 157
116 157
115 158
114 158
113 158
112 158
111 158
110 159
109 159
108 159
107 159
106 159
105 159
104 159
103 159
102 159
101 159
100 160
99 159
98 159
97 159
96 159
95 159
94 159
93 159
92 159
92 158
92 157
92 156
92 155
92 154
92 153
92 152
93 151
92 150
93 149
93 148
93 147
93 146
94 145
94 144
94 143
94 142
95 141
95 140
95 139
95 138
95 137
95 136
95 135
95 134
96 133
96 132
96 131
96 130
97 129
97 128
98 127
98 126
98 125
98 124
98 123
98 122
99 121
99 120
99 119
99 118
99 117
99 116
100 115
101 114
101 113
100 112
100 111
99 110
100 109
100 108
100 107
100 106
101 105
102 104
103 103
103 102
104 102
105 101
106 100
107 99
108 98
109 97
109 96
110 95
111 95
112 94
113 94
114 93
114 92
115 91
116 90
117 89
118 89
119 89
120 88
121 88
122 87
122 86
123 85
123 84
124 83
125 82
124 81
125 81
126 80
126 79
127 78
127 77
127 76
128 75
129 74
130 74
131 73
132 73
133 72
