244
123 64
124 63
125 63
126 63
127 63
128 63
129 64
130 65
131 66
132 67
133 68
134 68
135 68
135 69
136 70
137 71
137 72
136 73
135 74
134 74
133 75
133 76
132 77
131 77
130 77
129 78
128 78
127 79
126 80
125 81
124 82
123 83
122 84
121 84
120 85
120 86
120 87
119 88
120 89
121 90
122 90
123 90
124 90
125 90
126 90
126 91
127 92
127 93
127 94
127 95
127 96
127 97
127 98
128 99
129 100
129 101
129 102
129 103
129 104
129 105
129 106
129 107
129 108
130 109
131 110
132 111
132 112
132 113
132 114
132 115
132 116
131 117
130 118
130 119
129 120
129 121
128 122
128 123
128 124
128 125
128 126
128 127
128 128
128 129
128 130
128 131
128 132
127 133
126 134
125 135
125 136
124 137
124 138
123 139
123 140
122 141
122 142
122 143
121 144
121 145
120 146
119 147
118 148
118 149
117 150
116 151
116 152
116 153
116 154
115 155
115 156
115 157
115 158
114 158
113 158
112 158
111 158
110 159
109 159
108 159
107 159
106 159
105 159
104 159
103 159
102 159
101 159
100 160
99 159
98 159
97 159
96 159
95 159
94 159
93 159
92 159
91 159
90 159
89 158
88 158
87 158
86 158
85 158
84 157
83 157
84 156
84 155
84 154
84 153
85 152
85 151
85 150
86 149
86 148
86 147
87 146
87 145
87 144
87 143
87 142
88 141
88 140
89 139
89 138
90 137
90 136
90 135
90 134
90 133
90 132
90 131
90 130
90 129
90 128
90 127
90 126
91 125
91 124
90 123
90 122
90 121
90 120
90 119
90 118
90 117
91 116
91 115
91 114
91 113
92 112
92 111
92 110
92 109
92 108
93 107
92 106
91 106
91 105
91 104
91 103
91 102
92 101
92 100
92 99
93 98
93 97
94 96
94 95
95 94
96 94
97 93
97 92
98 91
99 90
100 89
101 88
102 88
103 88
104 87
105 87
106 86
107 85
107 84
108 84
109 83
109 82
109 81
110 80
111 79
112 79
113 78
114 77
115 76
116 75
116 74
117 73
117 72
118 71
119 70
120 69
120 68
121 67
122 66
122 65
