248
72 59
73 58
74 59
75 59
75 60
76 61
76 62
76 63
76 64
75 65
75 66
75 67
74 68
73 69
73 70
73 71
72 72
73 73
72 74
73 75
74 76
74 77
74 78
74 79
74 80
74 81
75 82
76 83
77 83
78 84
79 84
80 84
81 85
81 86
82 87
83 87
84 88
84 89
85 90
85 91
84 92
84 93
84 94
84 95
85 96
85 97
86 98
87 98
88 99
89 100
90 100
91 101
91 102
92 103
92 104
93 105
93 106
94 107
94 108
95 109
95 110
95 111
96 112
95 113
96 114
96 115
96 116
96 117
96 118
96 119
96 120
97 121
97 122
97 123
97 124
97 125
98 126
98 127
98 128
98 129
98 130
98 131
97 132
97 133
97 134
96 135
96 136
96 137
96 138
96 139
96 140
96 141
95 142
95 143
95 144
94 145
94 146
94 147
94 148
94 149
94 150
94 151
95 152
95 153
95 154
95 155
95 156
96 157
96 158
97 159
96 159
95 159
94 159
93 159
92 159
91 159
90 159
89 158
88 158
87 158
86 158
85 158
84 157
83 157
82 157
81 156
80 156
79 156
78 155
77 155
76 154
75 154
74 154
73 153
72 153
71 152
70 151
69 151
68 150
67 150
66 149
65 148
64 148
63 147
62 146
61 145
60 144
59 143
58 142
57 141
56 140
56 139
56 138
55 137
55 136
55 135
55 134
54 133
54 132
53 131
53 130
52 129
52 128
52 127
52 126
51 125
51 124
51 123
50 122
50 121
49 120
48 119
48 118
48 117
47 116
47 115
48 114
48 113
48 112
49 112
50 111
50 110
51 109
51 108
52 107
52 106
53 105
53 104
53 103
53 102
54 101
54 100
54 99
54 98
54 97
54 96
55 96
56 95
57 95
58 94
58 93
57 92
56 92
56 91
56 90
57 89
57 88
58 87
59 86
60 85
60 84
59 83
59 82
59 81
59 80
59 79
59 78
59 77
60 76
60 75
60 74
61 73
61 72
61 71
61 70
60 69
59 68
59 67
58 66
57 65
56 65
56 64
57 63
57 62
58 62
59 61
60 62
61 62
62 61
63 61
64 61
65 61
66 61
67 61
68 61
69 60
70 59
71 59
