260
105 54
106 53
107 54
108 54
109 55
110 56
111 57
112 57
113 56
114 56
115 56
116 55
117 55
118 55
119 55
120 55
120 56
120 57
120 58
120 59
119 60
118 61
117 62
116 62
115 63
114 64
113 65
112 66
111 67
110 68
110 69
110 70
110 71
110 72
109 72
108 73
108 74
108 75
108 76
109 77
110 78
111 79
112 78
113 79
114 79
115 80
116 80
116 81
117 82
117 83
117 84
117 85
117 86
116 87
116 88
116 89
116 90
117 91
118 92
119 92
119 93
119 94
119 95
120 96
120 97
121 98
122 99
121 100
122 101
122 102
122 103
122 104
122 105
122 106
122 107
122 108
122 109
121 110
120 111
120 112
120 113
120 114
120 115
119 116
119 117
119 118
119 119
118 120
118 121
118 122
117 123
116 124
115 125
115 126
115 127
114 128
113 129
113 130
113 131
113 132
112 133
112 134
112 135
112 136
111 137
111 138
111 139
110 140
110 141
110 142
109 143
110 144
109 145
109 146
109 147
109 148
109 149
109 150
109 151
108 152
108 153
108 154
108 155
108 156
108 157
107 158
108 159
107 159
106 159
105 159
104 159
103 159
102 159
101 159
100 160
99 159
98 159
97 159
96 159
95 159
94 159
93 159
92 159
91 159
90 159
89 158
88 158
87 158
86 158
85 158
84 157
83 157
82 157
81 156
80 156
79 156
78 155
77 155
76 154
76 153
76 152
77 151
77 150
78 149
78 148
79 147
79 146
78 145
78 144
78 143
78 142
78 141
78 140
79 139
79 138
80 137
80 136
80 135
80 134
79 133
79 132
79 131
79 130
79 129
79 128
79 127
79 126
80 125
80 124
80 123
80 122
80 121
80 120
80 119
79 118
79 117
79 116
79 115
79 114
79 113
79 112
79 111
79 110
78 109
78 108
78 107
78 106
78 105
78 104
78 103
78 102
79 101
79 100
78 99
78 98
78 97
78 96
79 95
79 94
80 93
81 92
82 91
83 90
84 89
85 89
86 88
86 87
86 86
86 85
87 85
88 84
89 83
90 82
91 81
92 80
91 79
92 78
93 77
93 76
94 75
95 74
96 73
96 72
96 71
97 70
98 69
99 68
99 67
99 66
99 65
100 64
101 63
101 62
102 61
102 60
103 59
103 58
104 57
104 56
105 55
