264
65 52
66 51
67 51
68 52
69 52
70 52
71 52
72 52
73 51
74 51
75 51
76 51
77 51
78 52
79 52
78 53
78 54
78 55
78 56
78 57
77 58
76 59
75 60
75 61
75 62
74 63
73 63
72 64
72 65
72 66
71 67
71 68
71 69
71 70
71 71
72 72
73 72
73 73
73 74
73 75
72 76
72 77
73 78
74 79
74 80
75 81
76 82
77 83
78 83
79 84
80 84
81 84
82 85
83 85
83 86
83 87
84 88
84 89
84 90
85 91
85 92
85 93
86 94
87 94
88 94
89 94
90 95
91 95
92 95
92 96
93 97
94 98
94 99
94 100
94 101
93 101
92 102
92 103
93 104
92 105
93 106
94 107
95 107
96 108
96 109
97 110
97 111
98 112
99 113
99 114
99 115
99 116
99 117
99 118
98 119
98 120
98 121
97 122
97 123
98 124
97 125
98 126
97 127
97 128
97 129
97 130
97 131
97 132
97 133
97 134
96 135
96 136
96 137
95 138
95 139
94 140
94 141
94 142
93 143
93 144
93 145
93 146
93 147
93 148
94 149
94 150
94 151
94 152
94 153
94 154
94 155
94 156
94 157
95 158
95 159
94 159
93 159
92 159
91 159
90 159
89 158
88 158
87 158
86 158
85 158
84 157
83 157
82 157
81 156
80 156
79 156
78 155
77 155
76 154
75 154
74 154
73 153
72 153
71 152
70 151
69 151
68 150
67 150
66 149
65 148
64 148
63 147
62 146
62 145
62 144
62 143
61 142
60 141
60 140
60 139
59 138
59 137
58 136
57 135
56 134
56 133
56 132
55 131
55 130
54 129
53 128
53 127
52 126
52 125
52 124
52 123
53 122
53 121
52 120
52 119
52 118
52 117
51 116
51 115
51 114
50 113
49 113
49 112
49 111
49 110
50 109
50 108
50 107
50 106
50 105
50 104
50 103
50 102
50 101
51 100
51 99
52 98
52 97
53 96
53 95
54 94
55 94
56 93
56 92
56 91
55 90
56 89
55 88
55 87
55 86
55 85
55 84
55 83
55 82
56 81
56 80
56 79
56 78
57 77
57 76
58 75
58 74
58 73
59 72
59 71
59 70
59 69
60 68
60 67
61 66
61 65
61 64
61 63
61 62
62 61
62 60
63 59
62 58
62 57
62 56
61 55
62 54
63 53
64 52
