255
94 61
95 60
96 60
97 60
98 60
98 61
98 62
99 63
100 64
101 64
102 64
103 64
104 65
105 65
106 65
107 66
108 66
109 66
109 67
110 68
109 69
108 69
107 70
107 71
106 72
106 73
106 74
105 75
104 75
103 75
102 76
102 77
101 78
101 79
100 80
99 80
98 81
98 82
97 83
97 84
96 85
96 86
95 87
96 88
96 89
96 90
97 91
98 91
99 91
100 91
101 91
102 91
103 92
104 92
105 92
106 92
107 93
108 94
108 95
107 96
107 97
107 98
108 99
109 100
109 101
109 102
110 103
111 103
112 104
113 104
113 105
114 106
113 107
114 108
113 108
112 109
112 110
111 111
111 112
110 112
109 113
108 114
108 115
107 116
107 117
108 118
109 118
110 118
111 119
111 120
111 121
111 122
111 123
111 124
111 125
111 126
111 127
111 128
111 129
111 130
111 131
110 132
110 133
109 134
108 135
108 136
107 137
107 138
107 139
107 140
107 141
107 142
107 143
106 144
105 145
105 146
104 147
103 148
103 149
103 150
102 151
101 152
101 153
101 154
101 155
100 156
100 157
100 158
100 159
100 160
99 159
98 159
97 159
96 159
95 159
94 159
93 159
92 159
91 159
90 159
89 158
88 158
87 158
86 158
85 158
84 157
83 157
82 157
81 156
80 156
79 156
78 155
77 155
76 154
75 154
74 154
73 153
72 153
71 152
71 151
71 150
71 149
72 148
71 147
71 146
71 145
71 144
71 143
71 142
71 141
71 140
71 139
71 138
70 137
70 136
70 135
69 134
69 133
69 132
69 131
69 130
69 129
69 128
70 127
70 126
70 125
70 124
70 123
70 122
70 121
70 120
70 119
70 118
70 117
71 116
71 115
71 114
71 113
72 112
72 111
71 110
71 109
71 108
71 107
70 106
71 105
71 104
71 103
71 102
71 101
71 100
72 99
73 99
74 98
74 97
75 97
76 96
76 95
77 95
78 94
78 93
79 92
80 91
80 90
81 89
82 88
82 87
83 86
83 85
84 85
85 84
85 83
85 82
86 81
86 80
86 79
86 78
87 77
87 76
87 75
87 74
87 73
88 72
89 71
89 70
89 69
90 69
91 68
92 67
92 66
92 65
92 64
92 63
93 62
93 61
