279
86 48
87 47
88 47
89 47
90 47
90 48
90 49
90 50
90 51
91 52
90 53
90 54
89 55
89 56
89 57
88 58
87 59
86 60
85 61
85 62
85 63
84 64
84 65
83 66
84 67
85 68
86 69
87 70
87 71
88 72
89 72
90 72
91 72
92 72
93 72
94 73
94 74
95 75
96 74
96 73
96 74
96 75
96 76
97 77
97 78
97 79
96 80
96 81
97 82
98 83
99 84
100 85
101 86
102 87
103 88
102 89
102 90
103 91
103 92
103 93
103 94
104 95
105 95
106 94
107 94
106 95
106 96
106 97
107 98
108 99
108 100
109 101
109 102
108 103
108 104
109 105
109 106
109 107
109 108
109 109
109 110
109 111
109 112
109 113
109 114
109 115
109 116
109 117
108 118
108 119
108 120
108 121
108 122
108 123
107 124
107 125
107 126
107 127
107 128
107 129
107 130
107 131
107 132
107 133
107 134
106 135
107 136
107 137
107 138
107 139
107 140
107 141
107 142
107 143
107 144
107 145
106 146
107 147
107 148
107 149
108 150
109 151
109 152
108 153
108 154
108 155
108 156
108 157
108 158
108 159
107 159
106 159
105 159
104 159
103 159
102 159
101 159
100 160
99 159
98 159
97 159
96 159
95 159
94 159
93 159
92 159
91 159
90 159
89 158
88 158
87 158
86 158
85 158
84 157
83 157
82 157
81 156
80 156
79 156
78 155
77 155
76 154
76 153
76 152
75 151
75 150
75 149
75 148
74 147
74 146
74 145
74 144
74 143
74 142
74 141
74 140
74 139
74 138
74 137
74 136
74 135
75 134
74 133
73 132
73 131
73 130
72 129
71 128
71 127
71 126
71 125
71 124
70 123
70 122
69 121
69 120
69 119
69 118
68 117
68 116
67 115
67 114
67 113
66 112
66 111
65 110
65 109
65 108
65 107
65 106
64 105
64 104
64 103
64 102
64 101
64 100
65 99
65 98
66 97
66 96
66 95
67 94
67 93
66 92
66 91
66 90
66 89
66 88
66 87
66 86
66 85
66 84
67 83
68 82
68 81
68 80
69 79
69 78
69 77
69 76
70 75
70 74
71 73
71 72
72 71
72 70
73 69
73 68
74 68
75 67
75 66
75 65
76 64
76 63
75 62
74 61
73 60
73 59
73 58
73 57
73 56
74 55
73 54
73 53
73 52
73 51
74 50
74 49
75 49
76 49
77 49
78 49
79 50
80 50
81 50
82 50
83 50
84 50
85 49
