215
77 73
78 72
79 72
80 72
81 72
82 73
83 73
84 74
85 74
86 74
87 74
88 74
89 74
90 74
91 75
92 75
93 76
93 77
93 78
92 79
91 80
91 81
90 82
89 83
88 84
88 85
87 86
86 86
85 87
84 88
84 89
83 89
82 90
81 91
80 92
81 93
82 94
82 95
83 96
83 97
83 98
84 99
85 99
86 100
87 101
88 102
89 103
89 104
90 105
91 106
92 107
92 108
93 109
93 110
93 111
93 112
94 113
95 114
96 114
97 114
96 115
97 116
97 117
97 118
98 119
97 120
98 121
98 122
99 123
99 124
100 125
100 126
99 126
98 127
98 128
99 129
100 129
101 130
102 131
102 132
102 133
102 134
103 135
103 136
103 137
102 138
102 139
101 140
101 141
101 142
101 143
100 144
100 145
100 146
99 147
98 148
98 149
98 150
97 151
97 152
96 153
96 154
96 155
96 156
96 157
95 158
95 159
94 159
93 159
92 159
91 159
90 159
89 158
88 158
87 158
86 158
85 158
84 157
83 157
82 157
81 156
80 156
79 156
78 155
77 155
76 154
75 154
74 154
73 153
72 153
71 152
70 151
69 151
68 150
67 150
66 149
65 148
64 148
63 147
62 146
61 145
60 144
59 143
59 142
59 141
59 140
59 139
58 138
58 137
58 136
58 135
57 134
58 133
58 132
58 131
58 130
57 129
57 128
57 127
57 126
57 125
57 124
58 123
58 122
57 121
57 120
56 119
56 118
56 117
56 116
57 115
58 114
58 113
59 112
59 111
59 110
60 109
60 108
61 107
61 106
61 105
61 104
62 103
63 102
63 101
64 101
65 100
65 99
66 98
67 97
67 96
67 95
67 94
68 93
69 92
70 91
71 90
71 89
71 88
72 87
72 86
72 85
72 84
72 83
73 82
73 81
73 80
73 79
74 78
73 77
74 76
74 75
74 74
75 74
76 73
