256
87 51
88 50
89 51
90 52
91 53
92 54
93 54
94 54
95 54
96 54
97 53
98 53
99 53
100 53
101 54
101 55
101 56
101 57
101 58
100 59
100 60
99 61
99 62
98 63
97 64
96 64
95 65
94 66
93 67
92 68
92 69
91 70
91 71
90 72
91 73
91 74
92 75
93 76
93 77
92 78
92 79
93 80
94 80
95 80
96 80
97 80
97 81
98 82
98 83
98 84
99 85
98 86
98 87
99 88
99 89
99 90
99 91
100 92
101 93
101 94
102 95
103 96
103 97
104 98
104 99
105 100
105 101
105 102
106 103
105 104
105 105
105 106
104 107
104 108
104 109
104 110
104 111
104 112
104 113
104 114
104 115
104 116
104 117
104 118
104 119
103 120
103 121
103 122
103 123
103 124
103 125
102 126
102 127
102 128
101 129
101 130
100 131
100 132
99 133
98 134
98 135
97 136
96 137
97 138
97 139
98 140
98 141
97 142
98 143
98 144
98 145
98 146
97 147
97 148
97 149
98 150
98 151
98 152
97 153
97 154
97 155
97 156
97 157
97 158
96 159
95 159
94 159
93 159
92 159
91 159
90 159
89 158
88 158
87 158
86 158
85 158
84 157
83 157
82 157
81 156
80 156
79 156
78 155
77 155
76 154
75 154
74 154
73 153
72 153
71 152
70 151
69 151
68 150
67 150
66 149
66 148
66 147
66 146
66 145
66 144
65 143
65 142
66 141
66 140
65 139
65 138
65 137
65 136
65 135
65 134
65 133
65 132
65 131
65 130
65 129
65 128
65 127
64 126
64 125
64 124
63 123
63 122
63 121
63 120
63 119
64 118
64 117
64 116
64 115
65 114
65 113
65 112
64 111
64 110
63 109
64 108
64 107
63 106
63 105
63 104
63 103
62 102
62 101
63 100
63 99
64 98
64 97
65 96
66 95
67 94
67 93
68 92
68 91
67 90
67 89
67 88
67 87
68 86
68 85
69 85
70 85
71 85
72 84
72 83
72 82
72 81
73 80
73 79
74 78
74 77
75 76
75 75
75 74
76 73
77 72
77 71
78 70
79 69
79 68
80 67
81 66
82 65
83 64
83 63
84 62
83 61
84 60
84 59
84 58
84 57
84 56
84 55
83 54
84 53
85 52
86 51
