310
83 46
84 45
85 46
86 46
87 46
88 47
89 47
90 47
91 47
92 47
93 47
94 47
95 47
96 46
97 46
98 47
99 47
100 48
101 49
101 50
101 51
100 52
99 53
98 54
98 55
98 56
97 56
96 57
96 58
95 59
94 60
93 61
92 62
92 63
92 64
91 65
91 66
91 67
91 68
91 69
91 70
91 71
92 72
93 73
93 74
93 75
92 76
91 77
90 76
89 77
88 78
88 79
88 80
87 81
88 82
89 82
90 82
91 81
92 80
91 79
92 79
93 80
94 79
94 78
94 77
95 77
96 77
97 76
98 76
99 76
100 76
101 76
102 76
103 77
103 78
104 79
105 80
105 81
105 82
105 83
105 84
104 85
105 86
104 87
104 88
104 89
105 90
105 91
106 92
107 92
108 93
109 94
109 95
109 96
109 97
109 98
109 99
108 100
109 101
110 101
111 101
112 101
113 102
114 102
114 103
114 104
115 105
115 106
115 107
115 108
115 109
115 110
115 111
115 112
114 113
114 114
114 115
115 116
115 117
115 118
116 119
116 120
116 121
116 122
117 123
116 124
116 125
116 126
116 127
115 128
115 129
114 130
114 131
114 132
114 133
114 134
114 135
113 136
113 137
113 138
112 139
112 140
112 141
111 142
111 143
111 144
111 145
111 146
110 147
110 148
110 149
110 150
110 151
111 152
111 153
111 154
110 155
109 156
110 157
110 158
110 159
109 159
108 159
107 159
106 159
105 159
104 159
103 159
102 159
101 159
100 160
99 159
98 159
97 159
96 159
95 159
94 159
93 159
92 159
91 159
90 159
89 158
88 158
87 158
86 158
85 158
84 157
83 157
82 157
81 156
80 156
79 156
78 155
77 155
76 154
75 154
74 154
73 153
73 152
73 151
73 150
73 149
73 148
73 147
73 146
72 145
72 144
72 143
72 142
72 141
71 140
71 139
71 138
71 137
71 136
70 135
70 134
69 133
69 132
68 131
68 130
67 129
67 128
67 127
67 126
67 125
67 124
66 123
66 122
66 121
65 120
65 119
65 118
65 117
65 116
64 115
64 114
63 113
63 112
63 111
63 110
63 109
64 108
65 107
65 106
65 105
65 104
65 103
65 102
66 102
67 101
67 100
68 99
68 98
68 97
68 96
68 95
68 94
68 93
68 92
69 91
69 90
69 89
70 88
70 87
71 86
71 85
71 84
71 83
71 82
72 81
72 80
72 79
73 78
74 77
74 76
75 75
75 74
76 73
76 72
76 71
76 70
77 69
77 68
77 67
77 66
78 65
78 64
79 63
79 62
79 61
80 60
79 59
79 58
80 57
81 56
80 55
79 54
78 54
77 54
77 53
77 52
77 51
77 50
77 49
78 48
79 47
80 46
81 46
82 46
