294
106 50
106 49
107 49
108 49
109 49
110 50
111 51
112 51
113 51
114 51
115 51
116 51
117 51
118 51
119 51
120 51
121 51
122 51
123 51
124 52
125 52
126 53
127 54
127 55
127 56
126 57
126 58
125 59
124 60
123 60
122 61
121 62
120 63
120 64
119 64
118 65
117 66
117 67
116 68
115 69
114 70
114 71
114 72
113 73
112 74
111 75
111 76
111 77
112 78
113 79
114 80
115 81
115 82
115 83
115 84
116 85
117 85
118 85
119 85
120 84
121 85
122 85
123 86
124 87
125 87
126 87
126 88
127 89
127 90
127 91
126 92
125 93
125 94
125 95
124 95
123 96
123 97
124 98
125 99
126 99
127 100
128 101
129 101
129 102
130 103
131 104
132 105
132 106
131 107
131 108
130 108
129 109
128 110
128 111
128 112
127 113
128 114
129 114
130 114
131 114
132 114
133 115
133 116
133 117
133 118
133 119
133 120
133 121
134 122
133 123
133 124
133 125
133 126
133 127
133 128
133 129
133 130
134 131
133 132
133 133
133 134
133 135
133 136
132 137
132 138
132 139
132 140
132 141
132 142
131 143
131 144
131 145
130 146
130 147
129 148
129 149
128 150
128 151
127 152
127 153
126 154
125 154
124 154
123 155
122 155
121 156
120 156
119 156
118 157
117 157
116 157
115 158
114 158
113 158
112 158
111 158
110 159
109 159
108 159
107 159
106 159
105 159
104 159
103 159
102 159
101 159
100 160
99 159
98 159
97 159
96 159
95 159
94 159
93 159
92 159
91 159
90 159
89 158
88 158
87 158
86 158
85 158
84 157
84 156
85 155
85 154
84 153
84 152
84 151
83 150
83 149
83 148
83 147
83 146
82 145
82 144
82 143
82 142
82 141
82 140
82 139
82 138
81 137
81 136
82 135
82 134
82 133
82 132
82 131
82 130
82 129
82 128
82 127
82 126
82 125
81 124
81 123
82 122
82 121
82 120
81 119
81 118
81 117
81 116
81 115
80 114
79 114
80 113
80 112
81 111
82 110
83 109
84 108
85 108
86 107
86 106
85 105
84 105
84 104
84 103
84 102
85 102
86 101
86 100
85 99
86 98
87 97
87 96
87 95
87 94
87 93
87 92
88 91
88 90
88 89
89 88
90 87
91 86
91 85
92 84
92 83
92 82
93 81
94 80
95 79
95 78
96 77
97 76
98 75
98 74
99 73
100 72
100 71
101 70
100 69
101 68
101 67
101 66
102 65
101 64
101 63
102 62
102 61
103 60
103 59
103 58
103 57
103 56
102 55
103 54
103 53
104 52
104 51
105 51
