273
88 47
89 46
90 46
91 46
92 47
92 48
92 49
93 50
93 51
93 52
93 53
93 54
92 55
91 56
91 57
90 58
89 58
88 59
87 60
86 61
86 62
86 63
86 64
86 65
86 66
87 67
88 68
89 69
90 70
91 70
92 70
93 70
94 71
95 71
96 71
97 71
98 72
98 73
98 74
98 75
98 76
98 77
97 78
97 79
97 80
97 81
97 82
98 83
99 83
100 84
101 85
102 86
102 87
103 88
103 89
102 90
103 91
102 92
103 93
102 94
103 95
103 96
104 97
104 98
104 99
105 100
105 101
106 102
106 103
106 104
106 105
106 106
106 107
106 108
106 109
106 110
105 111
106 112
106 113
105 114
105 115
105 116
104 117
104 118
103 119
102 120
102 121
102 122
102 123
101 124
101 125
101 126
101 127
101 128
101 129
101 130
101 131
101 132
101 133
101 134
101 135
101 136
102 137
102 138
101 139
101 140
101 141
101 142
101 143
100 144
101 145
101 146
101 147
101 148
101 149
101 150
101 151
101 152
101 153
100 154
101 155
101 156
100 157
100 158
100 159
100 160
99 159
98 159
97 159
96 159
95 159
94 159
93 159
92 159
91 159
90 159
89 158
88 158
87 158
86 158
85 158
84 157
83 157
82 157
81 156
80 156
79 156
78 155
77 155
76 154
75 154
74 154
73 153
72 153
71 152
70 151
69 151
68 150
68 149
68 148
68 147
68 146
68 145
68 144
67 143
67 142
67 141
67 140
67 139
68 138
68 137
68 136
68 135
68 134
69 133
69 132
69 131
69 130
68 129
68 128
68 127
68 126
68 125
68 124
67 123
66 123
65 122
65 121
65 120
66 119
65 118
65 117
65 116
64 115
64 114
63 113
62 113
62 112
62 111
62 110
62 109
62 108
62 107
62 106
63 105
63 104
63 103
63 102
62 101
62 100
62 99
61 98
60 97
60 96
60 95
60 94
61 94
62 93
62 92
63 92
64 91
65 90
66 89
67 88
68 87
68 86
68 85
69 84
69 83
69 82
69 81
70 80
71 80
72 79
71 78
71 77
71 76
71 75
72 74
72 73
72 72
72 71
73 70
73 69
74 68
75 67
75 66
76 65
76 64
76 63
76 62
76 61
76 60
76 59
76 58
76 57
77 56
77 55
77 54
77 53
77 52
77 51
77 50
78 50
79 49
80 49
81 49
82 48
83 48
84 48
85 48
86 48
87 47
