284
93 48
93 47
94 47
95 47
96 47
97 47
98 48
99 49
100 49
101 49
102 49
103 49
104 49
105 48
106 49
107 49
108 49
109 50
110 50
110 51
110 52
110 53
110 54
110 55
109 56
108 57
107 58
106 59
105 60
104 61
104 62
103 63
102 64
102 65
101 66
100 67
101 68
102 68
102 69
102 70
102 71
101 72
100 73
100 74
99 75
99 76
100 77
101 77
102 76
103 76
104 75
105 74
106 74
107 74
108 74
109 73
110 73
111 74
112 75
112 76
113 77
112 78
112 79
112 80
112 81
112 82
113 83
112 84
113 85
114 86
114 87
114 88
114 89
114 90
115 91
116 92
117 92
118 93
117 94
117 95
117 96
117 97
117 98
116 99
116 100
116 101
116 102
117 103
117 104
118 105
118 106
118 107
119 108
119 109
119 110
118 111
118 112
117 113
117 114
116 115
115 116
115 117
115 118
115 119
114 120
114 121
114 122
114 123
113 124
113 125
112 126
112 127
112 128
111 129
111 130
111 131
111 132
111 133
110 134
110 135
109 136
108 137
108 138
108 139
108 140
108 141
108 142
109 143
109 144
109 145
110 146
110 147
110 148
110 149
110 150
110 151
110 152
110 153
110 154
111 155
110 156
110 157
110 158
109 159
108 159
107 159
106 159
105 159
104 159
103 159
102 159
101 159
100 160
99 159
98 159
97 159
96 159
95 159
94 159
93 159
92 159
91 159
90 159
89 158
88 158
87 158
86 158
85 158
84 157
83 157
82 157
81 156
80 156
79 156
78 155
77 155
76 154
77 153
77 152
77 151
78 150
78 149
78 148
79 147
79 146
79 145
79 144
79 143
79 142
79 141
79 140
79 139
79 138
79 137
79 136
79 135
79 134
79 133
79 132
78 131
78 130
79 129
79 128
79 127
78 126
79 125
79 124
79 123
79 122
78 121
78 120
78 119
78 118
78 117
78 116
77 115
76 114
76 113
76 112
76 111
76 110
76 109
76 108
76 107
76 106
75 105
74 104
74 103
73 102
73 101
73 100
73 99
74 98
74 97
75 96
75 95
76 94
76 93
76 92
77 91
78 91
79 90
79 89
80 88
81 87
81 86
82 85
82 84
83 84
84 83
84 82
84 81
84 80
85 79
86 78
85 77
86 76
86 75
87 74
87 73
88 72
88 71
88 70
88 69
88 68
88 67
89 66
90 65
91 64
91 63
91 62
92 61
93 60
93 59
93 58
93 57
93 56
93 55
93 54
93 53
93 52
93 51
93 50
93 49
