272
89 51
90 50
91 51
92 51
93 52
93 53
94 54
94 55
94 56
94 57
93 58
93 59
92 60
91 61
90 62
89 63
88 64
87 65
86 66
86 67
86 68
85 69
85 70
85 71
85 72
86 73
86 74
87 75
87 76
88 77
89 78
90 78
91 78
92 78
93 78
94 78
95 79
96 79
97 79
98 80
98 81
99 82
99 83
100 84
101 84
101 85
102 86
102 87
102 88
103 89
104 90
105 91
106 92
107 92
108 93
108 94
109 95
110 96
110 97
109 98
109 99
109 100
109 101
109 102
109 103
109 104
109 105
109 106
110 107
111 107
112 108
113 109
113 110
113 111
113 112
113 113
114 114
114 115
114 116
115 117
115 118
114 119
115 120
115 121
114 122
114 123
114 124
113 125
113 126
113 127
113 128
113 129
113 130
113 131
113 132
114 133
114 134
114 135
114 136
115 137
115 138
115 139
114 140
114 141
114 142
114 143
114 144
114 145
114 146
114 147
114 148
115 149
115 150
116 151
116 152
116 153
116 154
117 155
117 156
118 157
117 157
116 157
115 158
114 158
113 158
112 158
111 158
110 159
109 159
108 159
107 159
106 159
105 159
104 159
103 159
102 159
101 159
100 160
99 159
98 159
97 159
96 159
95 159
94 159
93 159
92 159
91 159
90 159
89 158
88 158
87 158
86 158
85 158
85 157
84 156
84 155
84 154
84 153
84 152
84 151
84 150
84 149
84 148
84 147
84 146
84 145
84 144
83 143
83 142
83 141
83 140
83 139
83 138
83 137
83 136
82 135
81 134
80 134
80 133
79 132
79 131
78 130
78 129
78 128
77 127
77 126
76 125
76 124
76 123
76 122
75 121
75 120
75 119
74 118
74 117
74 116
73 115
73 114
72 113
72 112
71 111
70 111
69 110
68 110
68 109
68 108
67 107
67 106
67 105
68 105
69 104
68 103
68 102
67 101
67 100
67 99
67 98
67 97
67 96
67 95
67 94
67 93
67 92
67 91
68 90
69 89
69 88
69 87
70 86
70 85
70 84
70 83
70 82
70 81
71 80
71 79
72 78
72 77
73 76
73 75
74 74
74 73
75 72
75 71
75 70
76 69
76 68
76 67
76 66
76 65
76 64
76 63
77 62
76 61
77 60
76 59
75 58
75 57
76 56
77 55
77 54
78 54
79 54
80 54
81 54
82 54
83 54
84 54
85 53
86 52
87 51
88 51
