259
90 52
91 51
92 51
93 51
94 51
95 51
96 51
97 51
98 51
99 51
100 51
101 51
102 51
103 51
104 52
104 53
105 54
105 55
104 56
104 57
103 58
103 59
102 60
102 61
102 62
101 63
100 64
99 65
99 66
98 67
98 68
98 69
97 70
97 71
97 72
98 73
98 74
98 75
99 76
100 76
101 76
102 77
103 77
103 78
104 79
105 80
106 81
107 82
108 83
109 84
109 85
110 86
110 87
111 88
110 89
111 90
112 91
112 92
113 93
114 94
115 95
115 96
116 97
116 98
116 99
116 100
116 101
115 102
115 103
115 104
114 105
115 106
116 107
117 108
118 109
118 110
118 111
117 112
118 113
118 114
118 115
118 116
118 117
118 118
119 119
119 120
119 121
119 122
119 123
119 124
119 125
119 126
119 127
119 128
119 129
118 130
118 131
118 132
118 133
118 134
118 135
117 136
117 137
116 138
116 139
115 140
115 141
115 142
115 143
116 144
116 145
116 146
116 147
117 148
118 149
118 150
118 151
119 152
119 153
119 154
119 155
118 156
118 157
117 157
116 157
115 158
114 158
113 158
112 158
111 158
110 159
109 159
108 159
107 159
106 159
105 159
104 159
103 159
102 159
101 159
100 160
99 159
98 159
97 159
96 159
95 159
94 159
93 159
92 159
91 159
90 159
89 158
88 158
87 158
87 157
86 156
86 155
86 154
86 153
86 152
86 151
86 150
86 149
86 148
86 147
86 146
86 145
86 144
86 143
86 142
86 141
86 140
86 139
86 138
85 137
85 136
85 135
85 134
84 133
84 132
83 131
83 130
83 129
83 128
82 127
82 126
82 125
82 124
81 123
81 122
80 121
80 120
80 119
80 118
80 117
80 116
80 115
80 114
79 113
79 112
80 111
80 110
79 109
78 108
77 107
77 106
76 105
75 104
74 103
74 102
74 101
74 100
75 99
75 98
76 97
76 96
76 95
76 94
75 93
75 92
75 91
75 90
75 89
75 88
76 87
77 86
77 85
78 84
79 83
80 82
81 81
82 80
82 79
82 78
82 77
82 76
82 75
83 74
83 73
83 72
83 71
84 70
84 69
85 68
85 67
86 66
86 65
86 64
87 63
87 62
87 61
88 60
87 59
88 58
88 57
89 56
89 55
89 54
89 53
