269
110 48
111 47
112 47
113 48
114 48
115 49
116 50
117 51
118 51
119 51
120 52
121 51
122 52
123 53
124 54
125 54
125 55
125 56
125 57
124 57
123 58
123 59
122 59
121 60
120 61
119 61
118 62
117 63
117 64
117 65
116 65
115 66
115 67
114 67
113 68
113 69
113 70
112 71
112 72
112 73
112 74
111 75
110 76
110 77
111 78
112 79
113 80
114 81
115 82
114 83
115 84
116 84
116 85
117 86
118 87
118 88
119 89
119 90
120 91
120 92
120 93
120 94
120 95
121 96
121 97
121 98
122 99
123 100
123 101
123 102
123 103
123 104
123 105
123 106
122 107
122 108
123 109
123 110
123 111
123 112
123 113
123 114
124 115
124 116
124 117
123 118
122 119
122 120
122 121
122 122
122 123
122 124
121 125
121 126
121 127
120 128
120 129
119 130
118 131
117 132
117 133
116 134
115 135
115 136
114 137
113 138
113 139
112 140
111 141
110 142
110 143
110 144
109 145
109 146
109 147
109 148
109 149
109 150
109 151
109 152
109 153
108 154
108 155
109 156
109 157
109 158
109 159
108 159
107 159
106 159
105 159
104 159
103 159
102 159
101 159
100 160
99 159
98 159
97 159
96 159
95 159
94 159
93 159
92 159
91 159
90 159
89 158
88 158
87 158
86 158
85 158
84 157
83 157
82 157
81 156
80 156
79 156
78 155
77 155
76 154
75 153
75 152
75 151
75 150
76 149
76 148
77 147
77 146
77 145
77 144
77 143
77 142
78 141
78 140
78 139
78 138
78 137
78 136
79 135
79 134
79 133
79 132
80 131
79 130
79 129
80 128
80 127
79 126
79 125
78 124
78 123
78 122
78 121
78 120
78 119
78 118
78 117
78 116
78 115
78 114
78 113
78 112
79 111
79 110
80 109
80 108
81 107
81 106
81 105
80 104
80 103
80 102
80 101
80 100
80 99
81 98
80 97
81 96
82 95
83 94
83 93
83 92
83 91
83 90
82 89
82 88
82 87
82 86
82 85
83 84
83 83
84 82
85 82
86 81
87 81
88 80
89 79
89 78
90 77
91 77
92 76
93 75
93 74
94 74
95 73
96 72
97 71
97 70
98 69
98 68
99 67
100 66
101 65
102 64
103 63
104 62
105 61
106 60
106 59
106 58
106 57
106 56
107 55
108 54
108 53
108 52
108 51
108 50
109 49
