273
78 50
79 49
80 49
81 49
82 50
83 51
84 52
84 53
84 54
84 55
84 56
84 57
84 58
84 59
84 60
84 61
85 62
86 62
87 63
88 64
88 65
89 66
90 67
90 68
91 69
92 70
93 71
92 72
93 73
94 73
95 73
96 73
97 73
98 73
99 74
100 74
101 74
102 75
103 75
103 76
103 77
103 78
104 79
105 79
105 80
106 81
107 81
108 82
109 82
110 82
111 82
112 82
112 83
113 84
114 84
115 84
116 85
117 86
118 86
119 86
120 86
121 87
122 86
122 87
123 88
123 89
124 90
124 91
124 92
124 93
124 94
124 95
125 96
126 96
127 97
128 97
128 98
129 99
129 100
129 101
129 102
129 103
129 104
130 105
130 106
131 107
132 108
133 108
133 109
134 110
134 111
135 112
135 113
135 114
135 115
135 116
135 117
135 118
135 119
135 120
135 121
135 122
135 123
136 124
136 125
136 126
136 127
136 128
137 129
138 130
138 131
139 132
139 133
139 134
140 135
140 136
141 137
141 138
142 139
142 140
143 141
142 142
141 143
140 144
139 145
138 146
137 147
136 148
135 148
134 149
133 150
132 150
131 151
130 151
129 152
128 153
127 153
126 154
125 154
124 154
123 155
122 155
121 156
120 156
119 156
118 157
117 157
116 157
115 157
115 156
114 155
113 154
113 153
112 152
111 151
110 150
110 149
110 148
109 147
109 146
108 145
108 144
107 143
107 142
106 141
105 140
104 139
104 138
103 137
103 136
102 135
101 134
100 133
99 133
98 133
97 132
96 132
95 131
94 130
93 130
92 129
91 128
90 127
89 126
89 125
88 124
87 124
86 123
85 123
84 122
83 121
82 120
81 120
80 119
79 118
79 117
79 116
78 115
78 114
78 113
78 112
78 111
79 110
79 109
80 108
80 107
79 106
79 105
80 104
80 103
80 102
79 101
79 100
79 99
79 98
78 97
78 96
78 95
78 94
78 93
78 92
79 92
80 91
80 90
80 89
81 88
80 87
79 86
78 86
78 85
78 84
77 83
77 82
77 81
76 80
76 79
76 78
75 77
75 76
75 75
75 74
76 74
77 73
77 72
77 71
77 70
77 69
77 68
77 67
77 66
76 65
75 64
74 64
73 63
72 62
71 62
70 62
69 61
68 60
68 59
67 58
67 57
68 57
69 57
70 56
71 55
72 55
73 54
74 53
74 52
75 51
76 51
77 51
