251
71 62
72 61
73 61
74 61
75 61
76 61
77 61
78 61
79 61
80 62
81 62
82 62
83 63
84 63
85 64
85 65
85 66
86 67
87 68
87 69
87 70
87 71
86 71
85 72
84 72
83 72
82 72
81 72
80 71
79 72
78 72
77 72
76 71
75 70
74 71
74 72
74 73
73 74
72 75
72 76
72 77
72 78
71 79
71 80
71 81
72 82
72 83
73 84
74 84
75 85
76 85
77 85
78 85
79 84
80 84
81 84
82 83
83 83
84 82
85 83
86 82
87 82
88 82
89 82
90 82
91 83
92 84
93 84
94 84
95 85
96 86
97 87
98 88
98 89
99 90
99 91
99 92
99 93
99 94
99 95
99 96
98 97
98 98
99 99
99 100
100 101
99 102
99 103
99 104
99 105
98 106
97 106
96 106
95 107
95 108
94 108
93 108
92 108
91 107
90 107
89 107
88 108
87 108
86 109
86 110
85 111
85 112
85 113
84 114
84 115
84 116
84 117
84 118
84 119
85 120
85 121
85 122
85 123
84 124
84 125
84 126
83 127
82 128
82 129
81 130
80 131
79 132
78 133
77 134
77 135
76 136
75 137
76 138
77 138
77 139
77 140
77 141
76 142
76 143
76 144
75 145
75 146
74 147
74 148
74 149
74 150
74 151
74 152
74 153
73 153
72 153
71 152
70 151
69 151
68 150
67 150
66 149
65 148
64 148
63 147
62 146
61 145
60 144
59 143
58 142
57 141
56 140
55 139
54 138
53 137
52 136
53 135
52 134
52 133
52 132
52 131
52 130
52 129
52 128
52 127
52 126
53 125
53 124
53 123
53 122
53 121
53 120
53 119
53 118
53 117
53 116
53 115
53 114
54 113
54 112
54 111
54 110
54 109
54 108
55 108
56 107
56 106
57 105
56 104
56 103
56 102
56 101
56 100
55 99
55 98
54 97
54 96
55 95
55 94
55 93
55 92
56 91
56 90
57 89
58 88
59 87
59 86
59 85
58 84
59 83
59 82
59 81
59 80
59 79
59 78
60 77
60 76
61 75
61 74
60 73
60 72
60 71
60 70
61 69
61 68
61 67
61 66
62 65
63 65
64 64
65 64
66 63
67 63
68 63
69 63
70 62
