291
103 53
104 52
105 52
106 52
107 53
108 53
109 54
110 55
111 56
112 56
113 56
114 56
115 56
116 56
117 57
118 57
119 57
120 57
121 57
122 58
123 59
124 59
125 60
126 61
127 62
127 63
127 64
128 65
129 65
130 65
130 66
129 67
130 68
131 69
131 70
131 71
131 72
131 73
131 74
130 74
129 75
128 75
127 74
126 74
125 73
124 72
123 71
122 71
121 71
120 70
119 69
119 68
118 67
117 66
116 65
115 65
114 65
113 66
112 66
111 66
110 66
109 66
108 67
107 68
106 69
105 70
104 71
103 72
102 73
101 74
101 75
101 76
102 77
103 78
104 78
105 78
106 78
107 79
108 79
109 79
110 79
111 79
112 79
113 79
114 80
115 80
116 79
117 79
118 80
118 81
119 82
120 82
121 83
122 83
122 84
123 85
123 86
123 87
123 88
122 89
122 90
122 91
121 92
121 93
121 94
120 95
119 96
118 97
118 98
119 99
119 100
119 101
118 102
118 103
117 104
116 105
115 106
115 107
114 107
113 108
112 109
111 109
110 109
109 109
108 109
107 109
106 110
105 109
104 108
103 108
102 109
101 110
101 111
100 112
99 113
98 114
98 115
97 116
97 117
96 118
95 119
94 120
93 121
92 122
91 122
90 123
89 123
88 123
87 124
86 124
85 125
84 125
83 125
82 126
81 126
80 126
79 126
78 126
77 127
76 128
75 128
74 128
73 129
72 130
71 130
70 130
69 130
68 130
67 130
66 130
65 130
64 130
63 130
62 130
61 131
60 131
59 132
58 132
57 133
56 133
55 134
54 135
53 136
53 137
52 136
52 135
51 134
50 133
50 132
49 131
49 130
48 129
47 128
47 127
46 126
46 125
46 124
45 123
45 122
44 121
44 120
44 119
43 118
43 117
43 116
42 115
42 114
42 113
42 112
42 111
41 110
42 109
43 109
44 109
45 109
46 108
47 107
48 107
49 106
50 105
51 104
51 103
51 102
52 101
52 100
53 99
53 98
54 98
55 98
56 97
56 96
57 96
58 95
58 94
59 93
59 92
60 92
61 92
62 91
63 91
64 90
65 90
66 89
66 88
67 87
68 87
69 86
69 85
70 84
71 83
71 82
72 81
73 80
74 80
75 80
76 79
77 78
78 78
79 77
80 76
80 75
81 75
82 75
83 74
84 73
85 72
86 71
87 71
88 70
89 70
90 69
91 68
92 67
92 66
92 65
93 64
93 63
93 62
93 61
94 60
94 59
94 58
95 58
96 58
97 57
98 57
99 56
99 55
100 55
101 54
102 53
