325
77 53
78 52
79 52
80 53
81 53
82 53
83 53
84 54
85 54
85 55
86 56
87 55
88 55
89 56
90 56
91 56
92 56
92 57
92 58
91 59
91 60
91 61
90 61
89 62
88 62
87 62
86 62
85 63
84 63
83 64
82 65
81 65
80 66
80 67
80 68
79 69
78 70
78 71
77 72
77 73
77 74
77 75
77 76
77 77
78 78
79 79
79 80
80 81
81 82
82 82
83 82
84 82
85 82
86 82
87 82
88 81
89 81
90 80
91 79
92 79
93 79
94 78
94 77
95 76
96 76
97 75
98 75
99 74
100 73
101 72
102 71
103 71
104 70
105 69
106 69
107 69
108 69
109 70
110 70
111 71
112 71
112 72
112 73
112 74
113 75
113 76
114 77
114 78
115 79
116 80
117 81
118 82
118 83
119 84
120 84
120 85
120 86
121 87
121 88
122 89
123 90
122 91
122 92
122 93
123 94
122 95
121 96
120 96
119 97
119 98
118 99
118 100
118 101
117 102
117 103
116 104
115 105
115 106
114 107
113 107
112 108
111 109
111 110
110 111
109 112
110 113
111 114
112 114
113 114
113 115
114 116
115 117
115 118
116 119
116 120
116 121
117 122
117 123
117 124
118 125
118 126
117 127
116 128
116 129
115 130
116 131
115 132
115 133
115 134
115 135
115 136
115 137
114 138
114 139
113 140
112 141
111 141
110 142
110 143
110 144
111 145
112 145
113 146
114 146
115 145
116 145
117 145
118 145
119 145
119 146
120 147
121 147
121 148
122 149
123 150
123 151
123 152
124 153
125 154
124 154
123 155
122 155
121 156
120 156
119 156
118 157
117 157
116 157
115 158
114 158
113 158
112 158
111 158
110 159
109 159
108 159
107 159
106 159
105 159
104 159
103 159
102 159
101 159
100 160
99 159
98 159
97 159
96 159
95 159
94 159
93 159
92 159
91 159
91 158
91 157
91 156
91 155
91 154
90 153
90 152
89 151
89 150
88 149
87 148
87 147
86 146
86 145
85 144
84 144
83 143
83 142
83 141
83 140
83 139
82 138
82 137
82 136
82 135
81 134
80 133
80 132
79 131
79 130
78 129
78 128
77 127
77 126
76 125
76 124
76 123
76 122
75 121
75 120
75 119
76 118
75 117
75 116
75 115
74 114
73 113
72 112
72 111
71 110
70 109
70 108
70 107
70 106
71 105
71 104
71 103
71 102
71 101
70 100
70 99
69 98
69 97
68 96
67 96
67 95
67 94
67 93
67 92
67 91
67 90
66 89
66 88
66 87
66 86
66 85
65 84
65 83
65 82
64 81
64 80
64 79
63 78
62 77
62 76
62 75
62 74
62 73
62 72
62 71
62 70
62 69
62 68
63 68
64 68
65 67
66 66
67 66
68 65
68 64
68 63
68 62
69 61
69 60
70 59
71 58
72 58
73 57
74 56
75 55
76 54
76 53
