285
79 60
80 59
81 59
82 59
83 59
84 59
85 60
86 61
87 62
88 63
89 63
90 63
90 64
91 65
92 66
92 67
92 68
91 68
90 69
89 69
88 68
87 68
86 68
85 67
84 67
83 67
82 68
81 69
80 69
79 70
78 71
78 72
77 73
77 74
77 75
77 76
77 77
77 78
77 79
78 80
79 81
79 82
80 83
81 84
82 84
83 84
84 84
85 84
86 83
87 83
88 82
89 81
90 81
91 82
92 82
93 81
94 81
95 80
96 79
97 79
98 78
99 78
100 78
101 79
102 80
103 80
104 81
105 82
105 83
105 84
106 85
106 86
107 87
107 88
107 89
107 90
107 91
107 92
107 93
107 94
107 95
107 96
107 97
107 98
108 99
108 100
107 101
107 102
107 103
106 104
105 104
104 105
103 106
103 107
102 106
101 106
100 107
99 107
98 107
97 107
96 108
96 109
96 110
95 111
95 112
96 113
97 114
98 115
98 116
98 117
98 118
99 119
98 120
98 121
98 122
98 123
98 124
97 125
97 126
97 127
97 128
97 129
96 130
96 131
95 132
95 133
95 134
94 135
93 135
92 135
91 136
91 137
90 137
89 138
88 139
88 140
87 140
86 141
86 142
85 143
86 144
87 144
88 145
89 146
90 146
89 147
90 148
90 149
90 150
90 151
90 152
90 153
90 154
90 155
91 156
92 157
93 158
94 159
93 159
92 159
91 159
90 159
89 158
88 158
87 158
86 158
85 158
84 157
83 157
82 157
81 156
80 156
79 156
78 155
77 155
76 154
75 154
74 154
73 153
72 153
71 152
70 151
69 151
68 150
67 150
66 149
65 148
64 148
64 147
64 146
64 145
64 144
64 143
64 142
64 141
63 140
63 139
63 138
63 137
63 136
63 135
63 134
63 133
63 132
62 131
62 130
62 129
62 128
62 127
62 126
63 125
63 124
63 123
64 122
64 121
64 120
63 119
64 118
64 117
63 116
63 115
63 114
64 113
64 112
65 111
65 110
64 109
64 108
64 107
64 106
64 105
64 104
64 103
64 102
65 101
65 100
65 99
65 98
66 97
65 96
65 95
65 94
65 93
65 92
65 91
65 90
65 89
66 88
65 87
64 87
64 86
64 85
64 84
63 83
63 82
63 81
62 80
62 79
62 78
62 77
62 76
62 75
62 74
63 74
64 73
64 72
64 71
65 70
64 69
65 68
65 67
66 66
67 65
68 64
69 63
69 62
70 61
71 61
72 61
73 61
74 61
75 60
76 60
77 61
78 60
