309
84 58
85 57
86 58
87 58
88 58
89 58
90 58
91 58
92 57
93 57
94 57
95 57
96 57
97 57
98 57
99 57
100 57
101 57
102 57
103 58
104 58
104 59
105 60
106 61
106 62
106 63
107 64
108 65
108 66
109 67
110 68
111 69
110 70
110 71
109 72
109 73
108 73
107 73
106 73
105 72
104 72
103 71
102 71
101 70
100 70
99 69
98 69
97 69
96 70
95 71
94 71
93 72
92 73
92 74
92 75
91 76
91 77
91 78
90 79
90 80
90 81
91 82
92 83
93 83
93 84
94 85
95 85
96 86
97 86
98 86
99 86
100 85
100 84
100 83
101 82
102 82
103 82
104 81
105 82
106 82
107 82
108 82
109 83
110 83
111 83
112 83
113 83
114 82
115 82
116 83
117 84
118 84
119 84
119 85
120 86
120 87
121 88
121 89
121 90
122 91
121 92
121 93
122 94
123 95
124 95
124 96
123 96
122 97
121 98
122 99
122 100
122 101
121 102
121 103
121 104
121 105
121 106
121 107
121 108
120 108
119 109
118 110
117 111
116 111
115 111
114 112
114 113
113 114
112 113
111 112
110 112
109 111
108 111
107 111
106 111
105 112
105 113
104 114
104 115
104 116
105 117
104 118
105 119
104 120
104 121
103 122
103 123
102 124
102 125
102 126
101 127
101 128
101 129
100 130
100 131
99 132
98 133
97 134
96 135
96 136
95 137
94 138
94 139
94 140
93 141
92 141
91 142
90 142
89 143
88 143
87 143
86 144
85 145
85 146
86 147
87 146
88 147
89 147
90 148
91 147
90 148
90 149
90 150
89 151
88 152
88 153
88 154
88 155
88 156
88 157
88 158
87 158
86 158
85 158
84 157
83 157
82 157
81 156
80 156
79 156
78 155
77 155
76 154
75 154
74 154
73 153
72 153
71 152
70 151
69 151
68 150
67 150
66 149
65 148
64 148
63 147
62 146
61 145
62 144
62 143
62 142
62 141
63 140
63 139
63 138
64 137
64 136
64 135
64 134
64 133
63 132
63 131
62 130
62 129
63 128
63 127
63 126
64 126
65 125
65 124
66 123
66 122
66 121
66 120
66 119
66 118
66 117
66 116
67 115
66 114
66 113
67 112
67 111
68 110
68 109
68 108
68 107
69 106
69 105
70 105
71 104
71 103
71 102
72 101
72 100
72 99
72 98
72 97
72 96
72 95
72 94
72 93
72 92
73 91
73 90
73 89
73 88
73 87
73 86
73 85
73 84
73 83
72 82
73 81
73 80
74 79
74 78
75 78
76 77
77 76
78 76
79 75
80 74
80 73
80 72
80 71
79 70
79 69
79 68
79 67
79 66
79 65
79 64
80 63
80 62
80 61
81 60
82 59
83 58
