264
75 52
76 51
77 52
78 51
79 51
80 51
81 51
82 52
83 52
84 52
85 51
86 51
87 52
88 52
89 52
89 53
89 54
90 55
90 56
91 57
92 58
92 59
93 60
94 61
94 62
93 63
93 64
92 65
91 65
90 65
89 65
88 64
87 64
86 63
85 63
84 62
83 62
82 62
81 62
80 63
79 63
78 64
78 65
78 66
77 67
76 68
76 69
76 70
76 71
76 72
76 73
77 74
77 75
78 76
79 76
80 76
81 76
82 76
83 75
84 75
85 75
86 75
87 75
88 75
89 75
90 76
91 76
92 75
93 75
94 75
95 74
96 74
97 74
98 75
98 76
99 77
100 78
101 79
101 80
101 81
101 82
101 83
101 84
101 85
101 86
101 87
101 88
101 89
101 90
101 91
101 92
101 93
100 94
100 95
100 96
100 97
100 98
99 99
98 100
98 101
97 102
96 102
95 102
94 102
93 102
92 102
91 102
90 102
89 102
88 102
87 103
86 104
85 105
85 106
85 107
84 108
85 109
84 110
84 111
84 112
84 113
84 114
83 115
83 116
82 117
81 118
81 119
81 120
80 121
79 122
79 123
78 124
77 125
76 126
75 127
74 128
73 128
72 129
71 129
70 130
70 131
71 132
71 133
71 134
71 135
71 136
70 137
70 138
70 139
69 140
69 141
69 142
69 143
68 144
68 145
68 146
68 147
68 148
67 149
66 149
65 148
64 148
63 147
62 146
61 145
60 144
59 143
58 142
57 141
56 140
55 139
54 138
53 137
52 136
52 135
51 134
50 133
50 132
49 131
49 130
48 129
47 128
47 127
47 126
47 125
47 124
47 123
47 122
47 121
47 120
47 119
47 118
47 117
48 116
48 115
48 114
48 113
48 112
49 111
50 110
50 109
50 108
51 107
51 106
51 105
51 104
52 103
52 102
52 101
53 100
53 99
53 98
53 97
53 96
54 95
54 94
55 93
55 92
55 91
55 90
56 89
56 88
57 88
58 87
58 86
57 85
57 84
58 83
58 82
58 81
58 80
59 79
59 78
59 77
59 76
59 75
59 74
60 73
60 72
60 71
60 70
61 70
62 69
62 68
63 67
64 66
64 65
64 64
64 63
65 63
66 62
66 61
66 60
66 59
67 58
66 57
67 56
68 55
69 54
70 53
71 53
72 53
73 52
74 52
