274
80 60
81 59
82 59
83 59
84 59
85 59
86 59
87 59
88 59
89 59
90 60
91 61
92 61
93 62
94 62
95 63
95 64
96 65
96 66
96 67
96 68
96 69
95 69
94 69
93 69
92 68
91 68
90 68
89 68
88 68
87 69
86 69
85 69
84 69
83 70
82 71
81 72
81 73
80 74
80 75
80 76
80 77
79 78
79 79
79 80
78 81
78 82
79 83
80 84
81 84
82 84
83 85
84 86
85 86
86 86
87 86
88 85
89 85
90 85
91 85
92 85
93 84
94 83
95 83
96 83
97 83
98 82
99 82
100 81
101 81
102 81
103 81
104 82
105 82
106 82
106 83
106 84
107 85
107 86
108 87
108 88
108 89
108 90
108 91
109 92
109 93
109 94
110 95
110 96
110 97
110 98
111 99
110 100
110 101
111 102
110 103
109 104
109 105
108 106
107 107
106 108
106 109
105 109
104 109
103 110
102 110
101 111
100 111
99 110
98 111
98 112
98 113
98 114
98 115
98 116
98 117
98 118
98 119
97 120
97 121
97 122
97 123
96 124
96 125
96 126
96 127
96 128
95 129
95 130
94 131
94 132
93 133
93 134
93 135
92 136
91 137
91 138
90 138
89 139
88 140
87 141
86 142
85 141
84 142
83 142
82 143
82 144
83 145
83 146
83 147
83 148
83 149
83 150
83 151
83 152
84 153
84 154
84 155
84 156
84 157
83 157
82 157
81 156
80 156
79 156
78 155
77 155
76 154
75 154
74 154
73 153
72 153
71 152
70 151
69 151
68 150
67 150
66 149
65 148
64 148
63 147
62 146
61 145
60 144
60 143
60 142
60 141
60 140
60 139
60 138
60 137
60 136
60 135
60 134
60 133
60 132
61 131
61 130
61 129
61 128
62 127
62 126
61 125
61 124
61 123
62 122
62 121
62 120
62 119
62 118
62 117
62 116
62 115
62 114
62 113
62 112
62 111
62 110
63 109
63 108
64 107
65 106
65 105
65 104
65 103
66 102
65 101
65 100
65 99
65 98
66 97
66 96
66 95
65 94
66 93
66 92
66 91
66 90
66 89
66 88
66 87
66 86
67 85
67 84
66 83
66 82
66 81
66 80
66 79
66 78
67 77
67 76
68 75
68 74
68 73
68 72
68 71
69 70
69 69
69 68
68 67
68 66
68 65
69 64
70 63
71 63
72 62
73 62
74 62
75 61
76 61
77 61
78 60
79 60
