320
92 51
93 50
94 50
95 51
96 50
97 50
98 51
99 52
100 53
101 54
102 54
103 55
104 55
105 56
106 57
106 58
106 59
105 60
104 61
103 61
102 61
101 61
100 61
99 62
98 62
97 62
96 62
95 62
94 62
93 61
92 61
91 62
90 62
89 63
88 64
87 65
87 66
86 67
86 68
86 69
86 70
86 71
86 72
86 73
86 74
85 75
85 76
85 77
86 78
87 78
88 79
89 79
90 79
91 80
92 80
93 80
94 80
95 80
96 79
97 78
98 78
99 78
100 78
101 77
102 77
103 78
104 78
105 78
106 79
107 78
108 77
109 77
110 77
111 76
112 76
113 76
114 77
115 78
116 79
117 80
118 81
119 82
120 83
120 84
119 85
118 86
118 87
118 88
118 89
119 90
120 90
121 91
122 91
122 92
123 93
124 93
123 94
122 95
123 96
122 97
121 96
120 97
119 98
118 99
118 100
118 101
118 102
117 103
117 104
117 105
116 106
115 107
114 108
113 109
112 110
111 111
110 110
109 110
108 111
108 112
108 113
108 114
107 114
106 113
105 113
104 113
103 114
102 115
103 116
102 117
103 118
104 119
104 120
105 121
106 122
107 122
108 122
108 123
108 124
109 125
109 126
109 127
108 128
107 128
106 129
105 129
104 130
103 131
104 132
103 133
102 134
103 135
103 136
103 137
103 138
103 139
103 140
102 140
101 140
100 141
99 142
99 143
99 144
100 145
100 146
101 147
100 148
100 149
100 150
100 151
100 152
100 153
100 154
100 155
100 156
100 157
100 158
100 159
100 160
99 159
98 159
97 159
96 159
95 159
94 159
93 159
92 159
91 159
90 159
89 158
88 158
87 158
86 158
85 158
84 157
83 157
82 157
81 156
80 156
79 156
78 155
77 155
76 154
75 154
74 154
73 153
72 153
71 152
70 151
71 150
70 149
69 148
69 147
69 146
69 145
69 144
69 143
69 142
69 141
69 140
69 139
69 138
69 137
69 136
69 135
68 134
69 133
69 132
69 131
69 130
69 129
69 128
68 127
68 126
68 125
68 124
67 123
67 122
68 121
68 120
67 119
67 118
66 117
66 116
66 115
66 114
66 113
66 112
66 111
66 110
66 109
66 108
66 107
66 106
66 105
66 104
67 103
67 102
68 101
68 100
67 99
67 98
68 97
68 96
68 95
68 94
68 93
68 92
69 91
69 90
69 89
69 88
69 87
69 86
70 85
71 84
71 83
70 82
70 81
70 80
70 79
70 78
69 77
69 76
70 75
70 74
70 73
70 72
71 71
71 70
71 69
71 68
71 67
71 66
71 65
71 64
72 63
72 62
72 61
72 60
73 59
74 58
74 57
75 56
76 55
77 54
78 54
79 54
80 54
81 54
82 53
83 53
84 53
85 53
86 53
87 52
88 52
89 52
90 52
91 52
