275
76 56
77 55
78 55
79 55
80 55
81 55
82 55
83 55
84 55
85 56
86 56
87 55
88 55
89 55
90 56
91 57
92 58
93 59
93 60
94 61
95 62
95 63
95 64
95 65
95 66
94 67
93 67
92 67
91 67
90 67
89 66
88 66
87 66
86 65
85 66
84 66
83 66
82 67
82 68
82 69
81 70
81 71
81 72
81 73
82 74
83 75
84 76
85 77
86 77
87 77
88 77
89 77
90 77
91 77
92 77
93 77
94 77
95 77
96 77
97 77
98 76
99 76
100 75
101 75
102 75
103 74
104 75
105 76
106 77
107 78
108 79
109 80
109 81
109 82
109 83
109 84
109 85
108 86
108 87
109 88
108 89
109 90
108 91
108 92
108 93
108 94
107 95
107 96
106 97
106 98
105 99
105 100
104 101
103 101
102 102
101 102
100 102
99 102
98 102
97 102
96 102
95 103
95 104
94 105
94 106
94 107
94 108
95 109
94 109
93 110
93 111
93 112
94 113
94 114
94 115
94 116
94 117
94 118
93 119
92 119
91 120
90 120
89 121
89 122
89 123
88 124
88 125
87 126
86 126
85 127
85 128
84 128
83 129
83 130
82 131
83 132
83 133
83 134
82 134
81 135
81 136
81 137
80 138
81 139
80 140
80 141
81 142
81 143
81 144
81 145
80 146
79 147
79 148
80 149
80 150
80 151
81 152
82 153
83 154
83 155
83 156
84 157
83 157
82 157
81 156
80 156
79 156
78 155
77 155
76 154
75 154
74 154
73 153
72 153
71 152
70 151
69 151
68 150
67 150
66 149
65 148
64 148
63 147
62 146
61 145
60 144
59 143
58 142
57 141
57 140
57 139
58 138
58 137
57 136
57 135
57 134
57 133
57 132
57 131
57 130
57 129
57 128
57 127
57 126
58 125
58 124
59 123
59 122
59 121
59 120
59 119
59 118
59 117
59 116
59 115
59 114
59 113
59 112
60 111
60 110
60 109
60 108
61 107
61 106
61 105
61 104
62 103
62 102
62 101
63 100
63 99
64 98
64 97
64 96
65 95
66 94
67 93
67 92
67 91
67 90
67 89
67 88
67 87
67 86
67 85
67 84
67 83
68 82
68 81
68 80
68 79
68 78
69 77
69 76
70 75
70 74
70 73
70 72
71 71
71 70
71 69
71 68
71 67
71 66
71 65
71 64
71 63
71 62
71 61
71 60
72 59
73 58
74 57
74 56
75 56
