262
106 73
107 72
108 72
109 72
110 72
111 73
112 73
113 73
114 72
115 72
116 72
117 72
118 72
119 73
120 73
121 73
122 73
123 74
124 75
125 76
126 76
127 77
127 78
127 79
126 80
125 79
124 79
123 80
122 79
121 79
120 79
119 80
118 79
117 80
116 80
115 80
114 80
113 81
112 81
111 81
110 82
109 83
109 84
108 85
109 86
109 87
109 88
109 89
109 90
109 91
109 92
110 93
110 94
111 95
112 96
113 95
114 94
115 94
116 94
117 93
118 93
119 92
120 92
121 93
122 92
123 91
124 91
125 90
126 90
127 90
128 89
129 90
130 90
131 91
132 91
132 92
133 93
133 94
133 95
134 96
134 97
134 98
134 99
133 100
134 101
134 102
134 103
134 104
134 105
134 106
134 107
134 108
134 109
134 110
134 111
134 112
134 113
134 114
133 115
133 116
133 117
132 118
132 119
131 119
130 119
129 120
128 119
127 119
126 119
125 120
124 121
124 122
124 123
124 124
124 125
124 126
124 127
124 128
123 129
123 130
123 131
123 132
123 133
123 134
123 135
122 136
122 137
121 138
120 139
119 139
118 140
117 141
116 142
115 142
114 143
113 144
113 145
113 146
112 146
111 147
111 148
111 149
111 150
110 151
110 152
109 153
109 154
108 155
108 156
108 157
108 158
109 159
108 159
107 159
106 159
105 159
104 159
103 159
102 159
101 159
100 160
99 159
98 159
97 159
96 159
95 159
94 159
93 159
92 159
91 159
90 159
89 158
88 158
87 158
86 158
86 157
86 156
87 155
87 154
87 153
88 152
88 151
88 150
89 149
89 148
90 147
90 146
91 145
90 144
91 143
91 142
91 141
90 140
90 139
90 138
90 137
90 136
90 135
90 134
91 133
91 132
91 131
91 130
92 129
92 128
92 127
92 126
92 125
92 124
92 123
93 122
93 121
93 120
93 119
93 118
94 117
94 116
95 115
95 114
95 113
95 112
95 111
95 110
96 109
96 108
96 107
96 106
96 105
96 104
96 103
96 102
96 101
96 100
97 99
97 98
98 97
98 96
97 95
97 94
97 93
97 92
98 91
98 90
98 89
98 88
99 87
99 86
99 85
99 84
99 83
99 82
99 81
99 80
99 79
100 78
101 77
102 76
102 75
102 74
103 74
104 73
105 73
