297
95 52
96 51
97 51
98 51
99 51
100 51
101 51
102 51
103 51
104 52
105 52
106 52
107 53
108 53
108 54
109 55
110 56
111 57
111 58
111 59
110 60
109 61
108 61
107 62
106 61
105 61
104 61
103 61
102 61
101 61
100 62
99 62
98 63
97 64
97 65
97 66
97 67
96 67
95 68
95 69
95 70
95 71
96 72
96 73
97 74
98 75
99 75
100 75
101 75
102 75
103 75
104 74
105 74
106 73
107 73
108 73
109 72
110 72
111 72
112 72
113 71
114 71
115 70
116 69
117 69
118 69
119 70
118 71
118 72
118 73
118 74
119 75
120 76
121 77
122 78
122 79
122 80
122 81
122 82
122 83
123 84
123 85
123 86
124 87
124 88
123 89
123 90
122 91
122 92
122 93
122 94
121 95
120 96
119 97
119 98
118 99
117 100
116 100
115 100
114 99
113 99
112 100
112 101
112 102
111 103
111 104
111 105
111 106
110 107
109 107
108 108
108 109
107 110
108 111
108 112
107 113
106 114
106 115
105 116
105 117
104 118
104 119
104 120
104 121
103 121
102 122
102 123
101 124
100 125
99 126
99 127
98 128
98 129
97 130
96 131
96 132
96 133
96 134
96 135
95 136
95 137
95 138
95 139
95 140
94 141
94 142
94 143
94 144
94 145
94 146
94 147
94 148
94 149
94 150
94 151
94 152
94 153
94 154
95 155
95 156
96 157
96 158
97 159
98 159
97 159
96 159
95 159
94 159
93 159
92 159
91 159
90 159
89 158
88 158
87 158
86 158
85 158
84 157
83 157
82 157
81 156
80 156
79 156
78 155
77 155
76 154
75 154
74 154
73 153
72 153
71 152
70 151
70 150
71 149
71 148
71 147
72 146
72 145
72 144
72 143
73 142
72 141
72 140
72 139
72 138
73 137
73 136
73 135
73 134
73 133
73 132
72 131
72 130
73 129
73 128
73 127
73 126
73 125
73 124
73 123
73 122
73 121
73 120
73 119
73 118
73 117
73 116
74 115
74 114
74 113
74 112
74 111
74 110
74 109
74 108
75 107
76 106
76 105
76 104
76 103
76 102
76 101
76 100
76 99
76 98
77 97
77 96
77 95
77 94
78 93
78 92
78 91
78 90
78 89
78 88
78 87
78 86
79 85
79 84
79 83
79 82
79 81
79 80
80 79
80 78
81 77
81 76
82 75
82 74
82 73
82 72
82 71
82 70
83 69
83 68
84 67
84 66
84 65
84 64
84 63
85 62
85 61
85 60
84 59
85 58
85 57
85 56
86 55
86 54
87 54
88 53
89 53
90 53
91 53
92 52
93 52
94 52
