308
97 53
98 52
99 52
100 52
101 52
102 53
103 53
104 53
105 53
106 54
107 54
108 55
109 55
110 56
111 56
111 57
112 58
113 59
113 60
113 61
112 62
111 63
110 64
109 64
108 64
107 63
106 63
105 63
104 63
103 63
102 63
101 63
100 63
99 64
98 64
97 65
97 66
97 67
97 68
97 69
97 70
97 71
96 72
96 73
97 74
98 75
98 76
99 77
100 77
101 77
102 77
103 78
104 78
105 79
106 79
107 78
108 78
109 78
110 77
111 76
112 76
113 75
114 75
115 75
116 75
117 75
118 74
119 74
120 74
121 74
122 74
123 74
124 74
125 75
126 76
127 77
127 78
128 79
128 80
127 81
128 82
129 83
129 84
129 85
129 86
129 87
129 88
130 89
130 90
130 91
131 92
131 93
130 94
129 95
129 96
128 97
127 98
127 99
126 100
126 101
126 102
125 103
124 103
123 104
122 104
121 105
120 105
119 106
118 107
118 108
118 109
117 110
117 111
117 112
118 113
118 114
118 115
118 116
118 117
118 118
118 119
118 120
117 121
117 122
117 123
116 124
116 125
115 126
114 127
113 128
113 129
112 130
111 131
111 132
110 131
109 132
108 133
108 134
108 135
107 136
107 137
107 138
106 139
107 140
108 140
109 140
110 139
111 139
111 140
111 141
111 142
111 143
110 144
111 145
111 146
111 147
111 148
111 149
111 150
111 151
111 152
112 153
112 154
112 155
113 156
114 157
114 158
113 158
112 158
111 158
110 159
109 159
108 159
107 159
106 159
105 159
104 159
103 159
102 159
101 159
100 160
99 159
98 159
97 159
96 159
95 159
94 159
93 159
92 159
91 159
90 159
89 158
88 158
87 158
86 158
85 158
86 157
86 156
86 155
86 154
86 153
86 152
86 151
86 150
85 149
85 148
85 147
85 146
84 145
84 144
84 143
84 142
84 141
84 140
85 139
84 138
84 137
84 136
83 135
83 134
83 133
83 132
83 131
83 130
83 129
83 128
83 127
82 126
82 125
82 124
82 123
82 122
82 121
82 120
83 119
83 118
83 117
83 116
83 115
83 114
82 113
82 112
82 111
82 110
83 110
84 109
84 108
84 107
84 106
83 105
83 104
83 103
83 102
83 101
82 100
83 99
83 98
82 97
82 96
82 95
83 94
83 93
83 92
83 91
83 90
84 89
84 88
84 87
84 86
84 85
84 84
83 83
83 82
83 81
83 80
83 79
83 78
83 77
83 76
83 75
83 74
83 73
83 72
83 71
83 70
83 69
83 68
83 67
83 66
83 65
83 64
82 63
82 62
82 61
83 60
84 59
85 59
86 58
87 57
88 56
89 56
90 56
91 55
92 54
93 53
94 53
95 53
96 53
