291
93 66
94 65
95 65
96 65
97 66
98 66
99 67
100 68
101 68
102 69
103 69
104 69
104 70
105 71
105 72
105 73
105 74
104 75
103 75
102 75
101 76
100 75
99 76
98 76
97 77
96 76
95 75
94 76
93 77
92 78
91 79
90 80
90 81
90 82
90 83
90 84
90 85
90 86
91 87
91 88
92 89
93 90
94 91
95 91
96 91
97 90
98 90
99 90
100 90
101 89
102 89
103 88
104 88
105 87
106 87
107 87
108 86
109 86
110 86
111 85
112 85
113 85
114 84
114 83
115 84
116 84
117 84
118 85
119 85
120 86
121 86
121 87
122 88
123 89
123 90
124 91
124 92
125 93
124 94
125 95
126 96
126 97
126 98
126 99
125 100
126 101
125 102
125 103
125 104
125 105
125 106
124 107
124 108
123 109
122 110
122 111
122 112
121 113
122 114
123 114
124 114
125 114
126 115
126 116
126 117
125 118
124 118
123 118
122 118
121 117
121 116
121 115
120 114
119 115
118 116
117 117
117 118
117 119
117 120
117 121
116 122
116 123
117 124
117 125
117 126
117 127
117 128
117 129
118 130
118 131
117 132
117 133
117 134
117 135
117 136
117 137
117 138
117 139
116 140
116 141
115 141
114 142
113 143
112 143
111 144
112 145
111 146
111 147
111 148
112 149
113 149
114 148
115 148
116 147
117 148
118 149
118 150
117 151
117 152
117 153
116 154
115 155
115 156
115 157
115 158
114 158
113 158
112 158
111 158
110 159
109 159
108 159
107 159
106 159
105 159
104 159
103 159
102 159
101 159
100 160
99 159
98 159
97 159
96 159
95 159
94 159
93 159
92 159
91 159
90 159
89 158
88 158
87 157
87 156
87 155
87 154
86 153
86 152
85 151
85 150
85 149
85 148
85 147
85 146
85 145
85 144
85 143
85 142
85 141
84 140
84 139
83 138
83 137
83 136
83 135
83 134
83 133
83 132
83 131
83 130
82 129
82 128
82 127
81 126
81 125
81 124
81 123
81 122
81 121
81 120
81 119
81 118
81 117
81 116
80 115
80 114
79 113
80 112
80 111
80 110
80 109
80 108
81 107
81 106
81 105
81 104
82 103
82 102
81 101
81 100
80 99
79 98
79 97
79 96
78 95
78 94
78 93
78 92
78 91
78 90
78 89
78 88
77 87
77 86
77 85
77 84
77 83
77 82
77 81
77 80
77 79
77 78
77 77
77 76
77 75
78 74
79 73
80 72
81 72
82 71
83 70
83 69
84 69
85 68
86 67
87 67
88 67
89 66
90 66
91 66
92 66
