304
96 57
97 56
98 57
99 57
100 57
101 57
102 58
103 58
104 59
105 59
106 59
107 59
108 60
109 60
110 61
111 62
112 63
113 64
113 65
113 66
113 67
112 68
111 68
110 68
109 69
108 69
107 69
106 69
105 68
104 68
103 68
102 68
101 68
100 67
99 68
98 68
97 68
96 69
95 70
94 70
93 71
92 72
92 73
92 74
92 75
92 76
92 77
91 78
91 79
90 80
90 81
90 82
91 83
91 84
92 85
93 85
94 85
95 86
96 86
97 86
98 86
99 86
100 86
101 86
102 86
103 85
104 84
105 84
106 84
107 84
108 84
109 84
110 83
111 83
112 83
113 83
114 83
115 82
116 82
117 82
118 83
119 84
120 85
121 86
121 87
121 88
122 89
122 90
122 91
122 92
122 93
122 94
122 95
123 96
124 97
124 98
124 99
124 100
125 101
125 102
125 103
125 104
125 105
125 106
124 107
124 108
123 109
122 110
121 111
121 112
120 112
119 112
118 111
117 112
116 113
116 114
115 115
114 116
113 117
112 118
111 118
110 118
109 118
108 119
107 120
107 121
107 122
107 123
107 124
108 125
108 126
107 127
107 128
106 129
106 130
106 131
106 132
106 133
105 134
106 135
106 136
105 137
105 138
104 139
103 140
103 141
102 142
101 143
100 144
100 145
99 145
98 146
97 147
96 148
97 149
96 149
95 149
94 149
93 150
92 151
91 152
91 153
90 153
89 154
88 155
88 156
89 157
90 157
91 157
92 158
93 159
92 159
91 159
90 159
89 158
88 158
87 158
86 158
85 158
84 157
83 157
82 157
81 156
80 156
79 156
78 155
77 155
76 154
75 154
74 154
73 153
72 153
71 152
70 151
69 151
68 150
67 150
66 149
66 148
66 147
66 146
65 145
64 145
65 144
64 143
64 142
64 141
65 140
66 139
66 138
66 137
67 136
68 135
68 134
67 133
68 132
68 131
68 130
68 129
67 128
67 127
67 126
68 125
68 124
68 123
68 122
69 121
69 120
69 119
69 118
69 117
68 116
67 115
67 114
68 113
68 112
67 111
68 111
69 110
69 109
70 108
70 107
70 106
71 105
71 104
71 103
71 102
71 101
71 100
72 99
72 98
72 97
71 96
71 95
71 94
72 93
71 92
72 91
72 90
72 89
73 88
73 87
73 86
73 85
73 84
74 83
74 82
74 81
74 80
74 79
75 78
76 77
76 76
75 75
76 74
77 73
76 72
76 71
76 70
76 69
76 68
77 67
76 66
77 65
77 64
78 63
78 62
79 62
80 61
81 61
82 60
83 60
84 60
85 60
86 60
87 60
88 60
89 60
90 59
91 59
92 59
93 58
94 57
95 57
