248
92 66
93 65
94 65
95 65
96 65
97 65
98 65
99 65
100 65
101 65
102 65
103 66
104 66
105 67
106 68
107 68
108 68
109 68
110 69
110 70
109 71
108 72
107 72
106 72
105 72
104 72
103 72
102 72
101 72
100 72
99 72
98 71
97 72
96 73
95 74
94 75
94 76
94 77
94 78
94 79
94 80
94 81
93 82
93 83
93 84
94 85
95 86
96 87
96 88
97 89
98 88
99 88
100 87
101 87
102 87
103 87
104 87
105 87
106 87
107 87
108 87
109 87
110 88
110 89
110 90
110 91
110 92
111 93
111 94
112 95
113 95
114 96
115 97
116 98
117 99
118 100
118 101
119 102
119 103
119 104
119 105
118 106
117 106
116 107
115 108
115 109
114 109
113 110
113 111
112 112
112 113
111 114
111 115
110 116
109 117
109 118
108 119
107 120
106 121
105 121
104 122
104 123
103 123
102 124
101 125
100 126
99 127
98 128
97 129
96 130
95 131
95 132
94 133
93 134
93 135
92 136
91 137
91 138
90 139
90 140
89 141
89 142
90 143
89 144
88 145
87 146
88 147
89 148
90 148
90 149
89 150
89 151
89 152
89 153
89 154
89 155
89 156
89 157
89 158
88 158
87 158
86 158
85 158
84 157
83 157
82 157
81 156
80 156
79 156
78 155
77 155
76 154
75 154
74 154
73 153
72 153
71 152
70 151
69 151
68 150
67 150
66 149
66 148
66 147
67 146
67 145
67 144
68 143
68 142
68 141
68 140
68 139
68 138
69 137
69 136
69 135
69 134
69 133
69 132
69 131
69 130
70 129
71 128
71 127
71 126
72 125
72 124
72 123
72 122
73 121
73 120
74 119
74 118
75 117
75 116
75 115
75 114
74 113
74 112
74 111
75 110
75 109
75 108
76 108
77 107
77 106
77 105
77 104
78 103
78 102
78 101
78 100
78 99
78 98
79 97
79 96
80 95
80 94
80 93
80 92
81 91
81 90
82 89
82 88
82 87
82 86
83 85
83 84
83 83
83 82
83 81
83 80
84 79
84 78
84 77
84 76
84 75
85 74
85 73
85 72
85 71
86 70
86 69
87 68
88 67
89 66
90 66
91 66
