272
103 67
104 66
105 66
106 66
107 66
108 66
109 66
110 66
111 66
112 66
113 66
114 67
115 67
116 68
117 68
117 69
118 70
119 71
120 71
121 72
122 73
123 73
124 74
124 75
125 76
125 77
124 78
123 78
122 79
121 79
120 78
119 78
118 78
117 77
116 77
115 77
114 76
113 76
112 76
111 76
110 77
109 78
108 79
107 80
107 81
106 82
106 83
106 84
105 85
105 86
105 87
105 88
106 89
107 90
108 90
109 91
110 91
111 91
112 90
113 90
114 90
115 90
116 91
117 90
118 90
119 90
120 90
121 89
122 89
123 89
124 89
125 88
126 87
127 87
127 88
128 89
129 89
130 90
130 91
131 92
132 93
132 94
131 95
132 96
132 97
132 98
132 99
132 100
133 101
133 102
134 103
134 104
134 105
134 106
134 107
134 108
134 109
133 110
132 111
132 112
132 113
131 114
130 115
129 116
129 117
128 118
127 118
126 119
125 119
124 119
123 118
122 118
121 119
121 120
120 121
120 122
120 123
120 124
119 125
120 126
120 127
120 128
120 129
119 130
119 131
119 132
119 133
119 134
118 135
118 136
117 137
117 138
116 139
115 139
114 140
113 141
112 142
111 143
110 144
109 145
108 146
107 146
106 147
105 148
104 149
103 150
103 151
102 152
103 153
103 154
104 155
104 156
103 156
102 157
103 158
102 159
101 159
100 160
99 159
98 159
97 159
96 159
95 159
94 159
93 159
92 159
91 159
90 159
89 158
88 158
87 158
86 158
85 158
84 157
83 157
82 157
81 156
80 156
79 155
80 154
80 153
80 152
81 151
81 150
81 149
81 148
82 147
82 146
82 145
81 144
82 143
82 142
82 141
82 140
81 139
81 138
80 137
81 136
81 135
80 134
81 134
82 133
82 132
83 132
84 131
84 130
84 129
84 128
85 127
85 126
85 125
85 124
84 123
84 122
85 121
86 120
86 119
86 118
86 117
86 116
87 115
87 114
87 113
87 112
87 111
87 110
87 109
88 108
88 107
89 106
89 105
89 104
89 103
89 102
89 101
89 100
89 99
89 98
89 97
89 96
90 95
90 94
91 93
91 92
91 91
91 90
92 89
92 88
92 87
92 86
92 85
92 84
92 83
93 82
94 81
94 80
95 79
94 78
95 77
95 76
95 75
95 74
94 73
94 72
95 71
96 70
97 69
98 69
99 68
100 68
101 68
102 67
