279
99 59
100 58
101 58
102 59
103 58
104 58
105 59
106 59
107 59
108 60
109 60
110 61
111 62
112 62
112 63
112 64
112 65
112 66
111 67
111 68
110 68
109 68
108 67
107 67
106 66
105 66
104 65
103 65
102 64
101 65
100 65
99 65
98 66
97 67
96 68
95 69
94 70
94 71
93 72
93 73
93 74
93 75
92 76
92 77
93 78
94 79
95 80
96 80
97 81
98 80
99 79
100 79
101 79
102 79
103 78
104 78
105 78
106 78
107 78
108 78
109 77
110 77
111 78
112 78
113 79
114 79
114 80
115 81
116 81
117 81
117 82
117 83
116 84
116 85
116 86
116 87
116 88
116 89
115 90
115 91
115 92
115 93
115 94
115 95
114 96
114 97
114 98
114 99
113 100
113 101
112 102
112 103
112 104
111 105
111 106
110 107
109 108
110 109
109 109
108 110
107 110
106 110
105 110
104 110
103 109
102 108
101 109
100 110
100 111
100 112
100 113
99 114
99 115
99 116
99 117
98 118
97 119
97 120
96 121
95 122
95 123
94 124
93 125
92 126
91 126
90 127
90 128
89 129
89 130
89 131
90 132
90 133
90 134
89 135
88 135
87 136
87 137
86 138
86 139
86 140
86 141
86 142
86 143
86 144
85 144
84 145
84 146
83 147
83 148
84 149
85 150
86 150
86 151
85 152
84 153
84 154
84 155
84 156
84 157
83 157
82 157
81 156
80 156
79 156
78 155
77 155
76 154
75 154
74 154
73 153
72 153
71 152
70 151
69 151
68 150
67 150
66 149
65 148
64 148
63 147
62 146
61 145
61 144
62 143
62 142
63 141
63 140
64 139
64 138
65 138
66 137
66 136
67 135
67 134
66 133
67 132
67 131
67 130
67 129
67 128
68 127
68 126
69 125
69 124
69 123
69 122
69 121
69 120
69 119
69 118
69 117
69 116
69 115
69 114
70 113
70 112
71 111
71 110
71 109
71 108
71 107
71 106
71 105
71 104
71 103
71 102
72 101
72 100
73 100
74 99
74 98
75 97
75 96
76 95
76 94
76 93
77 92
77 91
77 90
77 89
77 88
77 87
77 86
77 85
77 84
77 83
77 82
78 81
78 80
79 80
80 79
80 78
81 77
81 76
82 75
82 74
82 73
82 72
82 71
82 70
83 69
84 68
85 67
85 66
85 65
86 64
87 63
88 62
88 61
89 60
90 60
91 59
92 59
93 59
94 59
95 59
96 59
97 59
98 59
