18769 22187
3425.91 -5372.04
703.391 705.148
-144.22 -709.893
-67.4848 -227.588
-253.545 -71.6906
109.277 8.79779
-98.8285 14.1741
-60.6075 29.8778
-31.6102 57.042
45.144 51.8647
-12.1721 -36.1948
24.4649 7.88068
-23.0328 12.8685
21.1451 -39.3431
-22.1511 -17.9368
-43.1806 7.74694
-22.177 1.79901
26.3168 23.4302
-14.4993 -11.8601
14.1222 -0.368995
14.2446 -10.6162
-6.84751 -22.3049
-1.29321 0.758511
-5.5367 -8.13755
-7.53553 -3.70711
1.86757 -5.2594
-17.3421 1.46846
13.5031 1.00017
-14.3139 10.2626
-2.38107 -1.75937
2.65864 3.54132
3.00846 10.651
-0.0362957 3.44149
11.4947 6.98678
2.40322 3.35664
11.9307 -4.39515
1.92411 2.81279
-8.43694 -3.18866
3.98782 0.662371
-6.59403 -0.401272
-0.839495 11.4431
11.9503 -3.21799
-1.67419 2.40666
-8.58461 24.4213
-1.04066 -2.78882
-2.09162 9.23251
0.298208 3.94446
0.175014 4.66215
-4.80307 0.63158
-4 4
-1.47268 -3.06038
-3.43915 -1.13583
-0.567789 5.48803
4.00838 5.69909
1.61455 -1.48871
0.452375 -0.323217
-3.82949 -2.32926
-3.38107 1.43923
3.01603 -3.18888
2.79856 -1.41254
7.90424 -7.97321
-2.7349 -0.188265
-0.438451 -6.8161
-2.71283 5.50877
2.69318 5.29335
-1.13258 1.87415
5.10214 1.61634
-2.57816 -0.51622
-2.18165 -1.88785
-5.18124 1.2528
3.75662 5.99093
3.31769 -5.80456
5.6052 1.9528
-4.64731 -2.677
5.3934 1.46447
-0.741567 1.30064
0.0262078 -3.36212
0.998263 1.09048
-1.14881 2.32965
-1.36713 -0.66183
-1.379 2.92917
-4.06301 3.61103
-1.70342 -3.53539
-7.83767 -1.71151
-4.17331 3.17973
-6.89435 0.831317
1.94181 -10.0906
0.427082 3.83218
1.42279 -5.64351
1.77895 -2.35808
-10.7615 -1.31924
5.23159 -0.60051
0.532954 -3.80456
-1.02876 4.1215
2.30753 -0.243977
-7.90594 -0.219656
-0.809537 -2.52108
-2.3591 4.51314
0.424948 -2.25116
3 -9
0.550949 4.7637
-4.77871 -0.752798
1.50921 2.30979
1.28641 6.44073
4.16532 -0.304332
-5.94328 7.33519
2.46247 2.64488
0.931798 2.71233
8.75079 -3.49228
1.88914 2.05054
2.47442 -0.157936
4.26271 -3.47645
9.61115 -0.00402784
-0.452408 -3.00317
-5.18935 11.4066
-6.80002 -3.49705
1.98457 0.684036
7.2181 9.61221
2.39878 -2.36496
-2.5427 7.22414
7.27588 -0.710787
0.0118576 -1.8846
0.743979 1.72544
-0.650901 -3.25761
-0.464466 -2.29289
-0.280266 1.57826
3.25651 -1.40456
-0.0526308 -4.11264
3.95755 2.10565
-7.90444 11.3345
-2.10187 -2.64816
-2.26153 0.241648
-0.0684186 8.40785
-3.28835 6.61703
-2.77102 5.38016
6.19655 2.80588
1.15696 2.4532
-0.736956 -3.13387
-5.18847 -8.18848
-4.36087 3.73877
1.17116 1.15977
0.774466 4.10321
1.45098 -0.810937
-2.73786 0.677128
7.49227 -1.28511
-1.02439 2.02063
3.92147 -3.81929
-1.51404 -3.0169
4.2862 -4.65698
0 -2
0.595106 -0.0767173
-2.83909 7.61703
6.99939 5.23766
-1.07298 -2.90439
-3.95216 0.0419224
-9.27815 3.2491
2.30405 3.04927
15.1655 -31.4573
11.6955 13.6549
-8.49614 -13.161
-0.186029 8.27658
-1.64644 -6.9977
-8.28074 8.90824
5.31846 11.559
-7.80457 -1.15612
-2.65228 0.227418
6.27569 11.3475
-0.236885 -0.276662
-3.59669 -10.5514
-10.0186 0.158885
-9.38901 3.04096
-4.85736 13.2086
3.04676 -8.48544
-7.8102 8.18059
26.6066 8.53553
8.46632 -5.36006
5.82195 -8.59369
4.9185 -9.1282
14.7908 -17.4809
4.44011 -12.9572
-35.1405 -30.5165
13.8037 21.7429
30.3641 -3.69328
-18.1474 -18.8603
30.2127 -25.2481
-11.674 8.94212
10.0922 -13.3888
-13.8581 13.2098
-14.3773 12.9306
10.6732 35.456
87.8281 5.1219
-33.6352 36.7515
48.6616 -87.7389
-46.8174 107.906
-14.2617 -170.516
-101.495 -13.064
-24.2045 255.188
419.453 530.401
2489.47 -133.402
