17012 18398
3223.89 -6241.3
982.726 601.106
-121.813 -680.455
-140.51 -410.924
-331.519 15.5656
142.611 70.6848
-105.981 -85.6124
-2.20331 50.3648
-65.4198 87.6951
85.1958 24.3066
15.3882 -34.3082
11.0351 -16.6955
1.57455 11.3913
8.30699 -30.4932
-37.2928 19.9075
-20.5779 -5.69732
-13.064 24.0077
1.03185 -7.07062
-20.5563 28.9222
-1.29267 4.2873
-8.04786 4.81724
1.11545 -10.8204
-0.256602 5.69458
8.79245 -9.56508
-3.17157 5.41421
9.23642 -2.22459
15.0753 -6.23152
-2.78632 0.650011
-10.7367 -2.90446
-0.996019 5.64051
-1.55987 -2.64913
-3.79025 3.96082
-6.03122 -6.1583
-4.7886 6.54701
3.33279 2.65243
-8.99724 -4.75856
5.21329 8.03045
8.45013 6.49737
1.91348 0.0196109
-4.70582 -0.669327
-2.30417 -2.84897
-3.82803 -1.12977
-3.44193 1.0793
2.62501 -2.06643
1.56535 1.53449
4.9446 1.42638
3.18834 -8.5236
-2.30814 -1.78534
0.338383 4.0253
2 0
-2.20184 0.0384524
-0.188409 -1.80874
-7.71987 13.1005
-2.92689 -3.38727
-0.985253 3.772
4.38726 4.53004
5.42562 4.33059
-4.13055 2.19997
-2.82583 4.81384
-1.87483 -3.5502
6.49092 -2.47094
-6.32575 0.831142
-2.81236 2.01549
2.74119 5.25724
1.17069 -1.36701
-7.55108 2.15547
0.689634 -2.67566
-0.04714 -1.21633
6.38636 -1.29407
-1.51056 9.76274
3.92242 -1.5031
1.19099 5.09297
7.74594 -5.24253
-2.12575 -2.61869
-13.0711 24.1421
-13.7762 -4.65966
2.59469 12.5705
1.90562 7.35394
0.380229 0.610038
-0.930909 -1.2797
5.21681 -0.900048
-3.5734 1.01072
-0.881932 -1.95332
-2.75555 0.457908
3.00437 1.62701
-0.126425 2.42629
-1.63667 5.26923
0.934046 2.87764
4.08209 -5.23498
7.14362 4.10985
4.33837 -5.56354
0.939891 -5.22015
2.92216 -2.81226
0.183288 -2.29747
-7.17942 5.54386
0.814568 -6.7348
0.469338 -3.85689
-1.24812 2.89389
-4.46975 -5.38968
-2 4
0.417222 0.833341
-2.73093 4.11681
5.72686 -3.51293
-0.118785 3.46494
-6.13221 11.0267
4.20944 0.233485
0.935 -2.95111
5.34919 0.478458
-0.521657 -1.50662
-1.80263 -0.519332
-1.37145 -2.43979
-2.90983 -0.55217
2.96041 7.86964
-7.23945 2.67627
-3.91154 2.94169
1.62045 -1.77824
3.94132 3.19077
2.47334 2.07762
-2.16524 1.05325
-2.83302 -5.81047
-1.88402 5.14749
3.74393 -2.49119
2.32254 3.99901
-4.27996 -1.6851
-8.82843 2.58579
6.05985 3.06062
14.1543 -25.484
9.74606 6.8908
0.00295085 2.00305
-6.70288 -4.135
-8.61975 2.94231
3.04465 -2.11958
0.805048 -6.96771
0.244278 -2.09326
2.56663 -1.3375
5.80192 -3.98338
-2.33288 0.774083
-0.42137 -4.98218
-1.0908 2.01561
-1.59731 -4.83177
1.47383 -3.64522
8.89196 8.09888
1.63502 5.68349
-5.67235 -1.56612
-7.85556 -2.12679
-0.906465 1.96464
-6.01555 3.45833
-6.5782 1.61194
4.67875 -5.81105
12 10
3.30773 -5.06124
2.74933 -4.12406
4.24285 -6.64156
7.15053 1.63675
-2.5468 -11.4247
-0.628284 -1.96681
-2.73205 -2.3635
1.64458 3.68639
-0.278982 -2.90551
-3.53025 4.7595
1.68305 1.7289
-5.25509 13.0742
-1.84418 9.62115
-5.47591 -2.70224
-3.32158 -1.91947
6.17823 -1.28526
-5.31979 3.86834
2.45652 -1.91847
-0.100705 4.71456
7.36348 5.71859
2.36532 26.0109
13.8947 -17.0032
-8.37157 16.0321
7.44316 9.18754
1.07107 -4.14214
12.6037 -17.7883
-3.64143 -5.3348
-0.929597 -9.82371
12.6278 -15.9071
6.76481 -14.9053
-11.1111 -4.82521
-19.0287 17.43
20.0758 11.1053
-22.5917 -19.9993
-4.91232 27.6595
34.7087 37.1685
30.9525 -6.75484
-23.4174 -10.4145
-4.00431 -3.99294
37.3092 65.1161
64.2408 -68.5827
-42.0457 21.275
-10.9958 -48.9729
-70.809 77.6741
38.0164 -242.055
-229.068 221.821
126.467 -7.17348
310.686 723.499
2911.9 -649.756
