19050 22377
3044.65 -5750.6
718.352 532.51
-431.225 -748.183
-184.684 -174.72
-177.749 151.636
35.3126 -34.9992
-62.017 70.581
26.7567 105.141
32.1488 -11.3857
-13.3484 -48.3288
-1.04746 18.6701
-10.5227 -34.732
9.68697 0.919924
-37.4472 -25.1475
11.4043 20.034
6.64074 -21.1354
-17.0576 20.3758
18.2553 -11.389
-13.8852 -21.5915
-13.7192 -8.20971
17.3859 -7.24427
-0.492939 1.12676
-5.4352 -6.65872
5.34696 8.7136
4.70711 -1.87868
-5.00725 -8.08902
-9.72541 0.883745
-1.26876 2.92878
0.132682 -3.4456
1.4573 7.18018
3.22202 2.37412
10.4369 5.61901
-6.78033 -0.776239
-9.04059 2.2415
1.58968 -15.5428
1.62256 6.29282
-1.55466 5.56768
5.05998 3.9936
6.74257 5.85925
-2.65688 0.531181
-20.8383 31.7949
-2.27987 -8.20924
5.43644 12.7329
9.46461 7.89803
0.29295 0.72234
6.7587 0.84862
3.39026 5.67092
3.64233 -1.14288
-5.0004 -3.75903
-1 4
-0.564611 2.51039
-5.92506 -0.682598
2.66743 -1.05742
7.04622 4.13
-4.33941 -2.11796
-6.18967 6.44463
-3.98881 3.54397
-1.38591 0.15774
-0.439027 2.85182
-0.925564 3.91605
-1.53549 -2.84885
5.3313 -3.35498
-0.895366 -0.496219
0.508907 0.996692
-1.36207 0.355489
2.08654 -1.86592
2.48685 -2.03281
2.06413 -0.493086
-0.796654 6.68233
2.63287 1.09033
1.05948 2.16561
-1.04403 0.0128371
-7.25515 -0.528543
-2.34461 -2.95131
-4.70711 -5.53553
-4.4911 -1.09087
1.54712 -4.16728
-6.41438 0.793093
-5.39823 2.4997
1.48131 -5.78444
9.69642 -16.5729
4.20722 8.58794
-2.31044 -4.37418
-2.56414 1.16602
-2.83382 1.55445
3.45674 -2.12858
0.510497 -0.962015
1.51553 3.01969
1.36514 1.84401
-0.0335874 -1.88601
-0.943775 2.98983
-1.19879 1.3343
-2.86319 -1.46932
-3.50867 3.71819
-2.88934 -3.06957
2.13621 -1.10881
-2.06508 1.59845
-1.13513 -0.254756
-1.16406 -0.769785
-4 5
0.58707 3.6969
1.03826 3.26139
-0.549688 2.54322
5.14508 1.86606
4.00631 1.04421
7.69014 -7.83044
0.0945126 4.52885
2.5193 -3.85063
-1.02472 -1.65261
-2.59403 3.70422
-2.91327 3.97539
0.546629 -2.84078
-0.424469 2.18583
-4.39703 2.53909
1.13693 -5.3903
0.231172 0.397633
3.35754 10.4958
-5.2034 3.55823
9.55995 -1.60705
0.754763 -4.15984
-10.2812 17.2647
-3.69048 -2.51228
4.68806 4.8412
4.7453 -1.793
3.29289 -6.12132
3.37293 4.14649
10.5133 -3.85935
-0.0543197 -0.795965
5.3892 4.86465
-3.69452 -0.812938
-0.980938 0.180245
0.769331 -1.54391
-7.49036 -0.671038
-5.86874 -2.71211
-0.380139 -0.671318
0.949767 9.87738
0.114855 -1.27189
-1.25975 -3.02501
3.33381 -0.413925
3.05018 1.73642
2.22118 -4.88376
-2.38563 6.01989
4.83787 -1.10553
3.15518 3.2751
2.11867 4.91534
-4.82327 1.70736
-2.48091 1.42711
1.40969 -2.19685
6.58296 4.90032
3 2
-4.80173 -1.95428
4.14818 0.394745
-2.86099 2.1195
-6.15672 6.13368
-0.236055 1.49726
-4.78865 -0.34091
0.860201 4.30501
-9.45893 -1.20121
-3.47205 -1.54246
0.420808 7.41309
23.3285 -24.7207
6.64538 10.5615
-8.78088 -8.1361
-7.63152 -6.91144
3.86008 0.847924
7.0265 -3.81178
-8.83685 -4.49688
4.78563 15.1424
-1.80505 -0.875505
-11.9235 2.02772
0.515035 5.06985
7.59562 -1.5488
3.95878 1.14944
4.9654 0.717874
-3.29289 1.53553
12.7055 -4.84679
-8.58218 -0.00752585
-0.495061 -2.36921
6.66405 -14.8627
-24.4054 -17.4428
13.1868 -3.12246
16.8429 -13.6585
-22.7085 10.0371
-9.66922 1.19615
43.6671 16.924
-15.1443 -53.8232
-6.0602 36.0255
26.8115 -22.1331
13.1178 -10.0871
-4.49614 -28.9747
33.6086 46.368
3.53702 -29.8283
21.4888 -19.3356
-120.077 82.8806
101.714 -100.739
-69.158 -27.9802
-141.269 177.174
374.568 469.7
2549.97 188.261
