20084 24466
2530.52 -5667.51
657.497 453.316
-454.573 -674.897
-184.537 -112.581
-59.1754 40.3771
-59.4147 -35.4166
-13.9663 48.2198
-31.0532 69.2145
22.9835 -28.2556
16.8386 -3.91367
4.29917 -32.0396
36.1678 -23.593
-32.1811 -4.45427
-25.526 2.67082
25.371 -24.1737
8.06651 12.8907
7.88187 -0.100097
20.3775 5.44712
-12.6147 -8.87214
-33.6402 18.7244
10.5088 2.20414
-6.09284 -3.98038
0.663707 -4.86106
10.9653 -4.2091
0.585786 -4.58579
-3.20178 -3.14137
-11.3443 19.4039
-14.1105 0.0559687
15.5004 12.4366
-1.0326 7.344
6.37465 1.74305
-5.82747 -11.1972
0.559698 5.74867
-0.855873 -5.1341
-6.75975 5.77206
-1.60766 -4.21303
-6.99816 3.40745
-0.785564 8.57018
-0.0609651 -11.1918
-6.10221 0.135796
-6.78729 -7.12756
-2.46952 1.30885
6.50841 0.111753
-5.18106 -3.45175
-2.43019 4.58433
-7.58488 -0.0895287
-2.97721 11.7215
1.58755 1.36732
2.11179 2.22207
0 0
-0.818823 -2.83521
-4.5383 0.619671
6.87463 -11.5736
1.65987 -3.38876
-3.65845 -7.75923
3.75096 -2.55433
4.83441 4.2765
-0.30934 1.957
3.7108 -3.32347
-1.58727 -0.495367
-1.70112 -5.92068
-2.50808 2.10996
-0.617581 -2.61018
0.160238 2.93459
1.17763 10.3599
3.18532 3.01848
-0.40479 -0.699774
0.248361 -3.37556
-0.811896 3.26387
5.12277 2.3642
3.04283 -7.79872
-2.6709 6.06908
4.40708 -3.32973
1.03818 -0.786494
-3.65685 7.79899
1.83798 2.09112
2.75364 -0.664653
5.97174 3.79885
-3.5975 4.12846
-6.8841 4.57862
2.28303 9.84796
-1.62203 2.85642
4.54048 -5.2362
-1.37009 7.19036
-0.548301 -0.267331
4.78643 -2.40031
-4.88879 -0.491871
4.82413 -2.07338
-2.13357 -3.33919
0.723673 -0.558469
0.443898 -1.62257
4.42123 0.978572
1.0071 -2.02659
0.198929 0.878049
2.67084 5.45804
-3.68262 0.0301364
-3.09676 11.1975
-3.62489 4.67772
1.02051 0.982823
6 0
2.60997 2.63257
-0.535125 -1.93588
-0.912703 -2.8571
-3.20053 2.83856
1.47072 -0.209332
1.83624 2.54414
-3.9088 -3.24759
-4.52994 -2.56964
3.8685 3.77175
-2.81854 -1.62959
-0.914217 -2.64986
-1.53973 -5.52434
4.40128 -7.4752
-1.62454 3.98828
-2.71314 -5.87442
2.31371 1.77808
-0.109475 1.23009
-0.486058 3.41696
-2.53401 -1.36047
1.79393 4.12959
-6.90344 4.00907
-1.20129 3.83199
3.13927 -7.40381
10.5627 7.47723
3.41421 -7.41421
-8.73907 0.412432
-3.84413 -4.62738
-3.98138 0.101744
-1.58156 6.48901
-1.00364 5.90154
-6.06772 4.97126
-0.335366 0.404542
6.18554 7.17339
-3.83915 3.9693
2.10193 0.34497
1.60364 1.30609
1.18121 0.746017
-6.77876 -0.0597886
-0.179599 1.51452
7.85778 1.02323
-0.35319 5.03466
-4.94869 -0.433296
-2.87558 -4.73388
-0.736931 -5.56639
-6.58653 1.9004
-1.22998 2.17342
7.10027 -3.2111
0.801949 -3.56513
-6.55141 26.9242
-2 -6
-1.37217 2.28777
13.2742 4.13245
-0.0534993 2.74171
4.46495 -0.816296
-5.18711 0.236278
-1.74454 -4.14412
0.871466 -2.7437
5.35497 11.1862
2.99256 -13.247
12.1924 -4.844
3.16426 -2.94059
1.3931 3.72931
5.45628 -5.84389
0.164304 -2.10395
-3.68677 -5.20879
1.68044 6.20413
4.76104 1.65876
3.55621 -5.20601
2.25956 3.26871
-1.55867 -1.4294
-1.80154 9.47125
-1.08346 -2.38052
-8.80219 -4.89144
11.5402 -9.25786
7.65685 -31.799
7.01095 8.52789
-12.4771 -21.7752
-7.40086 3.45164
29.4716 5.56848
6.36969 -9.25227
-4.1823 0.269962
0.86732 15.2854
-39.0552 15.9939
-10.8473 5.71169
25.7788 10.4637
12.4287 -22.7029
-12.9827 -30.3401
15.7698 22.1383
-22.2641 -43.2692
-4.27163 -2.07862
17.9396 2.36163
23.7403 -23.7939
33.9409 -25.7623
-86.9023 65.3403
24.1747 -80.004
111.75 -115.757
-263.723 74.2622
443.4 473.4
2190.85 135.863
