20742 23582
3761.51 -5239.09
51.8899 625.393
29.3201 -891.875
-184.037 -166.944
-124.894 -100.79
109.438 -4.2525
-81.7779 -12.7141
-76.6478 15.4926
17.3551 47.3822
32.6476 0.242632
39.4032 18.5269
-31.5691 -8.28315
-1.94932 -30.965
-23.9431 -50.5474
-4.66109 -56.5365
-5.22475 2.13647
8.28141 -0.950612
-11.7163 -7.58898
-20.0471 21.7665
16.6103 12.9318
9.18085 0.880616
-2.89928 6.73856
9.65263 12.3615
4.95329 -2.10124
8.36396 -4.53553
-0.285735 2.61678
2.75728 1.08884
7.00886 -1.88551
-4.80492 5.46636
1.45965 4.32803
2.53304 -5.31699
-8.93273 -3.36601
-7.37731 5.33456
-1.19721 -7.54887
-13.453 4.79594
-4.14053 -8.09061
-6.42936 8.38783
4.09171 3.16122
13.6468 -10.0981
4.89149 9.21586
-25.9047 23.4221
10.3935 -3.10978
-3.76283 7.95557
3.04689 -9.18706
-0.0201218 1.75536
-3.98728 4.64623
4.90542 -7.09614
-0.470351 0.375549
4.79411 4.3007
1 5
-8.23534 1.37647
-0.019037 -4.49988
-3.47358 6.62823
4.3456 3.02083
-2.21749 1.50346
3.78557 -0.860047
0.156737 -1.64534
-1.50918 -2.11321
1.56754 -4.37838
0.116226 3.87244
-2.15265 -2.75606
-1.06526 -1.75225
1.01038 -0.0377292
-0.234923 3.24416
-4.31489 5.73828
6.97961 7.8934
3.20458 3.21978
-1.5 -0.779778
-6.08109 -6.08029
-4.69572 -1.2723
-2.96434 0.805
-2.21747 0.974378
0.995626 3.11613
-5.29162 3.83703
-0.464466 -1.12132
0.743243 -1.56971
1.95422 0.818513
-3.83535 -4.29521
-9.29238 0.256543
0.304282 0.21296
15.8456 -14.8007
-0.0540398 4.69968
-0.50688 -2.11027
-3.5186 0.715008
-3.38427 -0.737757
0.935737 1.98636
-8.5943 0.183548
-1.19498 0.386357
-6.75758 -2.03257
2.76881 -3.00656
-0.989863 2.63708
0.603812 4.65416
-1.39377 -1.51656
-1.12874 -0.186449
-6.5842 0.69664
-4.12705 -3.76992
-2.48343 -0.703132
2.07007 2.51254
-8.15225 8.56168
-2 4
7.94871 3.107
1.40529 1.26634
-0.820019 0.334847
-1.34841 -6.97453
6.4191 -0.548528
2.27304 1.63693
0.811485 4.34302
-0.559056 7.57101
7.47249 3.63551
-0.108509 1.68811
9.57292 -3.28688
3.50509 -0.492828
4.04875 -3.86942
-0.0155421 -0.735382
-4.1752 -0.26365
-0.762738 -3.27626
2.50696 6.58788
-0.960453 7.05869
5.51963 -2.31632
6.45965 -0.685096
-7.69142 18.9843
-0.428815 -3.46531
0.985006 0.546266
4.82569 0.779207
-4.36396 2.53553
1.39963 -5.11539
0.626026 3.08611
-4.12856 2.92146
2.28783 -1.53636
2.94471 3.26388
4.52289 -4.20072
4.34619 0.882205
-0.583073 4.95695
-4.89254 10.0327
2.3156 3.89279
4.22898 0.129105
1.68717 0.28647
-2.03437 -2.18291
0.980562 0.538398
2.46737 2.41936
0.195892 -1.92809
-2.70897 5.89616
2.60551 -3.34507
-1.74541 -4.93599
0.717623 0.861551
-3.02695 0.839105
5.95325 -4.3815
1.08496 -6.88579
3.08598 -0.503602
7 1
-7.15516 13.4312
-7.9906 -0.953242
1.24719 3.02981
-3.61751 8.08403
3.66105 -3.22584
-10.4078 1.63842
1.12093 -15.5805
-2.13954 -4.74513
-16.0072 5.67816
6.34458 -0.743729
27.3998 -26.4709
-6.49669 1.10666
21.644 -4.60832
-7.47076 1.87659
-0.370957 3.34573
8.26605 -4.37395
-5.41393 4.61563
5.71023 4.11101
4.31245 -2.05553
5.63888 -10.4999
5.61464 3.89837
5.51462 2.39392
4.8001 -0.134716
-10.9504 -17.6369
-7.53553 3.12132
-5.47523 12.9369
-10.002 -11.2896
-20.2042 4.25682
-5.88498 12.0379
12.8061 6.77642
-12.0486 -0.512856
1.32222 13.0989
11.8133 18.3597
-6.7219 -19.8049
-38.1528 -17.6249
29.1975 -26.1931
36.3068 -22.0743
10.884 -21.3638
7.07334 1.13021
1.34458 19.2562
52.4092 -53.5269
69.277 -39.4493
-71.225 -39.9825
8.07462 70.0616
-166.886 -82.8628
-149.074 -67.7445
35.0992 266.953
522.306 335.999
2612.24 -384.242
