18232 20705
3376.13 -6035.29
720.036 482.139
-317.373 -726.275
-156.436 -91.3355
-321.925 -17.8638
56.4317 11.4586
-18.9098 32.44
4.66504 64.9509
-10.7598 77.5783
85.855 -9.04358
-28.7845 -43.7249
20.3547 -29.1773
-27.3124 27.5938
-16.3418 -3.33599
-2.96445 -2.08871
-20.6582 9.24657
4.64131 -0.647649
24.5573 -21.5317
-7.83544 25.7111
-12.4671 1.56076
14.4105 -11.87
-13.1049 -15.1798
-12.114 6.91824
9.24028 -8.71354
-1.82843 6.24264
3.44336 3.83171
4.68827 4.41456
-12.3684 2.01723
-6.75884 -4.6444
-16.8864 -2.14912
-1.48232 -1.64596
3.73106 10.6844
-8.42672 -5.19104
-2.70292 10.0729
10.6934 -8.83602
-6.89573 0.473839
0.936192 -0.124554
-4.36687 1.43936
0.645687 -6.28815
-8.95907 -7.37097
0.744745 -7.21518
1.13431 5.36796
-0.138943 -6.71403
0.62036 -1.36334
0.809324 -2.80178
2.28022 2.62442
3.51161 -0.937949
-9.90465 2.03978
-0.61896 1.74888
4 1
6.3995 -10.6361
-5.9287 -2.84621
1.57549 -1.53226
4.27747 -10.3019
1.50335 2.90035
0.415488 -0.187404
-2.92125 5.47414
1.56341 5.89405
-5.89901 6.42548
-7.01114 -2.47251
0.663782 -2.69445
5.33975 -2.75695
1.24916 13.6077
8.09053 2.67388
2.94517 4.09059
6.84781 1.30951
-3.41016 14.5678
-14.735 25.5645
1.24769 -2.0056
-0.877486 13.2393
6.69056 -2.23922
0.202933 -2.44232
-6.41102 0.198007
-1.74365 5.96133
1.82843 -5.07107
-0.054291 4.60466
-4.29676 0.311987
1.5781 5.49436
7.07741 -0.654431
1.69775 -0.835372
-1.44409 6.73283
2.34538 1.03916
1.43071 3.25834
2.79587 3.65026
-5.03918 2.76473
1.43406 -3.57414
6.23197 0.0754932
7.6214 -0.013687
3.20945 -2.413
-2.60577 0.189474
-3.76309 0.151211
-2.44131 -2.7966
0.539238 -4.12092
4.02663 -5.30897
5.80132 4.58616
-5.07836 1.17738
0.810521 4.34214
1.95537 -1.17195
5.48202 3.53479
-4 -3
2.85554 -1.77627
-1.96163 -1.90341
1.84484 6.27007
-2.6231 -1.06915
-1.34087 -3.99857
-8.83443 -1.57194
-1.65292 -1.20651
-0.488092 -1.38299
3.50076 1.591
-0.293141 1.77127
7.65063 3.69601
-7.78148 -4.27158
-4.26876 -2.44467
-0.798406 1.97176
4.54139 -9.97077
-4.62058 -0.580245
-3.34623 9.18161
-6.6025 7.57148
0.545822 -2.64392
-5.46168 8.39768
0.323256 0.908763
1.57274 2.75864
4.07483 4.6247
-5.23647 -2.1606
3.82843 -2.24264
1.13459 3.61746
2.87422 1.33939
1.54654 0.0847553
3.36191 1.72607
-3.61692 -2.16276
1.39062 1.27064
-7.27269 -3.36108
-10.8357 17.6364
15.3617 -25.934
14.1329 -7.18965
-8.64641 1.65507
-1.45473 -4.43579
-19.1876 6.39411
3.08394 1.86162
8.48328 -9.90945
0.889303 6.55503
-1.01189 15.4845
7.71254 -1.19604
-6.2801 0.258862
-1.7762 0.303516
-2.46735 0.693361
-0.812813 -0.544649
2.84052 -13.1265
1.62874 -6.24178
0 9
2.24599 -8.59035
-7.57026 -4.64369
9.20344 2.62078
-1.76911 0.413054
-12.9479 0.771372
2.01972 3.19898
-3.06581 -5.8647
4.7543 1.9235
6.31913 -4.33435
0.723005 -5.19134
4.72516 -4.89745
5.47326 -4.3741
-5.58484 -3.42105
10.3766 1.5729
-7.37898 -1.06968
6.84464 -2.2442
-14.9518 -1.91747
12.6256 9.0396
-0.598286 -2.20235
6.3677 0.0168648
8.52233 2.41337
12.0673 13.2012
6.71819 -3.7584
0.837494 -0.223062
-3.82843 9.07107
11.9038 -3.68448
1.0798 -21.9177
-13.8679 -21.9
2.80698 24.0751
4.99495 -16.1788
-6.6544 7.95974
-10.3808 29.6361
6.57665 8.07451
14.8164 -54.6196
11.706 14.575
-2.13818 45.0501
45.1288 -35.8708
-39.0445 1.90765
8.73738 -9.3248
-21.9429 -1.86144
60.8074 33.4436
-26.3165 27.8342
4.12551 -64.8366
-80.4195 62.6533
81.24 -224.173
-135.553 71.9391
17.1177 233.289
314.47 696.513
2567.72 100.667
