19295 22249
1830.38 -6561.89
817.674 95.8655
-878.145 -182.857
-147.838 190.899
45.0099 236.534
-56.3993 -106.3
92.494 21.0847
26.2305 -87.9086
-42.7041 -24.6218
-19.7737 29.4694
21.2398 2.45613
-25.7773 8.24145
-9.65784 -50.9379
10.5166 -21.7524
-33.1018 -12.6101
11.4525 15.0428
14.2962 -20.3169
8.83859 27.1176
39.4821 15.3054
1.69807 -19.0147
-14.7579 23.5607
-16.6565 -8.7332
-0.853556 14.2793
10.0498 -2.85888
-2.29289 4.94975
-1.55303 0.27085
-10.4503 4.71223
2.11612 3.93337
-5.04556 -13.3656
-8.50075 -12.3023
-11.7678 2.34825
5.24413 0.761337
-3.71099 2.6962
0.366159 1.06637
-14.0123 0.63278
5.6374 -5.06106
4.80423 1.45637
-0.420267 -4.10312
-7.167 -9.06992
-5.78022 1.18239
6.75333 -1.47719
-13.8212 4.43643
-1.22163 6.88795
2.40781 8.68901
1.02672 7.61052
-1.99456 7.59095
-3.99371 0.25696
1.14094 5.78594
-5.08118 3.31201
0 -2
-1.84175 1.11666
-1.10275 6.33857
-1.69208 3.21893
0.357656 1.38444
0.0315738 1.16951
-10.4817 3.47958
0.0407057 -8.40095
2.86403 2.31882
-0.0359935 -0.866526
2.94923 5.46126
6.0464 -4.58235
1.01736 -3.02016
-2.59532 6.38246
11.181 -1.20217
-5.86523 -2.75862
-0.941632 28.4056
-4.60809 -1.0698
10.2749 6.07213
4.46944 6.86273
-2.85993 -3.28127
-4.71225 20.6371
-5.37597 -4.86306
4.81816 -0.166385
-0.98554 -2.80061
1.70711 -0.949747
-1.95564 -8.38341
5.71858 -2.96486
-1.55325 3.51733
0.733052 -2.96525
-1.3363 3.50531
-1.51628 -5.04543
3.86289 0.870804
-0.317259 -2.74479
0.913125 1.72689
0.134262 -3.50431
-1.48896 -4.96149
0.657149 0.771586
-1.57045 -0.677072
-0.405365 -0.439507
4.12122 -0.580875
1.30731 -5.22831
-0.491738 -4.44182
2.24542 1.06213
6.50793 8.75911
-3.21245 -0.337652
4.1221 3.44342
-5.13157 -0.0682243
4.785 5.18799
-6.06362 1.87227
-1 3
10.1948 -4.80106
0.675999 11.7973
2.79807 -1.57291
-4.45964 8.78682
2.29563 1.97664
-13.7441 1.16071
6.16588 -7.01826
4.67811 2.80802
-3.41453 -4.62344
-2.14903 0.976367
1.11238 1.77658
6.98197 -6.68156
-0.509489 -2.33593
5.34451 0.34459
-6.06765 -2.34399
-5.45739 0.127092
2.66397 -3.66285
2.57122 2.2143
0.703942 -4.74974
2.19041 0.876655
9.45014 -5.49334
-0.999508 1.55689
-4.39575 -6.2413
-2.58053 -1.87494
-3.70711 -4.94975
2.14177 7.34658
1.06204 3.60794
5.06352 -2.51479
3.84497 -3.28678
3.38123 1.72728
2.45141 -10.4584
3.79155 0.159694
-10.1487 -5.43324
-7.53122 -2.28977
5.78165 4.54427
6.34387 -35.8873
5.3655 1.9003
-14.5098 -2.45848
-1.94527 4.62953
-1.85906 0.864979
8.06752 6.81407
2.52914 2.72654
-1.68799 -8.37352
-1.41479 -1.41627
6.09736 -0.652411
2.12692 5.85295
-1.59076 -3.96796
11.3872 2.61173
2.42041 -1.32364
-2 -2
0.4401 1.26574
5.96965 10.719
2.19598 5.71348
4.61478 4.34052
5.84763 7.72622
-3.26409 4.12015
-2.36385 -1.39727
6.67225 -2.28675
3.27119 -3.89786
-0.0738814 5.43564
14.6843 1.32688
4.11711 -6.69823
-1.43723 -4.3193
5.52595 5.51034
-7.10839 -14.2694
2.5503 -5.90544
6.01047 -10.6772
-2.71231 11.0797
11.4876 0.418611
12.2712 -8.61583
10.6762 -0.807777
-8.61907 -7.42817
21.5296 6.2064
3.04494 -24.4545
0.292893 8.94975
-8.18907 -12.6812
-8.45165 5.53442
0.861938 30.5159
32.3334 -10.2584
-11.7882 9.68849
-2.60381 8.30606
6.26232 -6.72838
-33.6106 -24.0127
-9.33349 10.3752
-35.5902 -64.9367
33.6008 38.8655
16.6524 -9.21073
32.7349 -7.73768
15.4169 -22.8471
35.5097 -43.3928
-45.0768 -32.7869
-65.2424 -72.7829
46.8184 107.986
-42.5014 -131.22
222.733 53.219
52.6194 -6.31047
-166.52 -46.8899
-378.803 680.199
2253.93 1323.76
