19143 20060
3495.25 -6355.47
531.893 593.788
-38.8132 -830.947
-0.86689 -138.925
-358.132 -184.256
23.4008 73.1427
-33.6217 -22.1308
-89.1751 37.2176
-45.015 65.3129
2.14828 73.3673
-3.50851 -13.8621
-9.60417 -1.46547
-10.074 -13.2793
44.4308 -5.24789
-2.67211 -23.3877
-9.85094 -19.7292
-3.94829 -0.766295
5.61542 18.7379
-5.26614 -22.8736
-24.8066 14.0805
-11.7313 7.32188
4.13349 -7.4661
-10.2953 -3.34051
10.1382 11.7659
0.585786 -14.0711
-3.39573 -12.5536
12.4645 -12.0574
4.18531 14.4528
1.80132 -0.445346
-7.99657 1.72216
-6.87153 -14.3289
-6.51312 0.229164
6.21565 7.56562
-7.8497 -1.77923
-5.59074 2.93264
-4.34316 -2.89846
5.51813 2.90937
-0.663234 4.33976
-8.23403 -3.01441
2.71685 2.70817
-5.65915 -2.39984
-7.50629 -4.57896
0.642072 7.41398
-3.83953 -1.69861
0.705455 -1.69812
-2.6947 2.63636
3.83028 -6.38865
0.727527 -1.2691
3.77956 2.18463
-7 10
0.118362 7.04904
2.15345 2.71922
2.66911 -1.93451
-7.83562 -1.44277
5.44995 0.261326
-1.66883 -1.68051
11.4451 2.91633
1.79952 -2.59529
-0.567699 0.695378
3.635 -0.535106
5.48817 -0.830401
-7.17045 -6.92593
5.95508 3.38855
-1.2883 1.99299
8.2403 5.59268
9.87347 -16.8634
-6.62782 15.5098
-14.1225 17.2975
-0.599904 -1.56417
-6.78051 8.60407
6.76759 3.6813
8.34924 4.04896
0.106958 -5.80267
4.11561 2.93361
-3.17157 -2.51472
-3.60248 -0.565418
-6.11579 2.20783
1.10909 -1.6149
2.08331 -0.401941
-4.41106 1.41643
-4.90411 1.08528
-0.294708 4.25467
-4.97131 1.66034
4.4913 -3.86312
-1.91545 3.15483
6.32833 8.64117
6.4692 -0.963459
-4.04631 6.71673
2.28706 -2.32712
3.32385 -5.02789
0.963837 -2.50065
-3.78665 0.83904
-7.94007 -1.383
-0.742858 -0.35589
-0.256294 -2.17137
-1.74488 3.66677
-1.11927 0.462255
0.990315 5.27928
4.83407 1.72979
-3 -2
4.20913 -4.1752
7.64406 2.44735
-1.34679 2.49256
-2.98579 -1.17702
0.204119 -2.79218
-0.853941 1.99634
1.61341 -1.78467
6.87209 -1.32042
-0.489199 2.65995
1.72621 -3.47542
-0.239482 2.62912
1.05482 5.53842
-0.174841 5.47979
1.46189 6.85064
-0.870529 -0.882382
-0.581125 0.117196
-0.0231225 -1.35338
5.64162 -7.09189
-3.37023 2.76266
1.46679 6.67374
1.75668 -0.481103
-1.75497 6.32768
1.73148 4.7546
10.742 9.06073
3.41421 0.0710678
3.69035 -2.78583
-2.92004 -4.32993
-4.12987 5.59059
4.37909 -0.587496
-2.68712 -5.6656
2.4755 -3.16969
-10.6362 4.16812
-6.94466 8.44601
10.7258 -30.8544
11.1597 0.849028
-1.74808 -2.29789
-4.59335 -11.3181
-3.34285 -3.4829
0.290411 -3.65304
-6.21859 6.86134
-7.19282 -5.54721
-3.2353 2.39701
-5.13352 3.79345
-3.16669 8.76588
0.809598 5.12327
-4.08762 -0.684495
2.57784 -7.50792
5.14565 2.97122
-6.40552 8.7467
3 0
-3.76177 7.54671
-2.16543 1.99237
-4.89663 -2.57418
-1.75545 4.33393
3.46689 4.26181
-0.872554 -0.188265
3.72543 1.06695
1.69483 -2.5327
-6.84502 0.553305
12.2274 -5.79834
-4.42971 -2.69234
5.80464 8.98949
0.917541 7.58872
-2.34069 -1.95882
-0.848438 -6.2667
-2.63776 12.4755
4.70735 -10.1656
-4.165 5.4886
2.63416 4.51442
-0.785011 -17.6738
5.4522 3.59477
2.76915 -1.99626
-13.7145 6.23514
-2.37021 -4.36486
-8.82843 -19.4853
0.473717 1.63203
-14.1858 -2.29191
19.2221 5.87914
13.7221 -17.7268
-4.60985 -23.4067
-12.6265 12.9107
13.4932 3.83087
-8.24057 -22.144
-22.2568 25.4298
-13.0631 15.1422
44.5545 -9.73966
-14.1862 -32.1366
8.20422 11.8834
29.2388 -44.3384
55.0509 -1.85082
38.7168 -53.1139
-45.8385 41.0779
-47.2287 -33.4342
85.5105 87.9071
-158.687 -259.863
-29.9673 246.37
99.5063 182.966
385.058 455.772
3008.49 -1138.3
