18354 21031
3101.49 -5808.87
841.835 453.089
-334.807 -710.505
-22.0538 -227.596
-284.59 -35.9472
52.4056 -10.5398
-89.9927 5.39937
-76.5042 77.5335
23.1544 97.0396
35.2559 -28.2594
-30.9853 41.3931
6.22807 -22.5414
-29.9215 17.0334
9.62383 -40.8113
1.37317 -35.4861
-4.27645 30.743
19.3796 -2.69107
-43.5786 -9.11043
8.23818 25.4327
4.67525 -19.6779
5.72345 -13.362
5.78346 -4.16107
9.88605 8.50013
-4.59016 -2.2236
2.70711 -17.435
10.6465 5.92641
-2.21702 -11.4532
-4.41721 6.09074
4.11551 -5.67489
-0.21714 7.15574
5.654 -1.99855
-3.56083 -2.42194
-7.49667 14.1811
7.46181 -2.10003
-15.0377 -4.09254
0.683113 7.55626
1.94936 6.1608
1.72149 3.79501
3.72863 -7.18819
-2.5744 -0.882898
3.07953 10.3316
-1.63276 -9.69967
1.69692 2.94448
-1.89568 -9.87875
7.43521 4.14213
4.93335 4.93184
-8.56865 6.51805
-0.682841 7.9644
10.3997 10.0038
-7 2
-28.7362 6.12767
-2.03275 -5.9847
-0.724021 11.6713
-1.78901 1.54506
3.57145 2.9599
-2.32736 6.57475
1.21929 0.1904
-0.642498 2.43511
3.45604 -2.48631
-6.50619 1.88175
0.586654 1.97691
-5.7488 -0.702598
2.00654 -5.80127
-8.51268 0.535401
-1.67909 6.35997
-0.754115 -6.02445
0.167154 4.22792
3.94506 -0.838141
-4.04128 -0.413818
5.10568 2.28195
1.14939 0.24581
2.81632 -0.918248
2.23034 1.25706
-3.46593 5.93364
0.606602 1.53553
1.67982 -2.08666
-4.2347 -1.20845
-1.63644 -3.57047
-5.36671 -2.26042
-1.9054 2.49942
-3.74138 1.46598
-0.875775 1.45526
2.60567 -0.563729
3.25574 2.88258
-1.16485 -2.59094
0.341651 2.12664
-0.00562394 -0.199308
0.36214 0.304862
-1.08432 -5.14302
2.57693 4.69708
1.10277 -3.43227
3.88571 3.02277
-3.7909 2.79623
-0.673911 2.89814
1.65063 -0.753595
-1.09094 1.4709
1.85867 -3.75243
1.05116 0.0888187
-0.894138 -8.15267
4 7
15.6626 14.9818
-1.93972 -1.92486
9.40066 -5.25021
0.829661 -4.26089
1.48704 -6.22998
1.1939 8.77425
-4.83787 -6.22265
-2.14242 5.00564
-6.66636 5.03568
-2.63151 4.45829
0.0293105 -4.20347
3.50134 1.36329
0.452456 -4.15389
3.89116 4.63049
0.287196 -1.28708
-0.247287 -2.33092
-0.978919 -1.83374
0.345702 5.53288
-5.2633 -0.408764
3.52343 -1.02729
4.26629 0.693007
4.99828 -1.16342
-3.93956 -5.66734
3.81861 -3.7883
1.29289 9.43503
3.60086 5.71877
-1.28308 2.10501
-1.35932 -0.206876
-1.14533 -1.23947
-4.87148 -0.735034
-0.95518 5.01266
2.62883 -10.4645
-2.98754 0.868259
1.1162 -1.502
-1.34399 4.17063
5.71356 0.490714
1.02661 3.00262
3.14494 -0.974253
-0.276024 4.07067
4.17995 0.534662
0.798418 1.33526
6.38094 -0.739784
-2.18579 -1.58059
10.216 -0.422944
-2.60791 -0.325605
-7.73341 4.65621
-0.75263 -4.68248
-5.94017 8.10281
-8.16134 11.5574
1 -4
-1.93685 -26.736
13.3177 2.76795
-11.4631 -2.74948
-0.386964 1.74409
-10.5799 6.97367
-5.13596 -2.55416
-2.72924 -0.700073
-1.46636 10.4376
5.81262 0.832797
1.95637 -6.58924
-2.20198 0.702758
-4.61086 -8.87087
4.51327 7.46197
5.27913 3.41696
-3.18153 -2.11006
7.37968 9.27299
-5.59895 -4.6822
-5.01103 23.2141
12.2092 -1.41112
-10.9613 -2.70266
6.15114 -9.63184
2.90921 1.2627
1.99382 3.23914
3.7255 -18.7061
-20.6066 -5.53553
10.3381 12.518
-7.39633 -14.1835
-15.5649 15.4556
-19.5475 -18.3119
8.65099 -4.73851
26.1365 -17.2102
-15.8081 -7.61967
5.97104 46.9532
20.7823 -35.8762
-39.699 4.70171
12.1467 13.5371
27.415 -19.3058
14.3784 5.05726
39.3851 -0.486256
-28.257 25.104
83.7356 -3.43888
-39.9613 -44.1501
58.2851 -4.62176
-122.123 70.2172
80.0792 -108.485
-144.826 10.6662
-16.6413 314.186
506.704 334.019
2625.43 -463.063
