18276 21259
2079.13 -6151.42
781.373 156.146
-729.955 -307.692
-153.452 40.6979
12.193 186.015
-29.5465 -61.2632
54.6337 71.9362
78.3081 -59.6565
11.5811 -12.6897
-65.8824 -14.0872
17.5362 -53.5807
-35.6618 45.1022
54.5411 -21.9677
2.77932 -6.85437
-18.2624 -24.9274
-20.09 6.25603
-10.8728 -15.5137
7.61728 21.9163
-3.89007 1.64676
19.7996 -21.9302
9.38224 -8.02577
-5.38377 -0.549431
-12.2507 7.46766
-0.535693 8.62495
4.94975 12.9497
-5.35378 -1.71777
1.29846 -9.52328
-0.133303 10.5331
-3.28049 -5.11829
-3.22584 4.06089
-6.5792 -6.3928
-0.650718 14.3415
-6.58379 7.98393
7.43937 -1.75179
-3.78611 0.724633
-2.41974 -1.2064
-2.60208 -0.90768
-7.39877 -2.94548
1.81175 8.03975
-7.17702 -7.79506
2.06847 2.31371
-8.24685 5.7362
18.0944 7.79457
0.681736 -7.13978
-9.24978 23.231
-0.848799 4.1914
10.3859 6.69703
5.99149 4.85257
-7.40307 0.226455
-3 6
-2.82058 -1.44595
-10.2548 2.97201
3.79753 -3.42592
3.13085 -5.35978
-6.68438 3.03208
0.0872831 2.74427
-0.0623374 1.85188
-0.12348 2.25222
0.090543 -0.278732
-0.97023 -0.837656
-1.21273 -1.04877
-5.67773 0.65374
-1.44407 -3.97868
-0.989725 1.50908
4.22521 1.39708
3.22565 -3.52397
-7.44219 1.12146
-2.18771 -0.671368
4.33784 -4.69497
-0.6627 -1.40842
-4.33023 2.47354
4.35058 0.184296
1.73348 4.74684
-6.70256 3.35055
0.949747 -0.464466
4.0565 -2.73138
-1.16644 -1.8928
-2.65367 7.41031
2.13494 0.142391
-0.0762313 1.5418
-2.01715 -0.847925
2.20774 3.57456
1.09183 -0.688042
4.0877 -1.43482
-0.324992 -3.93191
-3.28733 -3.4295
-4.04966 -0.685042
4.91751 -3.50881
12.454 -6.55519
-1.42256 4.37895
0.987112 -8.11803
-2.77772 -1.59539
-1.32379 -2.45064
3.23954 1.39983
9.51501 1.77772
3.21924 -5.37873
4.85367 1.86896
-1.37192 1.80709
-0.89739 5.22317
0 1
-6.21731 8.73836
3.96878 1.05428
-1.21625 4.01783
-4.88372 -2.32453
-1.45038 -6.24588
0.0315349 1.34547
-4.48871 2.2397
-1.60016 -7.96162
-6.79061 0.166832
-3.24837 11.0218
5.79912 4.8607
-3.11645 1.05953
-5.18531 9.89898
1.40821 -2.47336
4.35903 -1.53444
-3.43785 -3.88658
-5.63775 -3.95221
3.93368 0.266304
-3.13752 -3.2971
1.54837 3.1664
-2.83249 7.59461
0.645346 5.70974
3.53832 0.0667375
2.70318 -3.34975
-4.94975 3.05025
2.89225 -5.92296
-0.0783689 -1.15306
-5.26981 5.14842
3.34542 3.91796
-3.45758 -0.325526
8.43596 5.50674
0.0819846 1.4004
-0.652198 5.16992
-2.45279 2.66824
0.13531 2.90435
0.916374 -4.33438
2.37956 4.89057
0.775924 5.40044
1.36757 -2.26739
0.442366 -0.45414
3.3859 -2.00834
5.98131 -2.85638
-9.26048 1.86036
3.5679 3.97684
2.97934 -0.252379
0.301426 -0.916581
0.42813 4.66521
2.57666 -2.85009
3.89903 -4.56019
7 6
-3.73521 3.667
3.15462 4.97085
-0.404086 -1.093
0.00881803 6.0885
-7.30911 -10.0575
-8.91696 -8.23826
4.35641 -22.486
6.65171 2.47703
-6.27283 -1.47118
-0.295113 -0.913147
5.11732 18.2818
6.96522 -8.94767
3.34869 5.78832
5.73106 -6.57476
-1.20397 -8.76272
-6.38946 7.99813
2.17089 1.98582
1.92739 13.9253
12.5777 -2.39842
-1.23747 4.03373
0.935483 1.62609
9.12299 6.14
-6.30201 -4.09885
9.02392 -4.56748
-8.94975 -7.53553
3.44318 14.0414
2.72101 1.61725
-1.16968 6.02021
8.1361 -21.1306
-29.2718 7.22202
19.1556 -14.1089
-0.361557 -18.5104
-6.77559 -3.99152
21.7241 14.1555
-7.16839 -27.4501
5.15139 22.2226
-27.9979 -5.48744
43.8176 -20.2578
-18.6463 -12.0803
35.1369 -39.6742
-60.6067 -23.2909
-16.0717 24.4123
42.9127 76.3322
-44.1826 -147.239
130.033 36.0805
-92.0177 -73.9477
-194.537 17.7428
-87.601 579.14
2555 1055.65
