17384 19851
3485.66 -5356.67
759.771 574.882
-394.854 -823.023
-198.173 -199.127
-98.1139 48.1189
65.4778 -34.4418
-141.953 6.93474
48.7986 119.568
-8.70369 13.9098
31.3222 -25.6912
14.7455 15.2973
-0.0835311 -18.917
-22.7736 40.3295
-1.46265 -13.8355
-40.8813 14.2637
-9.33044 -22.1099
14.8961 11.5897
17.3446 -14.9737
-11.8695 0.238843
14.0839 -5.46673
18.1738 -13.0574
-20.433 -3.66388
-9.37703 10.4227
-12.9192 -1.53052
6.77817 1.94975
-10.7451 -1.71785
4.44678 6.3156
-8.02375 7.60814
-3.23825 0.443069
6.93862 -9.85146
2.12466 -3.16251
-6.82174 2.58542
-0.90625 4.65454
1.3453 -4.15659
-7.55392 7.82652
3.55946 6.58536
-5.87522 1.28953
-2.1126 -0.698742
1.01353 4.84011
3.97355 -2.63725
2.56095 -5.24707
1.51726 -12.7646
-8.47678 4.87582
6.15532 7.88382
4.51509 -7.47066
6.67633 0.776665
0.933083 1.05672
-6.77522 4.37868
0.935449 1.45786
-1 -2
4.41063 -4.36871
-0.974074 -1.53614
-17.5048 26.7674
-9.15447 -2.2711
5.44238 10.33
7.36654 0.947721
6.79078 0.0503205
-1.69871 5.02286
4.1927 -0.178328
-3.42445 -5.48479
-2.54612 4.67046
-4.87576 -0.974844
-1.64133 -3.43838
5.39802 3.87728
-1.01497 2.04859
-2.08804 1.04815
5.46707 -4.13087
0.676441 3.32813
-4.11744 -1.54517
-7.86974 1.1777
-2.00722 2.04964
-6.38747 6.9518
-1.08048 5.28933
1.91101 -2.4945
2.77817 -0.292893
7.32082 2.83059
-2.95053 -0.723278
-2.84336 5.62007
0.220079 4.82078
3.13084 -3.05696
-3.41732 -1.40542
1.51158 -1.76541
2.01664 0.0554758
4.38913 1.75842
-0.823615 3.61455
-3.06233 5.10464
-0.412722 3.11492
1.06052 3.21019
-4.60993 5.82329
-6.61403 -0.343216
5.95829 -1.10365
1.13695 -7.26815
-0.910339 3.30232
4.94781 1.76385
12.7919 -0.0910973
-0.0663853 1.10746
-8.76242 8.16431
-1.93614 2.55755
-2.14067 1.62923
8 1
-10.3412 1.48662
-1.07425 -3.65825
0.754134 2.28578
-3.87099 -3.31709
7.68703 -6.33612
1.43454 5.99796
-0.973505 -6.66098
-0.632842 -3.40999
-3.24199 -8.01172
5.27113 -1.11371
-4.20394 0.52524
1.71605 4.08628
0.274091 -5.01897
2.41798 5.78993
-0.72201 3.27447
-8.76502 -0.0422252
-8.05716 -0.379731
8.65987 -1.85332
-3.92126 -0.260964
2.95933 2.82089
4.85371 3.70155
8.78937 4.31277
-2.02979 0.623113
-1.51979 -2.17365
-8.77817 -7.94975
-3.03775 -4.22817
-1.50421 -2.5903
1.65362 4.91374
6.50669 6.88835
4.43757 0.149893
-0.115049 2.91647
3.87681 3.5938
-0.487972 -3.94867
2.91361 3.96124
-0.285452 -1.22695
0.410745 -5.50212
-2.35788 2.07479
5.13985 -5.01171
-6.76117 -3.92273
-0.901792 0.776582
4.17571 -7.42963
9.09652 3.64483
-6.16727 0.943752
-5.17946 -0.249318
8.24618 -2.89569
-6.0777 -1.78222
-9.77785 7.18035
-0.0573365 -0.579157
10.8093 -28.6972
5 -2
5.88629 -5.54522
-1.9647 4.46751
0.951377 4.6824
5.95764 -0.380533
1.52954 -5.70283
-4.06403 10.0147
-4.87336 7.02656
-8.4249 -12.0805
-6.64305 -3.10451
-9.06372 6.87332
5.08433 9.58137
-0.877337 4.199
5.94875 1.97908
10.6383 5.83283
0.41888 -0.0998181
-5.45443 0.664499
8.10906 7.91088
7.24199 -3.7771
-4.10819 7.28263
6.85422 2.88455
0.0579674 -3.5541
3.16597 -0.0514951
3.18581 9.51427
-3.01616 -17.1751
-12.7782 -1.70711
7.78329 2.04135
0.483827 11.6635
15.4635 4.95947
-5.34027 0.927305
-2.75763 14.1749
8.48262 -1.02971
-0.121922 -9.57254
15.3041 -4.44594
-11.6742 -15.888
31.0853 -0.979726
-2.80065 -30.2685
-2.86269 27.7536
-23.7402 27.8549
35.9388 -8.69085
-64.34 -23.2125
39.5708 69.5207
73.5604 14.2389
33.3254 -26.9378
-181.38 41.5458
109.679 -96.6738
-134.886 -24.1858
-22.2217 47.154
222.302 667.918
2781.87 255.272
