17545 18946
2792.77 -6500.57
715.801 460.247
-251.049 -815.412
-134.073 -221.565
-354.661 19.3682
116.155 44.6802
-84.2793 -0.569036
-34.7893 35.4228
-62.7823 61.351
100.694 6.66547
13.346 -42.3598
49.5687 -4.41707
-44.1553 17.542
-26.8332 -16.4729
8.88806 -29.0976
-17.524 -12.6678
-4.3582 -1.44254
19.5843 -11.5009
-4.32375 28.452
3.237 36.4939
19.2687 18.0532
-13.3429 -5.73612
4.46086 -2.78353
3.61713 -13.1735
-5.12132 -8.53553
9.05853 -5.77529
2.68321 2.39368
-1.1546 1.73666
-4.36192 -5.66709
-8.88374 13.3568
1.60877 1.83769
-2.64515 -2.69857
-0.815262 -10.5369
-8.04797 11.2372
-4.97713 -1.87797
1.8266 12.2385
2.66138 -6.54848
-4.46011 14.2416
-0.386829 -7.02278
2.50238 3.37176
11.0346 -3.28029
3.53156 -2.27415
-6.42659 9.4805
-0.448012 1.43361
-4.54014 2.18701
4.3155 2.45343
3.88205 5.62074
1.86339 4.88941
-6.58129 3.71689
-4 3
1.22061 1.08567
-0.887923 -3.82752
-12.4489 4.25709
5.08467 6.98785
2.99841 -3.14788
-0.153812 -2.34767
-3.90596 0.768194
0.784701 -0.942631
-3.58402 0.745616
-3.32681 3.20681
-3.17313 0.79355
4.17747 -1.70328
0.734124 -4.20265
-6.35305 3.68738
4.19003 -3.28129
2.88733 -7.83174
-2.9705 3.4601
-2.06549 -0.812131
-2.69956 -3.26612
1.97391 -0.301045
-3.1533 -2.80063
-1.23391 3.89378
-8.12037 7.78303
1.71398 0.716862
6.29289 -0.0502525
0.518697 7.46999
4.30886 -0.977408
10.9834 -6.27339
1.99679 -2.34088
-7.13911 29.7205
-8.35708 1.77581
1.05248 11.9644
1.37249 0.796073
5.03506 -1.99145
-4.21018 -0.352434
5.08856 2.13237
-0.502558 -1.32359
3.6864 -3.10806
-5.78096 3.42461
-0.354811 -0.665469
-1.788 1.78422
0.962247 -2.83381
-1.98644 -6.07051
-2.16736 1.2859
4.15421 3.27543
-11.1124 2.91119
2.29571 2.06004
6.6877 -3.52086
1.8873 2.09319
3 -2
5.995 8.05069
3.37899 -0.323266
-1.89884 4.56299
-4.51867 -0.6997
-0.381544 6.87293
1.07014 -2.25171
-3.95485 -3.91631
-4.33186 8.77923
9.91588 -0.0756404
-4.51432 6.54936
-0.579015 0.129863
-0.56536 1.42994
1.90527 -1.84394
-3.4848 -3.72811
0.56793 -2.82645
-6.26122 0.745961
2.27942 -12.9
-2.00172 -1.38326
-4.58765 -3.54487
-9.04123 -0.158237
-0.902698 -2.33166
13.9094 -20.7467
6.42082 2.97225
-0.93011 -7.15701
-0.87868 -1.46447
-6.68399 7.53317
0.0429215 1.16971
-0.514867 2.43792
5.01845 4.60214
-3.23766 4.6776
4.50467 2.68391
1.90095 -13.6395
7.85293 0.744847
6.00101 5.92961
2.46542 -1.22735
-3.14372 -2.59335
-1.28675 7.48957
-4.48424 2.93385
-3.60629 -4.73968
-6.85353 2.99481
6.53238 7.76866
3.92651 -6.79496
-5.36867 -7.52885
-5.62923 0.576912
-6.83078 1.57183
2.29454 -2.9391
1.52879 -5.37353
7.88655 6.33537
8.88542 -7.45
0 1
8.36142 2.71244
9.38303 5.45734
2.91606 -7.57308
-5.7012 7.52355
3.11365 4.78928
2.03459 8.741
-5.75726 4.98164
3.04984 8.25918
6.64476 -14.7948
3.67796 6.06593
-6.04009 -9.78875
-4.20838 2.10372
-11.7445 4.27575
0.509369 -6.64762
-14.5579 -1.80941
6.5934 -0.863459
7.31543 -2.80375
-2.55146 -1.79221
1.7744 14.8033
11.8983 1.3224
-11.2288 2.53309
13.0598 -8.30474
-7.39308 -11.9629
-0.258289 1.54677
7.70711 -9.94975
-9.88242 -26.0081
-6.10771 9.4631
-3.98613 -12.9189
9.86338 26.6648
8.94334 -5.69557
-0.460499 26.4382
11.3062 18.4508
4.54352 -5.77888
-25.2998 -35.5871
-3.00862 35.4431
21.2114 4.3657
53.7825 -37.0554
-3.69232 48.1639
-12.231 25.537
-13.5759 24.3949
62.303 -59.5611
-52.6328 -20.0306
-6.5962 -70.695
-99.6745 133.338
-21.2105 -209.887
-209.458 215.551
120.891 181.579
425.687 506.05
2792.93 -1031.54
