16397 17868
1087.3 -6818.07
1035.77 -318.016
-649.756 -89.2275
-278.682 130.711
27.8878 282.44
-28.6992 -145.574
58.816 44.2914
-26.1539 -123.368
29.5973 -58.2393
-64.7904 28.6965
5.31572 42.7087
12.2843 35.8548
-4.25202 -33.3397
6.42606 -13.0045
-35.898 2.82141
-10.22 -17.0358
3.0305 22.7727
40.2262 -31.2498
7.48952 6.8144
1.19165 -15.1642
-11.6184 -16.478
-25.8718 9.14741
10.9404 5.0506
-15.6654 0.408412
-11.6569 16.0711
15.9068 10.8373
-1.16483 -1.97799
8.93718 -14.9208
-0.517946 -0.710268
-2.52128 -17.5642
-0.388813 -4.1088
-6.52481 -3.78948
14.1131 4.09964
-10.6449 -2.67883
-3.76227 23.4441
-4.2301 5.14734
12.6924 -4.35564
1.46448 -5.05768
-1.5076 -4.36675
-8.70071 -0.042124
3.0329 4.09079
-3.03004 4.17128
3.89474 6.90036
6.45641 -2.55021
5.75552 13.6784
-6.64528 2.59062
3.99031 1.49614
-8.26046 -0.169041
3.69932 -9.76782
3 -2
-10.4058 -3.52918
-5.75802 10.2793
4.84828 -2.13028
6.08653 -1.56535
3.46012 -0.67438
-3.67235 1.84193
-4.7156 1.56169
-0.235261 3.62182
5.57709 -4.57033
-0.947397 -3.36005
-1.90311 2.25175
1.36507 -1.08379
1.53111 -2.48354
3.71861 4.08163
1.78851 3.18448
4.41317 0.611445
-5.10225 4.15011
3.35258 -2.17015
-4.63804 -4.4373
-0.513164 4.21664
3.00545 1.95534
-0.27676 4.39449
11.6541 1.71389
-6.48709 -4.33346
0.343146 -3.58579
-11.1135 10.5415
13.5388 6.64834
1.03401 1.33458
-8.97992 25.294
-7.17313 4.99521
6.70255 5.91198
4.71377 -1.21492
-4.72599 -6.25242
-6.87326 3.73173
0.269402 -0.222873
-1.93377 5.99405
0.302982 2.93587
3.28968 -3.38399
-3.71882 2.39769
2.57561 0.719871
-0.226571 5.45139
1.25069 -4.27189
2.31396 -5.34636
-3.23159 3.91344
0.738216 0.0464287
-2.09142 3.74553
-7.84334 -1.07843
1.01399 -3.4894
6.48825 -1.10215
1 0
0.110874 2.36792
1.16515 5.48144
-4.20241 0.716277
1.95935 -7.41046
2.19284 3.41167
2.17845 1.95404
2.89661 -3.51209
-8.54259 5.73252
-3.73241 4.30656
1.88206 3.80132
-1.90719 -2.36922
2.87099 -1.64464
5.73025 -7.35931
9.21103 -2.48277
-5.02148 -3.45423
1.14841 -0.62819
-3.73989 -1.53146
1.12254 1.9823
-5.2302 7.43099
10.1174 -2.61324
-6.00037 -2.55287
1.64302 1.34173
6.38998 -23.2739
4.26836 2.17981
-0.343146 1.92893
-4.17309 -1.05305
-3.06001 7.62559
-0.0747078 -3.2814
1.3605 4.1413
-0.3473 0.532497
1.57611 -0.806219
-10.0192 7.43469
-0.683946 7.46842
-0.635604 5.16741
2.15703 -3.30973
2.3786 5.66506
0.222828 -2.79842
-2.1212 4.90062
-1.8798 -6.81797
6.76706 -18.0219
-3.53755 -0.808796
-4.66065 -5.26172
-5.59493 8.41863
-7.59173 1.313
9.10816 8.52203
-0.703379 3.54132
2.93098 11.9541
1.01096 -0.620661
4.68287 -11.506
7 -2
-3.28734 -6.27469
-7.84411 9.39708
12.4999 3.07454
-2.97838 -10.9799
-6.52199 5.64652
-4.49958 -1.3241
-4.38489 -9.76151
-2.75071 2.59744
6.11631 -1.59563
-6.24356 4.66016
11.1651 4.67147
8.35658 -3.02635
-5.83304 -8.27408
-4.43139 1.79413
7.03707 -9.08129
0.966542 -7.7392
-6.06058 -2.09533
-9.45773 6.88997
-1.46027 -0.375308
-10.4379 2.05109
17.1841 -7.30947
1.59236 -7.39128
1.22841 -7.44079
7.52827 16.9745
11.6569 -6.41421
-11.5224 4.51219
-3.66214 5.32174
-0.860773 -8.84282
-0.421205 22.1219
26.9887 -8.45382
-8.14632 -20.8603
-16.3418 2.5397
11.0506 -20.7477
-44.2031 -11.9493
17.9607 10.0671
25.2612 -0.568787
16.6068 -13.4655
21.4085 17.8851
23.3792 13.039
24.1524 -48.4538
-100.281 13.9309
-45.6584 -45.2172
58.5869 38.693
-1.63276 -124.097
272.848 175.48
-112.56 -202.415
53.0677 104.415
-562.215 882.616
2757.91 554.914
