17789 19542
2113.17 -6579.44
1125.2 44.0344
-716.541 -296.789
-289.897 1.12884
-135.646 321.575
-24.0478 -112
16.9999 78.6894
97.1224 -75.1901
42.392 17.8144
-79.2937 -18.4781
3.89189 5.60846
-42.511 19.5107
9.98459 -1.39356
20.7481 -19.7298
-10.1851 -14.8673
11.7673 21.7233
-25.8204 -11.6929
-2.15448 17.445
-33.059 1.31207
-3.56143 12.2671
23.1445 -5.12505
-14.9581 -22.6889
-3.59756 8.30153
11.2021 -35.9886
-12.364 -14.1213
-8.32912 18.2314
1.79273 -4.53918
-13.5317 0.0413207
9.36147 4.5731
7.97582 -1.55691
-5.30356 -0.586775
0.910491 -0.0330536
-5.79594 -8.25238
1.68299 4.89238
0.936002 2.34675
1.28955 -6.86587
5.53637 -0.345336
3.27852 -10.0655
-4.57265 0.793966
-8.2846 5.11771
1.18222 2.66539
-3.01083 8.6581
8.96021 -2.48326
-11.7332 -0.727908
3.3004 18.3616
-1.97177 -7.36315
1.48458 4.18759
-4.49838 9.70734
3.43817 -2.13433
-8 1
-3.0646 7.88424
2.89021 -5.99546
9.64388 1.50697
1.964 5.39157
3.72077 -3.41927
1.27843 -1.53338
4.54844 0.414177
-0.651024 0.914237
-1.68641 0.536781
3.72893 -0.999225
0.579765 2.55907
1.73333 3.97182
4.57542 -1.70888
0.136082 2.28165
0.343322 7.04963
4.55886 -0.806258
0.835695 0.229674
-5.6135 -0.509761
3.55676 -1.72057
-1.46924 -2.42994
-6.67474 1.58121
-4.92513 -2.20236
7.3632 3.66897
-4.008 2.18782
-2.46447 -2.12132
0.538939 -0.899344
8.71297 4.45923
6.56582 -1.19068
-5.83806 23.7909
-11.3894 5.46403
3.73337 6.80517
2.4649 1.8804
3.89859 -5.02029
0.775149 3.46953
-1.65842 -2.05847
-8.51616 11.0781
5.01816 -5.23259
-1.10087 -0.425714
0.210709 3.68286
-5.04574 2.06166
-4.96995 0.77333
-1.98998 1.0264
-2.71682 4.58953
-1.17876 -2.94794
-2.3448 0.628446
-8.1525 -1.98602
3.69909 4.48574
-2.64915 -0.497411
-7.01585 1.96151
3 2
0.543945 6.57951
-2.13349 3.67517
-1.41972 6.0651
-2.20425 -1.38888
8.61566 -0.520936
4.61113 4.83646
-2.13715 -3.48652
2.78344 -2.76933
-3.50595 4.54297
4.25165 -0.306963
-6.53864 -4.4753
1.43772 -1.13884
1.00051 -5.42844
8.11944 0.422648
-2.54649 -8.27301
1.38293 -1.43601
-8.21039 -3.16667
0.256759 5.15232
5.28503 -2.57921
-0.0827294 -9.02633
-6.25174 -0.544254
-3.88017 3.31835
4.36336 -31.0945
6.99005 -3.5033
0.363961 -9.87868
-4.04245 -2.11816
3.56863 13.0981
-0.505217 -5.27142
-0.32931 -2.38522
9.5273 -2.90228
8.24319 5.48023
-5.81382 -2.71932
1.92229 6.09429
1.9742 2.09691
1.92329 2.25256
4.89323 -2.26849
2.18719 -7.17172
-4.63908 4.23337
-2.06887 -4.46189
3.45141 -1.38274
-5.73801 3.12613
1.59128 5.68976
7.73813 -4.36239
0.960921 -3.12239
0.939885 13.1781
-0.449592 -4.83253
-3.89258 1.65949
-7.76283 8.31733
10.5254 1.45791
0 -1
6.1511 16.0891
0.545925 7.57844
2.59116 5.77199
2.99454 4.22819
-4.03525 3.34583
14.279 7.89992
1.17731 -24.291
7.85933 4.80422
-9.96483 3.5323
5.75673 11.4446
-5.87506 -4.58029
3.40564 12.9485
-1.45596 -8.09625
-11.9482 -1.20074
7.92957 -3.29371
-10.6066 0.252919
8.87574 4.19955
3.95497 -8.84813
-4.94265 -8.24479
-2.18791 13.3187
-9.38319 2.19975
-13.8376 -3.34275
-4.78395 14.9946
8.21004 3.85505
-9.53553 2.12132
0.600991 5.38707
18.1915 -10.5504
-12.2612 -20.402
11.7809 -10.5275
-11.6189 -16.8851
-0.614052 -14.3105
-3.28184 14.0467
-27.0289 7.74996
-10.9331 50.8876
18.1758 -20.2911
7.47952 1.01154
19.452 -34.7612
-11.1787 -46.928
32.5515 39.1184
-35.7582 -79.7062
-68.4222 64.1119
-27.491 -13.168
96.3238 24.2886
-133.488 -147.705
274.532 47.986
-110.111 -109.496
-32.6871 117.579
-208.445 803.089
2751.72 530.369
