18649 19905
3344.57 -6335
910.942 470.167
-395.895 -720.45
-190.363 -128.603
-408.776 50.0006
97.7983 -67.3173
-112.922 28.2632
91.5087 91.8739
8.84935 24.1336
56.8145 -3.98719
-24.3944 -36.6175
1.78028 -36.405
-16.5442 18.3297
-3.31871 -6.50235
6.33444 24.3772
-22.0237 12.5694
34.5261 4.17946
6.69502 -27.6926
-9.17387 21.0512
2.04659 -20.7057
4.31323 -3.65463
-24.1017 -5.90529
12.3644 12.8758
8.43961 -9.85467
-9 16.8995
1.32655 12.829
14.3049 -2.32478
-6.88682 4.38134
3.7265 -3.1433
-5.49716 -4.22141
-2.58763 -12.5424
6.63367 0.15567
-5.80678 -2.01314
1.81325 8.58791
9.90686 -9.09978
-4.72161 4.61261
0.901993 6.72411
3.26691 2.41777
2.47484 -5.06516
-0.672288 9.40003
11.1361 -10.6763
-12.0032 3.93796
0.349091 6.2022
3.75012 -0.932892
-0.52914 0.627731
-4.26287 0.40948
-7.28399 8.61575
5.81661 -1.19051
-10.5512 0.0345105
-1 3
-1.10057 -5.32021
-0.177521 -7.25237
-6.9099 -1.35952
3.62538 -5.77139
-6.19335 1.31908
0.207767 4.28217
-8.75318 -0.0973905
3.6159 5.52037
-0.111248 -4.84518
-2.25293 2.65224
-1.18284 2.99271
-1.73715 0.181031
-11.1648 -4.90724
-2.83806 -0.468151
-0.504607 -0.70701
-3.38529 5.66662
-0.185216 9.28952
-5.37572 1.34841
3.33905 8.39136
1.62177 3.77056
2.80962 1.13
-6.89469 -2.73425
0.0191317 3.66421
1.72749 -6.52358
4.89949 -1.34315
-1.11138 -0.931793
1.54803 -8.01789
-4.73428 1.60193
-0.927824 5.96249
-0.729825 -3.88545
10.8017 -1.10444
3.17885 10.2374
-11.0174 25.3008
-5.81451 -2.19848
7.83809 8.85354
7.14876 3.63748
7.89499 -0.8629
-1.88682 0.74729
3.03568 7.89995
1.31015 -4.15871
-5.34952 4.5156
-9.55682 2.69278
2.40474 -1.26333
-1.34896 -1.87734
-3.45753 2.22224
2.14604 -1.5287
-9.56531 -3.31715
4.84096 -0.757627
-0.996705 0.341829
-1 7
2.09613 -2.35942
-0.658571 2.83963
-2.46276 -0.671386
6.8932 -4.43328
-0.471314 -0.890412
0.0966262 2.28191
7.73525 0.865611
1.31617 -4.7914
-1.94008 5.49193
0.71005 10.7982
-3.63163 2.20304
1.40141 1.93394
0.889386 9.71993
2.7 2.00386
0.430488 -9.3693
-0.666415 -2.44915
-8.77524 4.64684
-3.03838 3.03737
7.79363 -28.466
2.34786 1.64938
-3.38659 -9.16001
-0.925921 3.82944
-13.5967 5.25627
2.8918 -0.387139
-9 -2.89949
3.51139 2.25592
0.919651 -0.0981213
4.79176 -3.55877
5.66918 -14.2743
4.9292 -0.908413
-0.0430363 -0.992384
-2.67679 1.79985
-4.48665 0.891155
-2.63142 4.28454
6.89864 0.908398
3.74642 -0.678656
3.52823 7.3699
9.77749 2.83289
2.00621 8.64852
-0.0733052 -1.94404
8.10112 14.3362
7.47751 -1.68057
-3.14329 -0.299363
10.4307 -0.847963
-2.59462 3.38673
-7.08289 -5.63312
-5.90355 -2.3315
2.88787 -6.33663
-6.08996 -2.52519
13 5
2.78905 -10.8711
-0.284853 5.25848
3.17676 -2.10575
-3.447 -7.21734
13.7323 -9.1256
6.98336 3.30265
-5.13004 0.997018
5.89127 -2.40904
1.6636 3.5278
0.0542543 -7.16396
-4.82912 2.12027
-6.47263 4.3756
-7.09231 1.37757
-1.44014 -9.31163
1.8702 1.09534
6.86316 4.33457
-4.4899 -9.26417
0.761555 -4.43822
-16.1403 7.34071
12.9462 -13.9457
1.97262 -10.4995
0.125678 7.54336
-5.15462 11.3454
6.15597 -5.38858
-14.8995 -12.6569
-11.8724 20.0575
2.32192 0.0157335
-16.5331 -19.7451
4.26067 23.7616
11.2796 7.9975
17.6293 -7.96042
-3.05826 -5.71136
15.5327 28.6833
3.23928 -44.2699
21.167 3.63352
-27.2493 16.9901
1.92272 -12.3899
-9.18209 -7.52951
-2.09656 -6.64554
-44.8347 44.6527
51.3971 22.3644
-25.2162 32.1246
31.1005 -109.459
-69.6147 88.3095
122.348 -287.232
-116.763 36.4482
13.6582 153.507
67.1517 917.563
2945.28 -1.41793
