78 73
80 73
81 73
83 74
84 74
86 75
87 75
89 75
90 75
92 76
93 75
95 75
96 75
98 75
99 75
101 76
102 76
104 77
106 77
105 78
107 80
107 81
109 82
110 83
112 85
113 85
115 87
116 88
118 88
119 89
121 91
122 91
124 91
125 92
126 94
128 96
129 96
130 98
131 99
133 100
134 101
135 103
136 103
138 104
139 105
141 106
142 106
142 108
143 109
142 111
140 111
139 111
137 111
136 111
134 111
133 111
132 109
131 108
129 107
128 106
126 106
125 105
123 104
122 104
120 103
119 103
117 101
115 100
114 100
112 100
111 101
111 103
112 104
112 106
112 107
112 109
111 110
110 112
109 113
108 114
107 114
105 116
106 117
105 119
107 120
108 121
110 122
111 123
112 125
112 126
113 128
113 129
114 131
115 132
116 134
116 135
115 137
114 138
113 140
112 140
110 139
108 138
107 138
106 136
105 135
103 133
102 132
101 130
100 129
98 128
97 127
95 126
94 125
93 123
92 123
90 121
89 121
87 121
85 120
84 119
82 118
81 117
79 117
78 117
76 117
75 117
73 115
72 115
70 115
69 115
67 115
66 114
64 112
63 113
61 112
59 111
58 110
57 109
56 108
54 108
53 108
51 109
52 110
52 112
52 113
51 115
50 116
49 118
49 119
47 120
46 122
45 123
44 121
44 120
43 118
43 117
42 115
42 114
42 112
42 111
41 109
41 108
41 106
41 105
41 103
41 102
40 100
41 98
41 97
41 95
41 94
41 92
41 91
42 89
42 88
42 86
42 85
43 83
44 82
46 81
47 80
49 79
50 79
52 78
54 77
55 76
57 76
58 76
60 77
61 77
63 76
64 76
66 76
67 76
69 75
70 75
72 75
73 75
75 75
76 74
