61 65
63 64
64 64
66 64
68 64
70 65
71 66
73 65
75 65
76 64
78 64
80 65
81 66
83 66
85 65
87 65
88 65
90 64
92 65
93 65
95 64
97 65
99 65
100 65
102 66
104 66
105 66
106 67
107 69
108 70
110 72
112 74
114 75
115 76
117 77
119 79
120 79
122 80
124 81
125 82
127 83
129 85
131 84
131 85
132 87
133 89
134 90
134 92
135 94
136 96
137 97
138 99
140 100
141 101
142 103
143 105
144 106
145 108
147 109
149 110
149 111
148 112
146 112
145 112
143 112
141 111
139 111
138 110
136 108
134 106
133 105
131 103
130 102
129 101
128 100
126 98
124 96
123 95
121 94
119 94
118 93
116 93
115 95
115 97
115 98
115 100
115 102
114 103
114 105
114 107
113 107
111 107
109 109
109 111
109 112
111 114
112 116
113 117
114 119
114 121
115 123
115 124
115 126
114 128
114 129
113 131
111 132
110 131
108 131
106 130
105 128
104 127
103 125
102 123
102 122
100 121
98 119
97 118
95 116
94 115
92 114
91 113
89 113
87 111
86 110
84 108
82 107
80 107
79 106
77 106
75 106
74 105
72 105
71 107
70 107
68 106
67 104
65 103
64 103
62 101
60 101
59 100
57 99
55 100
54 102
53 103
51 105
51 107
50 108
50 110
50 112
50 113
50 115
49 117
48 119
48 120
48 122
47 124
47 125
46 126
46 124
45 122
44 121
44 119
43 117
43 116
42 114
42 112
42 111
41 109
41 107
41 105
41 104
41 102
40 100
41 99
41 97
41 95
41 94
41 92
41 90
42 88
42 87
42 85
43 83
43 82
44 80
45 78
46 76
46 75
47 73
48 71
49 70
50 68
51 66
52 67
54 66
56 66
58 66
59 66
