92 87
94 86
95 87
97 86
98 86
100 87
102 87
103 87
105 87
106 87
108 87
110 88
111 88
113 90
114 90
116 91
118 92
119 93
121 95
122 96
124 97
125 98
127 99
129 100
130 101
132 102
133 103
135 103
137 105
138 106
139 108
140 109
141 111
143 113
144 113
146 114
147 115
149 116
150 118
150 119
152 120
152 121
154 122
154 124
154 125
152 126
151 126
149 125
147 124
146 124
144 123
143 122
141 122
139 120
138 119
136 118
135 118
133 117
132 115
131 115
130 113
129 112
127 110
126 109
124 109
122 109
121 109
119 109
118 109
117 111
117 113
117 114
117 116
117 117
117 119
117 121
116 122
115 124
116 125
117 126
118 128
119 129
121 130
122 131
124 132
125 134
126 135
126 137
126 138
126 140
125 142
126 143
125 145
124 146
123 146
121 146
120 145
118 145
117 144
115 142
114 140
113 139
111 139
110 138
108 138
107 137
105 135
103 133
102 133
100 132
99 132
97 131
95 130
94 131
92 131
92 132
90 132
90 130
90 129
88 127
87 127
85 127
83 127
82 126
80 127
79 127
77 126
75 125
74 124
72 124
71 124
69 123
68 121
67 120
65 120
64 119
63 121
63 123
63 124
62 125
61 126
59 128
59 129
58 131
56 132
56 133
55 135
55 136
53 137
52 135
51 134
50 132
49 131
48 129
47 127
46 126
46 124
45 123
44 121
44 119
43 118
43 116
42 115
42 113
42 111
41 110
41 108
41 107
42 106
43 104
44 104
46 103
47 103
49 101
51 99
52 98
54 97
55 96
57 95
59 95
60 94
62 93
63 94
65 93
66 92
68 90
70 89
71 89
73 89
74 89
76 88
78 88
79 88
81 88
82 88
84 88
86 89
87 88
89 88
90 87
