94 81
96 80
97 81
99 82
101 82
102 83
104 84
105 84
107 85
109 85
110 85
112 84
114 85
115 85
117 85
118 85
120 85
122 85
123 84
125 84
127 85
128 84
128 84
128 85
130 86
132 87
133 87
135 88
137 89
138 90
140 91
141 91
143 92
145 92
146 93
147 94
149 95
150 96
152 98
153 99
154 101
152 101
151 102
149 103
147 104
146 104
144 103
143 102
141 101
139 100
138 100
136 99
134 99
133 99
131 99
130 98
128 97
126 97
125 97
123 97
121 97
120 97
118 98
117 99
117 101
118 103
119 104
121 106
122 108
122 109
122 111
122 112
120 113
119 114
118 114
116 116
116 118
117 119
119 120
120 121
122 122
124 124
125 125
127 126
129 128
130 128
131 130
132 131
133 133
134 135
134 136
132 137
130 138
129 137
127 136
126 135
124 135
122 134
121 134
119 134
117 132
116 132
114 131
113 131
111 131
109 131
108 130
106 129
104 129
103 129
101 129
100 130
98 131
96 132
95 132
93 132
91 132
90 132
88 132
88 131
86 130
84 130
83 131
82 129
80 129
79 129
77 129
76 129
74 129
72 129
71 129
69 128
67 127
66 127
64 126
63 126
61 127
60 129
60 130
61 132
60 134
60 135
58 137
58 138
57 140
56 140
55 139
53 137
52 135
51 134
50 132
49 131
48 129
47 127
46 126
46 124
45 122
44 121
44 119
43 118
43 116
42 114
42 113
42 111
42 109
43 108
45 107
46 106
47 105
49 106
50 105
51 103
52 101
52 100
54 99
55 98
56 96
58 95
59 95
61 94
63 94
64 94
66 92
66 91
68 91
70 90
71 89
73 88
75 87
76 86
78 85
79 85
81 84
83 85
84 85
86 85
88 85
89 84
91 82
92 81
