106 89
108 88
109 88
111 89
112 89
114 90
115 91
117 92
118 92
120 93
121 93
123 94
124 94
126 94
127 94
127 96
128 97
130 98
131 98
133 98
134 98
136 100
137 101
139 103
140 103
142 104
144 105
145 106
147 107
148 107
150 107
151 108
153 109
154 110
156 112
156 113
156 115
156 116
155 118
154 118
152 118
151 118
149 119
148 119
146 117
146 116
144 114
143 113
141 113
140 112
138 112
136 111
135 111
133 111
132 112
130 111
129 110
127 109
126 109
124 108
123 108
121 109
121 110
121 112
121 113
122 115
123 116
124 118
124 119
124 121
124 122
123 124
122 125
123 127
124 128
126 130
128 132
129 133
131 135
131 136
133 137
134 138
136 140
135 141
136 143
136 144
135 146
134 146
132 147
131 146
129 144
128 144
126 143
125 142
123 142
122 141
120 140
119 139
117 138
116 137
114 136
112 136
111 136
109 136
108 135
106 135
105 134
103 133
102 133
100 133
99 133
97 133
96 132
94 132
93 132
91 132
90 132
88 132
87 132
86 130
85 130
83 130
82 129
80 130
79 129
77 130
75 130
74 131
72 130
71 130
69 129
68 130
67 132
67 133
66 135
65 135
63 137
62 138
61 140
61 141
60 143
59 143
57 141
56 140
54 138
53 137
52 135
51 134
50 132
49 131
48 129
47 127
46 126
46 124
45 123
44 121
44 120
45 118
46 117
46 115
46 114
48 113
49 113
51 112
52 111
54 110
55 109
57 107
58 106
60 105
61 104
63 103
63 102
65 101
66 101
68 99
70 98
71 98
73 97
74 96
76 95
77 95
79 95
80 95
82 94
83 94
85 94
86 94
88 93
89 93
91 92
92 92
94 91
95 90
97 89
98 89
100 90
101 89
103 89
104 89
