86 78
86 78
87 79
89 79
91 80
93 80
94 80
96 80
98 79
99 79
101 79
103 79
105 79
106 80
108 80
110 80
111 80
113 80
115 79
116 79
118 79
120 79
122 79
123 78
125 78
127 79
128 79
130 80
132 80
134 80
135 81
137 81
139 81
140 81
142 81
144 81
146 81
147 81
148 82
149 84
149 85
148 87
146 88
144 90
143 90
141 91
139 91
138 91
136 91
134 90
132 90
131 91
129 91
127 92
126 92
124 92
122 92
121 92
119 92
117 91
115 92
114 92
112 93
110 93
109 93
107 93
107 95
108 97
109 98
111 99
112 101
113 102
114 104
114 106
113 108
112 109
110 110
108 112
108 113
109 115
111 116
113 117
114 117
116 116
117 117
118 118
120 118
122 118
123 119
125 120
127 121
128 123
129 123
131 125
132 126
132 127
134 129
133 131
132 133
132 134
130 136
128 135
127 135
125 134
124 132
122 132
121 131
119 130
117 130
116 130
114 130
112 130
110 130
109 131
107 130
105 130
104 130
102 130
100 129
99 129
97 129
95 129
93 129
92 129
90 129
88 131
87 132
85 131
83 130
81 131
80 130
78 130
76 130
75 131
73 131
71 131
69 131
68 131
66 132
64 131
63 131
61 132
59 131
57 131
56 131
54 131
53 133
53 134
55 136
55 138
54 138
53 137
52 135
50 133
50 132
49 130
47 128
47 127
46 125
45 123
44 121
44 120
43 118
43 116
42 115
42 113
42 111
41 109
41 108
42 106
44 105
44 104
45 102
47 100
49 99
50 98
52 97
54 96
55 96
57 94
59 92
61 91
62 90
64 89
66 88
67 87
68 86
70 86
71 85
73 83
75 82
77 82
78 81
80 82
82 81
81 80
81 80
83 80
85 80
86 80
