80 73
82 72
83 72
85 72
86 72
88 73
89 72
91 73
93 74
94 74
96 74
97 74
99 74
100 74
102 74
104 75
105 75
107 76
108 76
110 76
111 76
113 76
115 76
116 76
118 75
119 75
121 75
122 75
123 76
124 78
124 79
126 81
127 81
129 82
130 82
132 82
134 83
135 83
137 84
137 85
139 86
140 87
142 88
142 90
142 91
140 93
139 94
137 95
136 94
134 93
132 92
131 92
129 91
128 91
126 90
125 91
123 91
122 91
120 90
118 90
118 89
116 87
115 87
113 87
112 87
110 87
108 88
107 88
105 88
104 89
104 91
105 92
105 94
106 96
106 97
107 99
108 99
110 100
111 100
112 102
110 104
110 105
111 107
112 107
114 109
115 109
117 111
119 112
120 112
122 114
123 115
125 115
125 116
125 118
126 120
125 121
123 122
122 122
120 124
119 124
117 124
115 123
114 123
112 121
111 121
109 120
108 120
106 121
104 121
103 121
101 121
100 120
98 119
97 119
95 119
93 120
92 120
90 120
89 119
87 119
86 119
84 119
82 119
81 119
79 119
78 118
76 118
75 118
73 119
71 120
70 120
68 120
67 120
65 120
64 120
62 120
61 119
60 118
58 118
57 118
55 119
55 120
55 122
54 124
54 125
54 127
54 128
52 129
52 130
50 131
49 130
48 129
47 127
46 126
46 124
45 123
44 121
44 120
43 118
43 116
42 115
42 113
42 112
41 110
41 109
41 107
41 105
41 104
41 102
41 101
41 99
41 98
42 96
43 94
44 94
45 92
46 92
47 90
48 90
50 90
52 88
53 87
55 86
56 87
58 86
59 85
59 83
61 83
62 83
64 81
65 81
67 81
68 81
70 80
72 79
73 79
75 78
76 77
77 76
78 75
