94 74
96 74
97 74
99 74
100 73
102 74
104 74
105 74
107 74
109 75
110 75
112 76
113 76
115 75
117 76
118 76
120 76
122 76
123 75
125 75
126 75
128 75
128 76
129 77
130 79
132 81
133 81
135 83
136 84
138 83
140 84
141 85
143 86
144 86
146 87
148 87
149 88
151 89
153 90
154 91
154 93
153 94
153 96
152 98
151 98
149 98
147 97
146 96
144 95
143 95
141 94
139 94
138 94
136 93
135 93
133 93
131 92
130 91
128 90
126 90
125 90
123 90
122 90
120 90
118 91
117 91
115 92
115 94
115 95
115 97
116 98
118 100
119 102
119 103
120 105
120 107
120 108
118 108
117 109
117 111
119 113
120 113
121 115
122 116
124 118
126 119
126 120
127 122
127 124
127 125
128 127
127 128
127 130
125 131
124 131
122 130
120 129
120 128
118 127
117 126
115 126
113 125
112 124
110 123
109 123
107 122
105 122
104 121
102 121
100 121
99 121
97 121
96 121
94 121
92 120
91 119
89 119
87 119
86 119
84 119
83 119
81 118
79 120
78 119
76 119
74 119
73 118
71 117
70 118
68 119
66 119
65 120
64 122
63 122
62 124
60 125
60 126
58 128
57 130
57 131
56 133
56 134
54 136
54 138
53 137
52 135
50 133
50 132
49 130
48 129
47 127
46 125
46 124
45 122
44 121
44 119
43 117
43 116
42 114
42 112
42 111
41 109
41 108
41 106
41 104
42 103
44 101
45 100
46 99
47 98
48 97
50 95
52 94
53 93
54 92
56 90
57 89
58 87
59 87
61 87
63 86
64 86
66 85
67 85
69 85
70 83
71 82
73 82
75 80
76 80
78 78
79 78
81 78
83 77
84 77
86 76
88 75
89 75
91 74
92 75
