78 84
80 83
81 83
83 84
84 84
86 84
87 84
89 84
90 85
92 85
93 85
95 85
96 84
98 84
99 84
101 84
102 85
104 85
106 85
107 86
109 86
110 86
112 87
113 87
115 88
114 89
116 90
117 91
119 92
120 92
122 93
123 94
123 95
124 96
126 97
128 98
129 99
131 100
132 101
133 102
134 103
136 103
137 104
139 105
140 106
142 108
142 109
144 110
145 111
147 112
148 114
148 115
149 117
148 118
147 119
146 119
144 120
143 119
142 118
141 117
139 116
138 115
136 113
135 112
133 111
132 111
130 110
129 108
128 108
126 108
125 107
123 107
122 107
120 105
119 105
117 106
116 107
116 109
116 110
117 112
117 113
118 115
118 116
117 118
116 120
115 121
115 123
116 124
117 126
118 127
120 129
121 130
121 132
122 133
124 134
124 135
125 137
124 138
124 140
124 141
123 143
121 143
120 143
118 142
117 142
115 140
115 139
113 137
112 137
110 136
109 135
107 133
106 132
104 130
103 129
101 129
100 128
98 128
96 127
95 127
93 127
92 127
90 126
89 126
87 125
86 124
84 123
83 123
81 121
80 121
78 121
77 121
75 120
74 120
72 119
70 117
69 116
67 116
66 117
65 119
64 120
62 121
62 122
61 124
60 124
58 126
57 127
56 129
55 130
54 132
52 133
52 134
50 133
50 132
49 130
48 129
47 127
46 126
46 124
45 123
44 121
44 120
43 118
43 117
42 115
42 114
42 112
41 110
41 109
41 107
41 106
41 104
41 103
41 101
40 100
42 99
43 99
45 98
46 98
48 97
49 97
51 96
51 95
53 94
54 92
55 92
57 90
58 91
60 90
61 90
63 89
64 89
66 88
67 87
69 86
70 86
72 86
73 86
75 85
76 85
