83 77
85 76
86 76
88 77
90 77
91 77
93 77
95 77
96 78
98 78
99 78
101 79
103 79
104 80
106 81
108 82
109 82
111 82
111 83
112 84
114 84
116 84
117 84
119 85
120 86
122 86
124 86
125 87
127 88
128 90
129 91
131 92
132 94
133 95
134 96
136 97
137 97
139 98
141 98
142 98
144 99
144 100
145 102
146 104
146 105
146 107
144 109
143 109
141 108
139 107
138 107
136 106
134 105
133 105
131 103
130 103
128 102
126 101
125 100
123 99
121 99
120 99
118 99
116 99
115 98
113 100
114 102
114 103
114 105
113 107
113 108
111 110
110 111
109 113
107 115
106 116
108 117
110 119
111 119
113 121
115 122
116 122
118 124
120 126
121 126
123 128
123 129
124 131
125 133
126 134
125 136
123 138
122 139
120 138
118 138
117 138
116 136
114 135
113 135
111 133
109 132
108 132
106 131
105 132
103 131
101 131
100 130
98 129
96 128
95 128
93 127
91 126
90 126
88 126
86 124
85 125
83 124
82 124
80 124
78 124
77 124
75 122
73 122
72 122
70 124
68 123
67 123
65 122
63 122
62 121
60 121
59 120
58 118
56 117
55 116
53 115
51 115
50 115
48 117
46 118
47 119
49 119
51 120
51 121
50 123
50 125
50 126
49 128
49 129
49 131
48 129
47 128
46 126
46 124
45 123
44 121
44 119
43 118
43 116
42 114
42 113
42 111
41 110
41 108
41 106
41 105
41 103
41 101
40 100
41 98
41 96
41 95
41 93
41 91
42 91
43 89
45 87
46 87
48 86
49 85
51 84
53 83
54 83
56 84
58 83
59 82
61 81
63 80
64 80
66 80
68 79
69 79
71 79
72 78
74 79
76 79
77 79
79 79
80 77
81 77
