125 80
127 79
128 80
130 80
131 80
133 81
134 81
136 81
137 82
139 82
140 81
141 83
141 84
139 86
138 86
136 88
134 89
133 90
131 90
130 90
128 92
127 92
125 91
124 91
122 91
121 91
119 92
118 92
116 92
114 93
113 93
111 93
110 93
108 93
107 93
105 93
104 93
104 95
104 96
105 98
106 99
108 100
109 101
111 102
112 104
112 105
111 107
110 108
109 110
108 111
106 113
107 114
109 115
110 116
112 116
113 116
115 118
116 118
118 119
120 120
121 120
123 120
124 121
126 122
126 123
128 124
128 125
130 127
130 128
130 130
130 131
128 132
126 132
125 132
123 132
122 132
120 130
119 130
117 130
116 131
114 131
113 131
111 130
110 130
108 130
107 129
105 130
103 130
102 131
100 131
99 131
97 131
96 131
94 132
93 132
91 132
90 133
88 132
87 133
85 133
83 133
82 133
80 134
79 135
78 136
77 136
75 136
74 136
72 136
71 135
69 136
69 137
67 137
66 137
65 135
63 136
62 136
60 137
60 138
60 140
61 141
60 143
60 144
58 142
57 141
55 139
54 138
52 136
52 135
50 133
49 131
49 130
47 128
47 127
46 125
46 124
45 122
44 121
44 119
43 118
43 116
42 115
42 113
44 113
45 112
47 110
48 109
50 107
50 106
52 104
53 103
54 102
55 101
56 100
57 99
59 97
59 96
61 95
63 94
64 94
66 93
67 92
69 90
70 89
71 87
72 86
74 85
75 84
77 83
78 83
80 83
81 83
83 83
85 83
86 84
88 84
89 85
91 84
92 84
94 84
95 83
96 82
97 82
99 81
100 81
102 81
104 81
105 81
107 80
108 80
110 81
111 81
113 81
114 81
116 81
117 81
119 81
120 81
122 81
123 81
