106 59
108 59
109 59
111 60
112 61
114 62
116 62
117 63
119 63
121 64
122 64
124 64
123 65
124 67
126 68
127 69
129 70
131 71
132 71
133 73
133 74
133 76
133 78
132 78
130 78
128 79
127 78
125 77
124 77
122 75
120 75
119 74
117 72
116 71
114 72
112 71
111 71
109 71
107 71
106 71
104 73
103 74
102 75
100 75
99 75
99 77
99 79
100 80
101 82
102 83
103 85
105 87
106 88
106 90
105 91
105 93
105 95
106 96
108 95
109 94
110 94
112 93
113 93
115 94
115 96
116 97
118 97
120 97
121 98
123 99
124 99
125 100
126 102
126 103
127 105
127 107
127 108
128 110
127 110
125 111
123 111
122 111
120 111
119 111
117 111
115 110
114 110
112 111
112 112
111 112
109 112
108 112
106 111
104 111
103 111
101 110
99 110
98 110
96 109
95 109
93 109
91 109
90 110
88 110
87 111
85 112
83 112
82 112
80 113
78 114
77 115
75 115
74 115
72 115
70 116
69 117
67 119
65 119
64 120
62 120
61 121
59 121
57 120
56 120
55 122
54 124
53 125
53 127
52 128
50 129
50 131
49 131
48 129
47 128
46 126
46 124
45 123
44 121
44 119
43 118
43 116
42 115
42 113
42 111
41 110
41 108
41 106
41 105
41 103
41 102
40 100
41 98
41 97
41 95
41 94
41 92
43 90
43 89
45 87
47 86
48 85
50 84
51 83
52 82
54 80
55 80
56 78
58 77
58 76
60 74
61 74
63 73
64 71
65 71
67 70
68 68
69 67
70 66
71 66
73 64
75 63
76 63
78 63
79 63
81 64
83 65
84 65
86 65
88 65
88 64
90 62
91 62
93 62
95 61
96 61
98 61
100 59
101 59
103 59
104 59
