80 82
81 81
83 82
84 82
86 81
87 81
89 81
90 81
92 81
93 82
94 84
95 84
96 84
98 84
99 85
101 84
102 84
104 85
104 86
106 87
107 87
108 86
108 88
109 89
111 89
112 89
114 90
115 91
117 93
118 94
119 95
120 96
121 96
123 97
124 98
126 99
127 100
129 102
130 103
132 104
133 104
134 104
135 106
136 106
138 108
138 109
139 111
139 112
138 113
137 113
135 113
134 114
133 114
131 113
130 112
128 111
127 111
125 110
124 110
122 108
121 108
120 108
118 106
117 106
116 104
115 104
113 103
112 103
110 102
109 102
107 100
106 100
105 100
103 100
102 100
102 102
102 103
103 105
103 106
104 108
105 109
106 110
106 112
105 113
105 115
104 116
103 118
102 119
102 121
103 122
105 123
106 124
107 125
109 126
110 126
111 127
111 128
112 130
112 131
113 133
113 134
114 135
114 137
113 138
112 140
111 140
109 140
108 139
106 138
105 138
103 136
102 136
101 135
99 133
98 133
96 132
95 132
93 131
92 131
91 130
90 129
89 128
87 128
86 127
84 126
83 126
81 127
80 127
78 126
77 126
75 126
74 125
73 125
71 123
70 123
68 123
67 123
65 123
64 123
62 124
61 123
60 124
59 122
58 122
56 122
55 122
53 122
52 121
50 121
49 122
48 123
47 122
46 123
45 122
44 121
44 119
43 118
43 116
42 115
42 113
42 112
42 111
41 109
41 108
41 106
41 105
41 103
41 102
40 100
41 99
41 97
41 96
41 95
41 93
42 92
44 92
45 91
47 90
48 89
50 89
51 88
52 88
54 87
55 87
57 87
58 86
60 86
61 87
63 87
64 87
66 87
67 86
68 85
70 84
71 83
73 83
74 83
76 82
77 82
79 82
