96 53
98 53
99 53
101 54
102 54
104 55
105 56
107 56
108 57
110 55
111 55
113 54
114 55
116 55
118 56
119 57
120 59
121 60
122 62
123 63
125 64
126 65
128 67
129 68
130 70
130 72
129 73
128 75
127 76
125 75
124 75
123 77
122 78
122 80
122 81
122 83
123 84
125 84
127 84
128 83
129 83
130 84
132 85
131 85
130 87
130 88
130 90
130 91
129 93
129 94
128 96
128 98
128 99
127 101
127 102
127 104
128 105
127 107
128 108
128 110
127 110
126 112
126 113
126 115
126 117
126 118
125 120
125 121
124 123
124 124
122 126
122 127
121 129
121 130
121 132
120 134
119 135
119 137
118 138
118 140
117 141
117 143
118 144
119 146
119 147
120 149
120 150
119 152
119 154
119 155
118 157
117 157
115 158
114 158
112 158
111 158
109 159
108 159
106 159
105 159
103 159
101 159
100 160
98 159
97 159
95 159
94 159
92 159
91 159
89 158
88 158
86 158
85 158
83 157
81 156
80 156
78 155
77 155
75 154
74 154
73 152
73 151
73 149
73 148
73 146
73 144
73 143
73 141
74 140
74 138
74 137
73 135
73 134
72 132
71 131
71 129
71 128
71 126
71 124
71 123
72 121
72 120
71 118
72 117
73 115
72 114
70 114
69 113
69 111
68 110
68 108
68 106
68 105
68 103
68 102
67 100
67 99
67 97
67 96
68 94
67 93
66 91
66 90
66 88
65 86
66 85
68 83
68 82
70 80
71 80
72 78
73 77
75 76
76 76
77 74
77 72
76 71
75 69
75 68
75 66
75 65
75 63
74 62
74 60
74 59
75 57
76 56
76 54
78 54
79 53
81 53
82 54
84 55
85 55
87 55
88 55
90 55
91 55
93 53
94 53
