95 59
96 58
98 59
99 59
101 60
102 61
103 61
105 61
106 61
108 62
109 63
110 63
112 65
113 66
115 67
116 67
117 67
119 68
119 69
119 71
119 72
119 73
121 75
121 76
122 78
123 78
123 79
125 81
125 82
126 84
126 85
126 86
126 88
127 89
127 91
128 92
128 93
129 95
129 96
130 98
131 99
131 100
132 102
132 103
134 105
135 106
134 107
134 109
135 110
134 112
134 113
134 114
134 116
135 117
135 119
136 120
136 121
136 123
136 124
136 126
136 127
137 128
137 130
138 131
138 133
139 134
140 135
142 137
143 138
143 140
143 141
142 142
140 144
139 145
137 147
136 148
135 148
133 150
132 150
130 151
129 152
128 153
126 154
125 154
123 155
122 155
121 156
119 156
118 157
116 157
115 158
114 158
112 158
111 158
109 159
108 159
107 159
106 158
105 157
104 155
103 155
103 154
101 152
100 152
99 150
100 149
100 148
98 146
97 145
96 144
96 143
95 142
93 141
92 140
92 138
92 137
91 136
90 134
89 133
87 132
86 131
85 131
84 129
84 128
82 126
81 125
80 124
79 122
79 121
78 119
77 119
77 118
76 116
75 115
73 114
72 113
71 112
69 112
69 111
67 109
67 108
67 107
67 105
67 104
67 102
67 101
68 100
68 98
68 97
69 95
69 94
69 93
69 91
69 90
68 88
67 87
66 87
65 85
65 84
65 82
64 81
64 80
62 78
62 77
62 75
62 74
62 73
63 71
63 70
65 70
66 70
67 69
69 70
70 70
72 69
73 69
74 68
76 67
76 66
78 64
79 63
79 62
81 61
82 62
84 63
85 63
86 63
87 64
87 65
87 67
88 68
89 68
90 66
89 65
90 63
89 62
89 61
91 61
92 60
94 59
