79 56
80 55
82 55
83 55
85 56
86 57
88 57
89 58
91 58
92 58
93 58
95 56
96 56
98 56
99 56
101 58
102 59
103 60
105 62
106 62
108 62
109 61
111 60
111 61
111 63
112 64
113 64
114 66
114 67
113 69
113 70
112 72
112 73
110 75
111 76
111 77
111 79
110 80
110 82
110 83
112 84
113 84
114 84
115 85
115 86
116 88
116 89
116 91
116 92
116 94
116 95
116 96
116 98
116 99
117 101
117 102
118 104
118 105
118 107
118 108
118 109
118 111
118 112
117 114
117 115
116 117
116 118
117 119
117 121
117 122
117 124
117 125
117 127
117 128
117 130
117 131
117 132
117 134
118 135
118 137
117 138
117 140
117 141
117 143
117 144
117 145
117 147
118 148
119 150
119 151
120 153
121 154
121 155
120 156
119 156
117 157
116 157
114 158
113 158
111 158
110 159
109 159
107 159
106 159
104 159
103 159
101 159
100 160
98 159
97 159
96 159
94 159
93 159
91 159
90 159
88 158
87 158
86 158
84 157
83 157
81 156
80 156
80 154
79 153
78 151
78 150
78 149
78 147
78 146
77 144
76 143
76 141
75 140
74 138
75 137
75 136
74 134
74 133
74 131
73 130
71 128
71 127
71 126
70 124
70 123
69 121
69 120
67 118
66 117
66 115
66 114
65 113
65 111
64 110
64 108
64 107
63 105
62 104
62 102
62 101
61 100
61 98
62 97
62 95
62 94
63 92
63 91
63 90
63 88
64 87
62 86
62 85
62 83
63 82
62 80
62 79
62 78
61 76
61 75
59 73
59 72
59 70
59 69
60 67
60 66
61 65
61 63
62 62
62 60
63 59
65 59
66 59
67 59
69 59
70 59
72 60
73 60
75 58
76 58
78 56
