87 53
88 52
90 52
91 52
93 52
94 52
96 52
97 53
98 53
100 53
101 53
103 52
104 52
106 52
107 52
109 53
110 53
111 54
113 55
113 56
115 56
116 56
118 55
119 55
120 55
122 55
123 55
124 57
124 58
125 60
125 61
125 62
126 64
127 65
129 66
130 66
131 68
131 69
133 71
132 72
132 73
131 75
130 76
129 78
128 79
130 80
131 81
130 82
130 84
131 85
131 87
132 88
132 90
132 91
132 92
131 94
130 95
129 97
129 98
129 100
130 101
130 103
130 104
130 105
129 107
129 108
127 110
127 111
126 113
126 114
126 115
125 117
125 118
125 120
124 121
124 123
123 124
123 125
122 127
122 128
121 130
121 131
121 133
121 134
121 136
121 137
121 138
121 140
121 141
121 143
120 144
120 146
121 147
120 148
120 150
120 151
121 153
120 154
121 156
120 156
118 157
117 157
116 157
114 158
113 158
111 158
110 159
108 159
107 159
106 159
104 159
103 159
101 159
100 160
98 159
97 159
96 159
94 159
93 159
91 159
90 159
88 158
87 158
85 158
84 157
83 157
81 156
81 155
81 153
81 152
81 150
82 149
82 148
82 146
82 145
82 143
82 142
81 140
81 139
81 138
81 136
81 135
81 133
81 132
82 130
82 129
82 127
82 126
82 125
82 123
82 122
82 120
82 119
81 117
81 116
81 115
80 113
80 112
81 110
80 109
80 107
81 106
81 105
81 103
81 102
81 100
81 99
80 97
80 96
80 94
80 93
80 92
81 90
81 89
80 87
80 86
80 84
80 83
80 82
81 80
81 79
82 77
83 77
84 75
85 74
85 73
84 71
85 70
84 68
83 68
83 66
84 65
84 63
83 62
83 61
83 59
83 58
84 56
84 55
86 53
