85 55
86 54
88 54
89 54
91 54
92 54
93 54
95 54
96 55
97 57
98 57
100 57
101 57
102 58
104 59
105 60
107 61
107 62
107 63
107 65
107 66
107 68
106 69
107 71
108 71
109 72
111 73
111 74
111 76
111 77
111 78
112 80
113 81
114 83
115 84
116 86
116 87
116 88
117 90
117 91
117 93
118 94
118 95
118 97
118 98
118 100
119 101
120 103
120 104
120 105
120 107
120 108
120 110
120 111
120 112
120 114
121 115
122 117
122 118
122 119
121 121
120 122
120 124
120 125
121 127
121 128
122 129
124 131
124 132
124 134
124 135
125 136
125 138
125 139
126 141
126 142
127 144
128 145
129 145
129 147
129 148
130 150
130 151
129 152
127 153
126 154
124 154
123 155
121 156
120 156
119 156
117 157
116 157
114 158
113 158
112 158
110 159
109 159
107 159
106 159
104 159
103 159
102 159
100 160
99 159
97 159
96 159
95 159
93 159
92 159
91 157
90 156
89 155
89 153
88 152
87 150
88 149
88 147
87 146
86 145
85 143
85 142
85 140
85 139
85 138
83 136
83 135
81 133
81 132
81 130
81 129
80 128
79 126
78 126
77 124
76 123
75 122
74 120
74 119
72 117
72 116
71 114
71 113
70 112
69 110
68 109
66 108
66 107
66 106
65 104
64 103
63 101
62 100
62 99
61 97
61 96
61 94
62 93
62 91
62 90
63 89
64 87
64 86
64 84
64 83
65 82
65 81
66 80
66 78
65 77
63 79
62 79
61 78
59 76
59 75
57 73
56 72
56 71
56 69
57 68
58 67
59 66
60 64
61 64
62 63
64 63
65 63
67 63
68 62
69 61
71 60
72 59
74 58
75 58
77 58
78 58
79 57
81 57
82 57
84 56
