76 66
77 65
79 65
80 65
81 65
83 66
84 66
85 66
87 67
88 67
89 67
91 66
92 66
93 66
95 65
96 66
98 68
98 69
99 70
101 70
101 71
102 72
104 72
105 71
106 71
108 72
109 73
110 73
109 75
109 76
109 77
109 79
108 80
108 81
108 83
108 84
107 85
107 87
106 88
105 89
105 91
105 92
106 93
107 95
108 95
109 97
109 98
109 99
110 101
111 102
112 103
112 105
113 106
112 107
112 109
112 110
112 111
112 113
112 114
112 115
112 117
112 118
113 119
113 121
112 122
112 123
112 125
112 126
111 127
111 129
111 130
111 131
111 133
111 134
109 136
108 137
108 138
108 140
109 141
109 142
110 144
111 145
111 146
111 148
111 149
111 150
112 152
111 153
112 154
112 156
112 157
112 158
110 159
109 159
108 159
106 159
105 159
104 159
102 159
101 159
99 159
98 159
97 159
95 159
94 159
93 159
91 159
90 159
89 158
87 158
86 158
85 158
83 157
82 157
81 156
79 156
78 155
77 155
75 154
74 154
73 153
71 152
70 151
70 150
71 148
71 147
71 146
70 144
69 143
67 141
67 140
67 139
67 137
66 136
65 135
64 134
64 133
64 132
64 130
63 129
63 128
62 126
61 125
60 124
59 122
59 121
59 120
59 118
59 117
59 116
59 114
59 113
59 112
58 110
59 109
58 108
58 106
58 105
57 103
57 102
57 101
58 99
58 98
58 97
58 96
59 95
60 96
62 94
62 93
61 92
59 93
58 92
59 91
58 89
58 88
58 87
58 85
58 84
58 83
57 81
57 80
57 79
57 77
57 76
57 75
58 73
58 72
59 70
60 69
61 68
63 69
64 69
65 68
67 68
68 68
69 68
71 67
72 66
73 66
75 66
