109 49
109 48
111 48
112 48
114 48
115 49
117 50
118 51
119 53
120 53
121 54
123 54
124 54
126 54
127 55
129 56
130 56
130 57
131 58
132 59
133 61
133 62
134 64
133 65
135 67
134 68
135 70
136 71
136 72
136 74
136 75
137 77
136 78
137 80
137 81
138 83
139 84
139 85
140 87
141 88
141 90
141 91
142 93
142 94
143 96
144 97
145 98
145 100
144 101
145 103
144 104
143 106
143 107
144 109
144 110
144 111
145 113
145 114
145 116
145 117
144 119
144 120
144 122
144 123
144 124
144 126
144 127
145 129
145 130
146 132
146 133
147 135
148 136
147 137
145 139
144 140
142 142
141 143
139 145
138 146
136 148
135 148
134 149
132 150
131 151
129 152
128 153
126 154
125 154
123 155
122 155
121 156
119 156
118 157
116 157
115 158
113 158
112 158
110 159
109 159
107 158
107 157
107 156
107 154
107 153
107 151
107 150
106 148
105 149
104 147
103 147
103 146
104 144
103 143
103 141
102 140
102 138
102 137
101 135
101 134
101 133
100 131
99 131
99 129
99 128
97 126
96 125
94 124
94 123
93 122
91 120
90 119
90 117
91 117
92 115
91 114
89 113
88 112
88 111
86 109
85 109
84 107
84 106
83 104
83 103
82 101
81 100
81 99
79 97
79 96
79 94
78 93
78 91
78 90
79 88
79 87
79 86
81 84
82 83
82 81
83 80
83 78
84 78
85 76
84 75
83 75
81 74
80 73
79 71
79 70
77 69
76 68
74 66
74 65
74 64
75 62
76 61
77 59
77 58
79 56
80 55
82 55
83 55
84 54
86 54
87 54
89 53
90 53
92 53
93 52
95 51
96 51
97 51
99 50
100 51
102 52
103 52
105 52
106 51
108 50
