95 57
96 56
98 56
99 56
101 57
102 58
103 58
105 60
106 61
108 61
109 60
111 60
112 60
113 61
115 63
116 62
118 64
117 65
117 66
117 68
117 69
117 71
116 72
117 73
115 74
114 75
114 77
114 78
115 79
117 80
118 79
119 81
120 82
121 84
122 85
122 86
124 88
124 89
124 91
125 92
125 93
124 95
124 96
125 98
125 99
125 100
125 102
126 103
126 105
126 106
126 108
126 109
127 110
127 112
127 113
127 115
127 116
127 117
126 119
126 120
127 122
128 122
129 122
129 123
128 124
129 126
129 127
129 128
128 130
128 131
127 133
126 134
126 136
126 137
127 138
129 139
130 139
131 141
132 142
132 143
132 145
132 146
133 148
133 149
133 150
131 151
130 151
128 153
127 153
126 154
124 154
123 155
121 156
120 156
118 157
117 157
116 157
114 158
113 158
111 158
110 159
109 159
107 159
106 159
104 159
103 159
102 159
100 160
99 159
97 159
96 159
94 159
93 159
93 158
93 156
93 155
92 153
92 152
92 151
92 149
92 148
91 146
91 145
91 144
89 142
88 141
87 139
86 138
86 137
86 135
86 134
86 132
85 131
84 129
84 128
83 127
83 125
82 124
81 123
81 122
80 121
79 119
79 118
78 116
78 115
77 114
76 112
76 111
76 109
75 108
74 106
74 105
74 104
73 102
73 101
73 99
73 98
73 97
72 95
72 94
72 92
72 91
73 90
73 88
72 87
71 86
71 85
70 84
69 82
69 81
67 79
66 78
65 76
65 75
65 74
65 72
65 71
65 69
66 68
66 67
67 65
68 64
70 64
71 63
72 62
74 63
75 62
77 61
78 61
79 60
81 59
82 58
84 58
85 57
87 58
88 58
89 58
91 57
92 57
94 57
