84 44
85 43
87 43
88 43
89 43
91 43
92 43
94 45
95 46
96 47
98 48
99 48
100 48
102 49
103 49
104 49
106 51
107 51
107 52
109 54
110 55
112 55
113 56
114 56
115 57
116 58
117 58
118 60
118 61
118 62
119 64
118 65
118 67
119 68
119 69
121 71
122 71
122 72
124 74
124 75
124 76
125 78
125 79
124 80
122 80
121 80
119 80
118 81
118 82
116 84
115 84
114 85
113 87
113 88
114 89
114 91
114 92
113 94
112 95
111 96
110 98
109 99
109 100
108 102
108 103
108 104
107 106
106 107
106 108
105 110
104 111
103 112
102 112
101 113
100 115
99 116
99 117
97 118
96 119
96 120
96 122
95 122
94 124
93 125
92 126
91 128
90 128
89 129
88 131
87 132
86 133
85 135
85 136
84 137
84 139
84 140
84 142
84 143
84 144
83 146
83 147
82 148
81 150
80 151
80 152
79 154
79 155
78 155
77 155
76 154
74 154
73 153
72 153
70 151
69 151
68 150
66 149
65 148
64 148
62 146
61 145
59 143
58 142
57 141
55 139
54 138
53 137
52 135
51 134
50 133
49 131
49 130
49 128
49 127
49 126
49 124
50 123
50 122
52 120
53 119
54 119
54 117
55 116
55 115
56 113
57 112
57 110
58 109
58 108
59 106
60 105
60 104
61 102
61 101
60 100
60 98
60 97
61 95
61 94
62 93
62 91
62 90
62 89
63 87
63 86
63 85
64 83
64 82
64 81
65 79
65 78
66 76
67 75
67 74
68 72
69 71
69 70
71 68
71 67
72 66
73 64
74 65
76 63
77 62
77 61
75 60
74 61
74 60
74 58
75 57
75 56
75 54
76 53
77 52
78 50
79 49
80 47
81 46
81 45
83 44
