101 52
102 51
104 51
105 51
106 51
108 52
109 53
111 54
112 54
113 55
115 54
116 54
117 54
119 54
120 55
121 56
123 58
124 58
126 60
127 59
128 60
130 60
131 61
132 62
134 64
135 65
136 66
138 68
139 69
140 71
140 72
140 73
141 75
140 75
139 75
137 76
136 77
135 79
135 80
135 81
135 83
135 84
135 85
135 87
136 88
135 89
135 91
135 92
134 94
133 95
133 96
131 98
131 99
131 100
130 102
131 103
131 104
130 106
129 107
128 109
128 110
127 111
127 113
127 114
127 115
125 117
125 118
125 119
124 121
123 122
122 124
122 125
122 126
120 128
119 129
119 130
118 132
117 133
117 134
117 136
116 137
116 139
116 140
117 141
118 142
117 143
117 144
117 146
117 147
116 147
115 149
115 150
115 152
115 153
114 154
114 156
114 157
114 158
112 158
111 158
109 159
108 159
107 159
105 159
104 159
103 159
101 159
100 160
99 159
97 159
96 159
94 159
93 159
92 159
90 159
89 158
88 158
86 158
85 158
84 157
82 157
81 156
79 156
79 155
79 154
79 152
79 151
79 150
80 148
80 147
80 146
81 144
81 143
82 141
82 140
82 139
82 137
82 136
82 135
83 133
83 132
84 131
85 129
85 128
85 126
85 125
84 124
85 122
86 121
86 120
87 118
87 117
88 116
87 114
88 113
88 111
88 110
88 109
89 107
89 106
88 105
88 103
88 102
88 101
87 99
87 98
88 96
87 95
87 94
88 92
88 91
88 90
89 88
89 87
90 85
90 84
90 83
92 81
93 80
92 79
92 77
92 76
93 75
93 73
93 72
95 70
96 69
97 68
95 66
96 65
95 64
95 62
95 61
95 60
96 58
96 57
96 55
97 55
98 54
100 53
