99 56
100 55
102 55
103 55
105 56
106 56
108 57
109 58
110 58
112 58
113 58
114 60
115 59
115 61
116 62
116 63
118 65
118 66
117 68
117 69
117 71
116 72
115 73
113 75
114 76
114 78
115 79
116 78
118 78
118 79
120 81
120 82
120 84
120 85
121 86
121 88
121 89
121 91
121 92
121 94
121 95
121 96
121 98
122 99
122 101
122 102
122 104
121 105
121 106
121 108
121 109
121 111
122 112
121 114
121 115
120 116
120 118
120 119
120 121
120 122
120 124
120 125
119 126
120 128
121 129
122 130
122 131
121 131
120 133
120 134
120 136
119 137
119 139
120 140
120 141
121 143
122 144
122 146
122 147
121 149
121 150
121 151
121 153
121 154
121 156
120 156
118 157
117 157
116 157
114 158
113 158
111 158
110 159
108 159
107 159
106 159
104 159
103 159
101 159
100 160
98 159
97 159
96 159
94 159
93 159
91 159
90 159
89 158
87 158
86 158
84 157
83 157
83 155
83 154
84 153
84 151
84 150
85 148
85 147
84 145
84 144
84 143
84 141
84 140
83 138
83 137
82 135
81 135
81 134
81 132
82 131
83 129
83 128
83 126
83 125
83 124
82 122
81 121
79 119
78 118
77 116
77 115
77 114
76 112
77 111
77 109
77 108
76 107
75 105
75 104
75 102
75 101
74 99
74 98
73 97
72 95
72 94
72 92
71 91
71 89
71 88
71 87
70 85
70 84
71 82
71 81
72 79
72 78
72 77
71 75
71 74
71 72
71 71
70 69
70 68
70 67
69 65
69 64
69 62
70 61
71 59
72 58
73 57
75 57
76 57
78 57
79 57
80 57
82 57
83 57
85 57
86 56
88 56
89 56
90 56
92 56
93 56
95 56
96 56
98 56
