295
124 57
125 56
126 56
127 56
128 57
128 58
129 59
129 60
129 61
129 62
129 63
129 64
129 65
129 66
129 67
128 68
128 69
128 70
128 71
129 72
128 73
128 74
128 75
128 76
127 77
127 78
127 79
127 80
127 81
126 82
126 83
126 84
125 85
125 86
125 87
125 88
125 89
124 90
124 91
123 92
123 93
123 94
123 95
122 96
122 97
122 98
122 99
122 100
122 101
122 102
122 103
122 104
122 105
122 106
122 107
122 108
122 109
121 110
121 111
121 112
120 113
121 114
120 115
120 116
120 117
120 118
119 119
119 120
119 121
118 122
118 123
118 124
118 125
118 126
117 127
117 128
117 129
117 130
116 131
116 132
115 133
114 134
113 135
112 136
112 137
112 138
112 139
111 140
111 141
110 142
110 143
110 144
110 145
110 146
110 147
110 148
110 149
110 150
110 151
109 152
109 153
109 154
109 155
109 156
109 157
109 158
109 159
108 159
107 159
106 159
105 159
104 159
103 159
102 159
101 159
100 160
99 159
98 159
97 159
96 159
95 159
94 159
93 159
92 159
91 159
90 159
89 158
88 158
87 158
86 158
85 158
84 157
83 157
82 157
81 156
80 156
79 156
78 155
77 155
76 154
75 154
74 154
74 153
74 152
74 151
73 150
73 149
73 148
73 147
73 146
74 145
74 144
74 143
74 142
75 142
76 141
76 140
75 139
74 138
74 137
74 136
74 135
75 134
75 133
75 132
75 131
75 130
76 129
76 128
75 127
75 126
75 125
75 124
75 123
75 122
74 121
74 120
73 119
73 118
73 117
73 116
73 115
73 114
72 113
72 112
71 111
71 110
71 109
71 108
71 107
71 106
71 105
71 104
71 103
71 102
70 101
70 100
70 99
70 98
69 97
69 96
69 95
69 94
69 93
69 92
70 92
71 91
71 90
72 90
73 89
74 88
74 87
75 86
76 85
76 84
77 83
77 82
78 81
78 80
78 79
79 78
79 77
80 76
80 75
81 75
82 74
83 74
84 73
85 73
86 74
87 73
88 73
89 73
90 73
90 74
91 75
92 75
93 76
94 76
95 75
96 76
97 75
98 75
99 74
100 74
101 75
102 75
102 76
102 77
103 78
103 79
103 80
104 81
104 82
104 83
105 84
106 85
107 86
108 87
109 88
110 88
111 88
112 88
113 88
114 87
115 86
115 85
115 84
115 83
116 82
116 81
116 80
116 79
117 78
117 77
118 76
118 75
119 74
120 73
121 72
121 71
121 70
122 69
122 68
122 67
122 66
122 65
122 64
122 63
122 62
122 61
122 60
122 59
123 58
123 57
