274
119 68
120 67
121 67
122 67
123 68
124 69
124 70
124 71
124 72
124 73
123 74
123 75
123 76
123 77
123 78
122 79
122 80
122 81
121 82
121 83
121 84
121 85
121 86
121 87
121 88
121 89
121 90
121 91
121 92
121 93
121 94
121 95
120 96
120 97
120 98
120 99
120 100
120 101
119 102
119 103
119 104
118 105
118 106
118 107
118 108
118 109
117 110
117 111
117 112
116 113
116 114
116 115
115 116
114 117
113 118
113 119
113 120
112 121
112 122
112 123
111 124
111 125
110 126
110 127
109 128
108 129
108 130
108 131
107 132
107 133
106 134
105 135
105 136
104 137
104 138
103 139
103 140
103 141
102 142
102 143
102 144
101 145
101 146
101 147
100 148
100 149
100 150
100 151
99 152
100 153
100 154
99 155
99 156
100 157
99 158
99 159
98 159
97 159
96 159
95 159
94 159
93 159
92 159
91 159
90 159
89 158
88 158
87 158
86 158
85 158
84 157
83 157
82 157
81 156
80 156
79 156
78 155
77 155
76 154
75 154
74 154
73 153
72 153
71 152
70 151
69 151
69 150
70 149
70 148
70 147
70 146
70 145
70 144
70 143
70 142
70 141
70 140
70 139
70 138
69 137
69 136
69 135
69 134
70 133
70 132
70 131
70 130
71 129
71 128
72 127
71 126
72 125
71 124
71 123
70 122
70 121
70 120
69 119
69 118
68 117
69 116
68 115
68 114
68 113
68 112
68 111
68 110
68 109
67 108
67 107
67 106
66 105
65 105
65 104
64 103
64 102
63 101
63 100
63 99
63 98
63 97
63 96
64 95
64 94
64 93
65 92
66 91
67 90
67 89
68 88
68 87
69 86
69 85
69 84
69 83
69 82
69 81
69 80
70 79
70 78
71 77
72 76
73 75
74 75
75 75
76 75
77 75
78 74
79 74
80 74
81 74
82 74
83 73
84 73
85 73
86 72
87 73
88 73
89 73
90 74
90 75
90 76
91 77
91 78
91 79
91 80
92 81
92 82
93 83
94 84
95 85
96 86
97 86
98 87
99 87
100 88
101 89
102 90
103 90
104 91
105 91
106 92
107 93
108 94
109 94
110 95
111 94
112 94
113 93
113 92
113 91
114 90
114 89
114 88
114 87
114 86
114 85
114 84
115 83
115 82
115 81
115 80
116 79
117 78
117 77
117 76
117 75
117 74
117 73
116 72
117 71
117 70
118 69
118 68
