272
129 72
130 71
131 72
131 73
132 74
133 75
133 76
133 77
134 78
134 79
135 80
135 81
134 82
133 83
133 84
133 85
132 86
132 87
132 88
132 89
133 90
133 91
133 92
132 93
132 94
132 95
131 96
131 97
130 98
130 99
130 100
129 101
129 102
128 103
129 104
129 105
129 106
129 107
128 108
128 109
128 110
128 111
128 112
127 113
127 114
128 115
128 116
128 117
128 118
127 119
127 120
126 121
126 122
125 123
125 124
124 125
124 126
124 127
124 128
123 129
123 130
123 131
123 132
122 133
122 134
121 135
121 136
120 137
120 138
120 139
119 140
119 141
118 142
118 143
118 144
118 145
117 145
116 146
116 147
116 148
115 149
115 150
115 151
114 152
113 153
113 154
113 155
113 156
112 157
112 158
111 158
110 159
109 159
108 159
107 159
106 159
105 159
104 159
103 159
102 159
101 159
100 160
99 159
98 159
97 159
96 159
95 159
94 159
93 159
92 159
91 159
90 159
89 158
88 158
87 158
86 158
85 158
84 157
83 157
82 157
81 156
80 156
80 155
79 154
79 153
79 152
78 151
78 150
79 149
79 148
80 147
80 146
79 145
79 144
80 143
80 142
80 141
80 140
80 139
80 138
80 137
80 136
80 135
80 134
80 133
80 132
79 131
79 130
78 129
77 128
77 127
77 126
77 125
78 124
78 123
78 122
79 121
79 120
79 119
79 118
79 117
79 116
79 115
78 114
78 113
77 112
77 111
77 110
78 109
78 108
79 107
79 106
79 105
79 104
80 103
80 102
81 101
81 100
82 99
83 98
84 98
85 97
85 96
86 95
86 94
87 93
87 92
87 91
87 90
86 89
85 88
85 87
86 86
86 85
86 84
87 83
88 83
89 82
90 82
91 82
92 83
92 84
92 85
91 86
91 87
92 88
93 87
94 87
95 86
96 85
97 84
98 84
99 83
100 83
101 82
102 82
103 82
104 82
105 82
106 82
107 82
108 83
109 84
109 85
109 86
110 87
110 88
110 89
110 90
109 91
110 92
110 93
110 94
110 95
111 96
112 96
113 97
114 97
115 97
116 97
117 96
118 97
119 97
120 97
121 96
120 95
121 95
122 94
122 93
122 92
122 91
122 90
122 89
122 88
123 87
123 86
123 85
123 84
122 83
123 84
124 83
124 82
124 81
125 80
125 79
126 78
126 77
126 76
126 75
126 74
127 73
128 73
