322
114 47
115 46
116 46
117 47
118 47
119 48
120 49
120 50
121 51
121 52
121 53
121 54
121 55
121 56
121 57
122 58
121 59
122 60
122 61
122 62
122 63
121 64
121 65
121 66
121 67
120 67
119 68
119 69
119 70
120 71
121 72
121 73
121 74
121 75
121 76
121 77
122 78
121 79
121 80
121 81
121 82
121 83
121 84
121 85
121 86
121 87
121 88
121 89
121 90
121 91
121 92
121 93
121 94
121 95
120 96
121 97
120 98
121 99
121 100
121 101
121 102
121 103
122 104
122 105
122 106
122 107
122 108
122 109
122 110
122 111
122 112
122 113
122 114
123 115
123 116
123 117
123 118
124 119
124 120
124 121
124 122
123 123
123 124
123 125
122 126
122 127
121 128
121 129
121 130
121 131
122 132
121 133
121 134
122 135
122 136
121 137
121 138
121 139
121 140
121 141
120 142
120 143
120 144
120 145
120 146
120 147
120 148
120 149
121 150
121 151
121 152
121 153
121 154
121 155
121 156
120 156
119 156
118 157
117 157
116 157
115 158
114 158
113 158
112 158
111 158
110 159
109 159
108 159
107 159
106 159
105 159
104 159
103 159
102 159
101 159
100 160
99 159
98 159
97 159
96 159
95 159
94 159
93 159
92 159
91 159
90 159
89 158
88 158
87 158
86 158
85 158
84 157
83 157
82 157
82 156
82 155
81 154
81 153
81 152
81 151
81 150
80 149
80 148
80 147
80 146
80 145
80 144
79 143
80 142
79 141
79 140
78 139
78 138
77 137
76 136
75 136
75 135
75 134
74 133
74 132
73 131
73 130
72 129
72 128
72 127
71 126
71 125
70 124
70 123
70 122
69 121
69 120
69 119
68 118
67 117
67 116
66 115
66 114
65 113
65 112
65 111
65 110
64 109
64 108
63 107
63 106
62 105
62 104
62 103
62 102
62 101
62 100
63 99
64 98
65 97
65 96
66 95
67 94
67 93
67 92
67 91
67 90
68 89
68 88
69 87
69 86
69 85
70 84
70 83
70 82
70 81
70 80
71 79
70 78
71 78
72 77
73 78
74 77
75 76
75 75
75 74
76 74
77 74
78 73
79 72
80 72
81 72
82 72
83 72
84 72
85 72
86 72
87 72
88 71
89 70
90 70
91 71
90 72
91 73
91 74
91 75
91 76
90 77
91 78
92 79
93 80
94 81
95 81
96 81
97 82
98 82
99 83
100 83
101 83
102 83
103 84
104 85
105 86
105 87
106 88
107 88
108 88
109 87
110 86
110 85
110 84
111 83
111 82
111 81
111 80
111 79
110 78
110 77
110 76
110 75
111 74
111 73
112 72
112 71
111 70
112 69
112 68
112 67
111 66
112 65
112 64
111 63
111 62
112 61
112 60
112 59
112 58
112 57
112 56
113 55
113 54
113 53
113 52
113 51
113 50
113 49
114 48
