301
111 51
112 50
113 51
114 51
115 52
115 53
116 54
117 55
117 56
117 57
117 58
117 59
118 60
118 61
118 62
118 63
118 64
119 65
119 66
118 67
118 68
119 69
119 70
120 71
120 72
120 73
121 74
121 75
121 76
121 77
121 78
121 79
121 80
120 81
120 82
121 83
121 84
122 85
122 86
122 87
122 88
123 89
123 90
124 91
124 92
124 93
124 94
124 95
124 96
124 97
124 98
123 99
123 100
124 101
124 102
125 103
125 104
125 105
125 106
125 107
124 108
124 109
124 110
124 111
124 112
124 113
124 114
125 115
125 116
126 117
126 118
125 119
125 120
125 121
125 122
125 123
124 124
124 125
124 126
124 127
123 128
123 129
123 130
122 131
122 132
122 133
122 134
122 135
121 136
121 137
121 138
121 139
120 140
120 141
120 142
120 143
120 144
120 145
120 146
120 147
120 148
120 149
120 150
120 151
121 152
121 153
121 154
121 155
121 156
120 156
119 156
118 157
117 157
116 157
115 158
114 158
113 158
112 158
111 158
110 159
109 159
108 159
107 159
106 159
105 159
104 159
103 159
102 159
101 159
100 160
99 159
98 159
97 159
96 159
95 159
94 159
93 159
92 159
91 159
90 159
89 158
88 158
87 158
86 158
85 158
84 157
84 156
84 155
84 154
84 153
84 152
84 151
84 150
84 149
84 148
83 147
83 146
82 145
82 144
82 143
82 142
82 141
82 140
81 139
81 138
81 137
81 136
80 135
79 134
79 133
79 132
78 131
78 130
78 129
77 128
76 128
75 127
74 126
75 125
74 124
73 124
72 123
72 122
72 121
72 120
71 119
71 118
71 117
70 116
69 115
68 114
68 113
68 112
67 111
67 110
66 109
65 108
65 107
65 106
65 105
65 104
66 103
66 102
67 101
67 100
68 99
68 98
68 97
68 96
68 95
68 94
69 93
69 92
69 91
69 90
70 89
70 88
70 87
70 86
70 85
70 84
70 83
70 82
71 81
71 80
72 79
73 78
74 78
75 77
76 77
77 77
78 77
79 76
80 76
81 75
82 75
83 75
84 75
85 74
86 74
87 75
88 75
89 75
90 75
91 76
92 75
93 76
94 77
94 78
94 79
95 80
96 80
97 81
97 82
98 83
99 84
100 84
101 85
102 86
103 87
104 87
105 87
106 87
107 87
108 87
109 86
110 86
111 85
111 84
112 83
112 82
112 81
112 80
112 79
112 78
112 77
112 76
111 75
111 74
111 73
111 72
110 71
110 70
110 69
110 68
110 67
110 66
110 65
109 64
109 63
109 62
109 61
109 60
109 59
109 58
109 57
109 56
109 55
110 54
110 53
110 52
