266
108 64
109 63
110 63
111 63
112 64
113 65
114 66
115 66
116 67
117 68
117 69
117 70
117 71
117 72
118 73
118 74
118 75
118 76
118 77
119 78
119 79
120 80
120 81
121 82
121 83
121 84
122 85
123 86
123 87
124 88
124 89
124 90
124 91
124 92
125 93
125 94
125 95
125 96
126 97
126 98
126 99
126 100
127 101
127 102
128 103
128 104
128 105
128 106
129 107
128 108
129 109
129 110
130 111
130 112
130 113
131 114
131 115
131 116
131 117
131 118
131 119
131 120
131 121
131 122
131 123
131 124
131 125
132 126
132 127
132 128
132 129
133 130
133 131
133 132
133 133
132 134
132 135
132 136
132 137
131 138
131 139
132 140
133 141
133 142
134 143
134 144
134 145
135 146
135 147
135 148
134 149
133 150
132 150
131 151
130 151
129 152
128 153
127 153
126 154
125 154
124 154
123 155
122 155
121 156
120 156
119 156
118 157
117 157
116 157
115 158
114 158
113 158
112 158
111 158
110 159
109 159
108 159
107 159
106 159
105 159
104 159
103 159
102 159
101 159
100 159
100 158
100 157
100 156
100 155
100 154
99 153
99 152
98 151
98 150
98 149
98 148
97 147
96 147
96 146
95 145
95 144
94 143
93 142
92 141
91 140
90 139
89 138
88 137
88 136
87 135
86 135
85 134
84 133
83 132
82 131
82 130
81 129
80 129
79 128
78 127
77 126
77 125
76 124
76 123
75 122
74 121
73 120
72 119
72 118
71 117
71 116
70 115
69 114
69 113
69 112
69 111
69 110
68 109
68 108
68 107
68 106
68 105
68 104
68 103
67 102
67 101
67 100
67 99
67 98
67 97
67 96
68 95
68 94
68 93
68 92
69 92
70 91
70 90
71 90
72 89
72 88
73 88
74 87
75 86
76 85
76 84
77 83
78 82
78 81
79 81
80 81
81 81
82 82
83 83
84 84
85 85
86 85
87 86
88 87
89 88
90 88
91 88
92 89
93 88
94 88
95 88
96 88
97 88
98 88
99 89
100 90
101 90
102 90
103 91
104 91
105 90
106 90
107 90
108 89
108 88
109 88
110 88
111 88
112 87
112 86
113 85
113 84
113 83
112 82
112 81
111 80
110 79
110 78
109 77
109 76
109 75
109 74
109 73
109 72
109 71
108 70
108 69
107 68
107 67
107 66
107 65
