285
114 60
114 59
115 59
116 59
117 59
118 60
118 61
119 62
119 63
119 64
120 65
120 66
120 67
120 68
120 69
119 70
120 71
120 72
120 73
121 74
122 75
121 75
120 76
120 77
120 78
120 79
120 80
120 81
120 82
120 83
120 84
121 85
120 86
120 87
120 88
121 89
121 90
122 91
121 92
122 93
122 94
122 95
122 96
122 97
122 98
122 99
122 100
122 101
122 102
122 103
122 104
122 105
122 106
122 107
122 108
122 109
121 110
121 111
121 112
122 113
122 114
122 115
122 116
122 117
122 118
122 119
122 120
122 121
121 122
121 123
121 124
121 125
121 126
120 127
120 128
120 129
120 130
119 131
118 132
118 133
118 134
119 135
119 136
118 137
118 138
118 139
118 140
119 141
119 142
118 143
118 144
119 145
119 146
119 147
119 148
119 149
119 150
119 151
120 152
120 153
120 154
120 155
120 156
119 156
118 157
117 157
116 157
115 158
114 158
113 158
112 158
111 158
110 159
109 159
108 159
107 159
106 159
105 159
104 159
103 159
102 159
101 159
100 160
99 159
98 159
97 159
96 159
95 159
94 159
93 159
92 159
91 159
90 159
89 158
88 158
87 158
86 158
86 157
86 156
86 155
86 154
86 153
85 152
85 151
86 150
86 149
86 148
86 147
86 146
85 145
84 145
84 144
84 143
84 142
84 141
84 140
83 139
82 138
82 137
82 136
81 135
81 134
81 133
81 132
81 131
81 130
80 129
79 128
79 127
78 126
78 125
78 124
78 123
77 122
77 121
76 120
76 119
76 118
76 117
75 116
74 115
74 114
74 113
74 112
73 111
73 110
73 109
73 108
72 107
72 106
71 105
71 104
71 103
71 102
71 101
71 100
72 99
72 98
73 97
73 96
74 95
74 94
75 93
75 92
76 91
76 90
76 89
76 88
76 87
77 86
77 85
77 84
77 83
78 82
78 81
79 80
79 79
80 78
79 77
79 76
80 75
81 75
82 74
83 75
84 75
85 75
86 75
87 76
88 75
89 74
90 73
91 72
92 73
93 72
94 72
95 73
96 74
96 75
96 76
96 77
96 78
96 79
96 80
97 81
97 82
97 83
98 84
98 85
99 86
100 86
101 87
102 88
103 88
104 88
105 89
106 89
107 88
108 87
109 86
108 85
109 84
109 83
109 82
110 81
110 80
110 79
111 78
111 77
112 76
112 75
113 74
113 73
114 72
114 71
113 70
113 69
112 68
111 67
111 66
111 65
111 64
111 63
111 62
112 61
113 61
