272
121 56
122 55
123 55
124 56
125 57
126 57
127 58
127 59
127 60
128 61
128 62
129 63
129 64
129 65
129 66
129 67
128 68
128 69
128 70
128 71
128 72
128 73
129 74
128 75
129 76
129 77
130 78
131 79
130 80
130 81
131 82
131 83
131 84
131 85
131 86
132 87
132 88
132 89
133 90
133 91
134 92
134 93
134 94
134 95
134 96
135 97
135 98
135 99
135 100
135 101
135 102
135 103
135 104
135 105
135 106
135 107
135 108
136 109
136 110
136 111
136 112
136 113
137 114
137 115
137 116
136 117
137 118
137 119
137 120
137 121
136 122
136 123
136 124
136 125
135 126
135 127
135 128
135 129
134 130
134 131
135 132
135 133
135 134
135 135
135 136
135 137
135 138
135 139
135 140
135 141
136 142
135 143
136 144
135 145
136 146
135 147
136 148
135 148
134 149
133 150
132 150
131 151
130 151
129 152
128 153
127 153
126 154
125 154
124 154
123 155
122 155
121 156
120 156
119 156
118 157
117 157
116 157
115 158
114 158
113 158
112 158
111 158
110 159
109 159
108 159
107 159
106 159
105 159
104 159
103 159
103 158
102 157
102 156
102 155
102 154
101 153
100 152
100 151
100 150
100 149
100 148
100 147
100 146
99 145
98 144
97 143
97 142
97 141
96 140
96 139
96 138
96 137
96 136
95 135
94 134
93 133
93 132
93 131
93 130
93 129
92 128
91 127
91 126
90 125
90 124
89 123
88 122
88 121
87 120
87 119
86 118
86 117
85 116
85 115
84 114
83 113
84 112
83 111
83 110
83 109
83 108
83 107
83 106
83 105
83 104
84 103
84 102
85 101
85 100
86 99
86 98
86 97
86 96
86 95
86 94
86 93
86 92
86 91
86 90
87 89
87 88
88 87
89 86
90 85
91 85
92 84
93 83
94 82
94 81
95 80
96 79
96 78
97 78
98 78
99 77
99 76
100 76
101 75
102 75
103 75
103 76
104 77
105 78
105 79
106 80
106 81
106 82
107 83
108 84
109 85
110 85
111 86
112 87
113 88
114 88
115 89
116 90
117 90
118 89
119 89
120 88
120 87
121 86
121 85
121 84
121 83
121 82
121 81
122 80
122 79
122 78
122 77
122 76
122 75
122 74
122 73
122 72
122 71
122 70
122 69
122 68
121 67
121 66
121 65
121 64
121 63
121 62
121 61
121 60
121 59
121 58
121 57
