270
124 68
125 67
126 68
127 69
127 70
127 71
127 72
127 73
127 74
127 75
127 76
127 77
126 78
125 79
125 80
125 81
124 82
124 83
124 84
123 85
123 86
123 87
123 88
122 89
122 90
122 91
122 92
122 93
122 94
122 95
121 96
121 97
121 98
120 99
120 100
119 101
119 102
119 103
119 104
118 105
118 106
117 107
117 108
117 109
116 110
116 111
115 112
115 113
114 114
113 115
113 116
112 117
112 118
111 119
111 120
110 121
109 122
109 123
108 124
107 125
106 126
106 127
106 128
105 129
105 130
104 131
104 132
103 133
103 134
103 135
102 136
102 137
102 138
102 139
102 140
101 141
101 142
101 143
101 144
101 145
100 146
100 147
100 148
100 149
100 150
100 151
100 152
100 153
100 154
100 155
100 156
100 157
100 158
100 159
99 159
98 159
97 159
96 159
95 159
94 159
93 159
92 159
91 159
90 159
89 158
88 158
87 158
86 158
85 158
84 157
83 157
82 157
81 156
80 156
79 156
78 155
77 155
76 154
75 154
74 154
73 153
72 153
71 152
70 151
70 150
70 149
70 148
70 147
70 146
70 145
70 144
70 143
70 142
70 141
70 140
70 139
70 138
69 137
69 136
69 135
69 134
70 133
70 132
70 131
71 130
71 129
71 128
71 127
71 126
72 125
72 124
71 123
71 122
71 121
71 120
71 119
71 118
71 117
71 116
71 115
71 114
71 113
71 112
71 111
70 110
70 109
70 108
71 107
71 106
70 105
70 104
71 103
71 102
70 101
70 100
71 99
71 98
72 97
72 96
72 95
72 94
72 93
73 92
73 91
74 90
74 89
75 88
76 88
77 87
78 86
79 85
79 84
79 83
79 82
80 81
81 80
82 79
83 78
84 77
85 76
85 75
86 74
87 74
88 74
89 74
90 74
91 74
92 74
93 74
94 73
95 73
96 73
97 73
98 73
99 73
100 72
101 72
102 73
103 74
103 75
103 76
102 77
102 78
102 79
102 80
102 81
102 82
102 83
102 84
102 85
103 86
104 86
105 87
105 88
106 89
107 89
107 90
107 91
107 92
108 93
109 93
110 93
111 93
112 93
113 93
114 92
114 91
114 90
114 89
114 88
115 87
115 86
116 85
117 84
118 83
119 82
119 81
120 80
120 79
120 78
120 77
120 76
120 75
119 74
120 73
120 72
121 71
122 70
122 69
123 69
