276
130 70
131 69
132 69
133 69
134 70
134 71
135 72
135 73
135 74
136 75
136 76
135 77
135 78
135 79
134 80
135 81
135 82
134 81
133 82
133 83
132 84
132 85
131 86
131 87
130 88
130 89
130 90
129 91
129 92
128 93
128 94
127 95
126 96
126 97
125 98
125 99
125 100
125 101
124 102
124 103
124 104
123 105
123 106
123 107
122 108
122 109
121 110
120 111
119 112
119 113
119 114
118 115
118 116
118 117
118 118
118 119
118 120
117 121
117 122
117 123
116 124
116 125
116 126
115 127
114 128
114 129
113 130
113 131
112 132
112 133
111 133
110 134
110 135
109 136
108 137
108 138
107 139
107 140
106 141
105 142
104 143
104 144
103 145
103 146
102 147
102 148
101 149
101 150
101 151
101 152
101 153
100 154
100 155
100 156
100 157
100 158
100 159
99 159
98 159
97 159
96 159
95 159
94 159
93 159
92 159
91 159
90 159
89 158
88 158
87 158
86 158
85 158
84 157
83 157
82 157
81 156
80 156
79 156
78 155
77 155
76 154
75 154
74 154
73 153
72 153
71 152
70 151
69 151
68 150
68 149
68 148
68 147
68 146
69 145
69 144
70 143
70 142
71 141
71 140
72 139
72 138
73 137
74 136
73 135
74 134
74 133
73 132
72 131
72 130
72 129
72 128
72 127
72 126
72 125
72 124
72 123
72 122
72 121
72 120
72 119
72 118
73 117
73 116
73 115
73 114
73 113
73 112
73 111
73 110
73 109
73 108
73 107
73 106
73 105
73 104
73 103
73 102
73 101
73 100
73 99
73 98
73 97
73 96
74 95
75 94
75 93
76 92
77 92
78 91
79 90
79 89
80 88
81 88
82 87
82 86
83 86
84 85
84 84
85 83
85 82
86 81
86 80
86 79
86 78
87 78
88 78
89 78
90 78
91 78
92 77
93 77
94 77
95 76
96 77
97 77
98 77
99 76
100 76
101 75
102 76
103 75
104 76
104 77
104 78
104 79
104 80
104 81
104 82
103 83
104 84
104 85
104 86
104 87
105 88
106 89
107 89
108 90
109 90
110 90
109 91
110 92
111 93
111 94
112 95
112 96
112 97
113 98
114 98
115 97
116 97
117 96
117 95
118 94
118 93
119 92
120 91
120 90
120 89
121 88
121 87
122 86
123 85
123 84
124 83
125 82
126 81
126 80
126 79
127 78
127 77
127 76
128 75
128 74
129 73
129 72
130 71
