274
124 65
125 64
126 64
127 65
128 66
129 67
129 68
128 69
128 70
128 71
128 72
129 73
129 74
129 75
129 76
129 77
130 78
131 79
130 78
129 79
129 80
129 81
128 82
128 83
128 84
128 85
128 86
128 87
128 88
128 89
128 90
128 91
127 92
127 93
127 94
126 95
125 96
126 97
126 98
126 99
127 100
127 101
127 102
127 103
127 104
127 105
127 106
126 107
126 108
126 109
127 110
127 111
127 112
127 113
127 114
127 115
128 116
127 117
127 118
127 119
127 120
127 121
126 122
126 123
126 124
126 125
125 126
125 127
124 128
124 129
124 130
123 131
123 132
123 133
124 134
123 135
123 136
122 137
122 138
122 139
121 140
121 141
120 142
120 143
120 144
120 145
119 146
119 147
119 148
119 149
119 150
118 151
118 152
118 153
118 154
117 155
117 156
117 157
116 157
115 158
114 158
113 158
112 158
111 158
110 159
109 159
108 159
107 159
106 159
105 159
104 159
103 159
102 159
101 159
100 160
99 159
98 159
97 159
96 159
95 159
94 159
93 159
92 159
91 159
90 159
89 158
88 158
87 158
86 158
85 158
84 157
83 157
83 156
83 155
84 154
84 153
84 152
84 151
84 150
84 149
84 148
84 147
84 146
84 145
84 144
84 143
84 142
85 141
85 140
86 139
86 138
86 137
86 136
85 135
84 135
84 134
84 133
84 132
83 131
83 130
83 129
82 128
82 127
81 126
80 125
81 124
80 123
80 122
79 121
79 120
78 119
78 118
78 117
77 116
76 115
75 114
75 113
74 112
74 111
74 110
73 109
72 108
72 107
72 106
72 105
72 104
72 103
72 102
72 101
72 100
72 99
73 98
73 97
73 96
73 95
73 94
73 93
74 92
73 91
74 90
74 89
74 88
74 87
75 86
75 85
75 84
75 83
75 82
75 81
76 80
77 79
78 79
79 78
80 77
81 77
82 77
83 77
84 77
85 76
86 76
87 76
88 76
89 76
90 75
91 75
92 75
93 74
94 75
95 76
96 76
97 77
98 78
99 78
100 79
101 80
102 81
103 82
103 83
104 84
105 84
106 85
107 85
108 85
109 85
110 86
111 87
112 88
113 88
114 88
115 89
116 89
117 88
117 87
117 86
118 85
119 84
119 83
119 82
119 81
119 80
118 79
119 78
120 77
121 76
121 75
122 74
122 73
122 72
122 71
122 70
122 69
122 68
122 67
123 66
