272
112 56
113 55
114 55
115 56
115 57
116 58
117 59
117 60
117 61
117 62
117 63
118 64
118 65
118 66
118 67
118 68
118 69
119 70
120 71
120 72
120 73
120 74
120 75
120 76
119 77
120 78
120 79
120 80
120 81
120 82
120 83
120 84
121 85
122 86
123 87
123 88
124 89
125 90
125 91
125 92
125 93
126 94
126 95
126 96
126 97
127 98
127 99
128 100
128 101
129 102
129 103
129 104
130 105
130 106
130 107
130 108
130 109
130 110
131 111
131 112
132 113
132 114
132 115
132 116
132 117
132 118
133 119
133 120
133 121
133 122
133 123
134 124
133 125
134 126
134 127
134 128
135 129
135 130
135 131
135 132
135 133
135 134
135 135
136 136
136 137
136 138
137 139
138 139
138 140
139 141
139 142
139 143
139 144
139 145
138 146
137 147
136 148
135 148
134 149
133 150
132 150
131 151
130 151
129 152
128 153
127 153
126 154
125 154
124 154
123 155
122 155
121 156
120 156
119 156
118 157
117 157
116 157
115 158
114 158
113 158
112 158
111 158
110 159
110 158
109 157
109 156
108 155
108 154
107 153
107 152
106 151
106 150
106 149
106 148
106 147
106 146
105 145
104 145
104 144
103 143
103 142
103 141
103 140
103 139
102 138
101 137
101 136
100 135
99 134
98 134
97 133
96 133
95 132
94 131
94 130
93 129
93 128
92 127
91 126
90 125
89 124
89 123
89 122
88 121
87 120
87 119
86 118
85 117
84 116
83 115
83 114
83 113
83 112
83 111
83 110
84 109
84 108
84 107
84 106
84 105
83 104
83 103
83 102
84 101
83 100
83 99
83 98
83 97
83 96
83 95
82 94
81 95
81 96
80 95
80 94
79 93
78 92
78 91
78 90
79 89
79 88
80 88
81 87
82 86
83 86
84 87
85 87
86 86
86 85
87 84
88 83
89 82
90 81
91 80
92 80
93 80
94 80
95 81
96 82
97 83
97 84
97 85
97 86
97 87
98 88
99 89
100 89
101 89
102 90
103 90
104 90
105 89
106 90
107 89
108 89
109 89
110 89
111 89
112 88
113 88
114 87
114 86
113 85
113 84
114 83
114 82
113 81
113 80
112 79
113 78
113 77
113 76
113 75
113 74
114 73
114 72
114 71
113 70
112 69
111 69
111 68
110 67
110 66
110 65
110 64
110 63
110 62
111 61
111 60
112 59
112 58
112 57
