265
117 64
118 63
119 63
120 64
120 65
120 66
121 67
121 68
121 69
120 70
120 71
120 72
120 73
121 74
121 75
122 76
122 77
122 78
122 79
123 80
123 81
123 82
123 83
123 84
123 85
123 86
124 87
124 88
124 89
124 90
124 91
123 92
124 93
124 94
124 95
124 96
124 97
124 98
124 99
124 100
124 101
124 102
124 103
124 104
124 105
124 106
124 107
124 108
124 109
123 110
123 111
123 112
123 113
124 114
124 115
124 116
124 117
124 118
124 119
124 120
124 121
124 122
124 123
123 124
123 125
123 126
123 127
123 128
122 129
122 130
122 131
122 132
122 133
121 134
121 135
121 136
121 137
121 138
121 139
120 140
120 141
119 142
119 143
119 144
119 145
119 146
120 147
119 148
119 149
120 150
120 151
120 152
119 153
119 154
119 155
119 156
118 157
117 157
116 157
115 158
114 158
113 158
112 158
111 158
110 159
109 159
108 159
107 159
106 159
105 159
104 159
103 159
102 159
101 159
100 160
99 159
98 159
97 159
96 159
95 159
94 159
93 159
92 159
91 159
90 159
89 158
88 158
87 158
87 157
87 156
86 155
86 154
86 153
85 152
85 151
85 150
86 149
86 148
85 147
85 146
85 145
85 144
85 143
85 142
84 141
84 140
84 139
84 138
83 137
82 136
81 135
81 134
81 133
81 132
80 131
80 130
80 129
79 128
79 127
78 126
78 125
78 124
78 123
78 122
77 121
77 120
77 119
78 118
77 117
76 116
76 115
76 114
76 113
75 112
74 111
74 110
73 109
73 108
73 107
73 106
73 105
73 104
72 103
73 102
74 101
74 100
75 99
75 98
76 97
76 96
77 96
78 95
78 94
78 93
78 92
78 91
78 90
78 89
78 88
79 87
79 86
80 85
80 84
81 83
82 83
83 83
84 83
85 82
86 82
87 82
88 82
89 82
90 82
91 82
92 81
93 81
94 82
95 82
96 81
97 81
97 82
97 83
97 84
97 85
98 86
99 87
100 88
101 89
102 90
103 90
104 90
105 91
106 91
107 92
108 92
109 92
110 92
111 91
112 91
113 90
113 89
113 88
114 87
114 86
114 85
114 84
114 83
114 82
115 81
115 80
115 79
115 78
115 77
115 76
115 75
115 74
115 73
115 72
115 71
116 70
115 69
115 68
115 67
115 66
116 65
