250
93 76
94 75
95 75
96 76
97 76
98 77
99 77
100 77
101 77
102 77
103 77
104 78
105 78
105 79
106 80
106 81
106 82
107 83
107 84
108 85
108 86
108 87
108 88
108 89
108 90
108 91
108 92
109 93
110 94
110 95
111 96
111 97
112 98
112 99
112 100
113 101
113 102
113 103
114 104
115 104
116 105
117 105
118 104
119 104
120 103
121 102
122 101
123 100
123 99
124 98
125 98
126 97
127 96
127 95
127 94
128 93
128 92
128 91
128 90
129 89
130 88
130 87
131 86
132 85
132 84
133 83
134 83
135 83
136 84
135 85
136 86
136 87
136 88
136 89
135 90
135 91
135 92
135 93
134 94
133 95
132 96
132 97
131 98
131 99
130 100
130 101
130 102
129 103
129 104
128 105
128 106
127 107
127 108
126 109
125 110
125 111
124 112
124 113
123 114
123 115
123 116
122 117
122 118
121 119
121 120
120 121
119 122
118 123
117 123
116 124
116 125
115 126
114 126
113 127
113 128
112 128
111 129
110 130
109 131
108 132
107 133
106 134
105 135
104 136
103 136
102 137
101 138
100 139
99 140
98 140
97 141
97 142
96 143
96 144
95 145
94 146
94 147
93 148
93 149
92 150
92 151
91 152
90 153
89 154
88 155
88 156
88 157
88 158
87 158
86 158
85 158
84 157
83 157
82 157
81 156
80 156
79 156
78 155
77 155
76 154
75 154
74 154
73 153
72 153
71 152
70 151
69 151
68 150
67 150
66 149
65 148
64 148
63 147
62 146
62 145
62 144
62 143
62 142
63 141
64 140
64 139
64 138
65 137
65 136
65 135
66 134
67 133
68 132
69 131
69 130
70 129
70 128
70 127
70 126
70 125
71 124
71 123
71 122
72 121
72 120
73 119
73 118
73 117
73 116
74 115
74 114
74 113
74 112
75 111
75 110
75 109
75 108
75 107
74 106
74 105
74 104
74 103
74 102
74 101
75 100
76 99
76 98
76 97
76 96
76 95
75 94
75 93
76 92
76 91
76 90
77 90
78 89
78 88
79 87
80 86
81 85
82 84
83 84
84 84
85 83
85 82
86 81
86 80
87 79
87 78
88 77
89 77
90 76
91 76
92 76
