266
120 70
121 69
122 69
123 70
124 71
124 72
124 73
124 74
124 75
124 76
125 77
124 78
124 79
124 80
124 81
124 82
123 83
123 84
123 85
122 86
122 87
122 88
122 89
121 90
121 91
121 92
120 93
120 94
120 95
119 96
119 97
118 98
118 99
118 100
118 101
118 102
118 103
118 104
118 105
118 106
118 107
117 108
117 109
116 110
116 111
115 112
115 113
114 114
114 115
113 116
114 117
114 118
114 119
114 120
114 121
114 122
113 123
113 124
112 125
112 126
112 127
111 128
111 129
110 130
109 130
108 131
108 132
108 133
107 134
107 135
107 136
106 137
106 138
105 139
105 140
104 141
103 142
103 143
102 144
101 145
101 146
100 147
99 148
99 149
99 150
98 151
98 152
98 153
97 154
97 155
97 156
97 157
96 158
96 159
95 159
94 159
93 159
92 159
91 159
90 159
89 158
88 158
87 158
86 158
85 158
84 157
83 157
82 157
81 156
80 156
79 156
78 155
77 155
76 154
75 154
74 154
73 153
72 153
71 152
70 151
69 151
68 150
67 150
66 149
65 148
64 148
64 147
64 146
65 145
65 144
66 143
66 142
67 141
67 140
67 139
66 138
67 137
66 136
67 135
67 134
67 133
67 132
67 131
67 130
68 129
67 128
67 127
67 126
67 125
66 124
66 123
66 122
66 121
66 120
66 119
66 118
66 117
66 116
66 115
66 114
65 113
65 112
65 111
65 110
65 109
65 108
65 107
65 106
65 105
65 104
65 103
65 102
65 101
65 100
65 99
65 98
66 97
66 96
67 95
67 94
68 93
68 92
69 91
70 91
71 90
72 89
73 89
74 88
75 87
76 86
76 85
77 84
78 83
78 82
79 81
80 80
81 80
82 80
83 79
84 79
85 79
86 79
87 79
88 78
89 78
90 79
91 79
92 79
93 80
94 80
95 80
96 81
97 81
98 81
99 81
100 81
100 82
99 83
98 84
97 85
98 86
99 86
99 87
99 88
100 89
100 90
101 91
102 91
102 92
102 93
102 94
103 95
104 95
105 96
106 96
107 97
108 98
109 98
110 98
111 97
111 96
111 95
111 94
111 93
112 92
113 91
113 90
114 89
114 88
114 87
113 86
113 85
113 84
114 83
115 82
115 81
116 80
116 79
116 78
117 77
118 76
118 75
118 74
118 73
119 72
119 71
