256
117 63
117 62
118 62
119 62
120 62
121 63
121 64
121 65
122 66
122 67
121 68
121 69
121 70
122 71
122 72
123 73
123 74
124 75
125 76
126 77
126 78
127 79
127 80
127 81
128 82
129 82
129 83
129 84
129 85
129 86
129 87
129 88
129 89
129 90
129 91
129 92
129 93
130 94
130 95
131 96
131 97
131 98
131 99
132 100
132 101
132 102
132 103
132 104
132 105
132 106
133 107
133 108
133 109
134 110
134 111
134 112
135 113
135 114
135 115
135 116
135 117
135 118
135 119
135 120
135 121
135 122
135 123
135 124
135 125
135 126
135 127
136 128
135 129
135 130
135 131
135 132
135 133
135 134
134 135
134 136
135 137
134 138
134 139
135 140
135 141
136 142
136 143
137 144
137 145
137 146
137 147
136 148
135 148
134 149
133 150
132 150
131 151
130 151
129 152
128 153
127 153
126 154
125 154
124 154
123 155
122 155
121 156
120 156
119 156
118 157
117 157
116 157
115 158
114 158
113 158
112 158
111 158
110 159
109 159
108 159
107 159
106 159
105 159
105 158
105 157
105 156
104 155
104 154
103 153
102 153
102 152
102 151
102 150
101 149
101 148
100 147
99 146
98 145
98 144
97 143
96 142
96 141
95 140
95 139
95 138
95 137
94 136
93 135
92 134
91 133
91 132
90 131
89 130
89 129
89 128
88 127
88 126
87 125
86 124
86 123
86 122
86 121
85 120
85 119
85 118
84 117
84 116
84 115
84 114
84 113
84 112
84 111
85 110
85 109
85 108
85 107
85 106
86 105
86 104
86 103
86 102
86 101
85 100
86 99
86 98
86 97
86 96
85 95
86 95
87 94
88 93
89 92
88 91
87 90
88 90
89 89
90 89
91 88
92 88
93 87
94 87
95 86
96 85
97 84
98 83
99 83
100 84
100 85
101 86
102 87
102 88
103 89
104 90
105 91
106 92
107 92
108 93
109 94
110 94
111 94
112 94
113 94
114 94
115 94
116 94
117 94
118 93
118 92
118 91
118 90
118 89
119 88
119 87
119 86
119 85
119 84
119 83
119 82
120 81
119 80
119 79
119 78
119 77
119 76
118 75
118 74
118 73
117 72
117 71
117 70
116 69
117 68
116 67
116 66
117 65
117 64
