251
94 77
95 76
96 77
97 77
98 78
98 79
98 80
99 81
99 82
100 83
101 84
101 85
102 86
103 87
104 88
105 88
106 89
107 90
108 91
109 92
109 93
110 94
111 95
112 96
113 96
114 96
115 96
116 95
117 94
118 93
118 92
119 91
119 90
120 89
120 88
121 87
121 86
121 85
121 84
122 83
122 82
122 81
123 80
122 79
121 78
122 77
123 77
124 77
125 77
126 77
127 77
128 77
129 78
129 79
129 80
129 81
129 82
129 83
129 84
129 85
130 86
129 86
128 86
127 87
127 88
127 89
126 90
126 91
126 92
126 93
126 94
126 95
125 96
125 97
125 98
124 99
124 100
124 101
123 102
123 103
122 104
122 105
122 106
122 107
122 108
121 109
121 110
121 111
121 112
120 113
120 114
119 115
119 116
119 117
118 118
119 119
119 120
118 121
118 122
118 123
117 124
117 125
116 126
116 127
116 128
116 129
116 130
115 131
114 132
114 133
113 134
113 135
112 136
111 137
111 138
110 139
109 140
108 141
107 142
106 143
106 144
105 145
105 146
105 147
104 148
104 149
104 150
103 151
103 152
102 153
102 154
102 155
102 156
101 157
101 158
101 159
100 160
99 159
98 159
97 159
96 159
95 159
94 159
93 159
92 159
91 159
90 159
89 158
88 158
87 158
86 158
85 158
84 157
83 157
82 157
81 156
80 156
79 156
78 155
77 155
76 154
75 154
74 154
73 153
72 153
71 152
72 151
72 150
72 149
72 148
72 147
73 146
73 145
73 144
72 143
72 142
72 141
73 141
74 140
75 139
75 138
76 137
77 136
77 135
78 134
78 133
77 132
77 131
77 130
77 129
76 128
76 127
76 126
76 125
75 124
75 123
75 122
75 121
75 120
75 119
75 118
75 117
75 116
74 115
74 114
74 113
74 112
74 111
74 110
73 109
73 108
74 107
74 106
74 105
74 104
73 103
73 102
73 101
73 100
73 99
73 98
73 97
73 96
74 95
75 94
75 93
76 92
77 91
77 90
78 89
78 88
79 87
79 86
79 85
80 84
80 83
80 82
80 81
81 80
82 80
83 79
84 79
85 79
86 79
87 79
88 79
89 79
90 79
91 78
92 78
93 77
