264
124 69
124 68
125 68
126 69
125 70
125 71
125 72
126 73
125 74
125 75
125 76
125 77
126 78
127 79
128 80
127 81
126 82
127 83
126 84
127 85
126 86
126 87
127 88
126 89
126 90
126 91
126 92
126 93
126 94
125 95
125 96
125 97
125 98
126 99
126 100
126 101
126 102
125 103
125 104
125 105
125 106
125 107
125 108
124 109
124 110
124 111
124 112
123 113
123 114
122 115
123 116
122 117
122 118
121 119
121 120
121 121
120 122
120 123
119 124
119 125
119 126
118 127
117 128
116 129
116 130
116 131
116 132
115 133
115 134
114 135
114 136
114 137
113 138
112 139
111 140
110 141
109 142
109 143
108 144
108 145
108 146
108 147
108 148
108 149
108 150
108 151
108 152
108 153
107 154
107 155
107 156
106 157
106 158
106 159
105 159
104 159
103 159
102 159
101 159
100 160
99 159
98 159
97 159
96 159
95 159
94 159
93 159
92 159
91 159
90 159
89 158
88 158
87 158
86 158
85 158
84 157
83 157
82 157
81 156
80 156
79 156
78 155
77 155
76 154
75 154
74 154
74 153
75 152
75 151
75 150
75 149
76 148
76 147
76 146
76 145
76 144
76 143
77 142
77 141
77 140
78 139
78 138
78 137
78 136
78 135
78 134
77 133
77 132
77 131
76 130
77 129
77 128
77 127
77 126
77 125
77 124
77 123
76 122
76 121
75 120
74 119
74 118
74 117
74 116
75 115
75 114
74 113
74 112
74 111
74 110
73 109
73 108
73 107
73 106
72 105
72 104
72 103
72 102
72 101
73 100
73 99
74 98
74 97
74 96
75 96
76 95
76 94
77 93
77 92
78 91
78 90
79 89
79 88
80 87
80 86
81 85
82 84
83 84
84 83
85 82
86 81
87 81
88 80
89 80
90 80
91 80
92 80
93 80
94 80
95 81
96 81
97 81
98 81
99 81
100 81
101 81
101 82
101 83
101 84
101 85
101 86
101 87
101 88
101 89
102 90
103 90
104 91
105 92
106 92
107 93
108 94
109 95
110 96
111 97
112 97
113 97
114 97
115 96
116 95
116 94
116 93
116 92
117 91
117 90
116 89
116 88
116 87
117 86
117 85
118 84
118 83
119 82
119 81
120 80
121 79
121 78
122 77
122 76
122 75
123 74
123 73
123 72
123 71
123 70
