274
117 66
118 65
119 66
120 67
120 68
120 69
120 70
120 71
120 72
121 73
121 74
120 75
120 76
120 77
120 78
119 79
120 80
120 81
119 82
119 83
119 84
119 85
119 86
119 87
119 88
119 89
119 90
119 91
119 92
119 93
119 94
118 95
118 96
117 97
117 98
117 99
117 100
117 101
117 102
117 103
117 104
117 105
116 106
116 107
116 108
115 109
115 110
115 111
114 112
114 113
114 114
114 115
114 116
114 117
114 118
114 119
114 120
114 121
113 122
113 123
113 124
112 125
112 126
112 127
112 128
111 129
111 130
110 131
110 132
109 133
109 134
108 135
108 136
108 137
107 138
107 139
106 140
106 141
105 142
105 143
105 144
105 145
105 146
104 147
104 148
105 149
104 150
104 151
104 152
104 153
104 154
104 155
103 156
103 157
103 158
103 159
102 159
101 159
100 160
99 159
98 159
97 159
96 159
95 159
94 159
93 159
92 159
91 159
90 159
89 158
88 158
87 158
86 158
85 158
84 157
83 157
82 157
81 156
80 156
79 156
78 155
77 155
76 154
75 154
74 154
73 153
72 153
71 152
70 151
70 150
71 149
71 148
71 147
71 146
71 145
71 144
71 143
70 142
70 141
70 140
70 139
69 138
70 137
70 136
69 135
69 134
69 133
69 132
69 131
69 130
69 129
69 128
69 127
68 126
68 125
67 124
67 123
67 122
68 121
68 120
68 119
68 118
68 117
68 116
68 115
68 114
67 113
67 112
67 111
67 110
67 109
67 108
67 107
67 106
67 105
67 104
67 103
67 102
67 101
67 100
67 99
68 98
68 97
68 96
69 96
70 95
70 94
71 93
72 92
73 91
74 90
75 89
74 88
75 87
76 87
77 86
77 85
78 84
79 83
79 82
79 81
79 80
80 81
81 82
82 81
83 80
84 79
85 78
85 77
86 77
87 76
87 75
88 76
89 76
90 76
91 76
92 76
93 75
94 75
95 74
96 75
97 74
98 74
98 75
98 76
97 77
97 78
97 79
96 80
96 81
96 82
96 83
97 84
98 85
99 86
100 87
100 88
100 89
101 90
102 90
103 91
104 91
105 91
106 91
107 91
107 92
108 93
109 92
109 91
109 90
110 89
110 88
110 87
110 86
111 85
111 84
111 83
112 82
113 81
113 80
113 79
113 78
113 77
114 76
114 75
114 74
115 73
115 72
115 71
115 70
115 69
115 68
115 67
116 66
