268
116 54
117 53
118 53
119 54
120 55
121 56
121 57
122 58
122 59
122 60
122 61
122 62
121 63
121 64
122 65
121 66
122 67
123 67
123 68
124 69
125 70
126 71
127 72
127 73
128 74
128 75
129 76
129 77
130 78
131 79
131 80
131 81
131 82
131 83
132 84
133 85
133 86
133 87
133 88
133 89
134 90
134 91
135 92
135 93
136 94
136 95
136 96
136 97
136 98
136 99
137 100
137 101
137 102
137 103
138 104
138 105
139 106
139 107
139 108
139 109
139 110
139 111
139 112
139 113
139 114
140 115
140 116
140 117
140 118
140 119
140 120
140 121
140 122
141 123
141 124
141 125
141 126
142 127
142 128
142 129
142 130
142 131
142 132
142 133
142 134
142 135
142 136
142 137
142 138
141 139
142 140
142 141
142 142
141 143
140 144
139 145
138 146
137 147
136 148
135 148
134 149
133 150
132 150
131 151
130 151
129 152
128 153
127 153
126 154
125 154
124 154
123 155
122 155
121 156
120 156
119 156
118 157
117 157
116 157
115 158
114 158
113 158
112 158
112 157
112 156
111 155
111 154
111 153
111 152
111 151
111 150
111 149
111 148
110 147
110 146
109 145
109 144
109 143
108 142
108 141
107 140
106 140
106 139
105 138
105 137
104 136
103 135
102 134
101 133
100 132
99 131
99 130
98 129
97 128
96 127
95 126
94 125
94 124
94 123
94 122
94 121
94 120
93 119
93 118
92 117
91 116
91 115
90 114
89 113
88 113
88 112
88 111
88 110
88 109
88 108
88 107
88 106
89 106
90 105
90 104
90 103
90 102
90 101
90 100
90 99
90 98
89 97
89 96
89 95
89 94
88 93
88 92
88 91
88 90
88 89
88 88
87 87
88 88
89 88
90 89
91 88
91 87
92 86
93 85
93 84
94 83
95 82
95 81
95 80
96 80
97 79
98 79
99 78
100 77
101 76
102 76
103 76
104 77
105 78
105 79
106 80
105 81
105 82
106 83
107 84
108 84
109 84
110 85
111 85
112 86
113 86
114 87
115 87
116 87
117 87
118 87
119 86
120 85
121 84
121 83
121 82
121 81
121 80
121 79
121 78
120 77
120 76
120 75
120 74
120 73
120 72
119 71
119 70
119 69
118 68
118 67
118 66
117 65
117 64
117 63
116 62
116 61
116 60
116 59
116 58
116 57
116 56
116 55
