292
106 53
107 52
108 52
109 53
110 54
111 55
111 56
111 57
112 58
113 59
113 60
114 61
115 62
115 63
115 64
116 65
116 66
116 67
116 68
117 69
118 69
118 70
119 71
120 71
120 72
121 73
122 74
122 75
123 76
123 77
124 78
124 79
125 80
125 81
126 82
127 83
128 84
129 85
128 86
129 87
130 88
130 89
131 90
131 91
131 92
131 93
132 94
131 95
132 96
131 97
132 98
132 99
133 100
133 101
134 102
134 103
134 104
134 105
135 106
135 107
135 108
135 109
135 110
136 111
136 112
136 113
136 114
136 115
136 116
136 117
136 118
137 119
138 120
139 121
139 122
139 123
140 124
140 125
139 126
139 127
139 128
139 129
140 130
140 131
140 132
140 133
140 134
140 135
141 136
141 137
141 138
141 139
141 140
142 141
142 142
141 143
140 144
139 145
138 146
137 147
136 148
135 148
134 149
133 150
132 150
131 151
130 151
129 152
128 153
127 153
126 154
125 154
124 154
123 155
122 155
121 156
120 156
119 156
118 157
117 157
116 157
115 158
114 158
113 158
112 158
111 158
110 159
109 159
108 159
107 159
106 159
105 159
105 158
104 157
104 156
103 155
102 154
102 153
101 152
101 151
101 150
101 149
100 148
100 147
100 146
99 145
99 144
98 143
97 142
97 141
96 140
95 139
94 138
93 138
92 137
92 136
91 135
90 135
89 134
88 133
87 132
86 131
85 130
84 130
83 130
83 129
82 128
81 128
80 127
79 126
79 125
78 124
77 123
76 122
75 121
74 120
73 119
72 118
71 117
71 116
70 115
69 114
69 113
69 112
68 111
68 110
67 109
67 108
67 107
67 106
66 105
67 104
66 103
66 102
65 101
65 100
64 99
64 98
64 97
63 96
63 95
63 94
63 93
63 92
63 91
64 90
64 89
65 88
66 87
67 86
68 85
69 84
70 83
70 82
71 81
71 80
71 79
72 78
73 77
74 77
75 78
76 78
77 79
78 79
79 80
80 81
81 81
82 81
83 81
84 82
85 82
86 82
87 83
87 84
88 85
89 85
90 85
91 84
92 83
93 82
94 82
95 82
96 82
97 82
98 82
99 83
100 84
101 84
102 84
103 85
104 85
105 85
106 86
107 85
108 85
109 85
110 85
111 85
112 84
113 85
114 85
115 84
114 83
114 82
113 81
113 80
113 79
113 78
113 77
113 76
112 75
112 74
111 73
111 72
111 71
111 70
110 69
110 68
110 67
109 66
109 65
108 64
108 63
107 62
107 61
106 60
106 59
106 58
105 57
105 56
105 55
105 54
