253
104 72
105 71
106 71
107 71
108 71
109 71
109 72
110 73
110 74
110 75
110 76
111 77
112 78
113 78
114 79
115 80
116 81
117 81
118 82
118 83
118 84
118 85
118 86
117 86
116 87
115 88
114 88
113 89
112 89
111 90
110 91
110 92
109 93
109 94
109 95
109 96
110 97
110 98
110 99
110 100
110 101
111 102
112 102
113 102
114 102
115 102
116 102
117 102
118 102
119 102
120 101
121 101
122 100
123 100
124 100
125 99
126 99
127 98
128 98
129 97
130 97
131 97
132 96
133 96
134 96
134 97
135 98
135 99
135 100
134 101
133 102
133 103
132 103
131 103
130 104
129 105
128 106
127 106
126 107
125 107
124 107
123 108
122 108
121 109
120 109
119 109
118 109
117 110
116 110
115 110
114 111
113 111
112 111
111 112
110 112
109 112
108 112
107 113
106 113
105 114
104 114
103 114
102 115
101 115
100 116
99 116
98 117
97 118
96 118
95 119
94 119
93 119
92 119
91 120
90 120
89 120
88 121
87 121
86 122
85 122
84 123
83 124
82 124
81 124
80 125
79 125
78 125
77 125
76 125
75 125
74 125
73 125
72 125
71 125
70 126
69 126
68 127
67 127
66 127
65 128
64 128
63 128
62 128
61 129
60 129
59 129
58 129
57 130
56 130
55 130
54 131
53 131
52 132
51 132
50 132
49 131
49 130
48 129
47 128
47 127
46 126
46 125
46 124
45 123
45 122
44 121
44 120
44 119
43 118
43 117
43 116
42 115
42 114
42 113
42 112
42 111
41 110
41 109
41 108
41 107
41 106
41 105
41 104
41 103
41 102
41 101
41 100
42 100
43 100
44 100
45 100
46 99
47 99
48 98
49 98
50 97
51 96
52 96
53 95
53 94
54 94
55 93
56 92
57 92
58 91
58 90
59 90
60 89
61 89
62 88
63 87
64 87
65 86
66 86
67 85
67 84
68 83
69 82
70 82
71 81
72 80
73 80
74 79
75 78
76 78
77 77
78 77
79 76
80 76
81 75
82 74
83 74
84 73
85 73
86 73
87 73
88 74
89 74
90 75
91 76
92 76
93 76
94 76
95 76
96 76
97 76
98 75
99 74
100 73
100 72
101 72
102 72
103 72
