272
107 64
108 63
109 63
110 64
111 65
111 66
112 67
112 68
112 69
113 70
113 71
113 72
113 73
114 74
113 75
113 76
113 77
113 78
113 79
114 80
114 81
115 82
115 83
115 84
115 85
115 86
115 87
115 88
115 89
115 90
115 91
115 92
115 93
115 94
115 95
115 96
115 97
115 98
115 99
115 100
115 101
115 102
115 103
115 104
115 105
115 106
115 107
115 108
116 109
116 110
115 111
115 112
115 113
114 114
115 115
115 116
115 117
115 118
115 119
115 120
115 121
114 122
114 123
114 124
113 125
113 126
113 127
114 128
114 129
113 130
113 131
114 132
114 133
113 134
113 135
113 136
112 137
112 138
112 139
112 140
112 141
112 142
112 143
113 144
112 145
112 146
112 147
112 148
112 149
112 150
112 151
112 152
113 153
113 154
113 155
113 156
113 157
113 158
112 158
111 158
110 159
109 159
108 159
107 159
106 159
105 159
104 159
103 159
102 159
101 159
100 160
99 159
98 159
97 159
96 159
95 159
94 159
93 159
92 159
91 159
90 159
89 158
88 158
87 158
86 158
85 158
84 157
83 157
82 157
81 156
80 156
79 155
79 154
79 153
79 152
79 151
78 150
77 149
77 148
77 147
77 146
77 145
77 144
76 143
77 142
77 141
76 140
76 139
77 138
77 137
77 136
77 135
77 134
76 133
75 133
74 132
73 131
72 131
72 130
71 129
70 128
70 127
70 126
70 125
70 124
69 123
69 122
69 121
69 120
68 119
67 118
66 117
65 116
65 115
64 114
63 113
62 112
62 111
61 110
61 109
61 108
61 107
61 106
61 105
61 104
62 103
62 102
63 101
63 100
64 99
64 98
64 97
63 96
63 95
63 94
64 93
64 92
65 91
65 90
65 89
65 88
65 87
65 86
65 85
65 84
66 83
66 82
67 81
67 80
68 79
69 78
70 77
71 76
72 75
73 75
74 74
75 73
76 72
77 71
78 72
78 73
79 74
79 75
79 76
80 77
81 78
81 79
82 80
83 81
84 82
85 83
86 83
87 84
88 84
89 84
90 84
91 85
92 85
93 85
94 85
95 85
95 86
96 87
97 87
98 87
99 88
100 88
101 88
102 88
103 87
104 86
104 85
105 84
105 83
105 82
105 81
105 80
105 79
105 78
105 77
105 76
105 75
105 74
105 73
105 72
105 71
105 70
105 69
106 68
106 67
106 66
106 65
