290
101 54
102 53
103 53
104 54
105 54
106 55
106 56
106 57
107 58
108 59
108 60
109 61
110 62
110 63
111 64
111 65
111 66
111 67
111 68
111 69
111 70
112 71
113 72
114 73
114 74
115 75
115 76
115 77
116 78
116 79
116 80
117 81
117 82
118 83
119 83
119 84
120 85
121 86
122 87
122 88
123 89
123 90
123 91
123 92
123 93
123 94
123 95
122 96
123 97
123 98
123 99
124 100
124 101
125 102
125 103
125 104
125 105
126 106
126 107
126 108
125 109
126 110
126 111
127 112
127 113
127 114
127 115
128 116
128 117
127 118
127 119
127 120
127 121
127 122
127 123
127 124
127 125
127 126
128 127
128 128
128 129
128 130
128 131
129 132
129 133
129 134
129 135
128 136
128 137
128 138
128 139
128 140
128 141
129 142
129 143
130 144
131 145
132 146
132 147
133 148
133 149
133 150
132 150
131 151
130 151
129 152
128 153
127 153
126 154
125 154
124 154
123 155
122 155
121 156
120 156
119 156
118 157
117 157
116 157
115 158
114 158
113 158
112 158
111 158
110 159
109 159
108 159
107 159
106 159
105 159
104 159
103 159
102 159
101 159
100 160
99 159
98 159
98 158
98 157
98 156
97 155
97 154
96 153
95 153
94 152
93 151
93 150
93 149
93 148
92 147
92 146
92 145
92 144
91 143
91 142
91 141
90 140
90 139
89 138
88 137
87 136
87 135
87 134
86 133
86 132
85 131
84 130
84 129
83 128
82 127
81 126
80 126
80 125
80 124
79 123
78 122
77 121
77 120
76 119
76 118
75 117
75 116
74 115
74 114
73 113
72 113
71 113
70 112
70 111
70 110
70 109
70 108
70 107
70 106
70 105
71 104
71 103
71 102
70 101
70 100
71 99
71 98
71 97
71 96
71 95
71 94
72 93
72 92
72 91
72 90
72 89
72 88
72 87
72 86
72 85
73 85
74 84
75 83
75 82
75 81
76 80
77 79
78 78
78 77
79 76
80 75
81 74
82 74
83 73
84 73
85 74
86 74
86 75
86 76
87 77
88 78
88 79
89 80
90 81
91 82
92 83
93 83
94 84
95 85
96 85
97 86
98 86
99 87
100 87
101 88
102 88
103 88
104 88
105 88
106 88
107 87
108 86
108 85
108 84
108 83
108 82
108 81
108 80
108 79
107 78
106 77
106 76
106 75
105 74
105 73
105 72
105 71
105 70
104 69
104 68
103 67
103 66
102 65
101 64
100 63
100 62
100 61
100 60
99 59
99 58
99 57
99 56
99 55
99 54
100 54
