292
117 55
118 54
119 54
120 54
121 54
122 54
123 55
124 56
124 57
124 58
125 59
125 60
125 61
125 62
126 63
126 64
127 65
127 66
127 67
128 68
128 69
128 70
128 71
128 72
128 73
127 74
127 75
128 76
128 77
128 78
129 79
130 80
131 81
132 82
132 83
132 84
132 85
132 86
133 87
133 88
134 89
135 90
135 91
135 92
135 93
136 94
136 95
136 96
136 97
136 98
136 99
136 100
137 101
137 102
137 103
137 104
137 105
138 106
138 107
138 108
138 109
138 110
138 111
139 112
139 113
138 114
138 115
139 116
139 117
139 118
140 119
139 120
139 121
139 122
139 123
140 124
140 125
140 126
140 127
140 128
140 129
140 130
139 131
139 132
140 133
140 134
140 135
140 136
139 137
139 138
139 139
139 140
138 141
139 142
139 143
139 144
139 145
138 146
137 147
136 148
135 148
134 149
133 150
132 150
131 151
130 151
129 152
128 153
127 153
126 154
125 154
124 154
123 155
122 155
121 156
120 156
119 156
118 157
117 157
116 157
115 158
114 158
113 158
112 158
111 158
110 159
109 159
108 159
107 159
106 159
105 159
104 159
103 159
102 159
101 159
100 160
99 159
99 158
99 157
99 156
99 155
99 154
98 153
98 152
98 151
98 150
98 149
98 148
98 147
97 146
97 145
96 144
96 143
95 142
95 141
95 140
94 139
93 139
93 138
92 137
91 136
90 135
90 134
89 133
88 132
87 131
86 130
85 129
84 128
83 128
83 127
82 126
81 125
80 124
79 123
78 122
78 121
77 120
76 120
76 119
75 118
74 117
73 116
72 115
72 114
71 113
71 112
71 111
71 110
71 109
71 108
71 107
71 106
71 105
71 104
71 103
71 102
70 101
70 100
69 99
69 98
69 97
69 96
70 95
70 94
70 93
70 92
70 91
70 90
70 89
69 88
70 87
70 86
71 85
71 84
72 83
73 83
74 82
75 82
76 81
77 81
78 80
79 79
79 78
80 77
81 76
82 75
83 74
84 74
85 74
86 74
86 75
87 76
88 76
89 77
90 78
91 78
92 79
93 79
94 80
95 80
96 80
97 81
98 82
99 83
100 82
101 82
102 82
103 82
104 83
105 83
106 83
107 83
108 84
109 84
110 85
111 85
112 85
113 85
114 85
115 84
116 84
117 84
118 84
119 83
119 82
118 81
118 80
119 79
119 78
119 77
120 76
121 75
120 74
120 73
119 72
119 71
118 70
118 69
117 68
117 67
117 66
117 65
117 64
117 63
117 62
117 61
117 60
117 59
117 58
117 57
117 56
