18140 21602
-1810.68 -5653.57
635.656 334.108
34.8288 -308.145
59.1005 -700.117
-185.266 4.32276
-116.748 -124.791
6.20236 -33.7025
-90.7506 -57.8209
-26.1361 18.716
-25.2051 14.0872
17.8837 46.8301
21.2758 22.3148
79.9637 -16.4651
-14.8076 -5.10734
2.5605 -10.0951
35.0699 -2.02955
-3.83482 -40.1743
-13.3973 -0.308643
9.54061 10.0982
-8.07533 2.54862
-5.47633 0.759361
3.83048 2.15704
12.2786 9.88352
9.78262 5.02976
-1.77636e-15 12.4853
-4.22268 0.713818
16.0691 -8.05725
2.58047 8.06367
-5.05992 -14.3819
-11.7009 3.71
14.1341 -4.40672
-4.05814 2.55201
-4.04466 -5.07134
-14.1334 14.9668
-11.5024 6.37935
1.18628 17.5963
4.67563 0.169145
7.75974 5.1331
9.15518 -4.89091
-5.59403 2.78022
1.84522 -0.948621
-12.8574 5.50667
-7.21506 -2.4232
0.394862 4.62097
5.93385 -8.56194
-6.79741 -2.15668
9.61667 -9.39683
2.53031 11.1038
4.65577 17.3572
-6 4
-1.06278 7.13156
1.24464 11.8732
1.43643 3.89014
2.96574 6.58313
-6.00797 -5.76234
8.26604 1.02122
-4.40927 -7.41997
-3.25231 1.63371
-1.88874 -1.21961
0.114175 -7.82051
-6.8691 -1.32333
1.53053 0.564471
-4.50519 -1.03553
-2.64772 -0.581824
-1.37533 1.35832
-2.40634 -2.52575
5.25604 2.9998
2.94302 1.2794
2.65488 3.62508
-0.0762036 -1.89034
-1.63849 1.46345
-3.05806 4.09218
-1.40077 -2.3912
2.71972 -1.32964
0.343146 0.828427
-0.657862 -6.48556
0.953362 6.64238
2.30978 -0.229627
-2.97682 4.4148
-0.36713 -1.6637
-0.285562 -4.54285
-3.35616 -4.15008
1.65159 5.03346
-3.76488 0.795453
-1.9352 -7.25791
-3.36781 -1.84436
-1.93383 1.59481
-1.13023 2.57867
-3.1166 -0.407054
7.02479 -4.37895
-0.528061 3.31779
0.453479 -3.53768
1.01454 4.81686
5.37822 1.94557
-0.832594 5.13868
4.46907 0.409912
-9.6091 -15.1511
2.75168 -1.1569
-3.05529 1.30312
4 -6
-1.3304 0.528687
-5.31718 -2.10769
1.39444 -6.59842
2.6428 1.42355
-0.119882 2.14532
-4.46941 6.27544
-3.6595 4.19201
1.6809 9.93953
6.97667 1.79131
5.26708 3.30615
2.42439 1.45856
1.13995 1.52786
1.47384 -0.853302
-0.444281 6.69272
-2.10225 1.50089
-2.34096 3.49738
-1.50248 -0.860265
1.93738 3.09151
2.5789 -0.195878
-1.5427 -5.19041
-0.118571 3.45531
-0.91992 -1.71981
-1.43559 -3.72606
-0.37168 7.35696
-1.13243e-14 -4.48528
1.43536 4.47763
2.48172 -2.94727
-8.13275 -0.485486
-0.512394 3.15247
1.53514 0.325526
-6.32929 -1.66997
8.80867 5.5392
7.25742 5.87945
0.0162952 -2.456
3.58515 0.79841
1.10595 -3.0024
4.81272 3.71
-1.62674 1.35522
-1.85727 2.89434
-1.78794 5.49428
2.49924 1.69316
-2.55952 -5.33421
0.521818 -2.72494
7.11908 6.17929
1.71714 17.0381
1.36057 -6.77487
-0.159902 -1.169
2.33706 -6.24808
-4.60829 6.52307
2 4
-4.48663 13.0685
3.58824 -9.23548
-2.08515 -18.9694
10.404 0.925926
0.240838 5.71078
-1.507 -9.9746
-3.675 7.79403
-9.45997 -11.0153
2.66524 2.5489
-7.49614 -2.92612
-1.19827 -0.522281
0.428387 -4.09577
2.31518 6.83699
-7.20662 -4.36987
4.94969 8.30471
-4.58784 0.249903
4.77627 4.54647
8.28075 -5.10785
9.08213 -4.6521
2.6452 -4.03373
-1.03746 8.91033
-5.75975 -14.0661
6.65394 5.87003
-10.2243 7.71361
11.6569 -4.82843
10.057 -19.4829
-3.38299 -11.9141
-18.5734 7.5412
-4.18669 6.15316
-9.2509 10.7776
14.5164 -11.407
6.42126 19.9019
-7.33479 4.71171
4.02888 4.29533
-13.9046 -5.34939
-9.05315 5.81866
35.883 9.48858
13.7062 -18.6331
-55.7748 27.0483
54.51 20.8742
81.6796 -29.0122
-63.3031 -112.467
-68.7439 -60.912
-244.608 101.524
-67.9413 20.3293
-29.1031 390.555
463.382 -121.489
-309.715 -451.776
1851.95 -1807.56
