16573 21015
-2438.62 -5426.93
1304 257.481
157.996 -462.33
83.1335 -760.299
-76.9153 43.0037
29.4011 -158.497
-16.556 -114.563
-30.6953 4.86841
-82.3934 -29.3134
-10.9785 79.936
17.438 19.298
-46.3283 80.9857
16.5571 16.6073
25.091 5.99239
-24.0892 -9.23062
13.1326 -10.7065
33.1464 6.55193
-5.95825 -42.55
-37.4434 16.3611
0.816356 -1.70338
-13.5726 -14.3122
-21.1167 6.47127
-8.15915 -2.82405
-4.62266 2.1441
8.77817 -11.8787
-1.05281 15.7818
7.15313 -4.83039
6.92358 0.812932
-4.84333 6.7912
-1.76273 -5.24794
3.84797 0.085675
5.84879 -0.90926
-0.291196 -3.78289
1.04972 -1.31954
3.56799 -0.740702
-2.31446 -0.531082
-2.46312 6.81668
-1.01866 8.00579
-3.4246 -4.67069
4.75772 2.89259
-1.60979 6.28165
5.15265 -0.227194
3.63835 -2.97065
4.8408 -5.5694
0.203706 -0.0517578
-3.02093 -5.96934
-11.2004 1.98223
-4.86815 2.17265
-1.04156 -3.41518
-2 4
-0.359829 -4.74055
9.4393 3.87637
5.39369 -3.67876
-1.59103 -1.92209
-3.87029 1.7847
0.531704 4.4299
0.064831 3.21009
-4.88111 2.37612
1.10702 0.39944
-8.69421 -0.631617
-3.01968 -6.13766
-4.60013 3.34736
14.707 22.0886
-9.54955 -2.50178
-1.51745 -0.844638
-0.410483 12.0416
4.74235 -0.583712
2.52205 3.12129
-3.46413 1.75106
4.36761 0.629909
-1.23128 4.41983
6.09202 -0.423826
3.77958 -6.07848
1.49456 -2.15695
-1.46447 -2.70711
-4.69938 0.265014
-0.120967 7.36422
-6.18547 6.56604
-1.28419 4.79251
0.793248 8.98932
5.5724 -4.18469
6.39848 0.717026
1.40695 4.46033
1.58882 0.750286
1.53141 -0.333517
-4.29959 0.647957
-0.452984 -2.03486
3.6312 -0.591969
4.3286 2.74496
-1.63949 -2.5409
2.38057 -8.914
5.60122 0.40486
-4.81362 -3.11146
-0.983518 -1.46053
-1.76167 7.47321
-4.14219 -1.76214
2.24871 3.72922
-2.35838 4.72948
3.92247 4.29302
-1 3
-2.22674 -3.63144
1.67119 3.92217
0.670678 5.46216
-5.25517 -2.46426
4.02344 9.23618
-4.76191 4.98106
2.89529 0.170741
1.4076 -0.704735
1.28582 -4.48349
-5.75531 3.5643
-0.706156 3.08376
-4.34926 2.69981
4.40579 10.4014
-4.0381 1.20049
2.917 1.22193
0.923844 -3.81358
2.02769 -3.89856
4.35715 -3.85923
-3.10217 -1.3931
-3.73752 0.482814
-2.21078 0.726983
4.0818 4.05685
-3.30465 6.22697
1.01854 -1.69434
-6.77817 -16.1213
4.2909 -1.16131
-0.912699 1.7573
0.6609 -7.90747
-3.78179 0.832194
4.26658 2.60223
5.90142 -2.91642
0.989306 -8.07364
-0.748075 -6.63594
-1.99975 2.039
-11.7434 1.05745
-0.289228 8.51521
-3.63858 10.1958
2.33299 3.6497
-14.7305 -22.0349
6.69421 -0.0765874
4.25883 -1.16737
4.34542 -12.6499
-2.36255 4.83934
7.75593 -8.98416
3.675 -4.77173
-2.61642 -6.5832
-8.48784 0.0367113
6.67705 10.4231
4.79465 11.7296
6 2
2.91765 0.525617
0.00341732 0.915775
1.91395 8.10738
-5.38699 0.0193069
1.07169 3.19907
1.20656 -1.22658
4.54508 0.996058
-5.313 -1.04034
-0.581894 6.87533
10.1865 -2.36472
-4.42698 0.723638
0.319203 -1.37707
-5.35638 -5.59682
7.62381 -0.557705
2.46089 -6.49712
-2.63126 -1.16316
1.81457 -8.39727
-9.38964 -14.9789
0.0892381 8.31298
-14.6485 1.00265
1.44306 6.20013
-3.7645 -11.2293
-3.40945 1.7123
8.89896 -4.16934
-8.53553 -1.29289
8.03802 14.3711
-4.57089 -0.390865
-5.73222 -1.3226
0.930181 3.79359
-2.81636 14.4116
25.2932 -9.4928
-6.5555 -7.09469
33.1241 -11.0272
-19.1405 14.0405
4.53831 28.2589
40.2385 6.87933
-18.5692 -1.39068
14.4507 18.7116
19.7865 -21.0097
82.1504 -5.94627
-14.6572 22.0605
86.6071 -102.927
-49.7052 -72.7619
-252.869 6.62318
-56.0922 239.235
38.76 334.349
451.483 18.8297
-303.74 -583.005
1084.85 -1667.99
