17796 20206
-2507.11 -6452.49
858.295 167.932
59.1706 -171.235
556.341 -663.152
-80.0646 -325.815
-157.275 -215.588
62.833 58.1695
-17.5129 -124.005
-41.801 -45.7807
-0.433615 -27.7757
-37.3675 6.62377
-38.0714 32.115
34.537 59.4108
-47.2528 21.4328
-1.45564 17.6993
-13.0248 41.0921
15.7574 -3.59597
6.6225 11.0447
31.3157 5.837
-7.34104 -0.877588
-1.92153 6.87911
2.61577 -11.7228
-10.3058 -19.0098
5.07016 0.919452
-20.8995 0.414214
10.7486 5.10784
-1.90328 -5.1284
3.18818 -3.9613
0.473799 -5.62733
0.63705 18.9929
6.6838 2.32777
-1.80917 4.12939
-1.43086 9.00945
-2.08403 2.00494
1.72355 6.34929
-12.6166 2.03737
6.17902 4.76182
7.6496 -5.2906
3.16692 7.57499
8.04889 -2.29032
1.97928 -4.05932
-3.7855 6.61271
-2.18666 3.62817
-2.94919 1.38106
-3.21836 -2.10108
3.92867 10.9536
-6.97662 -13.0166
2.35872 2.00187
-3.58464 0.424958
-2 10
6.28226 4.26474
2.04607 0.778556
-2.82185 -4.30483
-3.74255 2.4512
4.49746 2.27741
-4.78422 -6.08517
-11.1298 1.22892
-0.813333 5.63941
3.64441 2.12433
-6.07971 -3.3449
-5.15162 3.55966
-1.8779 3.80701
-0.347991 0.63247
2.66199 -3.7783
2.31744 10.0335
-2.02117 1.60495
-3.64628 -3.90116
2.66539 5.60122
-0.409441 -0.0963844
-4.96329 -1.79936
-2.12824 -5.93355
-1.8966 -2.03299
-2.68738 -6.05593
1.51633 2.81616
-3.10051 3.92893
5.06128 0.748938
-5.13564 2.15367
3.14938 2.36257
3.91285 -2.98076
0.918779 -0.111791
-2.16566 0.5455
8.19013 2.31674
-3.65608 2.58609
4.37512 1.49136
-2.65278 3.51425
-1.43358 -0.466072
13.7979 5.19485
1.89567 6.04962
-6.81134 1.16728
2.81558 -2.87675
-9.47159 8.96022
-0.59342 2.65278
6.81423 7.83377
4.25874 5.34429
4.41724 -3.48513
3.51799 -4.95691
-7.6464 -6.5655
4.4312 6.30436
3.52413 0.488553
0 34
-3.74503 1.1442
-12.487 -12.1782
3.12778 16.389
4.81484 -1.20471
9.81976 -6.57096
-6.61269 -14.4635
2.81102 -2.88338
-6.73344 -1.6044
-0.138031 -5.73664
-3.1209 0.000923483
-4.81871 -7.62526
-8.72131 -1.82851
10.3592 -2.74279
-2.06672 5.14045
-2.9781 -1.48143
-1.98462 -2.56647
-3.34115 0.635984
0.150984 3.677
2.94182 -1.63364
-1.15485 2.96589
-0.694676 -2.06848
2.29611 1.70743
-6.09791 -2.24902
2.83708 -2.80853
-1.10051 -2.41421
0.914681 -1.60603
3.15564 0.746763
1.44569 2.06319
-2.58349 -4.69284
-4.57289 1.44881
-0.991247 1.05926
9.46033 -10.4043
-3.68268 2.41347
-1.44692 -3.35189
5.33636 -10.5246
-0.725599 6.16375
4.65281 7.30346
5.33585 0.617568
3.90917 -1.33784
1.07971 4.43507
11.2079 -7.51423
-4.13075 -2.51831
-4.016 1.33376
0.827977 7.01774
3.03367 -5.6345
0.668664 3.50659
-1.35328 0.00523987
-2.2216 -0.318411
4.96583 2.83331
-2 -6
-1.17396 6.73601
11.0663 6.29593
0.287483 2.27388
-0.581138 -6.20636
-1.56405 4.43005
7.24841 -1.82858
-9.46984 -4.45877
6.75131 -6.81647
-1.49698 -2.8278
-3.81282 -1.56378
0.247455 4.0086
1.53285 4.07753
-1.96698 7.95355
-9.19296 10.1401
4.00327 -6.42516
-13.043 8.65196
11.6712 2.29207
-4.37289 -8.38233
-1.07674 2.05538
9.19093 -0.796332
5.56027 -10.3191
-5.66768 7.10796
-5.20297 7.74115
3.97751 -4.0025
-22.8995 18.0711
34.9731 7.47482
-6.83335 -21.1884
-16.3498 17.5671
-6.28537 -3.19414
2.34104 -9.21258
2.80006 5.9137
22.102 -3.9695
-4.23197 9.50339
-17.2575 -1.47057
28.7616 14.9989
-29.5195 -34.6728
22.5638 13.547
56.5255 -15.2702
57.6993 -26.242
14.4471 -81.1944
-9.94818 -77.5462
-223.527 15.5369
-49.9734 44.1964
-65.8029 281.342
116.023 102.735
265.283 212.86
238.589 -454.277
-592.809 -121.17
1320.3 -2577.16
