16449 20632
-2604.98 -5614.5
1111.05 154.41
154.192 -331.04
64.8259 -819.698
-131.061 -106.93
-78.4265 4.98614
71.9177 -189.051
-103.031 45.9731
-27.0051 -47.3207
-60.7521 47.577
24.2185 13.9241
20.3044 43.0226
-33.8728 14.6587
68.4839 49.7039
5.00442 -15.0693
24.6976 3.33068
11.402 15.2833
-7.25966 8.63119
-3.51073 1.49591
-13.1904 -4.59293
-10.7725 -3.21006
-1.22494 -1.23301
-20.3629 4.29453
-14.8157 3.79708
-12.2426 -6.07107
17.0431 10.9982
-7.73708 4.10807
6.76195 -5.8644
-0.501381 5.17564
-2.69673 -10.4356
0.0524596 -2.40155
4.51112 -12.2083
4.92945 -1.82742
-2.1592 -9.80358
-1.38959 -4.36761
-7.4389 2.03104
13.3344 4.2545
3.57111 6.84408
2.26777 2.5605
-0.14204 -4.40633
-1.54276 4.39749
-1.13937 -1.30486
-4.61123 0.523593
-5.6499 -8.11871
-7.13359 0.808636
-10.6186 5.09763
-3.39449 5.46589
-2.0157 -8.47818
2.16604 -7.32042
-1 0
-1.72648 -2.63949
10.2954 4.30652
6.24624 13.0406
-8.60506 4.10758
2.94922 2.42638
1.71716 2.49
9.10438 2.2834
-3.74115 1.73048
-0.725005 -1.45608
-0.183486 -4.51954
1.50297 4.62271
2.08541 -1.08835
0.607077 0.587713
0.972483 3.58735
2.3923 4.94607
-3.72122 -14.5622
-2.09903 1.35439
-6.34328 -0.188047
1.89151 5.54998
-0.754124 7.58149
5.77601 -3.32207
-3.73826 5.40585
5.86026 -4.52581
-0.712483 4.8932
13.8995 20.8995
-4.6552 -8.51422
-2.44103 1.31027
0.524554 16.9106
-1.95223 6.74257
-0.896802 5.07383
-3.54986 4.91163
8.22284 -0.585855
-0.203695 -5.58803
3.04828 -1.30944
-4.13881 -0.458958
-5.16946 -0.13681
3.4857 -1.07859
1.13152 -2.04278
-2.8493 0.728805
0.00948507 5.10994
-6.66514 -0.414698
0.352633 -2.69624
3.21504 1.88228
-4.02292 -2.28813
4.55516 5.91474
4.62119 -3.08103
-4.23892 -6.72829
3.21708 0.702169
-3.3743 4.44931
-3 -4
5.77788 -0.940394
-8.94872 -1.31253
6.88449 -0.329653
-1.24572 1.7084
0.574862 8.28906
1.98606 5.85009
-0.201842 3.34759
-1.33902 2.38765
-0.184666 2.67826
-1.97576 1.61678
8.80169 -1.70689
1.91909 -6.61424
1.15817 6.61795
-3.94163 -2.73818
-5.1148 2.21083
-2.51308 -3.06889
-0.835547 2.1171
-0.592219 11.6446
6.41201 6.54403
0.278768 -2.98366
0.358855 -4.44961
2.35489 -6.0812
-6.46768 5.52433
6.87081 9.10842
-3.75736 8.07107
-3.79787 -0.929798
-9.15375 -18.6241
8.97528 -3.67165
3.48585 -3.70469
-0.866927 -7.7662
-3.49109 2.34808
3.44618 1.41736
4.84461 -5.39189
-9.34126 2.2834
-8.68038 -7.00687
-0.144112 -0.255278
-0.0648423 -2.21867
3.35475 5.77541
-4.23074 -4.94385
2.27366 11.3179
1.49886 -4.96685
-0.533394 -6.43076
-4.56952 -3.5696
8.17792 -6.02206
-7.64215 5.4032
0.200272 -3.6728
-3.27893 2.70899
7.95941 1.53598
-4.06483 -10.0391
11 4
-0.722896 4.05038
6.29921 -6.08386
-17.6973 5.99064
4.20409 0.259335
3.58998 1.02681
2.5979 -4.97825
-1.21715 3.72929
-10.2415 -0.375412
6.51778 6.26726
1.76007 -4.68384
1.27572 -5.04265
3.51241 -7.26863
7.42259 3.43464
1.99181 -1.81759
7.45165 9.01225
1.05262 -4.16668
6.57473 -3.39744
-6.17924 -4.31995
0.50364 -2.72483
-17.3904 0.0792801
2.40152 11.1038
-6.36341 4.8679
4.74777 3.05249
16.4126 3.21199
-5.89949 1.10051
1.93822 11.7546
-12.1305 -8.84309
5.07177 3.7129
2.79567 -2.55264
4.10018 -13.2054
3.2964 -7.91655
-8.04619 -27.2685
-8.38232 -7.74029
18.8024 19.4936
5.55724 -3.06979
19.7658 26.1579
-5.81904 -3.37306
36.3846 23.0799
16.4312 15.171
54.4266 2.23732
-5.2762 37.909
47.4066 -194.763
-160.458 12.1387
-227.305 52.8967
1.08598 292.865
79.4634 304.496
435.378 -157.919
-502.562 -539.56
1287.63 -1795.52
