18076 18558
-1352.2 -6820
1182.18 50.5732
174.979 -260.641
-152.124 -1021.99
-156.953 -138.57
-188.356 162.84
-42.2392 -248.513
-74.1707 140.046
-46.7357 25.2131
29.0885 61.6771
94.9074 21.1094
51.9265 -45.7575
17.7836 7.86954
-3.03393 -68.5372
-8.57053 -8.69964
4.83155 30.8554
-14.5406 -3.45628
47.9714 0.386952
-15.9678 23.3519
8.15006 -22.0181
-8.38473 -20.0879
-7.7214 -28.6655
22.0367 10.2881
-12.3731 -26.7382
3.24264 5.24264
5.54853 8.77328
-18.3344 5.52013
14.1105 4.80898
-4.6467 7.79066
4.1056 -2.34248
3.01553 -1.0517
5.7792 -1.22502
3.79616 12.9977
-7.76439 5.08055
0.470985 -10.0944
-2.65028 10.3143
-1.70963 -4.2039
1.06269 -4.95388
-8.04455 10.8805
-0.283238 -2.41695
1.85882 9.94938
-5.08431 0.456146
-3.51054 2.46128
-1.0844 -2.02833
-3.30779 -6.59026
1.19103 -4.87934
-14.7925 -1.13425
7.1399 -3.96014
-6.90836 2.05825
-6 4
1.41075 -2.14446
-0.54346 4.06565
6.25604 -2.02936
-8.28489 3.63184
-0.263316 2.54546
3.5758 0.949735
-5.15647 0.552026
5.61687 -1.89638
-3.27048 -4.47629
5.7707 5.3506
-1.22487 3.88805
-2.06159 -3.94068
-7.97852 -0.894657
5.91536 4.54999
5.59432 -2.6624
0.807178 4.50956
0.816819 2.99929
5.64537 3.49825
3.11892 -2.97366
-8.80065 2.44078
-0.357551 -1.96297
-1.32894 -5.29847
0.120975 5.6179
1.58543 2.5144
-3.48528 5.34315
3.07739 -7.77629
0.656005 -6.24553
-8.38153 0.584817
2.92747 2.58039
-2.77986 3.20254
5.31866 -1.835
4.34828 2.15043
-1.39297 -0.692278
3.30207 6.12775
-12.5298 -0.558911
-1.0964 4.3931
-0.585574 -23.5741
7.52682 2.03481
9.78755 3.56007
-7.67214 -11.8443
-3.81163 -1.43017
-7.37414 7.967
0.028518 -3.63886
0.231957 -0.155152
-1.60747 -0.795312
0.609086 -3.03751
6.97859 -5.62442
0.967191 -7.13825
3.33601 -0.918949
-6 0
6.92865 -1.46399
3.15333 1.0559
0.109974 0.580566
-0.0600141 5.76659
-2.51825 3.93508
0.193699 2.57373
-10.2272 -2.68586
2.76577 -14.4812
-2.46574 -3.70393
0.565314 4.52829
0.179725 10.3326
-0.400164 3.19646
6.8649 -3.66241
-2.81435 -5.74902
3.14749 20.978
-0.528372 1.27576
-1.79162 9.95799
-1.1888 15.7152
1.65734 3.72331
5.1061 3.65156
4.33861 4.69176
0.331315 -3.26973
4.4365 -0.40288
-3.82616 -2.49624
-5.24264 -3.24264
-3.09243 6.95903
1.23345 0.88058
-4.93845 -1.42597
-2.91015 -4.0185
-4.86759 -6.23517
-0.346338 -3.02941
-2.60643 -0.719488
7.56311 1.49842
3.43677 2.9175
5.69973 4.3307
-0.389707 -2.33084
-7.11251 -1.01822
1.17389 6.66167
-5.96906 -1.94076
-1.38873 5.62811
7.78336 1.37853
-1.15228 0.837132
4.60672 3.51978
-2.02027 -0.207053
11.6968 16.4349
-7.07231 5.5896
4.8641 -2.541
6.25525 12.0106
2.38335 8.27847
-8 -2
5.96204 -3.47743
3.09413 0.118398
3.25593 8.03562
-4.59663 -0.669407
-0.146374 -1.17196
4.21848 2.21653
0.392781 -9.08893
0.724368 3.70424
8.29627 -11.227
-13.043 2.56285
15.2951 -0.650127
-2.32104 3.52832
-7.41121 14.9455
-7.96851 -12.4952
-9.49751 3.50241
11.4449 -4.75894
-9.61184 6.77333
10.0559 5.14092
11.7467 1.33299
-0.548821 2.40236
8.16669 -4.41
-0.238789 5.57034
10.8268 10.5292
-10.2521 -18.7379
13.4853 16.6569
-7.82901 15.4864
14.5899 31.229
-12.4493 -19.9276
-11.3687 -4.03636
-1.53202 -13.9606
7.8603 -43.7584
-5.44397 23.8724
-2.89093 -4.58537
-17.1533 -9.73727
-0.485005 22.5091
-16.7114 5.08392
26.6111 -26.1244
-32.0633 -63.2901
-7.73597 11.1872
-67.8703 107.373
-33.7443 31.6405
257.136 55.8161
-57.1287 -117.928
-76.906 -309.231
-238.731 90.9071
-285.293 113.178
485.114 337.777
-76.1793 -751.882
2712.3 -609.693
