18165 20666
-3287.64 -5692.11
1173.31 -341.932
164.682 -340.068
-534.981 -769.023
-201.013 -31.1835
-26.5594 140.878
-202.618 -137.365
40.1312 139.211
-96.7975 36.0323
76.6418 55.8038
-4.33698 -63.6495
8.00052 -69.4277
22.6766 -18.3627
-36.3755 -83.8164
22.1178 19.3305
-21.1934 -14.3385
-2.70026 -7.62877
36.3835 -6.73585
41.8009 -3.75587
12.721 -8.57632
-7.75971 -29.5769
-7.61469 11.2611
-2.55564 3.39147
-5.6769 7.7983
-28.2635 -16.364
10.3778 13.2956
5.86264 11.1949
9.06332 -11.2279
-0.331543 -2.24173
0.422392 -11.355
8.12108 -4.59863
6.00121 -3.51213
-3.48853 -20.6296
2.44381 4.61442
-3.64259 -6.95459
-2.0958 4.30819
-11.1825 -9.15597
4.02826 1.7053
20.4576 2.65182
-12.569 -7.47651
2.43812 -1.43228
1.30992 -10.5078
-10.4505 -2.39416
9.82792 6.9623
6.06318 -1.23968
-3.08784 -2.54304
-4.32282 6.41011
-1.42825 -2.27484
2.82201 1.05722
4 -3
-2.16421 -2.68943
-1.41207 6.93714
1.16752 0.346477
3.48588 -4.28269
-4.85424 -6.55603
5.3339 4.61064
0.162645 -3.94976
-4.40746 7.48981
5.84381 -1.62782
-3.60603 -9.03771
3.01457 2.99656
6.10831 1.56975
-0.192292 0.727432
-3.71231 -0.0769741
0.550553 0.708816
-0.47739 4.00028
1.84506 -3.83129
4.44644 6.18369
3.57711 -1.99215
5.08419 3.45333
0.19358 0.693034
-2.33294 -2.6109
-6.3042 -3.26888
-1.92028 -6.58347
1.57716 2.12132
-3.17892 -3.24142
-8.48227 -0.117876
4.22887 -5.62411
3.48201 7.01212
-2.47632 -6.08097
4.65075 -2.5675
0.0459574 -0.793734
-1.32545 1.94462
-7.75086 -1.21001
0.701553 -2.36424
0.618377 2.78429
6.56472 -7.55271
0.674324 -0.852958
-6.8914 5.26015
-7.01065 5.55684
6.63319 2.80685
-8.95869 -27.0962
9.85119 -2.07734
-2.74544 -5.174
-0.731981 -9.0817
-0.746527 -0.232432
-6.81284 2.20667
-9.82555 -2.44807
-3.75306 6.72435
-1 6
7.94663 6.21194
-7.26607 -1.66194
0.00682352 -12.3054
-0.572232 -0.690153
-5.7444 -2.10122
6.07473 7.54712
1.58347 -11.5338
9.43744 -5.59838
0.214675 -3.18496
15.1643 17.1453
-2.49812 -1.55833
-0.144207 2.99252
6.12736 9.57917
1.03072 7.35262
-0.755886 3.2788
-4.51897 1.31731
0.517396 -0.621667
-0.925293 9.14868
2.70773 -5.40494
1.94845 1.699
-4.42124 -4.17004
8.87134 -5.88338
-10.4544 -0.560961
-1.37533 0.614665
4.26346 -3.63604
-0.845302 -4.51234
-1.05891 -0.582455
-6.39962 3.55229
3.72566 4.91265
-2.56475 8.56442
4.99897 -0.844593
5.56736 4.4794
-8.26952 -11.218
0.549567 9.68771
1.5431 -3.14004
-2.8148 -5.86589
-5.11292 -0.896743
3.1331 -1.54051
1.16798 6.15447
2.78637 -4.16392
-4.80353 5.49236
4.64295 -4.33568
0.147962 1.0712
0.103273 -2.42994
-1.87307 -5.07239
0.798726 10.6638
4.53902 6.56299
-9.95252 -1.19116
5.27951 11.9106
12 -1
-4.36409 -1.53325
3.86761 4.29299
-1.50013 -15.7598
-13.4722 -1.66861
6.56074 7.57434
8.63858 5.92422
-2.33339 -6.86193
-3.7589 3.27689
-0.197976 -1.12592
3.0969 0.85848
9.25276 -3.51961
3.07424 -13.3466
-8.70643 4.09184
1.16286 7.31522
7.20311 -0.718725
-4.07239 3.38263
11.1055 7.21648
-9.38275 1.3949
1.41223 7.18639
-6.06644 8.0749
-2.57903 -12.2635
0.517295 -10.9782
-19.7308 0.386072
25.8354 -7.00157
-53.5772 -2.12132
9.54743 -10.4871
-17.206 -0.311464
13.9287 -4.19507
34.4975 2.11733
-35.9014 -29.2221
43.2304 4.72948
7.6722 40.5145
25.979 7.18934
-36.3424 -7.73066
8.11212 11.9709
24.1942 11.3134
-40.6822 2.70578
-43.4874 -53.1953
-108.117 18.4601
-47.6709 86.7564
-1.05905 13.2793
170.087 7.24993
14.7031 -151.304
-144.87 -195.642
-138.237 105.549
-263.95 228.147
477.116 126.191
-273.919 -800.257
1821.1 -1188.7
