15614 19567
-1907.52 -6277.56
872.772 -101.404
377.524 -23.378
47.3717 -939.597
71.9235 -242.667
-293.557 24.8946
166.65 -172.782
-155.459 -20.9668
-5.31683 -29.8145
-79.2134 50.2368
6.47389 55.4478
31.4474 45.5255
6.7788 11.4866
17.9446 33.219
64.0508 -1.14478
18.2558 -15.838
-3.29983 -1.77553
-11.2494 5.86392
-14.1859 -15.0593
-4.50708 -9.35884
-20.6961 17.1223
-13.8828 2.18958
0.625394 16.5008
2.76918 -9.78367
1.70711 32.0919
-5.08537 -7.59956
2.26361 -5.6867
-5.5919 -1.76243
-5.52733 -15.1355
-6.37538 -7.29818
-0.824138 -4.93
0.163449 -3.95041
-4.63413 3.10604
-0.121534 11.7257
-8.7467 -3.1935
-10.716 7.60214
4.00056 -8.88872
3.61536 20.2417
-3.97297 -3.86063
8.1563 17.3291
-1.24435 -3.92562
-0.848673 -1.02099
-0.821719 -0.127004
8.36936 -2.47374
0.842963 2.03413
5.87226 -2.65561
1.00928 -2.16667
-3.44452 11.0583
-1.88317 -0.190413
5 8
8.38888 -5.30797
-1.22065 1.8994
8.51369 6.18183
-2.02574 -2.66627
1.44165 3.28778
-2.91928 -1.76891
3.74509 3.93648
-1.12627 6.36127
-5.81792 -6.09526
-4.64021 3.05461
-2.9491 2.60015
-1.59672 8.98332
3.80478 -6.6166
-4.06874 0.948521
0.0237724 -3.19565
-2.2621 -1.99357
4.20552 -4.90833
-0.322974 12.8834
3.86185 0.189143
-4.36727 7.29818
-1.9243 -4.85925
-1.89459 6.41212
-0.945891 -5.30135
0.45997 3.7025
-3.12132 1.70711
1.08016 -2.36088
-3.23622 3.5547
-1.98982 1.37197
4.921 -1.35674
-5.07054 5.75508
1.87879 -2.95619
-5.41072 4.39781
-3.82848 3.97503
-3.21584 3.27056
3.32725 5.57747
-0.9604 2.37617
8.57979 6.92889
-0.712904 -6.69134
-4.98595 -2.85061
-8.59816 0.887837
3.84223 -1.8737
-5.24073 10.9215
2.19446 4.25308
1.53739 -4.33629
-2.86211 5.64034
7.25143 -10.0876
9.92072 -1.63297
4.72296 18.006
-7.70272 -4.12614
-10 5
1.56263 12.9072
-1.72569 8.56013
5.90351 -0.197334
-11.3645 -19.5135
5.97238 3.44481
5.84383 3.81999
1.46648 -12.4209
2.44427 -2.954
-2.39061 -0.683506
4.73616 -13.7108
-10.2712 -3.72748
3.47286 -3.48527
-5.75346 2.27274
0.282979 -1.64477
-2.03676 4.1668
3.25349 -7.4208
1.9244 -1.12921
0.360163 5.72614
6.17045 -0.949131
1.36234 0.154746
-1.45293 2.23691
3.79344 -8.8555
-0.129424 -4.65208
3.81575 9.41482
0.292893 -6.09188
-5.66553 13.9358
3.85917 -0.43809
1.38896 1.66767
-1.81749 -5.17034
4.56916 0.702656
3.77819 -5.0215
4.16634 2.57569
5.25365 -1.85996
-0.975147 7.15954
5.74584 -8.28439
-1.70106 2.85984
-5.50851 -3.14753
0.930986 4.5024
-6.52756 -0.063078
0.168074 4.5077
-5.33942 -1.5586
1.26527 0.163334
2.00774 0.359695
7.21381 4.32194
-1.72573 -11.1565
-3.92802 -1.26494
5.19999 -6.18597
-8.06928 2.78673
5.00261 6.39978
-1 0
-11.6633 7.17724
0.556916 -6.55528
6.73946 -5.66
-1.03072 6.40813
-3.0008 6.13138
0.307857 11.2008
1.96407 -0.201242
-9.2468 3.42079
-4.11549 -11.2906
1.5519 -0.238938
0.78897 4.28952
6.08608 -1.39135
-5.10948 5.3937
-7.63066 -2.81608
-8.10237 -4.41633
3.39028 -1.62896
11.0361 -2.15391
15.9784 7.29971
-0.469024 3.24829
8.24237 10.1727
-13.5298 -6.21548
17.7525 -2.34477
5.67777 12.648
5.51276 -24.3306
1.12132 0.292893
4.50092 -24.4784
-7.79724 14.8407
-4.92404 4.99912
15.2213 -8.33854
8.97922 -3.20347
4.98122 33.1218
-15.2107 -63.4032
-4.19428 33.1273
12.1445 -42.3898
5.7382 44.3789
-23.9919 -7.09969
13.2916 32.773
-38.906 31.3299
80.1992 1.39843
27.0065 13.7108
83.0671 -42.1819
37.8683 -134.059
-264.056 -26.3253
-189.914 -7.51273
-12.5919 231.396
20.9052 297.319
521.831 -270.027
-487.662 -433.221
1615.33 -1734.71
