19923 20999
-2032.96 -6293.89
855.776 279.351
131.584 -210.469
546.411 -676.502
-155.077 -298.138
-139.97 -133.219
133.458 6.30304
-68.6204 -135.51
-18.4336 14.7175
-35.1773 -14.5589
-103.056 68.6256
-23.3627 51.11
13.8385 36.9867
-39.2127 2.88642
41.6698 38.9525
23.7481 12.6217
3.44888 -3.49241
6.97413 -0.547537
-10.5718 -17.2565
-6.80652 -1.11423
-5.01893 -10.6204
-25.7322 -6.94907
-12.101 -4.79149
10.984 3.2799
-7.58579 -1.34315
-4.25288 0.594499
-10.4781 -4.12933
10.4617 -10.3104
8.80712 8.39503
0.132316 0.541104
-7.67879 -3.07021
2.48015 2.56527
16.3985 -4.44342
0.849521 7.99631
2.35254 1.97478
-10.8428 -0.866993
4.55135 -5.6119
2.35564 3.33557
-4.15938 -0.403178
-7.74643 13.8564
-4.80969 4.31984
2.14618 6.4187
5.66163 -2.39511
3.41368 2.70716
-2.43438 -2.53094
-10.2729 -2.07379
1.38238 -2.28082
2.95011 0.0534992
5.27329 6.07781
1 3
-10.8294 4.4267
-6.68825 1.22998
-0.613749 3.19816
-1.01507 -0.197065
6.25658 -7.21363
0.557404 -1.10589
-1.19224 -4.68601
-0.846165 1.96153
9.10688 4.91243
4.25306 -2.49173
6.91525 9.01722
3.8403 1.04146
-1.82973 2.07543
-1.00632 2.81255
-6.95427 3.5124
-3.50486 4.12765
0.262709 -11.3804
-5.10263 6.9437
-3.31502 -1.22603
0.687345 1.05564
-4.75486 -11.0127
4.87793 1.11038
3.20528 -2.7083
1.84944 1.88338
-1.58579 -0.514719
1.49672 -1.11444
0.0471239 10.9317
2.57054 1.76381
-1.7506 -1.80412
4.53608 2.13798
7.29388 7.97317
2.93753 -2.99367
4.62988 0.680256
-6.05822 -2.8995
1.8013 3.49201
-4.56261 5.04263
-0.277134 0.751176
-0.766156 6.70642
6.63035 -6.41218
-2.94735 6.0868
0.538593 -3.92898
-3.33203 1.28811
0.336165 19.4393
-7.52312 -2.09218
-1.06352 -7.14452
-7.96147 13.3419
-6.08262 9.88594
8.43874 3.52859
-6.67497 4.89271
11 7
2.57935 4.45663
5.18742 0.334843
1.90167 -5.26758
0.134085 -3.68809
0.540817 6.28976
7.16562 5.68455
-8.55041 7.32909
-3.52465 -2.91085
-10.8821 -19.8516
3.53269 -4.24246
2.4475 2.45642
8.28563 -5.20316
-0.175807 -2.17375
2.38513 0.742938
3.87326 0.960233
-0.839662 -7.24393
-1.96488 4.03127
-1.8657 -3.99368
-0.193355 0.136725
-7.15411 2.24398
-0.396437 2.33457
0.769491 3.22232
0.722845 2.77642
4.01198 -0.0902349
-10.4142 -12.6569
3.41282 -7.27474
-0.859922 -3.94643
4.15567 -1.90884
-6.87161 7.37501
0.507277 2.67297
-3.70526 -0.99156
5.39311 -3.46785
-6.77292 11.4781
2.24539 -3.85821
-14.771 -0.4974
1.78592 -0.487455
4.62105 -0.0746106
5.94566 -3.59721
8.37428 -1.44241
-0.343225 -0.418102
8.47249 -8.37963
-3.42958 5.10794
7.06543 1.61253
-2.26255 -6.39246
3.23576 -0.145821
-5.82373 2.47338
-6.12842 2.19875
-5.0194 7.31486
-8.00707 -3.20049
1 -9
0.237046 0.491957
4.51611 5.97555
-0.0175683 -4.07706
-0.416591 4.94332
2.83487 -0.121814
0.768837 -11.2547
-6.90942 11.2806
-0.150138 -3.89212
-2.77569 10.6031
7.36447 -7.23836
8.39573 -0.916867
-0.257628 -1.93601
5.61339 13.5207
0.181816 -0.551205
-2.26435 5.73451
7.24374 -8.35243
-2.03077 7.8032
-2.77459 10.2641
-0.288859 -8.53986
1.61734 -2.20083
7.52384 -6.75671
8.86149 -0.921537
-16.9942 -14.3992
-11.7384 -0.689843
-4.41421 -17.4853
-5.79689 13.3505
13.7681 -0.0766561
1.23151 -13.498
-2.586 -6.41405
21.8967 -12.9759
-25.837 0.00700188
10.7006 -0.401307
10.8845 7.05629
10.8916 -13.1095
19.1518 5.78583
7.40932 17.4146
-2.28851 28.7841
42.6327 23.0522
52.0566 -5.05475
19.6477 -43.3543
109.283 -104.354
-181.178 -64.6765
-52.2122 25.9209
-128.776 237.23
-15.1526 181.09
186.137 234.488
303.115 -257.996
-642.084 -291.52
1442.6 -2115.34
