19090 20480
-2514.51 -6207.59
1254.57 -207.19
54.5791 -268.854
-345.528 -854.306
-246.903 30.1221
-62.2698 85.621
-91.0496 -120.338
-19.6827 136.363
-11.782 1.06176
9.07971 54.1324
81.4606 -69.701
10.1576 -35.8864
16.1827 -31.0571
-41.0685 -77.5922
-15.4914 5.01365
-1.97567 15.6642
20.806 -28.3316
-9.93214 20.807
13.6671 -23.8185
8.88049 18.7431
-0.303314 -8.9058
-7.61816 -15.5643
-17.5054 6.20242
9.86634 -11.4718
-10.9497 18.1924
-5.46024 4.00165
14.0178 -4.78072
9.14378 -14.3556
-3.33578 -11.031
1.60137 -1.49602
-8.434 -7.21748
-5.89269 6.134
11.2203 5.95875
-0.254592 0.17585
3.89855 10.1054
-1.03526 -3.58017
6.34325 -0.941662
-1.46409 -1.39542
5.96419 -1.06984
-3.62428 7.44147
-1.84338 -1.67937
-3.15209 -0.363083
-2.83038 1.29635
2.54632 -1.61897
-2.03306 7.08369
-0.268581 0.594278
0.581422 -0.610095
-3.41404 -1.49888
-0.853209 9.24881
3 -1
-7.5655 -3.03711
6.23537 3.2886
1.99689 -3.49249
-2.86435 -6.52278
3.72637 1.61984
-3.82162 -0.904747
-1.29085 -1.53561
-9.45922 -8.89524
-3.91146 1.63467
-7.55606 3.66151
4.36494 6.40637
0.84006 -9.13118
-3.65583 2.38512
-1.49926 -7.56716
-0.371975 4.69855
-8.25783 -4.13301
-5.04614 6.75164
7.80356 -3.19863
2.68855 -0.60886
-0.129232 -2.01056
-0.894238 -3.03745
-1.05317 3.4717
2.86323 0.357227
-2.89494 -0.843454
9.19239 1.12132
-0.598007 -0.401695
10.3141 6.81144
-3.38993 -3.28538
3.98046 6.36779
2.29985 6.4081
-0.921555 -0.377612
2.41801 7.59278
-0.0498453 3.92404
6.2598 1.78296
-2.65402 0.930607
-10.233 -2.76886
-3.89525 2.11998
-7.69998 6.93563
4.42626 3.7584
1.92029 -3.44551
6.22449 1.79983
1.37479 4.47528
7.79064 25.4807
-5.95815 3.75637
3.01788 2.47018
6.63451 13.3199
10.6602 -0.587198
4.53188 -8.04535
7.85414 4.91846
-10 -6
3.17411 1.16988
2.65235 0.945178
-4.67199 1.64392
-0.238851 5.84479
-9.23263 -10.0415
1.4114 16.088
-13.3642 7.45159
5.26608 -1.06431
-9.70661 -14.8513
3.37036 -2.30263
1.75284 0.0119835
-7.4737 -9.50219
-4.35505 7.93037
4.87624 5.25633
-1.03105 -2.93888
2.42439 -0.519437
-2.87553 -0.700435
5.3613 -0.562349
-0.236057 -1.48476
3.02639 -4.17203
3.22166 -2.64596
2.62014 -0.816716
-0.633602 4.24217
-1.86582 -0.419441
-1.05025 -0.192388
6.63431 3.4026
1.61284 -0.561975
-0.367018 -3.02588
2.93304 4.12797
0.658961 -2.9211
-0.129659 3.64226
4.84694 10.6434
-2.33917 10.8128
4.62048 5.01071
-1.3498 -5.12449
2.48199 4.40232
-1.53476 -7.15797
4.5321 7.98007
-0.704779 2.62101
-4.47838 2.10242
0.782982 -1.32567
0.82267 -8.8749
-4.35011 -2.43048
-4.06839 -6.10694
5.53269 -2.22001
-6.28658 1.1061
-5.05343 2.82191
6.39777 2.26539
-1.72246 2.9522
1 -1
-5.93583 -3.61163
-4.4288 -1.34118
-5.25201 -2.17302
1.3944 -8.00293
-3.25855 4.69693
6.18768 -1.0884
-7.46855 -3.92939
-4.16475 2.52745
-2.29568 -7.5912
-6.70196 -9.67754
7.36777 0.862726
3.0129 2.29123
10.6221 3.49795
-6.67519 -6.96987
-1.70974 -5.87297
-5.44712 0.814246
8.45038 2.79136
6.39276 3.87201
-6.37525 -8.37574
10.341 -6.76582
-11.7757 -5.34836
1.22019 8.53469
3.28245 1.95705
-6.96499 -4.09367
-9.19239 -3.12132
3.71274 -0.786769
-2.43504 1.68338
16.3984 4.45064
-5.83199 -39.9048
8.15395 -8.50703
-22.7165 13.1263
9.66514 4.94794
20.9649 11.1439
-19.3542 -34.9267
29.3719 7.29954
-17.7713 -13.2373
18.5218 -4.74653
-29.6753 -59.7431
-72.4944 -2.00069
-10.8425 36.8092
-112.477 30.7473
191.882 26.1244
50.5153 -95.1575
-132.298 -283.223
-169.512 16.1573
-354.487 167.162
443.184 180.748
-148.885 -732.829
2342.04 -969.872
