18707 20319
-2934.22 -5890.05
927.707 -75.1568
-43.7694 -233.96
-118.964 -873.304
-210.675 -31.5411
-171.073 98.7528
-14.8271 -149.334
-144.454 105.448
-19.5044 19.6481
-22.9869 32.7775
72.2735 10.6667
9.07697 -24.5601
-16.968 -40.1895
43.2581 -57.0047
6.34245 -40.0076
-37.8046 7.25171
7.57921 -5.67976
-32.3949 3.04792
7.12737 -13.4844
5.52738 28.2372
-6.4541 -11.6758
6.94325 -0.126599
-5.16865 -16.9038
-7.49943 -3.71415
7.07107 -2.58579
3.60051 -9.08553
-13.3943 3.73867
-3.05151 -0.576426
1.68713 5.15013
8.8348 7.11848
-5.35224 -13.6076
-0.368573 -3.17823
7.25536 9.21691
6.98031 -5.56396
-8.95821 -1.62951
-6.79624 -5.19012
-1.19036 -3.11209
10.0435 -10.5189
0.463771 8.92798
0.878107 6.04711
0.919804 -7.7797
-0.365451 -3.63723
-4.33849 -0.946341
-2.99511 4.79329
1.32336 7.09942
-7.31365 -11.0726
0.501491 -4.72521
-2.84047 5.60346
-0.0646547 2.47638
3 -5
2.65724 1.99285
9.60114 8.5953
-1.50105 -6.01829
6.4914 7.91512
-5.17286 -1.14857
-1.8087 5.57374
2.04439 -5.94443
-2.72065 1.27065
2.57928 1.84348
4.44993 1.35359
3.95248 4.29853
-0.0479926 -2.98707
1.35606 1.24952
-3.29755 -0.585584
-4.61147 -4.03056
-4.70779 4.82151
3.55497 4.5188
-0.541984 -4.30441
-6.50869 -4.6393
-3.92497 -1.62506
1.60764 2.23589
1.20426 -3.30647
-2.74683 4.87638
-3.12964 0.959218
11.6569 4.82843
5.36867 -0.218806
1.12167 7.48443
-2.82582 3.76893
2.09017 0.680302
-2.83927 5.5225
5.57391 -0.317834
6.56516 3.97982
-1.4019 2.84261
6.52161 -7.60583
-4.33232 -0.30646
-7.36155 -2.40883
-3.85353 1.47611
-1.1509 7.35447
2.71597 -2.3194
-8.04753 -2.97913
8.58603 3.61208
-4.32259 3.58051
11.1204 20.8725
-6.93906 2.61865
2.00754 -6.45088
0.574085 14.8333
1.42563 -4.89869
1.4081 -0.102317
-0.520449 5.99111
5 1
-1.09529 8.62042
8.34559 0.313793
0.0140205 -1.49304
-1.86611 -3.71135
-6.63496 -0.224909
-1.093 10.6755
-6.84706 12.566
0.0349315 -6.29197
-8.13045 -16.7642
4.1021 -4.46002
0.357562 -5.57743
-0.893144 -12.0757
-3.75601 -1.78508
0.0597368 4.40294
-2.76686 -7.04293
-5.04297 0.0209136
-3.00433 5.42152
6.991 1.04817
5.24926 1.05581
-4.01484 -5.61267
-4.82905 -3.35139
6.6266 -4.97201
-4.10803 -0.810939
-2.29915 -1.56809
-7.07107 -5.41421
0.208083 6.89412
2.78494 -2.8046
1.84585 -0.614772
7.1802 5.95977
-0.309237 6.00901
4.98392 1.26335
0.0612448 -1.96868
-2.44421 1.11316
3.82891 -0.112212
3.04826 0.653711
-2.26217 -9.21719
-4.69684 -9.72333
-3.45612 1.94458
1.46956 0.607283
0.751701 -6.91589
-2.48147 0.0992523
0.813828 1.65436
-0.448983 0.489561
-9.35464 -10.6498
-0.289119 2.083
7.3256 -6.91142
1.16505 9.57815
3.70111 -2.2734
3.09215 3.79739
9 1
0.430835 -2.97666
-5.16683 4.27231
7.21352 1.00307
-6.16891 4.90958
-2.04162 -3.13464
1.14016 -5.10543
3.02413 -1.8978
1.44767 -0.9334
-5.33199 -2.75287
-1.02401 5.04306
14.0039 -14.1412
8.38536 -1.70472
5.64971 3.58423
-4.74218 4.21049
-6.52438 -2.76658
1.46232 4.97458
-9.6921 -16.2253
2.31104 12.0283
3.06637 -6.67921
-1.65632 -0.807386
-4.13663 16.0733
12.0022 -1.4682
-11.2695 -21.8422
16.1522 -6.60565
0.343146 -0.828427
-9.96906 28.8799
18.3291 -15.1026
-22.2876 -14.6699
-3.4781 9.99849
24.271 -13.6748
0.353753 27.7187
16.8106 -10.2238
-29.4766 -8.30909
3.56682 -14.39
31.7437 -42.3128
-12.0913 24.054
14.8231 12.6824
-68.2992 -16.9536
-31.0316 7.77767
11.9881 47.9666
-9.55143 44.8823
169.234 -134.802
-58.083 -136.578
-275.243 -118.262
-104.459 114.76
-70.4532 245.188
518.319 54.9512
-382.235 -675.947
2225.97 -1348.65
