23218 21614
-3338.9 -5567.74
984.16 -31.8861
199.254 -300.666
-7.37646 -816.464
-215.473 -107.776
-102.527 1.8852
26.4598 -180.094
-157.999 48.1442
-34.7021 -65.6407
-50.9536 61.4293
69.2235 48.9423
17.3317 40.1788
49.869 -13.0247
43.8671 27.0677
12.6999 -38.4125
20.2363 -24.15
5.38676 -4.45062
-0.663113 -19.1518
-21.8032 19.4991
5.01774 -7.10314
4.86049 0.73066
0.335161 -8.1081
-14.5511 13.9913
-6.37371 -5.57714
18.4853 11.0711
-20.2137 -3.58965
7.16718 -5.83156
-7.37757 -4.07906
7.85602 -9.63032
0.811546 -8.42477
-4.05747 11.4442
-6.98243 -1.14468
-2.86819 -2.77978
-0.38454 -3.28623
-12.7551 -5.68537
5.89614 -1.25443
3.45289 8.00925
4.1208 -12.2634
13.0151 -2.00338
-4.81761 -10.6758
-1.09415 4.52624
1.86673 -3.22305
-0.175572 6.47468
4.74957 6.87811
-0.807401 -7.64022
-3.60641 1.70239
-1.69557 -0.452426
-0.0948785 7.5634
4.53933 8.92002
6 10
2.86754 4.79353
0.46997 -7.44379
1.53795 -2.38226
-1.30306 5.57399
-4.22579 1.45066
0.785756 -5.13557
3.69795 0.0142899
-3.34586 1.17901
-2.2867 -0.161603
-16.877 2.88467
6.96721 3.50098
-0.451915 -3.96597
-1.80319 -7.64154
-6.30153 -3.09319
-0.38749 9.50072
-2.50398 -1.25369
-2.24048 2.80922
1.95079 8.11181
-5.26182 3.17458
4.82777 0.424767
0.149061 -1.22912
1.25805 4.25462
-3.89722 9.65878
5.72473 -1.73101
-3.07107 3.31371
-0.21062 0.28046
2.67555 3.0432
2.75684 -2.97533
-1.76678 16.6492
-2.49469 -11.7758
-2.19142 -0.536217
-0.462038 3.32489
-5.30965 1.5108
2.07821 -0.742196
2.72172 5.24817
-10.1197 -4.53036
5.25788 -0.627896
-4.40182 -8.57983
11.6262 18.1382
-11.1153 -0.12436
-3.85756 0.953403
-2.85733 18.8853
6.41757 0.0527823
-2.34913 3.13053
-1.03835 1.41292
5.72875 1.3673
4.22287 2.96746
2.14297 3.58788
-1.4322 2.17818
0 -4
1.40594 0.0188968
-9.99379 -6.60257
3.71991 5.26026
-1.8983 7.25362
2.11657 5.2724
8.1921 1.00493
9.6214 -5.57032
-4.9863 -6.32455
-0.395107 -0.132219
2.91001 11.6659
0.487204 3.90688
-3.05282 6.28754
-8.53821 -16.1833
3.08505 -4.5208
7.81958 -5.32946
-2.00108 -7.28189
-2.75522 -3.34544
0.257736 2.87375
2.84838 -6.71847
-5.12334 7.86592
2.18373 -4.27261
-6.90809 -1.15648
7.49272 7.4786
-4.5903 6.88172
1.51472 -3.07107
1.01007 10.591
-1.16481 -1.36291
-3.36956 3.26314
5.26682 -3.59791
-0.169446 6.61295
-1.15426 2.25001
10.2702 -5.47914
-4.93738 -2.51785
-0.00636238 5.17588
1.0947 7.33211
5.72754 3.95912
-3.79815 -17.3557
0.978831 3.75039
-0.635638 -5.49125
-7.92142 -2.26664
0.22813 -0.653797
-3.11547 -8.45972
8.52318 -1.06841
1.03408 1.99077
1.30471 1.82605
0.00973921 -7.62234
0.946117 -2.48685
-4.95532 9.59725
1.01176 -1.52243
4 -4
3.23329 4.6212
6.2393 -4.2448
-9.68841 -6.62161
9.97796 3.9835
-5.39998 0.226021
9.21374 -3.07311
-2.75421 -9.76992
3.1043 6.07705
-0.560468 5.53023
-0.564356 -4.4144
0.884816 4.24268
3.07792 -0.529508
5.55234 6.2747
0.665037 -7.63615
2.44241 3.99324
-15.4359 -1.29426
6.92945 -0.865947
-9.92476 -0.157316
11.54 -6.83071
-3.76167 -7.9179
9.16416 -1.38901
-26.3156 20.5449
23.5552 2.87987
-3.73464 7.28847
11.0711 -19.3137
-11.0167 -1.09604
-12.5011 -24.4973
-1.37949 -7.97725
14.7756 -13.3361
-5.21937 5.48511
-13.5947 -23.237
23.7559 -14.3312
-32.5778 -15.4113
0.0615505 13.473
-11.9175 11.576
0.935553 -2.05147
1.03642 -6.52382
-17.6946 22.1482
35.09 53.442
47.4507 -19.6659
85.8238 73.2702
-59.6556 -189.378
-104.254 -74.9222
-199.291 101.149
-186.195 165.006
225.74 281.271
307.85 -91.6737
-461.565 -588.835
1243.52 -1788.91
