18795 20269
-2118.04 -6493.11
741.415 156.256
57.0556 -87.7094
453.98 -682.926
-116.022 -255.707
-216.256 -211.904
37.0777 51.4342
-52.2359 -87.2194
-57.0647 -46.3396
-20.6717 4.13943
-25.0459 8.86668
-35.6271 35.3102
47.7417 48.8494
4.36277 27.5126
14.9182 -5.06333
24.1984 54.0015
15.6018 -12.8843
18.0824 -5.84843
10.0444 8.36079
9.39294 -12.45
-7.21068 -2.30677
-5.8288 7.21373
-11.0175 -9.79562
-13.1609 -5.22066
-15.6066 22.6066
3.07223 -6.67788
-7.12892 15.8613
-8.57288 0.668117
2.64783 -13.5696
-5.18314 11.9265
9.47883 20.1882
6.10217 -6.52258
-2.78746 -5.31574
-8.47553 -0.534519
0.23214 -1.11886
5.74823 -1.57089
0.46282 -17.3834
-10.064 -3.38426
1.06288 -1.11288
6.8728 7.86176
2.761 5.70369
-1.8596 -2.42691
1.10429 1.56022
7.54705 10.7834
-1.5156 -3.54662
-1.66607 1.05055
-1.13275 5.95096
-2.1154 -3.75594
0.798671 5.72743
6 -6
-2.32529 -7.57339
1.40645 1.52543
-0.087031 0.226379
-0.908783 2.95247
-1.76384 5.09566
0.0105089 4.48763
-5.48809 -2.48001
3.35365 8.06801
-2.9235 1.0052
1.50917 8.4823
5.13881 -2.04252
-4.64504 4.58559
2.59378 3.77447
-3.82677 -1.45092
0.030921 7.85997
-4.49533 1.05621
-0.750154 -4.11756
4.7485 1.20304
-2.55011 1.98771
-3.79557 1.64893
-3.6067 2.21519
-0.407556 6.78099
1.4693 -2.65445
-1.37775 1.00479
2.29289 2.46447
-3.51267 -2.55431
1.76256 3.18304
2.63261 -0.31943
-3.66457 -2.11477
1.22509 5.56706
-0.420576 0.513114
1.74601 5.19558
-3.18281 -0.346898
-4.02052 -1.15137
-1.49347 5.18524
7.80323 0.381058
0.68905 -1.04987
-1.48614 -6.46744
-4.94443 1.36302
-2.65458 -0.285333
-6.65448 7.54962
6.69687 12.4667
-0.592262 1.63978
4.66717 -2.67856
-5.55339 0.492168
7.26356 -9.30815
-0.341729 -8.42847
-0.719077 25.8348
-8.05169 1.22954
-3 9
-0.0605603 9.23064
-3.67804 8.33872
5.72588 10.6005
-4.59702 -26.8096
3.45669 -1.6778
-1.81734 3.07912
12.3764 -8.5626
0.689352 -3.04135
-2.18925 -8.91178
-1.15434 -9.19657
2.72451 -9.20091
-0.988303 1.87161
2.68254 -5.64958
1.6585 2.52257
-2.06615 -0.212388
-4.42101 -3.04021
-0.90055 -4.02579
-0.123785 3.51967
4.02234 -2.97509
4.30277 4.66901
-0.522174 2.64424
4.30917 -6.56241
0.32334 -1.73149
-2.96832 4.31728
5.6066 1.3934
-0.0817283 0.0855287
-0.358454 5.40459
-5.63428 -5.72272
0.69002 2.08702
-3.52661 6.40592
6.29203 -3.91551
4.67487 4.58959
-1.75858 3.57485
-2.74071 4.78971
4.19441 -9.20217
0.249889 1.87073
3.81237 -4.33216
-6.26348 -6.72254
-2.12843 8.54642
0.782627 -2.71837
-2.61526 1.56347
7.702 3.4085
2.34061 0.799361
-0.247514 -3.66619
-4.0571 -0.357673
-3.35267 -0.71781
0.492603 6.04031
8.31553 5.29893
3.33359 6.46309
6 4
0.390276 0.438397
-3.00479 0.167738
0.16813 -10.0009
-5.84551 2.93163
-2.73093 -5.13879
1.18678 -0.777204
-0.695921 -1.63022
-2.23829 2.17434
-4.21405 -8.52885
7.59934 -2.09783
5.20383 1.96417
-3.28874 -4.97435
-10.0027 12.4321
3.27397 -5.579
-15.2154 2.11109
-4.32827 11.8607
13.245 2.50459
-1.76937 -7.40849
6.59255 -12.3138
-4.14715 -9.26002
5.62557 8.65918
-2.80633 6.4868
2.05476 -19.6668
-6.79393 10.9497
3.70711 9.53553
24.3711 3.23595
-0.61035 -29.9378
-2.65235 1.45883
-11.9558 -20.028
6.31526 22.6861
9.05181 7.25982
21.3646 -11.5537
-23.1577 10.9646
6.53393 -5.05826
14.8157 32.1324
12.0117 -10.5588
3.09917 31.1023
30.5154 1.18143
28.1022 33.3949
39.1331 -73.3789
-12.1054 -57.5755
-244.256 -13.8058
-50.283 78.7428
-120.502 267.616
116.77 33.1477
168.146 166.809
249.085 -473.135
-724.179 -168.983
1933.64 -2279.15
