21010 21591
-1373.08 -6187.22
768.665 512.602
205.286 -333.658
452.527 -583.297
-182.48 -225.726
-51.6553 -154.845
57.3889 -7.05408
-17.7107 -114.866
-24.2519 -30.6289
-26.7263 -10.9801
-66.5167 44.694
-1.99111 41.1129
-16.1363 42.8316
-13.4725 18.3674
25.5099 28.2922
19.0689 -3.48853
23.3619 0.458144
7.958 32.6479
9.87708 -5.89086
-4.3262 9.11403
6.5902 -14.086
-33.3347 -5.92243
-3.88227 -13.0358
-8.29771 -9.65259
-1.70711 1.12132
-17.2036 12.799
-2.34762 -15.833
3.08986 7.32361
-1.63539 -2.69315
1.87077 3.3442
3.4403 -0.683899
1.03606 -7.33125
0.715264 -0.472858
-3.53938 1.67086
-3.2366 -4.2938
-7.26797 5.79023
6.54514 5.62424
0.960096 -10.8593
-5.37721 5.31636
-6.06227 2.48229
-5.40458 5.22816
1.04239 3.8834
3.41791 -3.42849
7.40408 4.21669
1.70824 10.7104
10.6062 -14.3619
4.78427 -0.474493
4.72152 2.93485
-4.22864 -6.57815
-7 2
-5.62295 -3.95288
-1.07797 1.98162
-5.36139 3.89441
10.8425 11.6054
2.68524 -3.77924
-6.19975 -6.13535
-0.616518 -4.05829
-4.21658 -6.10926
2.59888 5.46501
-6.05571 -4.35422
-8.07758 -8.28122
2.95152 2.10145
-0.723832 -0.341304
-9.14328 3.85977
-3.77123 8.41411
-2.92586 13.3535
-3.84521 5.69192
5.85611 -1.5281
-2.74662 -6.15288
3.60137 -5.54582
2.97595 4.86986
11.4152 19.3059
-9.05577 -3.58212
-4.44461 5.47322
-9.84924 13.364
3.00099 3.15906
-3.82611 6.97969
-2.27977 -2.36301
-1.37962 9.79212
1.93767 3.29679
3.5027 0.869044
-0.437429 2.24392
-9.47536 -3.16811
-3.9764 -2.82189
8.6673 -4.49064
-0.432699 2.0499
5.90454 -4.70331
4.96529 -5.52882
1.49019 -9.67453
-10.1623 5.30636
5.38464 0.894041
-0.539917 4.55349
2.35607 6.75853
1.59552 -0.383116
-3.65228 1.31012
2.37225 2.5278
4.25632 -1.8329
-6.767 10.284
7.67494 -2.99769
2 1
0.618636 0.486743
-10.2121 -0.630337
-0.469028 5.67723
-2.52424 -4.7599
0.224144 2.46942
-2.90392 2.61783
7.47591 -3.00159
-2.19016 -1.12742
1.89627 0.335849
-8.84249 -1.45172
1.76413 -0.726463
7.79881 2.19956
1.37678 -1.79048
-1.81477 -3.2868
5.27162 0.962566
-0.495681 2.46846
-8.24354 6.41758
-9.46641 -2.33896
-0.473706 1.60833
-3.31964 6.99501
6.13687 3.03205
8.0227 1.90771
0.224957 -1.70911
-2.33585 5.06227
-0.292893 -3.12132
-4.93013 5.5643
9.91861 1.76289
0.809447 9.88005
3.1178 0.401497
-3.32314 -17.4593
9.10333 3.52182
2.21495 2.64284
1.57941 -11.5261
-1.95364 -3.51078
7.17649 -5.09875
5.69879 -6.40498
0.486127 -10.1367
9.82239 6.36124
-1.81291 2.69736
-0.798395 -1.93757
-4.75147 5.28923
-1.90695 -3.68213
-9.99181 -8.90767
5.78611 2.56943
-2.8952 -2.20185
4.7475 -8.06865
2.06129 1.89593
4.35377 -5.58629
3.53543 2.09569
3 -6
-8.35752 -5.44319
9.67449 -0.884375
-0.590999 -8.52402
-3.13497 6.95061
-0.722169 2.30249
0.243544 1.17979
-1.69739 8.26287
-3.30709 14.035
-2.58197 2.66817
2.44424 21.2259
7.89103 -4.83794
-1.78202 -4.90725
-3.49644 0.9591
1.09271 -7.33446
-0.384497 0.347982
6.05439 -3.62873
0.603466 -14.9064
-16.2068 8.23521
1.83382 0.947418
2.21168 -3.86697
-2.77182 -2.08802
14.1668 -4.64992
5.75557 -5.67252
-12.8753 -0.963934
19.8492 0.636039
0.207879 9.62929
6.11809 23.1202
1.53771 -17.8403
-1.41738 -4.10836
4.18031 -28.8222
2.53231 4.15254
-6.87588 -14.6948
27.0981 29.6027
13.2033 10.8469
-9.06885 22.4762
2.2318 28.8683
-3.11374 9.61605
7.33862 -0.386404
67.1299 -1.37332
5.37036 -25.3466
69.6469 -78.2737
-131.675 -37.9373
-149.367 -56.4881
-159.857 223.548
-53.0321 136.304
173.586 202.241
300.247 -211.571
-585.308 -350.539
1657.03 -1942.35
