20412 22124
-2312.78 -5564.86
940.445 217.914
123.867 -270.73
282.215 -743.029
-216.976 -151.639
-75.7791 -45.91
69.0245 -107.296
-79.2518 -47.7063
-12.3288 -37.4242
-73.353 -2.57363
7.40937 80.4164
16.6391 21.3688
6.92092 23.7994
-1.74074 50.345
50.74 -28.9958
9.16391 -0.900399
-2.54192 3.44398
-7.61395 -9.87703
-18.012 2.11262
-3.36092 -7.95428
-6.03399 4.58691
-18.0974 -2.06907
-13.1175 -1.63496
-4.61308 -0.100424
0.585786 22.4853
-10.4367 -3.84357
22.5056 19.0471
5.81877 1.87685
4.49808 -0.99837
6.45118 1.92162
-2.30203 -7.18253
0.286427 -4.61719
6.76895 -5.8094
-2.67287 -2.4793
-8.86161 3.54245
-0.791385 1.21485
-12.3378 -4.91803
-5.10603 -6.96678
-1.31965 3.12673
-1.38728 0.770695
-1.44483 -4.21193
8.94302 2.53085
-2.52193 -0.100019
2.49279 6.72445
4.56159 -3.37303
-4.33204 -0.096853
8.6036 -1.81838
-4.47851 2.44339
-7.05005 -7.15377
0 2
-6.25088 0.124074
0.0848012 -2.95713
-3.11318 -8.1582
4.60122 4.03726
-0.797426 -6.41654
-5.54462 0.18408
-4.22784 11.172
3.23807 6.55332
1.84454 0.201921
4.37956 0.580446
1.6533 -7.13685
7.50414 -5.65345
-2.79006 3.92361
7.31853 20.6512
-5.79765 -0.892363
0.660391 -5.88368
-5.59931 14.8707
6.3565 9.55627
0.575539 5.68396
2.13241 6.96693
4.87892 -5.21557
-4.99643 -3.78594
8.87506 -0.412777
-3.70298 0.133105
7.07107 2.82843
-6.42331 6.53439
2.46884 1.60705
-4.57256 10.1097
1.71442 -1.31532
-5.55368 3.15006
-3.13258 2.14731
2.43482 3.59153
2.22944 1.42216
3.66747 -1.16115
0.12205 -1.31756
-7.98667 -8.44573
-1.45337 1.31912
0.356439 -5.24451
0.795951 -0.299687
0.339868 1.57363
0.259724 -4.45783
-0.543919 -0.224465
4.48889 -1.68787
-0.228058 5.31927
5.16709 2.51534
-0.879502 6.07438
-1.683 4.24266
3.14693 5.33687
-2.02743 0.224273
-4 0
1.09252 4.99538
-0.460718 0.958909
-0.870814 -0.992579
-2.37184 3.78283
0.104848 -6.51856
2.89252 1.26805
-0.115072 2.94335
-1.35833 -1.24034
1.62101 3.58375
-0.672141 3.39723
1.55112 -0.0860894
4.64834 5.04419
-5.94931 -1.19834
2.02111 -3.05556
-1.06285 -4.98111
0.943601 3.50534
-1.24678 -5.19338
-2.50769 4.35837
2.63749 7.19212
-1.30042 -6.53202
-4.09454 0.616245
-4.86031 -2.06784
4.5868 2.33743
6.33069 2.56074
3.41421 5.51472
-4.59653 -3.26094
-4.18416 -3.66578
3.05301 3.86107
6.16997 8.15739
-0.693294 -12.3617
0.809064 -4.79505
2.10108 1.04529
1.63977 -9.30494
-5.9885 9.4029
-1.21879 4.40813
-9.9886 11.0999
2.58981 -4.18084
-11.7838 -25.2399
6.98473 -1.05233
-2.05332 3.03759
-0.483044 -9.66861
-5.14242 -1.52128
-5.35441 -6.15505
-0.994808 -3.47134
1.27031 2.56042
3.03587 -3.99683
-5.08753 2.38895
4.46558 15.0636
10.3638 3.50897
-4 -2
-1.62859 4.4622
1.34088 0.0478406
7.73411 -2.89028
11.2003 0.467709
-1.30678 1.27163
7.17023 -6.92301
5.21226 -5.01053
1.97661 -8.74001
-4.18831 5.18515
1.24138 -6.38873
-6.23629 -5.71401
-0.527797 7.48697
-11.7649 4.94253
-10.1701 0.281434
4.27681 2.42694
0.26411 -7.93871
6.06582 -2.13387
6.87335 5.83034
-17.0265 -6.15463
3.70645 11.3617
9.99125 6.91643
0.634237 -3.34142
24.0976 -7.21576
-7.51669 -7.03387
-7.07107 -2.82843
6.18579 5.01367
-3.33884 15.0165
-18.6756 23.0414
34.8951 -19.3207
-9.96532 9.33625
1.00569 -10.4692
-7.27428 -4.59738
-11.9249 -5.19493
14.9866 10.6499
18.4383 10.7536
-2.12696 19.6429
-0.00124644 -30.6363
20.7364 12.1807
38.2745 16.631
36.0885 -30.2858
70.9168 9.18826
-71.094 -148.857
-134.205 -9.52209
-170.617 193.477
-12.6596 128.656
149.631 246.964
342.407 -119.596
-528.017 -537.297
1539.74 -1548.56
