21603 22178
-1765.68 -5885.6
867.566 342.628
174.718 -346.45
185.444 -752.484
-216.651 -80.106
-113.521 -111.09
17.9016 -62.404
-130.449 -24.3727
-14.8596 26.4183
-19.0373 26.0785
49.3238 80.3368
47.9279 -39.2903
31.0215 -0.657842
23.4389 11.6448
15.199 -45.6822
-12.7381 10.7034
1.85291 1.0906
5.45847 8.86361
-3.3281 4.84855
-6.94194 -7.70811
-2.05049 9.72007
3.72219 9.14295
1.31896 3.15535
9.3188 7.47993
4.82843 1.82843
-9.82626 -8.12974
15.0533 4.55438
-24.785 -7.25536
6.61333 -1.38693
2.39332 3.4899
4.79693 -0.0206822
-2.03831 3.72825
3.84026 1.42755
-4.25685 12.0979
11.9302 1.08413
-3.37277 6.01004
8.01249 0.767525
-1.33706 -0.0318433
-11.6396 -3.32258
-9.98073 -9.51426
0.237263 -4.7987
-1.5952 -0.643692
-5.53177 -5.11594
0.816684 2.7829
-3.3853 -9.2037
-2.90351 0.302615
8.28089 -2.19102
-0.660209 4.50079
-7.80849 2.68843
3 4
5.47597 -7.61321
1.03976 3.33417
-7.10086 1.29808
5.32793 -0.387325
-2.10658 6.31874
-4.12567 9.13498
1.71145 -5.42382
1.75324 -5.3861
-8.22509 -8.70646
-11.3396 -0.931108
-2.48239 2.52606
1.73312 -2.56967
-5.46612 1.60659
4.14959 -3.40531
-3.69309 1.04716
1.40786 23.2536
-12.0992 1.69212
-4.9352 4.87556
-4.30793 7.21112
6.75258 -1.4899
8.83632 10.3961
-8.18727 2.51665
6.52049 1.50636
-2.16002 8.18299
0.828427 1
-5.98517 -4.60568
1.08565 -1.06843
-3.57453 2.59501
-0.665301 -0.571635
0.16843 4.46735
2.62326 2.74008
0.12081 0.820963
0.383128 5.59382
-2.62243 1.56867
3.385 -3.89856
1.48965 1.6635
5.82355 0.787854
-4.63693 -4.26885
1.49421 1.80475
-1.46927 -1.89816
2.79806 -1.19202
0.750945 -0.251347
6.19987 3.62886
1.96156 5.16539
0.849226 3.43709
1.81907 3.10867
4.04998 4.69008
-6.6776 -3.15449
-2.40812 -3.99148
-1 -2
0.701942 3.72351
-7.77272 -0.177394
4.89584 -3.82561
-1.03343 -1.8197
-1.69323 -2.73128
-4.05388 1.16004
4.71837 -1.21255
-0.172455 9.37216
-5.17834 4.87487
-1.306 1.22451
0.20059 -2.97886
-4.42149 7.45242
2.21069 2.88881
3.32015 -3.32996
3.28975 3.9298
-1.66506 1.87215
3.70383 -2.3158
-0.378009 -6.01139
-3.07204 0.0032029
-2.46023 -3.14111
0.525777 -1.21515
-3.01722 4.66126
3.02158 3.77822
4.60904 3.34146
-0.828427 -3.82843
-3.89137 -4.25844
-5.96906 8.57561
3.30344 5.46534
-1.6208 14.2217
11.5535 0.150531
-1.52424 -15.2563
6.02069 1.43346
3.80609 -2.17394
-10.1877 1.60178
-2.79597 4.8223
-2.19582 -23.7959
13.5577 1.26283
4.40299 0.894097
6.44594 -20.9889
-6.18828 1.07701
7.63527 2.90407
-1.46946 0.560041
-1.76314 3.90592
0.661688 -1.85842
0.690488 -3.91644
8.33132 -3.3786
3.30701 -4.41057
6.381 -4.81692
10.4713 -3.38001
-5 -4
-4.68489 1.07765
2.77484 -3.60662
8.57139 12.3428
-1.57235 5.14722
-2.95457 15.3622
3.15531 -8.95801
-1.11533 4.10957
-0.333473 1.65668
-0.239515 3.56976
-5.72747 -4.81198
-6.57158 -1.01941
-2.72184 -6.13457
3.54844 4.26805
2.22576 -4.69266
2.8786 1.07475
2.28748 -1.96007
-2.5586 0.566237
5.23399 5.34475
2.56514 0.566557
5.95312 1.66913
6.16969 -5.84615
-14.492 -6.38397
-2.62256 -2.50911
2.07169 9.74414
-4.82843 1
6.20063 -8.05341
17.8811 -20.8295
-21.7239 12.7953
5.17054 -0.263765
-19.5302 14.5622
-5.51669 -1.24073
15.2573 1.4741
-15.4425 12.7824
-1.1551 12.4976
4.46896 -0.265925
-1.6098 -2.86512
-5.64914 -8.44341
-10.998 4.49917
-27.1821 51.7915
17.1601 0.775486
91.6317 63.9902
28.1794 -115.752
-5.29306 -155.932
-208.146 32.5172
-169.411 68.7279
-19.3426 284.649
372.501 23.3433
-356.921 -519.065
1966.45 -1370.68
