14660 20269
-2414.01 -5160.89
1054.36 15.9667
93.4736 -202.679
87.4828 -833.573
-184.126 -50.2846
-85.6096 15.0111
8.07854 -176.077
-108.377 19.4533
-22.4783 -42.2458
-12.285 86.0161
60.2435 39.5467
16.4656 42.0555
-4.75236 -2.11287
42.2022 -6.22193
18.3795 -34.068
-9.39837 12.4396
15.6657 4.56921
-23.3047 11.257
-7.97099 4.62691
-3.42133 11.2752
-10.0313 -14.5885
0.37911 1.85741
-17.5461 -4.42495
7.64037 -2.10503
-7.53553 2.12132
17.0038 1.11244
2.58677 3.50084
-5.98815 -6.83268
1.20836 -5.85326
-10.594 -0.648481
-6.48331 -1.33203
-3.79147 3.10879
-6.47912 -1.72757
4.09361 10.6647
8.88589 4.61834
0.595293 -3.74512
-1.045 -1.05283
-2.73845 -17.1557
1.64585 -6.3568
2.97162 -3.51536
9.70339 11.3754
-2.16962 9.3716
10.625 -11.7451
-13.1575 -4.51749
-5.01819 -1.6583
-11.1585 6.77101
-6.89025 5.36156
-2.57019 -6.56453
-10.1649 -3.93869
7 2
4.91664 -9.68058
4.02748 22.0614
-12.3445 -4.01538
0.419983 4.88817
-8.97036 10.5366
13.6366 3.40951
5.52625 -7.27814
2.37352 5.70612
8.15139 5.50497
2.87843 6.79287
4.80647 -5.40441
-1.35527 -3.9011
-1.28455 -4.43589
-2.16253 3.56853
-1.88997 -1.13817
-1.19473 5.50512
0.211296 3.46387
2.51776 2.93077
2.46907 1.96869
2.76123 2.08618
1.19531 -2.73877
0.306156 6.12911
4.49451 4.10028
-2.65521 -1.86232
-4.36396 -0.12132
-6.30488 -0.952286
-2.72039 -0.126376
3.78647 -3.51022
1.33352 6.66939
-7.56794 -0.217695
0.618182 6.12561
4.07819 -0.0837936
2.38052 4.01051
2.16314 2.9937
-0.211446 -2.2782
-3.63118 -2.70139
3.61591 9.45496
1.89186 5.57133
-0.810142 7.084
-0.423249 -1.44062
1.66685 -2.88055
-4.77988 -6.62577
-5.17147 1.53359
0.38638 9.70616
5.14301 1.71592
-0.525441 -0.812356
9.93288 -2.14588
0.223897 6.52064
6.72114 8.44358
-4 -1
-7.57263 1.15855
-3.90822 3.99023
0.274445 -4.20626
7.12661 -0.22474
-1.97823 5.71704
3.03168 -8.99761
-0.935055 -4.95943
-2.92396 5.7455
-1.07393 -4.57898
-8.81148 -1.89285
-8.75303 -4.39191
2.96831 3.27131
2.9825 -2.95995
-2.50875 7.59422
6.91513 -2.11638
4.41327 1.05069
2.44036 -5.07961
1.31803 1.17772
-4.63427 -2.3001
1.3876 6.83573
3.06608 -5.96353
1.96203 8.95224
0.606314 0.755528
-3.87774 5.98647
-0.464466 -2.12132
-4.13532 0.800068
-3.67465 1.54392
6.83838 2.30392
2.77236 0.158266
1.39092 -5.21246
-0.519554 0.101686
-0.38699 2.08162
-0.651912 -1.33211
-4.01194 -9.56634
-3.16739 2.23479
-2.51842 4.08486
3.52316 0.909054
-7.16769 -6.99542
-2.45941 -1.73435
-5.35056 -5.17484
-4.09377 4.63076
0.990229 -0.671602
12.0127 8.32167
5.91442 1.70143
5.02764 -5.07904
-10.7112 -7.46836
2.90738 -0.795445
-10.9579 -1.20747
-5.344 5.78854
-3 -18
8.6571 3.74816
2.68119 -7.08154
6.77126 -21.2911
-7.76871 5.2603
0.399119 -2.14396
1.99124 -4.39747
-7.82143 3.71508
3.74691 5.1587
11.6888 -5.78862
13.2087 7.89732
12.8428 9.5049
-0.352148 8.31691
-3.01912 -5.10346
-0.383849 -2.11873
-4.78103 -2.54841
0.585071 8.30875
-5.32763 -1.39771
-0.512288 1.45514
0.59092 6.07483
-0.682711 -6.363
-9.89457 5.97671
-3.97643 -10.495
-6.84059 3.87183
13.8383 8.24235
8.36396 4.12132
3.89674 10.3464
8.61187 -11.4153
-0.086762 -4.74147
-9.01934 13.2361
9.89346 -11.8932
-14.5096 7.92853
0.724653 -29.5685
15.639 -5.08936
-8.60994 -9.59677
30.9776 17.2697
-16.476 23.8459
21.0687 -8.84317
-55.1779 -15.9349
39.4691 47.268
54.6443 23.4552
23.4037 49.0908
115.565 -105.458
-154.296 -22.1995
-182.733 -14.9249
-41.5849 175.223
-111.741 280.494
524.717 -61.5663
-411.829 -447.615
1195.31 -1566.4
