20783 21548
-1915.47 -5971.8
745.519 270.903
68.3372 -205.342
487.277 -568.54
-97.116 -278.776
-154.437 -197.595
89.5463 47.3079
-46.788 -118.867
-3.89404 -11.6777
-20.3012 -31.5693
-77.4848 34.1939
0.762497 39.4758
27.519 45.441
-62.9606 14.2487
10.3131 31.112
13.1814 37.1262
10.1342 -10.6427
32.989 12.3306
2.19262 -5.13186
-15.034 4.63574
13.0781 -26.0065
-2.77901 0.0343028
-4.92979 4.13589
-19.0746 -4.28694
-11.9497 2.29289
-7.14515 -7.09129
-12.6316 9.53462
-0.494141 -9.96748
2.21372 2.67961
6.39327 0.832324
-1.22908 -4.84668
-4.51197 2.53273
4.21388 -1.17572
4.69431 8.35989
-5.58447 5.90603
-0.643777 0.136546
3.08269 -9.86061
-7.05006 3.3566
-3.32971 -2.32298
-3.5744 -3.45762
-7.99034 2.03145
2.56854 2.6486
-10.2822 1.4368
-10.2998 6.76378
0.800444 -3.32652
-2.61769 6.23975
-10.9879 -0.52949
4.50341 -0.336439
-0.526306 -2.67935
2 1
8.76732 -7.06171
-1.4718 -2.99611
-0.455021 12.1703
1.12633 0.175513
-0.978575 -5.0389
-3.69559 1.93924
-1.81121 -2.86208
-3.11725 7.77634
1.27817 9.277
1.92149 -2.11304
9.83436 2.41327
-4.82582 1.6266
6.08802 -2.33929
1.19269 3.20344
5.21696 -3.44181
-2.03602 -3.49794
-0.394916 2.87686
-3.4099 3.16106
-3.02701 0.388088
-3.0113 -2.17985
5.48967 -1.92252
-3.41096 -1.34422
5.67956 -5.57882
-2.91241 -1.43293
2.29289 25.6066
-11.411 2.8041
0.162516 2.6691
-13.2389 8.17025
4.61111 4.45687
-2.9054 3.17609
-0.89091 -3.04124
1.928 2.0281
0.607588 -2.05094
1.53524 2.89064
3.15658 -7.6923
4.27215 -2.04623
-4.64809 -5.84425
4.43757 -1.34726
-4.10006 -4.65592
-2.7332 -4.31921
-2.18282 -0.944065
-4.26905 -1.98143
0.121033 0.237232
0.285835 2.16621
-5.76835 6.9158
-0.826949 -0.994163
2.48935 -3.33218
-0.261615 5.36939
1.80298 -0.94685
9 0
0.624061 -0.282728
0.281045 -2.26845
0.532694 -1.95488
-3.62581 5.69826
0.368326 5.62513
-0.392434 -0.337659
-1.47319 4.00008
-0.761263 -0.909325
1.25135 -0.481309
-4.79944 0.376508
0.97654 1.81945
-0.869447 -2.07803
4.18426 4.64192
0.407286 -3.41474
0.0595051 1.83557
-0.533416 0.227898
2.896 -7.15473
8.60663 4.17843
3.36316 2.93665
2.52343 -9.41216
2.88358 -0.195956
-8.1025 -3.63623
-4.07399 5.69271
2.95126 3.2614
-2.05025 3.70711
1.94804 -1.71199
-7.7624 -23.4612
6.7233 3.65131
11.2837 1.31865
5.81739 -0.835271
-0.405899 -1.61821
-2.90657 -6.90311
7.16891 -3.6188
-3.76706 -2.80664
-4.09311 -8.6996
-0.920121 -0.234724
-3.04053 2.92704
0.37214 -3.25553
-3.96972 2.75159
-5.30345 1.58518
-0.77838 2.65394
3.36591 -4.83294
0.763417 -2.03784
-1.58171 -6.88687
-4.66263 -2.9231
-4.52453 8.30449
-0.271848 5.00092
5.22022 -1.86347
-0.885928 -12.1875
6 -1
0.613537 1.63657
3.72775 1.35663
4.23737 -1.19857
-0.70144 -8.54943
-0.602927 9.26088
10.8902 -2.11077
3.33858 3.36277
5.46379 -8.49323
-2.63138 3.45299
0.956367 1.69369
-1.10966 5.82794
6.75378 1.78878
5.99683 0.844887
-9.59866 6.95796
4.24733 1.13048
5.09208 -3.51832
1.5729 5.22821
4.81797 7.43341
11.7502 -10.3421
0.217052 0.723815
13.77 6.64881
-2.85469 -2.83841
-11.9759 8.39822
-0.786589 5.92227
3.70711 4.3934
-12.8565 6.75093
16.0402 -11.9383
6.65462 -11.6821
-6.01343 7.46984
9.41596 -14.1079
-12.5089 -5.21227
32.6383 -4.05782
-8.70719 -1.25201
0.0105648 13.3077
11.989 3.40378
-22.9325 0.654525
5.37308 7.00006
60.9548 2.24891
22.5883 -16.5432
10.4175 -33.029
66.6688 -79.7674
-220.433 -36.6239
-56.0415 72.053
-84.7609 257.735
70.6548 148.708
229.063 140.182
297.73 -216.748
-625.618 -433.788
1755.06 -1888.33
