21978 22496
-2794.39 -5075.35
1022.66 54.7129
21.2201 -412.739
-159.025 -711.324
-204.462 -5.68043
-84.0989 5.50857
-16.2775 -136.311
-61.6745 72.3211
-50.9647 2.18626
16.6832 68.4031
94.1556 -27.6318
-19.4956 8.38843
35.8977 -28.8092
41.3502 -15.4767
-17.6114 -7.75889
11.8558 -17.4841
11.5933 -25.4833
-5.07347 -6.93592
-12.3399 -13.5792
-16.9365 25.802
11.293 -0.191612
-3.0482 10.3703
0.555145 9.51979
-3.83332 0.612637
5.24264 -2.17157
6.59348 -7.62743
-5.69578 -12.1819
-0.630144 -17.4566
-2.90593 6.1492
-4.58108 -5.52108
-3.06043 3.62083
-13.196 1.76897
-1.81278 7.24436
-1.63591 0.74264
4.93996 0.96588
3.05839 1.19929
-0.4897 -5.96419
0.0512944 7.99463
-4.53664 -2.75399
6.40986 -1.93893
-1.01498 7.54082
-1.70504 4.49395
-3.54686 5.89127
-1.58687 -1.22079
-2.04809 4.5769
7.92048 -0.0151959
0.963816 -0.325924
-2.81637 2.9676
-1.05308 -2.62099
8 4
-0.576302 1.48249
0.908347 -4.84925
-6.42231 2.22079
0.39049 -1.75667
-4.36595 0.115351
-6.37051 2.3674
-12.9511 9.45023
2.7437 7.02187
9.33098 1.98904
-2.17193 -6.51146
11.4516 -11.2364
0.714714 -0.71374
13.4338 18.0146
-7.04443 -2.28528
1.49509 4.90387
3.02216 3.54951
-1.21366 3.63434
6.16828 2.01408
-5.44376 -0.447686
-3.81405 -7.42319
2.09508 -0.115477
-3.14849 0.0293507
-4.52614 -2.5397
-0.367109 -0.85165
-2.17157 0.757359
0.0170992 -0.903032
4.31071 9.40179
-4.62566 6.35166
0.124142 2.59307
5.46554 5.75528
4.90069 1.36089
0.839172 1.38822
-0.808304 6.24698
3.59437 -5.37115
-2.9578 2.65073
-7.09314 0.849663
-0.519354 1.88444
2.64106 -2.79648
1.97079 0.666905
-0.884836 3.66576
-3.79045 -2.92201
5.03376 7.98434
4.22145 -1.81956
4.0848 -4.71818
-7.53366 1.57269
-3.70863 1.62679
-1.8219 -1.83904
-4.64125 -3.13104
-2.86598 0.800515
8 6
6.35979 0.354358
-2.43916 4.55931
1.03252 0.812839
-3.06749 -1.9665
0.920449 4.00846
0.723013 -0.222493
-2.02728 1.03045
1.15577 0.84016
-0.925497 -1.61847
3.54532 3.05992
3.11797 5.78268
0.663792 4.93854
6.96493 6.79683
-5.49774 -1.69609
-3.17203 -2.22403
-3.92012 4.63686
-2.60201 3.58884
5.52687 5.05808
4.97669 -10.7745
0.208225 -3.75528
-7.44178 3.06497
1.54185 2.24376
-1.10532 12.8891
0.962483 -2.92248
-3.24264 -7.82843
3.49106 0.175995
0.571984 -1.31331
-2.75393 -5.74188
6.47599 -5.02418
-7.19936 4.04688
-0.764413 2.39949
2.02032 -3.94513
8.41337 -5.59484
-3.91138 0.15341
-1.94991 -5.95354
-1.91576 6.24744
-1.29158 3.85953
1.74917 -0.46551
-10.3778 -23.8206
0.734238 -3.19675
-2.33088 -1.7924
-9.61358 -5.78813
-6.25487 5.70488
-3.43279 -1.03782
-0.505521 -11.8492
-2.36685 8.81257
-4.35057 -1.95682
9.28723 -2.55946
1.3266 -9.12755
-2 -2
7.6979 0.313486
2.1252 -3.21129
4.66744 1.60331
0.11141 1.35481
-4.45218 4.85262
-2.13858 6.41595
2.00658 -2.47024
1.71577 4.09758
5.82636 2.85076
14.9164 3.93893
3.60744 4.88609
1.27127 -0.0542841
4.81449 6.15052
7.57959 1.43462
-0.426521 8.35229
5.62071 2.29679
3.37389 8.17045
1.68743 -14.6929
1.41167 -1.87587
-1.59902 9.88424
5.58024 -3.16119
10.3314 15.4714
-1.65352 -18.5571
-16.6804 3.39248
-7.82843 9.24264
-3.02893 7.24035
5.33054 6.64673
13.3404 -31.9132
-4.33368 8.96307
-4.62579 -22.0938
-0.241481 -1.51775
-5.07404 1.50426
2.38174 -8.82395
-27.995 17.4906
5.98443 -6.96262
-4.36421 2.46093
22.8445 27.0967
-13.8777 -11.5517
-33.5086 24.0207
61.8498 1.88435
-41.085 80.5243
95.0128 -143.395
-25.0336 -112.472
-293.948 -23.8835
-175.855 148.43
40.5567 288.718
276.627 125.313
-289.282 -713.844
1791.43 -1409.95
