18693 19778
-1282.99 -6209.66
1216.81 151.866
3.12605 -463.098
-498.987 -629.56
-96.8315 171.178
-170.366 103.703
-43.391 -161.263
-17.3357 141.103
48.0668 71.1446
49.1888 -37.3184
-2.81922 -48.4888
-47.3184 -69.0807
-51.6973 3.78876
-19.5138 -31.7481
-15.051 -15.5099
19.0995 22.3215
3.83743 -20.6774
29.3094 30.8336
12.6607 -12.9416
-9.51536 -10.0599
-11.5052 -12.7703
-9.77252 -0.6368
1.49893 5.69894
-3.02164 -3.87078
-3.12132 -5.36396
7.16727 -1.8818
0.124067 -19.8236
0.389671 -4.51493
4.61838 -11.0399
-6.42308 -2.55275
8.38926 -2.02912
4.15409 -2.45938
6.68735 4.60532
-5.94483 -5.5143
6.29538 2.78274
3.10448 -5.74274
4.4639 2.84182
0.51764 8.87593
-3.03732 -10.1188
1.4674 4.25232
4.71 2.25788
-5.0545 4.74928
-2.77533 2.63889
2.15138 0.137774
0.644771 3.66232
-5.18457 0.160626
-0.0315721 -5.63336
4.70286 -0.126726
2.86304 6.53458
-12 -5
2.57457 -0.575972
-1.19128 -1.8256
5.22425 1.31069
-2.25576 -5.31617
0.205319 5.1751
-5.69815 8.92863
-1.744 4.65791
11.6282 6.54468
-0.190121 -0.960104
0.835729 -1.47892
-0.127973 -1.00018
-0.366786 -11.0921
-3.33166 -2.00113
-5.9189 -0.280746
6.43597 4.60054
-0.267424 8.26088
1.27583 -11.1347
-0.478133 1.23126
-1.18839 2.99666
2.49197 7.40685
7.82571 -2.21399
4.85601 -0.445453
-0.490785 5.62972
6.52063 23.8484
-4.87868 -3.70711
7.07079 10.0109
3.40184 5.5192
3.72282 -5.3835
2.41572 -2.9735
-0.318542 2.9888
3.14083 2.10934
0.419104 -0.511648
-0.635463 3.32975
0.23787 -0.886668
-2.11276 5.77677
-3.63913 0.84755
-0.779552 11.0869
3.46228 2.02908
-1.14885 1.19271
3.64405 2.52
-0.883223 -1.82068
0.946819 11.2272
-0.571027 -2.23052
-1.08349 0.273457
-2.39935 2.91288
0.454357 -2.6859
-1.43357 1.89594
-4.55791 4.30171
-3.55736 -7.37879
3 10
-3.82109 2.24006
-4.53521 4.18568
-3.71801 -2.95457
-9.86473 -4.24464
-2.3194 -2.83554
-2.41983 -1.98466
6.09273 -1.95351
-3.06511 2.35799
-2.71214 2.44647
1.69751 -1.37608
-3.83018 0.992979
1.08437 3.64112
8.52425 -2.77152
-0.240065 -1.15516
5.15951 9.09191
0.0707013 1.37479
2.96861 -10.2089
1.42314 -1.03759
-3.34038 1.58765
-1.77163 4.7194
4.57472 6.45778
3.89852 -2.53794
10.1048 -3.30706
1.8096 -6.18984
1.12132 7.36396
-11.5351 5.85725
-2.54346 -3.7862
-8.22979 -21.1611
9.97142 1.66997
-3.97588 -3.3047
-6.10503 -9.88574
5.55725 16.8722
-2.42026 1.67714
-2.15714 -6.63997
1.21919 10.4255
-1.19529 12.2898
9.67739 6.287
-4.06116 -5.09422
0.894732 -14.5866
-6.21769 0.423192
-3.30563 -5.55141
-0.218321 5.9456
-1.80753 0.509393
-6.25892 -4.96774
3.60446 13.1466
-4.96311 -8.35683
0.722526 -13.9601
5.05732 3.51774
-7.26015 -2.12616
-4 -3
-1.71114 -4.14834
4.03528 6.95851
3.8398 -1.21935
-5.01221 -7.18008
5.63656 -0.146729
-5.46522 -5.98798
-9.18911 -5.14347
5.88184 -3.30433
1.75377 6.45608
7.62277 -9.96053
-2.4226 1.98434
2.54012 0.279879
9.89252 4.62087
-1.60996 7.45364
7.68073 8.08545
-3.5968 14.7977
-0.828455 -6.93096
20.4938 -6.98008
-6.74867 9.53404
3.14306 -6.89692
-0.960698 4.13272
8.98196 1.78956
-9.47851 -12.8603
-10.7343 0.835066
-9.12132 -2.29289
1.53964 14.1083
-4.78883 -5.78979
-0.733981 -5.64467
-2.55028 23.7872
1.89732 -8.88435
21.8293 -18.8207
-5.0787 6.55258
-5.87375 -9.04469
0.691958 13.508
4.89776 -25.6137
-15.7037 14.1667
-24.3855 11.5964
-4.47807 -22.7958
28.8186 -9.53652
-63.7664 -0.478023
-91.7677 -40.4468
117.949 167.335
-7.33912 -25.5002
130.666 -304.99
-207.066 -148.731
-337.784 -24.389
165.168 328.126
158.492 -636.876
2911.5 127.022
