15591 18890
-2289.77 -5892.65
1252.25 197.699
123.697 -414.015
-150.047 -784.475
-83.9327 -47.4458
-118.755 -4.88457
-13.8374 -187.302
-103.827 99.6543
-25.953 -12.942
0.448351 86.9371
47.0556 20.6409
20.6724 2.07122
40.4842 25.0063
53.8924 -37.2185
-21.7322 16.0161
-0.920746 12.2115
4.17105 -21.0761
-1.12306 5.89576
-12.8839 1.18795
23.1851 21.3813
0.317847 -3.39238
-7.1186 1.56095
1.60843 14.456
1.36134 -4.01297
-3.29289 2.46447
-11.6297 0.915047
15.4042 -2.92484
-16.3418 -5.06225
-6.88734 -7.8442
0.458519 -2.2839
-5.97785 0.994101
3.85516 -1.82943
-6.97231 1.22107
5.54195 2.32371
-4.33894 1.907
-1.95949 -0.43067
7.94249 -1.44026
-6.5988 6.35131
5.44533 -9.47279
1.69098 -1.35613
-3.2941 0.796841
-6.55174 -9.82229
2.07123 0.0302908
-0.233758 -6.28182
4.32371 -3.63334
2.68385 -4.39213
8.67342 2.74716
-9.58137 4.1723
1.45538 -4.95274
0 -3
1.27238 -4.75688
-5.94173 0.788255
4.91377 8.7825
-4.83305 -3.84609
-4.37713 7.13253
-2.32933 7.55564
1.20607 -4.96679
-0.453278 0.0608139
1.9714 3.97681
5.86178 -1.25013
3.31542 -2.46441
-6.42205 -0.742274
3.07886 0.957818
0.104583 0.284113
2.38697 4.7521
-1.60625 -6.17648
2.18096 -0.805506
-6.76034 -5.58687
-2.68855 3.76012
-7.49296 12.8675
5.33149 0.731896
-3.07547 0.341502
6.28106 -6.29576
0.157667 2.2893
10.364 21.1924
-12.1126 -2.59878
-1.44014 7.25109
-1.88684 10.717
-0.154599 5.22142
2.80902 0.28652
-2.77864 8.64797
3.1928 -3.27057
-5.34617 3.63819
0.060012 -7.35873
-1.0025 1.09476
-6.13152 -2.10507
-4.51411 -2.21451
-1.12532 4.11443
4.21425 -4.43025
3.69755 6.25635
1.49925 -3.45369
1.00906 -0.866297
-1.41758 2.17291
-4.071 0.914238
-4.10035 6.27474
3.10411 -1.70778
-3.86968 -1.86751
3.28868 4.66539
-2.62765 0.139301
-1 0
1.61722 4.66565
1.7087 0.330085
-0.988026 2.3873
3.66126 6.64815
-0.205823 5.7414
-3.73857 2.64121
0.537521 4.07494
4.64836 2.6677
4.38298 0.266314
0.331085 -3.06009
2.28789 2.32457
0.824662 1.1
-1.07907 6.37327
-2.01984 4.51041
-0.503857 1.19463
-2.4396 -0.487346
-1.47138 -6.39752
-4.30236 4.76138
3.33072 1.92306
2.80902 11.4217
6.05268 -4.02753
5.18312 1.39604
-1.8509 -1.96686
6.2 -0.569029
-4.70711 9.53553
0.645582 -1.8767
-9.71627 -16.8135
13.7258 -2.11499
3.02282 -6.65797
-1.45486 -11.7566
-1.85227 2.06668
-0.838893 1.59415
0.269085 -4.23368
-5.92314 8.21436
0.962026 -8.04573
3.20882 5.14161
4.47268 0.505987
1.38185 2.16519
-2.06276 -4.43334
1.1595 -0.458075
-0.321383 -1.76145
4.52183 4.52539
-3.27524 -2.16273
-4.76711 -6.60842
-6.43438 -4.73111
6.86023 1.00086
-7.04209 5.91891
0.726891 -0.961594
-7.84176 -11.8546
10 -3
-6.92452 0.309556
6.91239 -12.575
8.46154 -11.1552
4.25149 -5.81384
-2.24064 0.856767
3.40982 -0.505316
7.80013 -0.331872
-8.93249 7.69582
-4.98363 -2.81736
1.69098 -0.352073
-7.20567 3.42859
-1.41831 -2.79183
4.18796 6.80098
1.40534 -4.7553
-3.57224 14.8423
0.299228 0.803976
11.3691 3.04665
-1.04708 -9.95339
2.22756 -4.73886
12.309 6.56306
-5.93954 11.9496
-3.23144 -8.24895
5.09719 -3.27027
-10.2742 -5.82236
-2.36396 2.80761
-7.55105 10.4414
16.424 1.83812
-3.30325 -10.9322
-15.2588 -28.5727
30.7936 -9.67307
-29.8514 -0.301964
29.9684 11.6888
-27.1241 3.34512
-8.68341 6.2271
-3.563 -12.6203
25.5318 18.907
26.4589 -10.5256
-46.6883 38.1131
18.9023 16.2982
21.7034 40.4765
-5.29151 44.8687
181.15 -69.09
-87.8486 -50.8984
-190.8 -215.663
-211.669 260.664
-176.537 272.954
527.659 108.933
-283.471 -566.676
1910.19 -1461.5
