18320 19881
-268.342 -6614.59
587.167 267.929
-180.84 -70.0084
724.759 -452.562
-60.9136 -278.283
-83.4205 -282.64
25.8295 45.2865
-5.26485 -96.2029
-23.2179 -77.2594
-22.5406 -59.3355
-21.5412 -16.3794
-53.4663 1.73536
-2.25733 80.5309
15.6686 -12.2993
-32.1208 12.4059
-5.22268 49.3736
6.26547 -16.3301
21.161 42.8676
25.0552 -28.5427
15.6575 25.6096
0.656076 12.5281
11.6098 19.5528
16.7942 -22.3974
-5.63957 -1.07938
5.94975 6.87868
0.259463 -8.2248
-25.5061 -1.22911
-1.78859 -3.52571
-9.1707 -0.904055
-9.85916 4.64044
3.49462 6.77153
-12.2423 -2.51607
-8.62174 -1.86651
-5.32663 2.16827
7.50752 3.56917
-11.2214 -5.49846
6.71619 -2.20373
6.59777 -6.26039
7.59675 -4.01505
-0.495785 2.49318
-1.60156 -1.26407
-9.6682 1.63916
4.22372 0.890385
-4.23383 -5.4069
-1.93432 -6.39445
-4.76072 2.32779
3.12147 6.85274
-1.50444 4.66384
0.839042 5.36771
1 2
-3.28342 1.07588
-8.10959 -3.13659
-6.93462 2.55336
-3.90467 5.12743
-4.90661 -3.78294
-0.0673161 -5.75897
2.33078 4.2953
1.03993 1.22745
-0.44525 -6.25041
-1.75381 1.63001
-4.40083 -5.68397
-4.10567 2.30365
3.21393 0.641111
0.245762 0.241084
-3.76267 8.11548
2.64742 5.59298
-3.14664 4.66642
-0.300181 6.01313
0.377612 8.80237
2.62309 4.42844
-4.50415 -1.4063
5.09865 1.30478
1.49679 6.52618
7.70299 -0.618686
4.53553 2.87868
-1.1864 -2.47952
-0.935843 5.56995
1.26133 0.869023
0.015165 -7.50853
-9.2494 -2.90742
-0.314241 -2.10063
-2.2893 11.6172
-1.80298 4.69877
6.46178 -4.40336
-0.988522 -2.60618
0.765204 4.74922
7.52118 -3.22864
-4.11082 -0.0802641
0.894893 21.6657
-3.34795 -5.73335
1.50956 3.2997
-15.9483 4.8248
-1.8753 -3.6746
-0.641035 7.84767
-1.06216 -5.20293
2.95249 0.87809
1.67181 8.23307
1.49426 3.27271
-2.10568 5.15384
-2 1
-5.67826 -0.598684
2.53504 0.80988
3.35023 1.67779
12.5089 6.16984
3.87165 -4.22154
0.704194 -1.89246
-4.10545 -0.331405
-1.54799 -6.54222
1.11566 0.408005
6.58976 -3.43969
-14.2276 9.01242
1.00686 -6.18534
-3.7527 -19.834
9.32224 2.63119
1.90644 -2.27406
2.49386 3.76365
4.29774 -8.33949
1.2483 -9.77755
3.5081 0.880584
1.15923 3.52546
-5.6802 0.297145
-2.72846 -6.00428
-3.51821 -2.47662
-2.33477 3.93995
-3.94975 11.1213
-0.361854 -0.580181
-1.9994 2.74155
3.52267 9.31733
-0.119988 -1.62394
4.30349 -0.0448478
-3.31103 0.59763
-0.474771 5.58519
-6.28628 4.64543
9.44246 4.03139
1.98548 1.17435
-2.85926 -2.98146
-1.9834 -7.04985
6.20714 -1.42675
-9.814 -3.7943
8.4833 -0.484109
2.23887 -3.67034
-0.0215154 -2.96075
9.0589 10.577
3.93845 -1.46449
-3.85656 4.5546
0.341714 -5.47332
1.98017 0.750927
-6.63406 6.6378
6.46354 4.10627
5 0
-7.11314 -0.0293901
0.28296 4.36466
11.236 -15.3948
1.8349 -2.58885
3.33914 1.46647
-0.308724 -6.27416
1.2756 -4.96965
8.35364 -3.67291
2.31038 -0.139323
3.58596 -4.11121
10.1685 -9.28308
-0.675413 4.94349
-4.56454 3.05323
1.44029 4.3246
4.5019 -2.33008
-13.076 3.44874
2.8898 7.77128
0.753845 -8.81036
10.042 16.0044
5.58506 -6.88627
-4.33095 -16.8435
-15.107 4.66852
-0.567298 -7.05562
1.81325 -5.10283
-2.53553 7.12132
-1.33848 4.3665
9.90445 -10.2071
1.06325 -3.25355
15.5545 -2.54923
24.613 -17.7555
-37.2729 45.9314
32.1478 -4.79813
-10.6192 8.67346
1.10475 3.96843
-8.91789 3.1652
15.6837 -37.7114
-16.4396 20.8834
37.6222 -13.7274
19.9532 -12.4472
-9.35369 -45.6292
-16.4457 -68.5185
-183.166 -64.5689
-77.698 65.7183
-145.941 268.306
71.351 62.644
179.885 277.064
388.767 -456.832
-451.151 -257.975
2402.64 -2020.31
