15051 17870
-1217.07 -5834.05
1163.5 411.466
177.937 -463.787
-9.35617 -712.812
-137.542 -43.5
-117.358 -87.6895
64.9673 -132.82
-110.773 28.0641
-4.3204 -10.7902
-18.481 91.9464
31.818 18.2066
33.1573 45.5573
3.80245 11.1538
41.6006 -10.2254
-22.5326 -1.06728
-9.03151 6.92689
5.88179 -9.84737
-20.1065 16.5519
-6.00328 1.82778
10.9673 -2.07373
-4.81521 4.26902
14.5359 9.41365
-16.5247 8.54613
16.8929 6.01195
2.70711 -2.70711
-3.37766 -9.05351
3.33765 -10.474
-7.46971 -3.05581
9.79463 -7.59103
-2.87262 5.27593
-12.2346 -1.14692
5.23801 10.9698
-2.92801 -7.87558
6.0064 2.93766
-8.9709 6.82301
7.93531 -0.713277
5.69973 2.88043
-9.54995 -1.75927
11.7181 -5.33381
-6.84931 5.75377
1.12977 -1.15173
-0.34971 -8.33782
-3.7863 1.68507
4.2198 3.15372
-1.65064 4.74409
10.2291 -3.05344
-11.0916 -3.40098
-9.55828 -11.2919
-15.9647 6.77137
-8 1
13.951 -1.55465
-1.00642 -5.77675
7.36199 -8.3379
2.78864 -3.63959
1.82982 24.0281
-5.09112 -5.27154
-0.17084 3.92662
0.234774 9.30278
2.93768 2.15387
-3.01426 0.767016
0.141759 7.74741
-0.716278 -3.01363
-7.30837 -1.23275
0.579027 -4.57839
-4.58889 0.63992
0.434991 5.53065
-1.81294 1.88288
0.232942 -2.44168
2.51241 -1.54792
7.74801 -3.01858
-3.7173 5.88744
-3.35601 -0.011975
-3.09334 0.981518
-8.35181 3.70289
0.707107 0.363961
2.09064 6.16937
6.05516 7.85772
-4.0516 2.49488
-0.636369 2.12002
0.193944 0.467146
-2.60167 -3.89419
-1.51036 -0.968089
-2.51408 -0.752561
0.0988903 -3.94147
-1.15299 2.83479
0.388703 1.73702
-6.61284 2.95717
-6.35342 0.00208455
-2.09508 -1.40769
-2.64358 2.86511
5.59805 0.216428
2.56841 5.83606
-0.659064 7.49075
-2.1911 -1.1776
0.47316 5.14947
0.515341 8.77892
0.181718 1.93686
6.71029 0.650202
-4.60728 4.88486
-13 0
-1.25709 -4.82114
4.19093 5.5873
7.52718 3.41963
-2.19697 -7.43823
-1.04649 2.24733
0.948215 12.1627
-4.08114 11.0478
6.25119 0.395803
5.21815 -15.5467
3.50842 -1.35209
2.16767 2.10416
1.16451 -9.5073
-0.56377 -0.748825
-0.461333 -4.63331
-1.58439 -5.34041
-4.34542 9.35618
4.918 -2.94306
-0.762858 2.3576
4.38357 0.490339
4.89623 -3.23108
1.08988 1.97787
-4.06988 4.53329
1.74086 6.00705
3.28512 0.0296172
1.29289 -1.29289
2.11041 5.04118
3.7103 -3.03763
5.46382 -2.6814
-7.15051 -4.10771
5.25605 1.11046
-6.5275 -1.97727
3.72009 2.2057
1.37623 2.8058
5.83525 -2.96238
-2.99728 0.614098
-3.85346 6.28437
0.548053 -2.1722
-9.44387 -1.51862
2.43257 -3.14099
1.68802 3.05264
6.08379 -0.703203
6.78529 -0.166681
-2.87927 1.58332
6.87152 -1.35526
-3.31547 -7.26847
-3.7733 -5.94669
1.99033 -21.4289
12.457 -3.06057
12.6375 -6.78355
-10 -7
-9.46676 0.0107239
-1.64357 -1.6782
-0.125402 -2.17303
-4.42527 -3.74747
-1.88058 4.60583
0.559979 2.27404
2.26572 -0.322252
8.90461 14.5935
10.3168 -2.40664
0.759141 -12.9898
13.9475 -1.6051
-12.7562 -8.17949
-2.39708 14.3367
-6.17817 1.70526
-1.65837 -1.07022
-3.15721 7.85571
4.29424 3.07994
2.22012 7.10174
0.703077 11.1454
13.8686 -6.92199
-4.37343 5.58792
-2.70896 0.342995
0.661326 5.92659
-13.8941 -8.18091
-0.707107 -12.364
-12.7301 2.50762
8.88103 -5.5505
10.5172 8.36869
-7.95854 -7.42246
3.35889 28.2541
-17.574 3.18549
1.24788 -9.52127
1.94759 7.3531
-0.496633 -1.41549
6.95442 25.3726
2.84197 15.396
10.0462 -8.9967
-21.5788 9.05455
12.2442 -5.06702
41.6162 46.0947
3.29198 50.421
176.139 -66.4179
-57.8411 -82.5315
-187.572 -188.218
-224.337 137.187
-173.933 240.721
465.093 161.513
-261.936 -457.691
2108.42 -1146.9
