19016 21255
-4151.97 -5644.75
1021.91 -299.37
437.145 -262.052
-97.6936 -906.066
-49.6148 -247.848
-190.996 -14.0809
104.777 -164.871
-38.5441 0.781805
-27.4818 -131.732
-103.357 107.179
10.8705 -7.71667
-24.1586 79.6315
-13.2682 -25.5309
48.053 59.3517
21.4912 11.5694
22.1998 -1.1672
-6.86449 25.2103
8.82479 -24.2849
-2.97096 -17.5669
9.5493 -13.3546
-18.7771 -6.27131
-27.3211 3.06043
12.3675 0.981059
-26.9288 -8.14231
-9.94975 13.8492
-1.26124 -12.5369
3.34622 19.8889
-2.25495 -24.1598
-0.589052 -3.87821
8.78635 4.58944
9.30677 -3.30928
-5.66429 -4.29652
2.12343 -4.85412
2.34316 2.34224
0.908491 -15.2399
9.99508 8.06692
0.790061 1.02523
12.7321 1.33328
-12.4933 -6.12156
11.6083 -4.65208
0.356205 -9.6572
5.77037 6.12773
-1.30985 6.42292
2.69966 -1.68522
-1.73723 3.94447
-0.89777 -5.47008
-6.85415 -2.72905
-4.26335 5.553
-4.42621 -2.96258
3 2
-2.76294 0.805646
7.04518 14.0969
-7.8538 -16.6672
4.56721 2.4887
1.99083 -5.75307
5.46188 -0.130118
2.14604 -5.35967
2.83305 5.84465
-7.58667 -1.80195
5.61414 -5.27557
-3.9624 -7.29158
5.96364 2.68793
-1.10111 -7.16715
4.06401 4.99131
-1.40702 2.76183
3.34189 7.62927
-1.46932 -6.27045
3.58613 -10.2
-3.26824 -14.0221
-0.855237 -5.02713
-3.99368 2.64719
6.02896 -1.15939
6.06573 6.62292
-0.649102 -0.728706
-13.6066 -11.8492
1.78483 -5.89163
8.48528 -8.27113
-2.85122 -17.4181
-1.63687 -2.29264
-7.60022 -0.178853
3.04059 -7.67664
-4.15102 6.99283
3.98273 -0.634241
-4.97084 6.28296
-0.413617 -1.19946
3.96627 4.07327
-6.05523 -3.51472
3.3076 4.51738
4.25044 -0.639918
1.21898 -0.36794
-3.6487 5.82703
2.29846 0.705241
0.412495 0.773719
-4.146 -2.46492
-5.59592 4.35132
0.172594 2.88329
4.50826 7.73684
-6.96118 -1.45691
-5.46402 5.09442
-4 5
4.73141 11.3252
-2.78423 -1.15415
-1.27433 6.22325
2.31484 2.19681
3.46522 -4.18478
-0.159394 -6.78486
0.818024 3.72481
1.76416 -2.86938
0.304858 -2.40886
1.84133 3.20515
3.92482 -2.27361
-0.402127 -4.78745
-3.06301 -0.520698
2.84679 -2.46188
-3.06212 -1.73981
-2.11794 0.203612
4.45587 0.32255
-0.0375065 -6.12211
-9.62911 -1.50878
1.18381 3.79689
0.630975 -5.92444
6.61956 3.9254
1.30411 -5.62287
-7.08848 2.72226
-0.0502525 -15.8492
2.76906 -4.34075
15.465 15.0418
-8.2086 -1.23584
-0.154353 4.91089
11.7837 9.29009
-1.67077 1.47449
4.32743 -0.0259322
-5.12212 -2.80064
-9.83054 -10.8485
1.82962 3.09221
5.96899 -10.0083
-2.65602 -4.03615
0.525191 1.43545
-1.74564 3.35402
-4.79448 5.19856
1.3958 -0.623624
-6.31072 0.361882
4.78827 -0.966883
9.99531 6.20226
3.16548 -2.83994
-2.42795 6.48585
0.242144 4.24849
3.9036 -5.52228
8.97696 7.12818
1 6
-3.06446 -0.31089
-7.2996 3.79237
1.45036 13.6836
2.23601 8.45491
-7.04145 -3.41348
-4.97501 2.78036
-1.37922 -13.5672
5.68523 -5.37365
7.04354 2.51919
8.80812 6.03405
-8.0761 -4.94533
-6.98038 4.09527
0.20688 -10.7966
-5.96279 -12.639
-6.21708 3.06617
11.2221 1.59084
-12.0076 -10.7969
-0.566232 12.5776
-2.57519 0.612441
2.35409 -3.10162
-23.7771 -4.53514
15.8123 14.8261
-20.2273 -32.4668
-0.649738 17.578
7.6066 17.8492
-12.9028 -22.1652
-6.16848 26.8976
20.8005 -12.3672
-4.3695 10.7234
13.631 -51.5684
6.94808 21.9183
-32.5562 -4.30433
2.99908 12.995
-17.8129 5.51173
52.7591 8.29947
-33.5674 -44.7495
41.7275 55.9459
6.32373 -27.7033
20.7603 -19.6567
64.2275 -23.7675
48.2948 -45.8124
-141.921 -180.915
-124.941 87.3006
-186.892 236.407
85.4794 141.133
294.682 352.447
440.994 -348.955
-591.578 -405.948
716.275 -2279.25
