18134 20350
-2605.48 -6538.71
1241.69 17.656
240.582 -20.3212
609 -801.537
-98.5217 -247.077
-43.9988 -109.083
153.115 -84.3262
-52.4406 -32.7628
21.0463 -40.0051
-105.015 -89.997
-33.2819 78.8696
-50.2522 -10.1005
-44.1856 7.42579
-37.0699 48.3963
-28.3589 19.4683
16.79 41.7487
-14.0074 -15.1746
-28.1835 5.37006
-3.01937 3.4953
23.8938 11.1011
20.7767 -42.4997
-22.3803 8.29592
21.6997 25.3389
8.02455 -18.6252
3.70711 -7.53553
-21.042 -6.98782
13.9432 -0.622469
-14.7362 -5.74641
4.84252 12.7495
0.851717 -11.9328
2.26634 7.73124
-1.86428 -0.148037
-16.5878 -2.02486
-14.9048 8.6383
-2.15693 -7.63691
-9.63182 11.6723
1.19861 11.0996
2.23673 6.04631
6.92648 8.37952
6.16396 -3.59159
-4.68879 -14.7898
10.534 5.8501
13.0356 -5.4858
-2.47065 -17.7586
-0.444019 4.6268
1.69123 -8.61009
3.45431 -2.56041
-3.91538 0.415512
-1.60431 -6.5024
1 1
0.010403 -4.10586
-1.32806 7.02627
-3.30143 4.09792
-3.29264 -0.354456
-3.40177 -6.95975
4.00648 2.45047
-8.04582 1.43917
-0.83938 13.7578
-1.27546 -4.64113
-7.56684 -3.55972
-5.78155 -5.50528
-0.534439 -3.3094
2.90961 -7.54415
0.161677 -1.03183
-3.15154 -0.528201
-6.93942 -4.5777
2.47267 -0.95444
-1.656 -0.239661
-3.98818 -4.46517
-0.323853 -0.560616
-1.342 -4.09061
2.91965 7.42695
-1.80729 -2.1966
-2.27292 -3.37656
-2.87868 -5.19239
-7.91937 -7.91965
-12.6161 3.59147
6.71846 -3.84389
-0.955804 11.0544
-2.64938 -0.512808
-7.33796 -18.6024
14.264 -1.59687
-3.9465 -1.31391
10.7395 -0.788355
2.5753 -1.32495
-4.6271 -6.54722
1.20483 4.06705
-2.98215 5.32742
3.93903 -4.90961
-4.41479 0.365846
-5.6388 5.54932
-4.34484 2.76992
-1.73167 1.29749
-2.2455 5.93502
1.51872 2.74847
-0.243198 4.84914
0.00947568 -1.13564
0.289648 -2.75209
7.08195 -1.65683
0 -2
4.74086 -3.72456
-7.56223 5.70053
4.77907 6.49555
-0.185999 -7.48768
-1.14984 1.53594
-1.68848 1.22462
2.56684 3.31689
-2.90907 5.29599
1.8359 -0.753839
3.78501 -1.16661
-3.93916 2.99436
-1.44252 0.345806
-3.16577 2.01895
-3.71774 8.56675
3.44353 3.70797
0.600382 3.94091
9.07633 1.37089
1.75147 -3.30355
2.20722 -6.55679
2.88545 -0.341294
8.51044 21.6697
-1.56572 8.52732
-1.46964 -1.51282
-12.9662 10.925
2.29289 -0.464466
-2.00286 5.17344
-2.65268 -8.27655
0.693909 -0.0675837
5.83216 -0.0652481
6.77264 -0.104312
0.09389 -4.15234
1.52974 -4.96499
6.92005 5.59721
7.27488 -7.49795
1.04597 -3.05093
6.44627 -9.44845
6.65229 -0.0901146
-1.27976 4.47522
8.72342 0.854004
-5.3217 -6.29438
-4.83843 -0.0236104
2.96091 -2.9655
4.10849 -9.44357
1.72813 -0.102536
5.28272 5.8751
-4.92753 -3.63151
-5.98752 4.23947
7.58459 -2.71484
1.92788 1.39422
5 3
-2.44443 -4.11256
-12.212 5.5628
10.3238 5.83568
-6.84243 -3.32133
9.11451 10.7473
-2.40701 -12.3235
4.3746 -2.44118
-7.793 -7.24666
1.49973 -11.7992
-10.4 9.44569
19.8722 16.5278
-10.8617 -8.52637
-7.68845 4.07441
1.7523 13.9689
4.34876 2.5673
-5.13161 8.42115
-8.5485 3.25074
5.8989 5.31331
24.745 -3.29513
-13.3431 -11.2645
6.33412 11.2476
-15.1866 -3.03886
12.9295 18.971
-9.63029 -6.21816
-7.12132 13.1924
2.21858 21.1472
44.9672 -12.9532
-8.22659 -22.6548
28.3427 2.61013
-1.00522 -14.247
-7.00471 12.8949
5.22736 -8.51107
-10.8389 19.9716
49.939 -46.8687
-44.9397 -7.67468
38.9311 22.3733
16.5727 -23.6215
9.36377 -6.8686
31.5716 -15.1371
5.68712 -49.34
10.0189 -37.5136
-203.541 -83.0445
0.187331 154.48
-102.416 235.985
118.795 242.976
325.238 233.401
379.893 -397.451
-571.592 -385.478
999.081 -2228.93
