18436 20798
-2049.11 -6531.46
1232.95 416.712
366.445 -461.245
293.945 -796.254
-166.747 -112.7
-17.8972 -10.5761
74.132 -173.626
-104.024 27.8603
-54.7232 -64.867
-67.2984 55.4984
3.0489 57.1174
-32.8282 44.5614
-32.9399 26.3847
19.1346 56.2321
5.04505 -15.4878
19.5983 -21.5805
-19.2931 5.09619
21.2899 -18.9914
8.08906 -36.5436
3.76016 -25.5793
15.5233 7.31434
-18.863 -30.5174
4.53515 1.00487
-14.977 -9.96268
-10.0711 13.4853
8.21515 -2.31181
4.06575 -24.2527
-7.46903 9.72169
6.44133 -4.54855
-5.60743 14.256
-5.84185 -1.95651
7.3582 7.56787
-7.3994 1.16023
13.5528 4.65949
-2.30464 -8.17348
0.946119 -4.06701
-7.28296 -0.183815
-0.59119 -5.79235
1.32741 9.67256
2.10793 -4.44424
5.09943 6.57573
3.16358 -1.12376
-5.77312 -4.73114
-2.20922 -0.146621
6.21354 3.87268
-6.37107 3.59691
-1.03969 3.37103
3.90562 4.04683
3.93448 -7.7804
8 -8
-5.98824 2.84067
9.29342 -7.30117
2.55987 3.59453
0.515973 -6.97445
-0.469439 -5.49761
7.61423 -0.127192
2.69113 8.35143
0.241623 6.55004
1.6756 -2.4813
-5.53611 -4.1991
0.0514722 -1.75712
1.05506 -7.69574
1.4956 -2.34093
2.32502 5.42634
-0.4971 -8.1558
2.30297 -2.92414
0.587339 1.77512
-7.60989 -2.77
-2.3576 1.20483
4.39265 -0.895356
-1.87669 7.64132
0.351381 -2.83198
5.73057 -0.948938
4.94341 -1.18577
0.171573 4.89949
-1.64667 -0.767672
-1.39226 7.94996
-0.638532 -2.66858
-1.63793 1.74645
-2.39352 1.31964
3.65533 -10.4104
-1.39731 -0.0239098
6.30462 -5.10716
-7.40896 3.24264
-6.31428 -5.108
-0.963549 8.2937
-3.90913 3.06054
-4.34461 5.80416
2.5055 -7.3735
7.84756 -7.95738
6.42023 -2.11488
-0.790951 -13.231
-7.92795 -1.82505
4.84653 0.326984
-0.0544823 3.75552
-1.05418 1.27402
-15.0987 -19.6418
1.52339 8.47499
-0.00259428 0.252812
10 -4
0.252491 0.0634171
-6.58139 -2.49751
4.76823 -14.4072
0.399328 1.9756
8.66631 23.5871
-4.3474 3.58201
-2.43369 4.4371
-2.61957 12.5427
3.98777 -3.00774
-2.95503 6.08796
0.354053 3.03856
-3.86236 -1.99418
9.20897 8.57217
-3.19348 -2.68073
2.22109 -2.34529
1.24204 -0.676474
8.14462 -6.26602
1.907 -6.38068
-3.31138 8.08887
-2.84255 -3.93767
3.74523 12.9017
-5.89098 3.61879
-0.094569 3.21599
-4.01687 5.53627
4.07107 -3.48528
-0.633646 4.75264
5.77338 -0.365676
-6.08373 11.4667
5.19392 -1.7902
-0.896764 -3.09287
-2.74677 5.01115
-6.00876 2.88895
0.522731 -6.87964
5.25167 -1.84684
-0.600817 -3.68534
-1.18768 -4.45574
8.18209 4.24656
-7.53615 -1.86289
-0.416461 8.54201
-2.35243 -0.182869
-5.08011 6.07098
-5.29724 -10.2324
1.00104 -5.73352
5.82935 5.50171
11.7293 8.40694
-12.8346 -7.91219
-5.51236 1.92067
0.534393 -2.11582
0.0114682 0.563099
-14 -2
3.58584 -0.565332
-11.0987 5.19788
6.49283 -0.322341
-5.48637 -3.03766
1.83288 -2.42074
-4.42269 1.66607
7.51971 0.827219
-9.29908 4.90915
12.385 -5.6277
-2.87186 4.06227
2.88534 4.74484
3.97825 3.39485
-10.31 4.2083
-5.03273 16.3317
3.5304 -8.89711
-6.44138 9.41649
10.2648 4.03217
4.55642 -14.9306
-8.49675 8.19931
-2.65239 -16.4481
-0.123818 6.63055
15.8142 6.13689
6.72894 -6.81992
-10.745 -1.35218
5.82843 -14.8995
-15.0851 -3.30185
4.10491 -2.1623
-24.6886 18.5955
11.3057 -19.951
24.1284 18.9613
5.68618 -11.7915
-5.15373 7.03821
-26.7581 -34.4644
34.8 11.6028
-20.5812 -1.00628
19.5738 -11.8867
-25.477 -6.45654
29.2579 -19.6384
35.6825 2.48989
53.1698 -37.4486
59.3755 69.3321
-5.02071 -223.54
-96.343 28.9672
-241.358 168.353
-41.6696 233.855
151.031 459.34
470.907 -115.441
-428.235 -488.032
1296.31 -1844.97
